,e_id,num_sat,sum_snr,num_sat_25,sum_snr_25,num_sat_u20,sum_sat_u20,snr_std,elev_0_30,elev_30_60,elev_60_90,sum_elev_0_30,sum_elev_30_60,sum_elev_60_90,elev_0_30_25,elev_30_60_25,elev_60_90_25,sum_elev_0_30_25,sum_elev_30_60_25,sum_elev_60_90_25
1,1,9,211.1,4,115.8,3,48.8,6.20828299756,5,4,0,116.9,94.2,0,3,1,0,83.8,32.0,0
2,2,9,199.5,4,106.4,3,48.5,4.9681485485,5,4,0,112.8,86.7,0,3,1,0,79.8,26.6,0
3,3,10,208.5,3,78.5,4,66.4,4.26125959469,6,4,0,131.7,76.8,0,3,0,0,78.5,0,0
4,4,10,220.6,3,90.6,3,45.5,6.30364973646,6,4,0,132.7,87.9,0,2,1,0,60.6,30.0,0
5,5,11,254.9,5,144.1,3,45.1,6.32915332554,7,4,0,166.0,88.9,0,4,1,0,114.2,29.9,0
6,6,11,247.6,6,165.4,5,82.2,6.35884494943,7,4,0,168.5,79.1,0,5,1,0,139.6,25.8,0
7,7,12,261.1,4,110.6,5,82.6,5.48111772499,7,4,1,162.8,77.7,20.6,4,0,0,110.6,0,0
8,8,13,257.7,2,58.0,8,132.2,5.1778621467,8,4,1,160.1,77.0,20.6,2,0,0,58.0,0,0
9,9,13,271.1,3,84.2,6,96.2,5.42396155723,8,4,1,173.8,76.7,20.6,3,0,0,84.2,0,0
10,10,13,231.5,1,26.0,10,164.8,3.28594520609,8,4,1,143.5,67.4,20.6,1,0,0,26.0,0,0
11,11,13,242.0,1,26.1,8,129.3,3.88068854583,8,4,1,152.9,68.5,20.6,1,0,0,26.1,0,0
12,12,13,255.0,2,55.1,7,111.5,4.85812826677,8,4,1,160.9,73.5,20.6,2,0,0,55.1,0,0
13,13,14,249.0,0,0,9,142.6,3.37749500776,9,4,1,151.9,76.5,20.6,0,0,0,0,0,0
14,14,14,262.9,1,28.5,6,83.0,4.98029634142,9,4,1,162.5,79.8,20.6,0,1,0,0,28.5,0
15,15,13,244.1,2,57.6,8,119.8,5.86673586789,8,4,1,148.6,74.9,20.6,1,1,0,25.3,32.3,0
16,16,13,254.3,3,83.7,7,104.6,6.05496194064,8,4,1,155.2,78.5,20.6,2,1,0,51.0,32.7,0
17,17,13,259.1,3,86.5,7,103.2,6.59234209966,8,4,1,159.1,79.4,20.6,2,1,0,52.6,33.9,0
18,18,13,260.1,3,83.8,7,111.1,5.75086392618,8,4,1,154.3,85.2,20.6,2,1,0,50.9,32.9,0
19,19,13,260.3,3,82.7,7,114.1,5.24851627386,8,4,1,152.5,87.2,20.6,2,1,0,51.6,31.1,0
20,20,13,280.6,4,107.8,4,59.1,5.42676179593,8,4,1,167.6,92.4,20.6,3,1,0,77.9,29.9,0
21,21,14,309.0,6,165.5,5,76.9,5.93145832003,9,4,1,192.4,96.0,20.6,4,2,0,110.1,55.4,0
22,22,14,297.2,4,109.2,5,76.8,5.25641418744,9,4,1,189.7,86.9,20.6,3,1,0,82.3,26.9,0
23,23,14,295.7,5,131.4,5,76.9,5.11140182058,9,4,1,191.5,83.6,20.6,5,0,0,131.4,0,0
24,24,14,302.1,6,167.6,7,113.9,6.32688750449,9,4,1,195.7,85.8,20.6,5,1,0,135.2,32.4,0
25,25,13,283.6,3,80.2,5,86.9,4.24103881807,8,4,1,172.7,90.3,20.6,2,1,0,52.0,28.2,0
26,26,14,306.1,4,109.2,6,107.0,4.42625160793,9,4,1,193.7,91.8,20.6,3,1,0,80.0,29.2,0
27,27,14,298.8,5,136.0,7,117.4,5.40608123188,9,4,1,188.4,89.8,20.6,3,2,0,80.6,55.4,0
28,28,14,296.3,5,135.3,7,118.2,5.20216037118,9,4,1,186.7,89.0,20.6,4,1,0,104.4,30.9,0
29,29,14,288.5,3,84.8,8,135.1,5.18510652449,9,4,1,181.4,86.5,20.6,2,1,0,53.8,31.0,0
30,30,14,293.6,3,84.9,7,118.5,5.05210216284,9,4,1,185.0,88.0,20.6,2,1,0,54.2,30.7,0
31,31,13,272.3,4,110.1,7,118.9,5.20746505583,9,4,0,187.4,84.9,0,3,1,0,79.8,30.3,0
32,32,14,287.2,4,108.3,8,134.5,4.89707246029,9,4,1,186.8,83.9,16.5,3,1,0,81.0,27.3,0
33,33,14,280.9,3,86.8,8,128.3,5.74879347112,9,4,1,187.1,78.4,15.4,2,1,0,55.2,31.6,0
34,34,14,287.8,3,83.6,7,115.7,5.1113319483,9,4,1,183.8,90.2,13.8,2,1,0,52.7,30.9,0
35,35,14,277.4,3,82.0,8,131.5,4.97035165802,9,4,1,181.2,82.8,13.4,2,1,0,52.7,29.3,0
36,36,14,291.5,4,109.2,5,74.9,5.47893568713,9,4,1,185.4,92.8,13.3,3,1,0,77.8,31.4,0
37,37,14,294.0,4,114.0,7,108.2,6.24881527233,9,4,1,192.6,88.6,12.8,3,1,0,83.7,30.3,0
38,38,14,286.4,4,112.4,7,108.5,5.85461215765,9,4,1,183.7,90.0,12.7,2,2,0,56.5,55.9,0
39,39,14,287.7,2,58.5,7,111.3,5.5124683847,9,4,1,186.6,88.9,12.2,1,1,0,30.7,27.8,0
40,40,14,298.7,4,112.7,6,93.0,6.04872613962,9,4,1,191.0,95.5,12.2,2,2,0,57.5,55.2,0
41,41,14,268.8,2,51.3,8,131.8,4.14617525326,9,4,1,170.5,86.3,12.0,1,1,0,25.5,25.8,0
42,42,14,262.3,0,0,9,148.4,3.89508707177,9,4,1,171.2,79.2,11.9,0,0,0,0,0,0
43,43,14,258.6,0,0,9,141.4,4.29945051434,9,4,1,165.4,81.3,11.9,0,0,0,0,0,0
44,44,14,263.1,0,0,8,127.8,3.96939528154,9,4,1,172.4,78.8,11.9,0,0,0,0,0,0
45,45,14,271.8,1,28.3,8,127.8,4.79805363469,9,4,1,177.6,82.3,11.9,1,0,0,28.3,0,0
46,46,14,282.7,4,107.3,7,108.5,5.47981811682,9,4,1,181.1,89.7,11.9,2,2,0,52.4,54.9,0
47,47,14,300.4,4,120.7,7,107.7,7.08972325441,9,4,1,193.0,95.5,11.9,2,2,0,60.0,60.7,0
48,48,15,327.4,7,206.4,8,121.0,7.89009022822,10,4,1,215.5,100.0,11.9,5,2,0,141.2,65.2,0
49,49,15,312.5,6,166.7,7,104.3,6.55565913289,9,5,1,188.8,110.8,12.9,4,2,0,109.8,56.9,0
50,50,15,300.4,4,108.4,8,124.4,5.68826695509,9,5,1,181.4,106.1,12.9,2,2,0,56.5,51.9,0
51,51,15,298.4,4,113.2,9,137.1,6.4670004823,9,5,1,187.8,97.7,12.9,3,1,0,83.9,29.3,0
52,52,15,317.7,4,119.0,7,102.1,6.928945498,9,5,1,195.8,109.0,12.9,3,1,0,88.3,30.7,0
53,53,14,296.0,4,117.0,7,108.0,6.79928890917,8,5,1,174.5,108.6,12.9,3,1,0,83.3,33.7,0
54,54,14,288.7,2,61.6,7,107.7,6.25437429342,8,5,1,168.7,107.1,12.9,1,1,0,29.1,32.5,0
55,55,14,281.0,3,88.0,8,121.3,6.60505966565,8,5,1,162.7,105.4,12.9,2,1,0,55.0,33.0,0
56,56,14,288.1,4,112.9,8,127.4,6.41598707214,8,5,1,167.4,107.8,12.9,3,1,0,80.1,32.8,0
57,57,14,280.5,2,62.5,8,126.2,6.22916306798,8,5,1,160.7,106.9,12.9,1,1,0,29.4,33.1,0
58,58,14,278.4,3,89.4,9,143.3,6.52590779336,8,5,1,157.5,108.0,12.9,2,1,0,54.8,34.6,0
59,59,14,278.4,3,88.3,8,121.7,6.44525551715,8,5,1,162.2,103.3,12.9,2,1,0,55.4,32.9,0
60,60,14,276.7,2,61.3,8,120.8,6.25860726002,8,5,1,163.3,100.5,12.9,1,1,0,31.4,29.9,0
61,61,14,271.0,3,85.1,7,97.2,6.34443599793,8,5,1,167.3,90.8,12.9,2,1,0,59.3,25.8,0
62,62,14,281.8,4,115.7,8,120.3,6.81710840701,8,5,1,177.1,91.8,12.9,3,1,0,89.7,26.0,0
63,63,14,293.7,4,119.5,8,127.6,6.77372509395,8,5,1,184.8,96.0,12.9,3,1,0,93.1,26.4,0
64,64,14,300.1,5,147.6,8,128.2,7.10423569676,8,5,1,192.0,95.2,12.9,4,1,0,119.2,28.4,0
65,65,14,286.0,3,92.3,8,127.0,6.6875807482,8,5,1,176.7,96.4,12.9,2,1,0,63.6,28.7,0
66,66,14,282.9,4,116.1,8,125.3,6.62645795693,8,5,1,178.1,91.9,12.9,3,1,0,89.2,26.9,0
67,67,13,272.8,4,119.0,8,132.9,6.71947990967,8,5,0,177.3,95.5,0,3,1,0,90.7,28.3,0
68,68,13,274.9,4,119.2,8,134.0,6.74927346517,8,5,0,178.2,96.7,0,3,1,0,89.9,29.3,0
69,69,13,275.5,4,120.2,8,133.6,6.86506391551,8,5,0,182.4,93.1,0,3,1,0,92.7,27.5,0
70,70,13,278.3,4,118.7,8,136.4,6.59412131352,8,5,0,184.9,93.4,0,3,1,0,91.6,27.1,0
71,71,13,286.6,4,123.3,6,95.5,7.03699928765,8,5,0,191.4,95.2,0,3,1,0,92.7,30.6,0
72,72,13,287.5,6,168.1,5,76.2,6.46308055469,8,5,0,176.5,111.0,0,4,2,0,109.3,58.8,0
73,73,12,260.4,4,118.8,6,96.0,6.87049025643,7,5,0,147.2,113.2,0,2,2,0,55.1,63.7,0
74,74,13,265.1,4,115.6,8,128.2,6.52628806424,7,5,1,142.7,110.2,12.2,2,2,0,54.9,60.7,0
75,75,13,265.5,4,114.8,8,128.2,6.47780233389,7,5,1,143.1,110.2,12.2,2,2,0,54.1,60.7,0
76,76,13,262.6,4,117.9,9,144.7,6.94742158406,7,5,1,141.0,109.4,12.2,2,2,0,55.8,62.1,0
77,77,13,259.2,3,84.6,7,105.4,6.1686760413,7,5,1,148.8,98.2,12.2,1,2,0,30.3,54.3,0
78,78,14,284.1,4,116.4,7,104.4,6.77057710138,7,5,2,162.9,96.5,24.7,3,1,0,89.6,26.8,0
79,79,14,296.3,5,147.8,7,104.2,7.53980280734,7,5,2,179.0,92.5,24.8,5,0,0,147.8,0,0
80,80,14,300.4,4,121.8,6,85.6,7.52326793618,7,5,2,175.2,100.2,25.0,3,1,0,96.3,25.5,0
81,81,13,280.5,4,121.2,6,88.6,7.63491473934,7,4,2,175.4,80.1,25.0,3,1,0,95.2,26.0,0
82,82,13,284.7,5,147.6,5,71.5,7.6413349619,7,4,2,177.2,82.5,25.0,4,1,0,121.8,25.8,0
83,83,13,274.3,4,121.3,6,88.4,7.53348082451,7,4,2,171.0,78.3,25.0,3,1,0,95.0,26.3,0
84,84,13,253.2,2,60.6,8,124.8,6.43624552128,7,4,2,156.9,71.3,25.0,2,0,0,60.6,0,0
85,85,14,273.4,3,91.0,9,141.8,6.78646034071,8,4,2,171.1,77.3,25.0,2,1,0,65.8,25.2,0
86,86,14,278.9,2,67.7,7,103.8,7.03159666423,8,4,2,175.2,78.7,25.0,2,0,0,67.7,0,0
87,87,14,280.0,3,93.8,8,118.1,7.37219307732,8,4,2,171.6,83.4,25.0,2,1,0,67.3,26.5,0
88,88,14,275.0,3,92.3,8,118.4,7.15968567055,8,4,2,170.5,79.5,25.0,2,1,0,67.0,25.3,0
89,89,14,267.7,2,66.3,10,156.0,6.96631218756,8,4,2,164.5,78.2,25.0,2,0,0,66.3,0,0
90,90,14,258.4,2,64.5,11,169.9,6.80833361355,8,4,2,159.7,73.7,25.0,2,0,0,64.5,0,0
91,91,14,258.8,2,64.9,11,169.3,6.93983563792,8,4,2,160.9,72.9,25.0,2,0,0,64.9,0,0
92,92,14,256.7,3,90.5,10,145.0,7.13093015217,8,4,2,161.0,70.7,25.0,2,1,0,63.4,27.1,0
93,93,14,254.9,3,91.8,10,142.0,7.38641833531,8,4,2,158.4,71.5,25.0,2,1,0,62.9,28.9,0
94,94,13,238.2,3,89.9,9,126.7,7.42733171538,8,4,1,149.2,76.2,12.8,2,1,0,60.1,29.8,0
95,95,14,253.0,3,91.9,10,139.4,7.59396810952,9,4,1,162.9,77.3,12.8,2,1,0,61.3,30.6,0
96,96,14,253.8,3,91.1,10,140.2,7.49794110934,9,4,1,163.1,77.9,12.8,2,1,0,60.5,30.6,0
97,97,13,242.5,3,92.7,9,127.6,7.78402374361,8,4,1,151.1,78.6,12.8,2,1,0,61.4,31.3,0
98,98,13,239.8,3,93.2,9,125.2,7.83832628655,8,4,1,150.9,76.1,12.8,2,1,0,62.0,31.2,0
99,99,12,229.1,3,92.8,8,112.4,8.06546603887,8,4,0,152.9,76.2,0,2,1,0,61.5,31.3,0
100,100,12,222.1,3,91.7,8,107.6,8.17006268289,8,4,0,148.1,74.0,0,2,1,0,60.8,30.9,0
101,101,12,225.0,2,66.7,8,110.4,8.12398245377,8,4,0,147.4,77.6,0,1,1,0,34.7,32.0,0
102,102,12,217.7,2,66.4,8,105.5,8.15647632625,8,4,0,139.9,77.8,0,1,1,0,34.2,32.2,0
103,103,12,230.0,2,64.0,8,117.8,7.54252590116,8,4,0,154.4,75.6,0,1,1,0,35.3,28.7,0
104,104,12,242.0,3,90.5,5,64.2,7.8496477435,8,4,0,163.6,78.4,0,2,1,0,63.8,26.7,0
105,105,11,259.6,4,121.4,2,27.4,7.0916852722,7,4,0,165.8,93.8,0,3,1,0,95.2,26.2,0
106,106,11,253.1,3,92.8,3,46.9,6.5367353542,7,4,0,160.7,92.4,0,2,1,0,63.5,29.3,0
107,107,11,250.3,3,92.0,4,64.7,6.35898791261,7,4,0,158.7,91.6,0,2,1,0,60.2,31.8,0
108,108,11,252.0,4,116.8,3,43.8,6.52111256542,7,4,0,160.9,91.1,0,3,1,0,86.9,29.9,0
109,109,11,254.5,4,122.4,3,46.1,7.06771147222,7,4,0,165.8,88.7,0,3,1,0,95.2,27.2,0
110,110,11,256.3,4,120.5,3,47.9,6.54889303623,7,4,0,166.3,90.0,0,3,1,0,91.1,29.4,0
111,111,11,242.5,2,68.1,4,68.1,6.40911283039,7,3,1,146.9,74.7,20.9,1,1,0,35.7,32.4,0
112,112,11,255.3,3,95.7,3,51.1,6.42875641869,7,3,1,160.7,73.7,20.9,2,1,0,64.0,31.7,0
113,113,11,252.8,3,93.1,3,49.8,6.11405236841,7,3,1,160.6,69.5,22.7,2,1,0,63.4,29.7,0
114,114,11,241.4,3,88.6,4,66.3,5.96227534359,7,3,1,154.1,68.6,18.7,2,1,0,59.8,28.8,0
115,115,11,252.0,5,145.2,4,63.0,6.98819784286,7,3,1,160.1,69.6,22.3,4,1,0,116.3,28.9,0
116,116,12,262.2,4,123.0,6,94.1,7.87891316917,8,3,1,166.6,72.0,23.6,3,1,0,90.9,32.1,0
117,117,12,248.9,4,119.6,7,106.8,7.76863838933,8,3,1,170.1,61.7,17.1,3,1,0,88.2,31.4,0
118,118,12,252.5,4,117.4,7,110.4,7.2285366724,8,3,1,173.9,61.5,17.1,3,1,0,88.3,29.1,0
119,119,12,236.2,2,59.3,7,111.0,5.86264497139,8,3,1,163.4,55.7,17.1,2,0,0,59.3,0,0
120,120,12,244.1,4,113.8,8,130.3,6.31800577474,8,3,1,167.8,60.6,15.7,3,1,0,86.4,27.4,0
121,121,12,243.3,4,115.4,8,127.9,6.61625065481,8,3,1,167.3,60.3,15.7,3,1,0,88.3,27.1,0
122,122,12,259.0,4,119.9,6,93.9,7.36648841139,8,3,1,182.7,60.2,16.1,3,1,0,92.9,27.0,0
123,123,12,256.6,5,146.0,6,87.9,7.69649664497,8,3,1,175.0,55.9,25.7,3,1,1,94.5,25.8,25.7
124,124,13,272.9,4,122.9,6,85.7,7.85880202262,8,3,2,184.1,56.0,32.8,3,1,0,97.0,25.9,0
125,125,13,282.1,4,121.8,5,70.8,7.79957263787,8,3,2,190.8,58.5,32.8,3,1,0,96.7,25.1,0
126,126,13,278.9,4,119.8,5,71.8,7.16828842712,8,3,2,191.0,55.1,32.8,4,0,0,119.8,0,0
127,127,13,268.0,4,121.3,7,100.0,7.9431150642,8,3,2,185.9,55.9,26.2,4,0,0,121.3,0,0
128,128,13,278.4,5,146.2,6,87.5,7.54020845798,8,3,2,187.8,58.2,32.4,4,1,0,120.8,25.4,0
129,129,13,282.9,6,169.9,6,91.8,7.01017575404,8,3,2,184.6,65.9,32.4,5,1,0,141.1,28.8,0
130,130,13,277.0,4,117.0,6,92.9,6.84451867537,8,3,2,177.7,66.9,32.4,3,1,0,88.1,28.9,0
131,131,13,265.8,3,87.6,7,110.7,6.56132803943,8,3,2,170.2,63.2,32.4,2,1,0,62.4,25.2,0
132,132,13,256.8,4,112.3,9,144.5,6.75951371335,8,3,2,166.9,59.9,30.0,3,1,0,86.9,25.4,0
133,133,13,264.7,3,90.1,7,107.4,6.69247568313,8,3,2,169.1,61.3,34.3,2,1,0,63.3,26.8,0
134,134,13,254.1,2,64.1,8,120.5,7.04043267901,8,3,2,168.0,53.7,32.4,2,0,0,64.1,0,0
135,135,13,256.3,4,114.7,9,141.6,6.73694368808,8,3,2,163.3,63.1,29.9,3,1,0,87.2,27.5,0
136,136,13,262.0,3,90.3,7,105.5,6.83418068542,8,3,2,168.6,60.6,32.8,2,1,0,64.3,26.0,0
137,137,12,266.5,4,126.1,5,77.3,7.62811287676,7,3,2,168.0,69.0,29.5,3,1,0,95.5,30.6,0
138,138,12,267.4,4,123.8,5,80.5,7.1000426802,7,3,2,164.4,70.7,32.3,3,1,0,91.5,32.3,0
139,139,12,275.8,5,149.0,4,60.4,7.35994482852,7,3,2,171.6,71.9,32.3,4,1,0,115.5,33.5,0
140,140,12,270.8,5,147.1,4,57.6,7.19498983932,7,3,2,172.9,65.6,32.3,4,1,0,115.8,31.3,0
141,141,12,253.0,4,115.7,6,92.1,6.81039757661,7,3,2,163.4,61.9,27.7,3,1,0,88.1,27.6,0
142,142,12,241.8,2,60.4,6,92.6,6.29812381875,7,3,2,161.3,50.5,30.0,2,0,0,60.4,0,0
143,143,11,237.6,4,108.0,4,61.4,5.62227711875,7,3,1,158.4,58.8,20.4,3,1,0,80.1,27.9,0
144,144,11,257.5,5,143.2,4,67.9,5.86164730182,7,3,1,169.5,64.4,23.6,4,1,0,115.0,28.2,0
145,145,11,252.7,5,138.6,3,48.3,5.46591088641,7,3,1,167.5,62.6,22.6,4,1,0,112.2,26.4,0
146,146,11,250.8,6,163.4,3,45.3,5.70964096945,7,3,1,169.0,60.6,21.2,5,1,0,136.0,27.4,0
147,147,11,251.2,4,113.4,3,47.1,5.55450676969,7,3,1,166.6,62.3,22.3,3,1,0,86.1,27.3,0
148,148,11,242.1,4,110.5,4,64.5,5.56730716693,7,3,1,166.9,57.8,17.4,4,0,0,110.5,0,0
149,149,11,245.5,4,115.3,4,62.0,6.23166401242,7,3,1,171.9,56.2,17.4,4,0,0,115.3,0,0
150,150,11,246.3,6,168.0,5,78.3,6.6498803817,7,3,1,166.2,62.7,17.4,5,1,0,139.4,28.6,0
151,151,11,242.8,5,134.7,3,46.1,5.31000770415,7,3,1,163.3,62.1,17.4,4,1,0,109.7,25.0,0
152,152,11,244.5,5,136.1,4,65.0,5.64058346434,7,3,1,160.8,65.6,18.1,4,1,0,105.3,30.8,0
153,153,11,233.7,2,59.0,5,84.3,5.33242227067,7,3,1,145.4,66.6,21.7,1,1,0,28.8,30.2,0
154,154,12,238.8,1,26.3,6,94.0,4.88504210459,8,3,1,160.6,56.2,22.0,0,1,0,0,26.3,0
155,155,12,245.0,2,54.9,6,95.8,5.23169246617,8,3,1,163.2,58.9,22.9,1,1,0,26.5,28.4,0
156,156,12,257.4,5,132.1,5,79.1,5.54854608311,8,3,1,167.3,65.0,25.1,3,1,1,76.1,30.9,25.1
157,157,11,238.9,3,84.3,5,82.9,5.62028792533,7,3,1,148.7,65.6,24.6,2,1,0,52.8,31.5,0
158,158,10,215.4,1,27.9,3,48.1,4.20322627408,6,3,1,133.0,59.1,23.3,0,1,0,0,27.9,0
159,159,10,230.4,4,114.2,3,48.1,5.91329951137,6,3,1,151.6,53.1,25.7,3,0,1,88.5,0,25.7
160,160,10,214.6,3,88.5,5,82.2,6.48008916262,6,3,1,139.4,49.1,26.1,2,0,1,62.4,0,26.1
161,161,10,225.0,4,107.5,3,50.8,4.83298849345,6,3,1,144.5,55.1,25.4,3,0,1,82.1,0,25.4
162,162,10,219.7,3,78.4,4,71.1,4.07732210594,6,3,1,136.4,60.3,23.0,2,1,0,52.6,25.8,0
163,163,10,205.8,1,27.6,5,88.1,3.91032820447,6,3,1,126.2,58.5,21.1,1,0,0,27.6,0,0
164,164,11,220.3,2,54.3,7,122.6,4.23487683625,7,3,1,147.5,50.8,22.0,2,0,0,54.3,0,0
165,165,11,246.0,2,64.2,4,67.6,6.1545548543,7,3,1,162.4,59.4,24.2,2,0,0,64.2,0,0
166,166,11,249.0,5,143.4,4,60.6,6.83977671087,7,3,1,165.6,58.9,24.5,4,1,0,117.7,25.7,0
167,167,11,231.7,2,62.4,4,60.6,6.13893683422,7,3,1,154.7,56.9,20.1,2,0,0,62.4,0,0
168,168,11,228.0,3,81.5,4,60.4,5.30887764204,7,3,1,147.1,54.1,26.8,2,0,1,54.7,0,26.8
169,169,11,222.0,3,80.7,5,75.4,5.56090247744,7,3,1,147.3,49.8,24.9,3,0,0,80.7,0,0
170,170,12,247.4,4,106.0,7,117.3,5.20521300469,7,3,2,147.5,57.2,42.7,3,0,1,79.4,0,26.6
171,171,12,249.1,2,63.4,7,117.9,6.00476452242,7,3,2,152.1,59.4,37.6,2,0,0,63.4,0,0
172,172,12,263.1,4,118.6,7,119.9,6.52577059191,7,3,2,163.4,64.8,34.9,3,1,0,90.8,27.8,0
173,173,12,263.6,3,94.1,6,100.1,6.56607442338,7,3,2,160.6,66.9,36.1,2,1,0,64.2,29.9,0
174,174,12,247.9,3,86.1,7,117.8,5.70286344876,7,3,2,149.6,62.2,36.1,2,1,0,60.9,25.2,0
175,175,12,246.9,2,57.5,6,100.1,5.11648405557,7,3,2,150.3,57.5,39.1,2,0,0,57.5,0,0
176,176,12,231.0,1,27.1,6,90.0,5.11246249153,7,3,2,128.3,60.5,42.2,0,0,1,0,0,27.1
177,177,12,263.5,5,141.3,5,80.9,6.39310115861,7,3,2,152.9,70.8,39.8,3,1,1,80.4,33.8,27.1
178,178,12,257.1,4,117.2,6,97.0,6.68364693589,7,3,2,156.9,71.4,28.8,3,1,0,82.8,34.4,0
179,179,12,233.7,3,84.1,7,103.6,6.26927935543,7,3,2,143.5,61.4,28.8,2,1,0,54.4,29.7,0
180,180,12,233.0,2,54.1,7,106.5,5.60013527975,7,3,2,148.3,56.3,28.4,2,0,0,54.1,0,0
181,181,12,246.0,4,109.8,6,91.1,6.14092086669,7,3,2,162.6,53.1,30.3,4,0,0,109.8,0,0
182,182,12,240.2,4,108.7,6,87.8,6.44230807501,7,3,2,161.5,48.4,30.3,4,0,0,108.7,0,0
183,183,12,244.2,3,83.1,6,94.0,5.97654506459,7,3,2,157.8,56.1,30.3,3,0,0,83.1,0,0
184,184,12,241.1,3,81.7,5,74.5,5.59617699592,7,3,2,148.9,61.9,30.3,2,1,0,56.5,25.2,0
185,185,12,255.1,4,117.9,5,72.4,7.06469562277,7,3,2,168.9,58.0,28.2,4,0,0,117.9,0,0
186,186,13,271.9,5,149.2,7,102.5,8.02369887208,8,3,2,178.4,60.6,32.9,4,1,0,124.1,25.1,0
187,187,13,253.6,2,61.3,9,146.0,6.26012001196,8,3,2,165.8,55.1,32.7,2,0,0,61.3,0,0
188,188,13,261.5,4,116.0,8,125.2,7.02149629754,8,3,2,164.9,63.9,32.7,3,1,0,90.4,25.6,0
189,189,13,273.9,4,122.9,7,107.0,7.83840806705,8,3,2,176.1,65.1,32.7,3,1,0,96.1,26.8,0
190,190,13,262.8,4,114.2,7,105.4,6.86608162805,8,3,2,169.9,65.2,27.7,3,1,0,89.1,25.1,0
191,191,13,257.6,3,83.4,7,104.0,6.34479394909,8,3,2,163.4,66.5,27.7,3,0,0,83.4,0,0
192,192,13,258.9,2,62.5,7,104.0,6.76299319259,8,3,2,164.3,66.9,27.7,2,0,0,62.5,0,0
193,193,13,243.9,2,60.7,9,138.6,6.48774979757,8,3,2,158.9,58.1,26.9,2,0,0,60.7,0,0
194,194,13,250.2,3,86.6,7,98.3,6.95193203177,8,3,2,161.8,61.5,26.9,3,0,0,86.6,0,0
195,195,13,260.8,4,112.5,7,103.6,7.03722701798,8,3,2,168.0,63.9,28.9,3,1,0,87.2,25.3,0
196,196,13,249.7,2,62.7,8,115.8,7.22420255558,8,3,2,163.2,55.6,30.9,2,0,0,62.7,0,0
197,197,12,231.8,3,86.0,8,124.0,6.6757135585,8,3,1,159.8,52.5,19.5,3,0,0,86.0,0,0
198,198,12,240.4,3,85.9,7,107.9,6.57658841281,8,3,1,160.4,60.5,19.5,2,1,0,59.4,26.5,0
199,199,12,237.7,3,84.9,7,107.9,6.42091162224,8,3,1,158.5,59.7,19.5,2,1,0,59.2,25.7,0
200,200,12,232.2,1,32.6,8,127.6,6.09179776421,8,3,1,154.7,58.0,19.5,1,0,0,32.6,0,0
201,201,12,227.0,1,31.8,7,100.8,6.28834901491,8,3,1,155.7,55.2,16.1,1,0,0,31.8,0,0
202,202,11,213.4,1,28.0,5,71.2,5.33666562565,7,3,1,136.3,54.5,22.6,1,0,0,28.0,0,0
203,203,11,205.5,1,28.0,6,89.9,4.90648920957,7,3,1,134.5,49.0,22.0,1,0,0,28.0,0,0
204,204,11,192.8,1,28.0,8,122.4,4.69767834341,7,3,1,126.0,49.0,17.8,1,0,0,28.0,0,0
205,205,10,182.9,0,0,6,93.1,4.26678385256,6,3,1,111.5,46.6,24.8,0,0,0,0,0,0
206,206,10,201.0,2,55.5,4,55.8,5.86041333392,6,3,1,130.7,47.5,22.8,2,0,0,55.5,0,0
207,207,10,213.5,3,83.8,4,60.8,5.81401563274,6,3,1,141.2,49.5,22.8,3,0,0,83.8,0,0
208,208,11,208.8,2,53.7,6,90.1,5.25505816939,6,3,2,125.8,55.6,27.4,1,1,0,25.5,28.2,0
209,209,11,208.4,2,57.2,7,109.3,5.69005512036,6,3,2,123.4,57.6,27.4,1,1,0,27.0,30.2,0
210,210,11,211.7,2,59.2,7,108.2,6.17678939844,6,3,2,125.2,59.1,27.4,1,1,0,27.5,31.7,0
211,211,11,225.6,3,89.1,6,92.4,6.85907494426,6,3,2,138.2,60.0,27.4,2,1,0,56.5,32.6,0
212,212,11,223.5,3,84.1,5,73.7,6.22026015241,6,3,2,137.8,58.3,27.4,2,1,0,53.2,30.9,0
213,213,11,219.8,3,83.0,6,91.1,6.22829321433,6,3,2,134.2,58.2,27.4,2,1,0,52.2,30.8,0
214,214,11,207.1,2,56.0,7,108.0,5.43048633349,6,3,2,119.4,57.7,30.0,1,1,0,25.7,30.3,0
215,215,11,210.8,2,55.5,6,91.8,5.33746620172,6,3,2,125.0,57.1,28.7,1,1,0,25.8,29.7,0
216,216,11,214.1,2,57.1,6,93.8,5.57911690633,6,3,2,126.7,58.7,28.7,1,1,0,25.8,31.3,0
217,217,11,217.6,2,59.0,6,91.3,6.07071959191,6,3,2,128.3,59.3,30.0,1,1,0,27.1,31.9,0
218,218,11,225.3,3,81.4,6,97.9,5.52590593149,6,3,2,135.2,55.5,34.6,2,1,0,52.2,29.2,0
219,219,11,213.8,3,79.9,7,110.7,5.42407093008,6,3,2,125.7,54.5,33.6,2,1,0,51.8,28.1,0
220,220,12,241.6,3,80.1,7,116.1,4.97801225999,7,3,2,150.9,56.5,34.2,2,1,0,54.8,25.3,0
221,221,12,264.0,4,109.5,5,81.6,5.40454354308,7,3,2,166.3,57.4,40.3,3,1,0,83.3,26.2,0
222,222,12,246.4,2,53.2,5,81.8,4.32021323828,7,3,2,152.2,57.4,36.8,1,1,0,27.0,26.2,0
223,223,12,241.4,2,51.3,6,101.5,3.90566798694,7,3,2,152.1,52.5,36.8,2,0,0,51.3,0,0
224,224,12,232.9,1,25.4,6,96.6,3.85827524663,7,3,2,150.8,49.5,32.6,1,0,0,25.4,0,0
225,225,12,241.1,3,80.2,7,113.2,5.26039375183,7,3,2,148.4,51.7,41.0,2,0,1,54.8,0,25.4
226,226,12,239.1,3,81.4,7,113.3,5.30353655592,7,3,2,151.2,53.1,34.8,2,1,0,56.3,25.1,0
227,227,12,256.6,3,89.1,6,97.3,6.17926640738,7,3,2,161.2,58.7,36.7,2,1,0,58.4,30.7,0
228,228,12,270.7,5,149.5,6,97.2,7.34914445649,7,3,2,167.5,62.1,41.1,3,1,1,89.9,34.1,25.5
229,229,12,252.8,4,116.2,6,94.8,6.43701417702,7,3,2,158.0,59.3,35.5,3,1,0,84.9,31.3,0
230,230,12,248.5,4,111.7,6,93.4,6.03104971013,7,3,2,158.6,54.1,35.8,3,1,0,85.6,26.1,0
231,231,12,242.6,3,81.9,5,74.9,5.32743044549,7,3,2,152.9,53.9,35.8,2,1,0,56.0,25.9,0
232,232,12,237.3,2,57.2,6,87.9,5.84358622765,7,3,2,149.6,55.6,32.1,1,1,0,29.6,27.6,0
233,233,12,227.6,2,56.5,6,84.9,5.65304959265,7,3,2,143.0,55.5,29.1,1,1,0,29.0,27.5,0
234,234,12,240.2,4,109.2,7,108.2,6.17396783178,7,3,2,150.7,57.6,31.9,3,1,0,79.6,29.6,0
235,235,12,248.4,4,112.3,6,89.5,6.76111878854,7,3,2,154.4,56.7,37.3,3,1,0,80.7,31.6,0
236,236,13,252.7,4,109.7,7,101.9,6.41840302847,8,3,2,164.6,55.4,32.7,3,1,0,79.4,30.3,0
237,237,13,240.3,2,59.6,10,156.4,6.18342490775,8,3,2,159.2,49.1,32.0,2,0,0,59.6,0,0
238,238,13,241.3,2,59.3,10,159.1,6.10485305058,8,3,2,161.6,47.7,32.0,2,0,0,59.3,0,0
239,239,13,225.8,1,25.7,10,151.3,4.8439626711,8,3,2,143.1,53.4,29.3,0,1,0,0,25.7,0
240,240,13,236.0,3,80.3,9,134.1,5.67092223314,8,3,2,148.0,53.8,34.2,2,1,0,54.2,26.1,0
241,241,13,238.9,2,53.8,8,116.8,5.42757678376,8,3,2,149.1,55.6,34.2,1,1,0,27.3,26.5,0
242,242,13,237.1,2,55.4,9,135.5,5.55600852854,8,3,2,155.4,52.1,29.6,2,0,0,55.4,0,0
243,243,13,241.5,3,78.9,9,138.3,5.50153824643,8,3,2,157.5,54.4,29.6,2,1,0,53.7,25.2,0
244,244,13,237.4,2,53.9,9,137.0,5.30024189095,8,3,2,149.3,58.1,30.0,1,1,0,28.1,25.8,0
245,245,13,242.3,2,51.6,8,126.0,4.68001753229,8,3,2,146.7,64.3,31.3,1,1,0,26.3,25.3,0
246,246,13,234.4,1,25.1,9,143.1,4.24232338375,8,3,2,149.8,53.3,31.3,1,0,0,25.1,0,0
247,247,13,247.8,4,103.4,8,121.3,5.61464431369,8,3,2,155.2,61.3,31.3,3,1,0,77.5,25.9,0
248,248,13,259.3,3,87.0,8,127.0,6.35880169327,8,3,2,165.3,62.7,31.3,2,1,0,57.8,29.2,0
249,249,13,243.8,2,58.3,7,101.5,5.83175436506,8,3,2,161.2,55.5,27.1,2,0,0,58.3,0,0
250,250,13,243.2,2,59.3,9,140.0,5.89342310525,8,3,2,161.8,54.3,27.1,2,0,0,59.3,0,0
251,251,13,251.5,3,86.6,8,122.8,6.22074692522,8,3,2,173.7,50.7,27.1,3,0,0,86.6,0,0
252,252,12,227.8,2,53.3,9,153.4,4.3916932608,8,3,1,158.5,54.9,14.4,2,0,0,53.3,0,0
253,253,12,220.1,1,25.1,9,151.8,3.66418993487,8,3,1,141.0,60.1,19.0,1,0,0,25.1,0,0
254,254,12,226.7,1,25.2,7,112.5,4.2446668856,8,3,1,146.8,59.5,20.4,1,0,0,25.2,0,0
255,255,12,221.8,0,0,8,131.7,3.86471999064,8,3,1,147.5,55.1,19.2,0,0,0,0,0,0
256,256,12,210.1,1,25.6,9,143.8,3.57452052305,8,3,1,143.7,47.2,19.2,1,0,0,25.6,0,0
257,257,12,226.2,1,25.6,7,115.5,3.85828506417,8,3,1,150.4,56.6,19.2,1,0,0,25.6,0,0
258,258,12,222.8,0,0,7,110.9,3.94123500103,8,3,1,141.1,62.5,19.2,0,0,0,0,0,0
259,259,12,217.9,0,0,9,146.9,4.01439644129,8,3,1,141.0,57.7,19.2,0,0,0,0,0,0
260,260,12,224.4,1,25.1,7,113.0,3.92914517652,8,3,1,146.2,59.0,19.2,1,0,0,25.1,0,0
261,261,12,247.4,2,57.5,6,99.5,5.39323369575,8,3,1,164.1,64.1,19.2,1,1,0,32.3,25.2,0
262,262,12,252.2,2,65.9,8,137.7,6.50074587795,8,3,1,176.0,57.0,19.2,2,0,0,65.9,0,0
263,263,12,232.7,2,60.3,8,127.2,5.95795241419,8,3,1,159.6,60.3,12.8,1,1,0,32.8,27.5,0
264,264,12,232.8,2,57.5,8,129.3,5.34789678285,8,3,1,160.3,55.5,17.0,2,0,0,57.5,0,0
265,265,12,223.2,1,31.3,9,146.6,5.15769504545,8,3,1,158.2,48.0,17.0,1,0,0,31.3,0,0
266,266,12,229.7,2,58.1,8,125.0,5.88085620441,8,3,1,161.8,51.1,16.8,2,0,0,58.1,0,0
267,267,13,264.1,3,89.6,7,108.2,6.49010094347,8,3,2,174.3,52.9,36.9,2,1,0,63.9,25.7,0
268,268,13,267.6,4,117.6,8,128.8,6.60843478113,8,3,2,175.6,58.5,33.5,3,1,0,88.4,29.2,0
269,269,13,264.2,3,84.7,7,109.3,5.77828605588,8,3,2,175.0,56.4,32.8,2,1,0,57.6,27.1,0
270,270,13,262.1,4,106.8,7,110.9,5.43085911889,8,3,2,172.5,56.7,32.9,3,1,0,79.4,27.4,0
271,271,13,255.0,3,85.8,8,128.6,5.97938767125,8,3,2,166.7,54.0,34.3,2,1,0,58.8,27.0,0
272,272,13,256.3,2,61.2,7,111.2,5.76929316206,8,3,2,163.8,57.9,34.6,1,1,0,33.8,27.4,0
273,273,13,261.1,2,64.4,7,111.7,6.2226529918,8,3,2,161.4,66.2,33.5,1,1,0,32.6,31.8,0
274,274,13,259.7,4,112.5,7,105.0,6.49681381475,8,3,2,165.2,61.2,33.3,3,1,0,81.6,30.9,0
275,275,13,240.7,3,83.0,9,135.6,6.05706834393,8,3,2,156.8,57.2,26.7,2,1,0,56.7,26.3,0
276,276,13,243.3,2,55.7,9,139.4,5.756423391,8,3,2,156.6,54.9,31.8,2,0,0,55.7,0,0
277,277,13,255.2,4,111.3,8,121.9,6.56815354766,8,3,2,160.6,62.8,31.8,3,1,0,79.6,31.7,0
278,278,13,258.3,2,63.2,8,125.4,6.66350566086,8,3,2,163.1,63.4,31.8,1,1,0,30.9,32.3,0
279,279,13,254.8,3,82.3,8,123.7,5.95650904473,8,3,2,166.1,56.9,31.8,2,1,0,55.8,26.5,0
280,280,13,270.7,4,114.9,7,112.7,6.29988807389,8,3,2,173.6,65.3,31.8,3,1,0,85.7,29.2,0
281,281,13,245.0,2,55.5,7,99.6,5.68442541579,8,3,2,157.1,63.2,24.7,1,1,0,28.4,27.1,0
282,282,13,259.0,3,85.5,6,85.3,6.283331633,8,3,2,168.7,65.6,24.7,2,1,0,55.8,29.7,0
283,283,13,252.2,2,56.2,6,86.3,5.60654379572,8,3,2,165.6,61.9,24.7,2,0,0,56.2,0,0
284,284,13,267.3,2,68.5,6,93.4,7.1336688155,8,3,2,168.8,68.8,29.7,1,1,0,39.2,29.3,0
285,285,13,276.4,3,92.1,5,73.0,7.1389236422,8,3,2,182.7,60.9,32.8,2,1,0,64.5,27.6,0
286,286,13,269.8,4,116.5,8,129.7,6.9245475646,8,3,2,171.1,63.0,35.7,3,1,0,91.0,25.5,0
287,287,13,274.0,4,114.3,6,94.9,6.33668602217,8,3,2,174.9,63.4,35.7,3,1,0,88.4,25.9,0
288,288,13,278.0,4,116.7,6,94.0,6.497672167,8,3,2,178.7,63.6,35.7,3,1,0,89.7,27.0,0
289,289,13,271.6,4,120.2,8,131.2,7.05566693498,8,3,2,173.6,70.3,27.7,3,1,0,88.9,31.3,0
290,290,13,275.4,4,119.3,7,115.6,6.77468894167,8,3,2,174.0,69.0,32.4,3,1,0,89.3,30.0,0
291,291,13,267.7,3,92.9,8,128.1,7.15034515932,8,3,2,163.1,69.5,35.1,2,1,0,62.4,30.5,0
292,292,13,267.1,4,118.5,7,103.1,7.50384516816,8,3,2,165.8,65.3,36.0,3,1,0,88.1,30.4,0
293,293,13,259.8,3,92.8,8,122.2,7.21501283827,8,3,2,158.7,64.9,36.2,2,1,0,62.8,30.0,0
294,294,13,260.0,3,93.1,9,143.5,7.08331372546,8,3,2,159.3,65.2,35.5,2,1,0,62.8,30.3,0
295,295,13,273.6,3,97.7,7,110.4,7.38970177393,8,3,2,170.8,68.4,34.4,2,1,0,64.2,33.5,0
296,296,12,260.6,4,120.3,6,94.6,7.26608977415,7,3,2,161.5,64.7,34.4,3,1,0,89.5,30.8,0
297,297,12,250.0,2,59.3,5,81.8,5.29001346163,7,3,2,157.3,63.1,29.6,2,0,0,59.3,0,0
298,298,12,243.2,4,111.5,6,90.4,6.25275696769,7,3,2,151.5,61.1,30.6,3,1,0,84.4,27.1,0
299,299,12,248.1,3,78.9,4,58.9,5.16951290127,7,3,2,157.9,57.1,33.1,3,0,0,78.9,0,0
300,300,13,283.0,5,145.3,7,116.6,6.70874859361,8,3,2,182.3,69.4,31.3,4,1,0,112.3,33.0,0
301,301,13,282.5,4,118.8,6,95.4,6.496843415,8,3,2,185.2,67.4,29.9,3,1,0,87.8,31.0,0
302,302,13,272.3,4,113.7,6,94.9,6.01090888644,8,3,2,179.1,61.2,32.0,3,1,0,87.3,26.4,0
303,303,13,272.7,3,89.1,6,94.9,6.09304984472,8,3,2,176.8,63.9,32.0,2,1,0,60.0,29.1,0
304,304,13,268.4,4,120.3,9,148.1,7.18709669994,8,3,2,169.1,67.2,32.1,3,1,0,87.9,32.4,0
305,305,13,270.5,4,123.3,8,126.1,7.7760810115,8,3,2,168.9,68.4,33.2,3,1,0,87.6,35.7,0
306,306,12,249.9,3,92.9,8,134.3,6.68215057924,8,3,1,168.5,65.0,16.4,2,1,0,60.6,32.3,0
307,307,12,250.1,3,96.2,8,129.8,7.43033809745,8,3,1,165.3,65.5,19.3,2,1,0,63.4,32.8,0
308,308,12,247.7,4,117.4,7,109.4,7.23017142175,8,3,1,163.0,65.4,19.3,3,1,0,83.6,33.8,0
309,309,12,244.0,4,117.1,8,126.9,6.9882151881,8,3,1,165.0,63.0,16.0,3,1,0,85.7,31.4,0
310,310,14,272.5,4,115.7,9,135.5,6.78954027478,9,3,2,186.6,55.3,30.6,3,1,0,88.2,27.5,0
311,311,14,262.3,3,85.5,10,152.8,6.14173705607,9,3,2,174.9,56.7,30.7,2,1,0,56.6,28.9,0
312,312,14,258.9,2,60.3,10,154.7,5.91340905007,9,3,2,167.4,58.9,32.6,1,1,0,29.5,30.8,0
313,313,14,265.3,2,62.6,10,157.2,6.35606917714,9,3,2,170.7,61.5,33.1,1,1,0,32.3,30.3,0
314,314,14,259.8,2,58.3,9,134.8,5.80910615204,9,3,2,165.5,59.9,34.4,1,1,0,29.6,28.7,0
315,315,14,256.3,3,79.8,9,132.8,5.49425774167,9,3,2,164.2,58.1,34.0,2,1,0,52.4,27.4,0
316,316,14,267.1,4,115.4,10,151.7,6.7387716949,9,3,2,179.9,57.8,29.4,3,1,0,88.5,26.9,0
317,317,14,259.3,2,60.3,10,153.7,6.06340581768,9,3,2,173.6,52.5,33.2,2,0,0,60.3,0,0
318,318,14,264.2,2,51.9,9,141.2,4.95990517456,9,3,2,170.2,56.8,37.2,1,1,0,26.0,25.9,0
319,319,14,278.2,3,84.1,7,102.0,6.13243941567,9,3,2,182.5,58.9,36.8,2,1,0,52.6,31.5,0
320,320,14,281.7,4,119.6,9,139.4,7.07456751289,9,3,2,186.0,59.5,36.2,3,1,0,87.5,32.1,0
321,321,14,277.9,3,94.8,10,159.5,7.05317713462,9,3,2,177.7,60.1,40.1,2,1,0,62.1,32.7,0
322,322,14,281.9,4,119.1,10,162.8,6.7898801556,9,3,2,177.2,55.8,48.9,2,1,1,61.2,28.8,29.1
323,323,2,55.1,2,55.1,0,0,1.76776695297,0,1,1,0,26.3,28.8,0,1,1,0,26.3,28.8
324,324,6,158.2,3,90.6,0,0,4.42929640763,1,2,3,20.8,56.0,81.4,0,1,2,0,31.2,59.4
325,325,7,184.9,4,122.5,0,0,5.36296826127,2,2,3,42.1,63.4,79.4,0,2,2,0,63.4,59.1
326,326,8,194.2,4,112.9,2,33.9,5.0241559348,2,2,4,52.6,51.1,90.5,1,1,2,28.3,28.0,56.6
327,327,9,223.9,5,149.0,3,50.0,6.46273505913,3,2,4,70.7,60.3,92.9,1,2,2,29.4,60.3,59.3
328,328,9,229.0,6,178.9,3,50.1,7.07073389245,3,2,4,73.2,58.8,97.0,2,2,2,56.6,58.8,63.5
329,329,10,236.2,5,150.9,4,65.0,7.32526829239,4,2,4,82.9,57.3,96.0,1,2,2,30.8,57.3,62.8
330,330,10,238.1,5,150.3,4,65.1,7.22379555512,4,2,4,88.6,57.0,92.5,2,1,2,56.6,34.3,59.4
331,331,10,246.7,6,171.2,2,29.5,6.24714156857,4,2,4,90.8,56.4,99.5,2,1,3,55.2,32.3,83.7
332,332,10,242.0,6,167.4,2,29.0,6.02826674924,4,2,4,87.7,54.6,99.7,1,2,3,28.6,54.6,84.2
333,333,10,248.5,5,148.9,2,28.9,6.51788138721,4,2,4,89.2,56.1,103.2,1,2,2,29.1,56.1,63.7
334,334,10,247.3,6,171.1,2,29.7,6.02809164569,4,2,4,93.2,54.3,99.8,2,2,2,54.7,54.3,62.1
