,e_id,num_sat,sum_snr,num_sat_25,sum_snr_25,snr_std,elev_0_30,elev_30_60,elev_60_90,elev_0_30_25,elev_30_60_25,elev_60_90_25
1,1,9,211.1,4,115.8,6.20828299756,5,3,1,3,1,0
2,2,9,199.5,4,106.4,4.9681485485,5,3,1,3,1,0
3,3,10,208.5,3,78.5,4.26125959469,6,3,1,3,0,0
4,4,10,220.6,3,90.6,6.30364973646,6,3,1,2,1,0
5,5,11,254.9,5,144.1,6.32915332554,7,3,1,4,1,0
6,6,11,247.6,5,140.4,6.35884494943,7,3,1,4,1,0
7,7,12,261.1,4,110.6,5.48111772499,7,3,2,4,0,0
8,8,13,257.7,2,58.0,5.1778621467,8,3,2,2,0,0
9,9,13,271.1,3,84.2,5.42396155723,8,3,2,3,0,0
10,10,13,231.5,1,26.0,3.28594520609,8,3,2,1,0,0
11,11,13,242.0,1,26.1,3.88068854583,8,3,2,1,0,0
12,12,13,255.0,2,55.1,4.85812826677,8,3,2,2,0,0
13,13,14,249.0,0,0,3.37749500776,9,3,2,0,0,0
14,14,14,262.9,1,28.5,4.98029634142,9,3,2,0,1,0
15,15,13,244.1,2,57.6,5.86673586789,8,3,2,1,1,0
16,16,13,254.3,3,83.7,6.05496194064,8,3,2,2,1,0
17,17,13,259.1,3,86.5,6.59234209966,8,3,2,2,1,0
18,18,13,260.1,2,58.8,5.75086392618,8,3,2,1,1,0
19,19,13,260.3,3,82.7,5.24851627386,8,3,2,2,1,0
20,20,13,280.6,4,107.8,5.42676179593,8,3,2,3,1,0
21,21,14,309.0,6,165.5,5.93145832003,9,3,2,4,1,1
22,22,14,297.2,4,109.2,5.25641418744,9,3,2,3,1,0
23,23,14,295.7,3,81.4,5.11140182058,9,3,2,3,0,0
24,24,14,302.1,6,167.6,6.32688750449,9,3,2,5,1,0
25,25,13,283.6,3,80.2,4.24103881807,8,3,2,2,1,0
26,26,14,306.1,4,109.2,4.42625160793,9,3,2,3,1,0
27,27,14,298.8,5,136.0,5.40608123188,9,3,2,3,1,1
28,28,14,296.3,5,135.3,5.20216037118,9,3,2,4,1,0
29,29,14,288.5,3,84.8,5.18510652449,9,3,2,2,1,0
30,30,14,293.6,3,84.9,5.05210216284,9,3,2,2,1,0
31,31,13,272.3,4,110.1,5.20746505583,9,3,1,3,1,0
32,32,14,287.2,4,108.3,4.89707246029,9,3,2,3,1,0
33,33,14,280.9,3,86.8,5.74879347112,9,3,2,2,1,0
34,34,14,287.8,3,83.6,5.1113319483,9,3,2,2,1,0
35,35,14,277.4,3,82.0,4.97035165802,9,3,2,2,1,0
36,36,14,291.5,4,109.2,5.47893568713,9,3,2,3,1,0
37,37,14,294.0,4,114.0,6.24881527233,9,3,2,3,1,0
38,38,14,286.4,4,112.4,5.85461215765,9,3,2,2,1,1
39,39,14,287.7,2,58.5,5.5124683847,9,3,2,1,1,0
40,40,14,298.7,3,87.7,6.04872613962,9,3,2,2,1,0
41,41,14,268.8,2,51.3,4.14617525326,9,3,2,1,1,0
42,42,14,262.3,0,0,3.89508707177,9,3,2,0,0,0
43,43,14,258.6,0,0,4.29945051434,9,3,2,0,0,0
44,44,14,263.1,0,0,3.96939528154,9,3,2,0,0,0
45,45,14,271.8,1,28.3,4.79805363469,9,3,2,1,0,0
46,46,14,282.7,4,107.3,5.47981811682,9,3,2,2,1,1
47,47,14,300.4,4,120.7,7.08972325441,9,3,2,2,1,1
48,48,15,327.4,7,206.4,7.89009022822,10,3,2,5,1,1
49,49,15,312.5,6,166.7,6.55565913289,9,4,2,4,1,1
50,50,15,300.4,4,108.4,5.68826695509,9,4,2,2,1,1
51,51,15,298.4,4,113.2,6.4670004823,9,4,2,3,1,0
52,52,15,317.7,4,119.0,6.928945498,9,4,2,3,1,0
53,53,14,296.0,4,117.0,6.79928890917,8,4,2,3,1,0
54,54,14,288.7,2,61.6,6.25437429342,8,4,2,1,1,0
55,55,14,281.0,2,63.0,6.60505966565,8,4,2,1,1,0
56,56,14,288.1,3,87.9,6.41598707214,8,4,2,2,1,0
57,57,14,280.5,2,62.5,6.22916306798,8,4,2,1,1,0
58,58,14,278.4,3,89.4,6.52590779336,8,4,2,2,1,0
59,59,14,278.4,3,88.3,6.44525551715,8,4,2,2,1,0
60,60,14,276.7,2,61.3,6.25860726002,8,4,2,1,1,0
61,61,14,271.0,3,85.1,6.34443599793,8,4,2,2,0,1
62,62,14,281.8,4,115.7,6.81710840701,8,4,2,3,1,0
63,63,14,293.7,4,119.5,6.77372509395,8,4,2,3,1,0
64,64,14,300.1,5,147.6,7.10423569676,8,4,2,4,1,0
65,65,14,286.0,3,92.3,6.6875807482,8,4,2,2,1,0
66,66,14,282.9,4,116.1,6.62645795693,8,4,2,3,1,0
67,67,13,272.8,4,119.0,6.71947990967,8,4,1,3,1,0
68,68,13,274.9,4,119.2,6.74927346517,8,4,1,3,1,0
69,69,13,275.5,4,120.2,6.86506391551,8,4,1,3,1,0
70,70,13,278.3,4,118.7,6.59412131352,8,4,1,3,1,0
71,71,13,286.6,4,123.3,7.03699928765,8,4,1,3,1,0
72,72,13,287.5,6,168.1,6.46308055469,8,4,1,4,1,1
73,73,12,260.4,4,118.8,6.87049025643,7,4,1,2,1,1
74,74,13,265.1,4,115.6,6.52628806424,7,4,2,2,1,1
75,75,13,265.5,4,114.8,6.47780233389,7,4,2,2,1,1
76,76,13,262.6,4,117.9,6.94742158406,7,4,2,2,1,1
77,77,13,259.2,3,84.6,6.1686760413,7,4,2,1,1,1
78,78,14,284.1,4,116.4,6.77057710138,7,4,3,3,1,0
79,79,14,296.3,5,147.8,7.53980280734,7,4,3,5,0,0
80,80,14,300.4,4,121.8,7.52326793618,7,4,3,3,1,0
81,81,13,280.5,4,121.2,7.63491473934,7,3,3,3,1,0
82,82,13,284.7,5,147.6,7.6413349619,7,3,3,4,1,0
83,83,13,274.3,4,121.3,7.53348082451,7,3,3,3,1,0
84,84,13,253.2,2,60.6,6.43624552128,7,3,3,2,0,0
85,85,14,273.4,3,91.0,6.78646034071,8,3,3,2,1,0
86,86,14,278.9,2,67.7,7.03159666423,8,3,3,2,0,0
87,87,14,280.0,3,93.8,7.37219307732,8,3,3,2,1,0
88,88,14,275.0,3,92.3,7.15968567055,8,3,3,2,1,0
89,89,14,267.7,2,66.3,6.96631218756,8,3,3,2,0,0
90,90,14,258.4,2,64.5,6.80833361355,8,3,3,2,0,0
91,91,14,258.8,2,64.9,6.93983563792,8,3,3,2,0,0
92,92,14,256.7,3,90.5,7.13093015217,8,3,3,2,1,0
93,93,14,254.9,3,91.8,7.38641833531,8,3,3,2,1,0
94,94,13,238.2,3,89.9,7.42733171538,8,3,2,2,1,0
95,95,14,253.0,3,91.9,7.59396810952,9,3,2,2,1,0
96,96,14,253.8,3,91.1,7.49794110934,9,3,2,2,1,0
97,97,13,242.5,3,92.7,7.78402374361,8,3,2,2,1,0
98,98,13,239.8,3,93.2,7.83832628655,8,3,2,2,1,0
99,99,12,229.1,3,92.8,8.06546603887,8,3,1,2,1,0
100,100,12,222.1,3,91.7,8.17006268289,8,3,1,2,1,0
101,101,12,225.0,2,66.7,8.12398245377,8,3,1,1,1,0
102,102,12,217.7,2,66.4,8.15647632625,8,3,1,1,1,0
103,103,12,230.0,2,64.0,7.54252590116,8,3,1,1,1,0
104,104,12,242.0,3,90.5,7.8496477435,8,3,1,2,1,0
105,105,11,259.6,4,121.4,7.0916852722,7,3,1,3,1,0
106,106,11,253.1,3,92.8,6.5367353542,7,3,1,2,1,0
107,107,11,250.3,3,92.0,6.35898791261,7,3,1,2,1,0
108,108,11,252.0,4,116.8,6.52111256542,7,3,1,3,1,0
109,109,11,254.5,4,122.4,7.06771147222,7,3,1,3,1,0
110,110,11,256.3,4,120.5,6.54889303623,7,3,1,3,1,0
111,111,11,242.5,2,68.1,6.40911283039,7,3,1,1,1,0
112,112,11,255.3,3,95.7,6.42875641869,7,3,1,2,1,0
113,113,11,252.8,3,93.1,6.11405236841,7,3,1,2,1,0
114,114,11,241.4,3,88.6,5.96227534359,7,3,1,2,1,0
115,115,11,252.0,5,145.2,6.98819784286,7,3,1,4,1,0
116,116,12,262.2,4,123.0,7.87891316917,8,3,1,3,1,0
117,117,12,248.9,4,119.6,7.76863838933,8,3,1,3,1,0
118,118,12,252.5,4,117.4,7.2285366724,8,3,1,3,1,0
119,119,12,236.2,2,59.3,5.86264497139,8,3,1,2,0,0
120,120,12,244.1,4,113.8,6.31800577474,8,3,1,3,1,0
121,121,12,243.3,4,115.4,6.61625065481,8,3,1,3,1,0
122,122,12,259.0,4,119.9,7.36648841139,8,3,1,3,1,0
123,123,12,256.6,5,146.0,7.69649664497,8,3,1,3,1,1
124,124,13,272.9,4,122.9,7.85880202262,8,3,2,3,1,0
125,125,13,282.1,4,121.8,7.79957263787,8,3,2,3,1,0
126,126,13,278.9,4,119.8,7.16828842712,8,3,2,4,0,0
127,127,13,268.0,4,121.3,7.9431150642,8,3,2,4,0,0
128,128,13,278.4,5,146.2,7.54020845798,8,3,2,4,1,0
129,129,13,282.9,6,169.9,7.01017575404,8,3,2,5,1,0
130,130,13,277.0,4,117.0,6.84451867537,8,3,2,3,1,0
131,131,13,265.8,3,87.6,6.56132803943,8,3,2,2,1,0
132,132,13,256.8,4,112.3,6.75951371335,8,3,2,3,1,0
133,133,13,264.7,3,90.1,6.69247568313,8,3,2,2,1,0
134,134,13,254.1,2,64.1,7.04043267901,8,3,2,2,0,0
135,135,13,256.3,4,114.7,6.73694368808,8,3,2,3,1,0
136,136,13,262.0,3,90.3,6.83418068542,8,3,2,2,1,0
137,137,12,266.5,4,126.1,7.62811287676,7,3,2,3,1,0
138,138,12,267.4,4,123.8,7.1000426802,7,3,2,3,1,0
139,139,12,275.8,5,149.0,7.35994482852,7,3,2,4,1,0
140,140,12,270.8,5,147.1,7.19498983932,7,3,2,4,1,0
141,141,12,253.0,4,115.7,6.81039757661,7,3,2,3,1,0
142,142,12,241.8,2,60.4,6.29812381875,7,3,2,2,0,0
143,143,11,237.6,4,108.0,5.62227711875,7,3,1,3,1,0
144,144,11,257.5,5,143.2,5.86164730182,7,3,1,4,1,0
145,145,11,252.7,5,138.6,5.46591088641,7,3,1,4,1,0
146,146,11,250.8,6,163.4,5.70964096945,7,3,1,5,1,0
147,147,11,251.2,4,113.4,5.55450676969,7,3,1,3,1,0
148,148,11,242.1,4,110.5,5.56730716693,7,3,1,4,0,0
149,149,11,245.5,4,115.3,6.23166401242,7,3,1,4,0,0
150,150,11,246.3,6,168.0,6.6498803817,7,3,1,5,1,0
151,151,11,242.8,4,109.7,5.31000770415,7,3,1,4,0,0
152,152,11,244.5,5,136.1,5.64058346434,7,3,1,4,1,0
153,153,11,233.7,2,59.0,5.33242227067,7,3,1,1,1,0
154,154,12,238.8,1,26.3,4.88504210459,8,3,1,0,1,0
155,155,12,245.0,2,54.9,5.23169246617,8,3,1,1,1,0
156,156,12,257.4,5,132.1,5.54854608311,8,3,1,3,1,1
157,157,11,238.9,3,84.3,5.62028792533,7,3,1,2,1,0
158,158,10,215.4,1,27.9,4.20322627408,6,3,1,0,1,0
159,159,10,230.4,4,114.2,5.91329951137,6,3,1,3,0,1
160,160,10,214.6,3,88.5,6.48008916262,6,3,1,2,0,1
161,161,10,225.0,3,82.5,4.83298849345,6,3,1,2,0,1
162,162,10,219.7,3,78.4,4.07732210594,6,3,1,2,1,0
163,163,10,205.8,1,27.6,3.91032820447,6,3,1,1,0,0
164,164,11,220.3,2,54.3,4.23487683625,7,3,1,2,0,0
165,165,11,246.0,2,64.2,6.1545548543,7,3,1,2,0,0
166,166,11,249.0,5,143.4,6.83977671087,7,3,1,4,1,0
167,167,11,231.7,2,62.4,6.13893683422,7,3,1,2,0,0
168,168,11,228.0,3,81.5,5.30887764204,7,3,1,2,0,1
169,169,11,222.0,3,80.7,5.56090247744,7,3,1,3,0,0
170,170,12,247.4,3,81.0,5.20521300469,7,3,2,2,0,1
171,171,12,249.1,2,63.4,6.00476452242,7,3,2,2,0,0
172,172,12,263.1,4,118.6,6.52577059191,7,3,2,3,1,0
173,173,12,263.6,3,94.1,6.56607442338,7,3,2,2,1,0
174,174,12,247.9,3,86.1,5.70286344876,7,3,2,2,1,0
175,175,12,246.9,2,57.5,5.11648405557,7,3,2,2,0,0
176,176,12,231.0,1,27.1,5.11246249153,7,3,2,0,0,1
177,177,12,263.5,5,141.3,6.39310115861,7,3,2,3,1,1
178,178,12,257.1,4,117.2,6.68364693589,7,3,2,3,1,0
179,179,12,233.7,3,84.1,6.26927935543,7,3,2,2,1,0
180,180,12,233.0,2,54.1,5.60013527975,7,3,2,2,0,0
181,181,12,246.0,4,109.8,6.14092086669,7,3,2,4,0,0
182,182,12,240.2,3,83.7,6.44230807501,7,3,2,3,0,0
183,183,12,244.2,3,83.1,5.97654506459,7,3,2,3,0,0
184,184,12,241.1,3,81.7,5.59617699592,7,3,2,2,1,0
185,185,12,255.1,4,117.9,7.06469562277,7,3,2,4,0,0
186,186,13,271.9,5,149.2,8.02369887208,8,3,2,4,1,0
187,187,13,253.6,2,61.3,6.26012001196,8,3,2,2,0,0
188,188,13,261.5,4,116.0,7.02149629754,8,3,2,3,1,0
189,189,13,273.9,4,122.9,7.83840806705,8,3,2,3,1,0
190,190,13,262.8,4,114.2,6.86608162805,8,3,2,3,1,0
191,191,13,257.6,3,83.4,6.34479394909,8,3,2,3,0,0
192,192,13,258.9,2,62.5,6.76299319259,8,3,2,2,0,0
193,193,13,243.9,2,60.7,6.48774979757,8,3,2,2,0,0
194,194,13,250.2,3,86.6,6.95193203177,8,3,2,3,0,0
195,195,13,260.8,4,112.5,7.03722701798,8,3,2,3,1,0
196,196,13,249.7,2,62.7,7.22420255558,8,3,2,2,0,0
197,197,12,231.8,3,86.0,6.6757135585,8,3,1,3,0,0
198,198,12,240.4,3,85.9,6.57658841281,8,3,1,2,1,0
199,199,12,237.7,3,84.9,6.42091162224,8,3,1,2,1,0
200,200,12,232.2,1,32.6,6.09179776421,8,3,1,1,0,0
201,201,12,227.0,1,31.8,6.28834901491,8,3,1,1,0,0
202,202,11,213.4,1,28.0,5.33666562565,7,3,1,1,0,0
203,203,11,205.5,1,28.0,4.90648920957,7,3,1,1,0,0
204,204,11,192.8,1,28.0,4.69767834341,7,3,1,1,0,0
205,205,10,182.9,0,0,4.26678385256,6,3,1,0,0,0
206,206,10,201.0,2,55.5,5.86041333392,6,3,1,2,0,0
207,207,10,213.5,3,83.8,5.81401563274,6,3,1,3,0,0
208,208,11,208.8,2,53.7,5.25505816939,6,3,2,1,1,0
209,209,11,208.4,2,57.2,5.69005512036,6,3,2,1,1,0
210,210,11,211.7,2,59.2,6.17678939844,6,3,2,1,1,0
211,211,11,225.6,3,89.1,6.85907494426,6,3,2,2,1,0
212,212,11,223.5,3,84.1,6.22026015241,6,3,2,2,1,0
213,213,11,219.8,3,83.0,6.22829321433,6,3,2,2,1,0
214,214,11,207.1,2,56.0,5.43048633349,6,3,2,1,1,0
215,215,11,210.8,2,55.5,5.33746620172,6,3,2,1,1,0
216,216,11,214.1,2,57.1,5.57911690633,6,3,2,1,1,0
217,217,11,217.6,2,59.0,6.07071959191,6,3,2,1,1,0
218,218,11,225.3,3,81.4,5.52590593149,6,3,2,2,1,0
219,219,11,213.8,3,79.9,5.42407093008,6,3,2,2,1,0
220,220,12,241.6,3,80.1,4.97801225999,7,3,2,2,1,0
221,221,12,264.0,4,109.5,5.40454354308,7,3,2,3,1,0
222,222,12,246.4,2,53.2,4.32021323828,7,3,2,1,1,0
223,223,12,241.4,2,51.3,3.90566798694,7,3,2,2,0,0
224,224,12,232.9,1,25.4,3.85827524663,7,3,2,1,0,0
225,225,12,241.1,2,55.2,5.26039375183,7,3,2,1,0,1
226,226,12,239.1,3,81.4,5.30353655592,7,3,2,2,1,0
227,227,12,256.6,3,89.1,6.17926640738,7,3,2,2,1,0
228,228,12,270.7,5,149.5,7.34914445649,7,3,2,3,1,1
229,229,12,252.8,4,116.2,6.43701417702,7,3,2,3,1,0
230,230,12,248.5,4,111.7,6.03104971013,7,3,2,3,1,0
231,231,12,242.6,3,81.9,5.32743044549,7,3,2,2,1,0
232,232,12,237.3,2,57.2,5.84358622765,7,3,2,1,1,0
233,233,12,227.6,2,56.5,5.65304959265,7,3,2,1,1,0
234,234,12,240.2,3,84.2,6.17396783178,7,3,2,2,1,0
235,235,12,248.4,4,112.3,6.76111878854,7,3,2,3,1,0
236,236,13,252.7,4,109.7,6.41840302847,8,3,2,3,1,0
237,237,13,240.3,2,59.6,6.18342490775,8,3,2,2,0,0
238,238,13,241.3,2,59.3,6.10485305058,8,3,2,2,0,0
239,239,13,225.8,1,25.7,4.8439626711,8,3,2,0,1,0
240,240,13,236.0,3,80.3,5.67092223314,8,3,2,2,1,0
241,241,13,238.9,2,53.8,5.42757678376,8,3,2,1,1,0
242,242,13,237.1,2,55.4,5.55600852854,8,3,2,2,0,0
243,243,13,241.5,3,78.9,5.50153824643,8,3,2,2,1,0
244,244,13,237.4,2,53.9,5.30024189095,8,3,2,1,1,0
245,245,13,242.3,2,51.6,4.68001753229,8,3,2,1,1,0
246,246,13,234.4,1,25.1,4.24232338375,8,3,2,1,0,0
247,247,13,247.8,3,78.4,5.61464431369,8,3,2,2,1,0
248,248,13,259.3,3,87.0,6.35880169327,8,3,2,2,1,0
249,249,13,243.8,2,58.3,5.83175436506,8,3,2,2,0,0
250,250,13,243.2,2,59.3,5.89342310525,8,3,2,2,0,0
251,251,13,251.5,3,86.6,6.22074692522,8,3,2,3,0,0
252,252,12,227.8,2,53.3,4.3916932608,8,3,1,2,0,0
253,253,12,220.1,1,25.1,3.66418993487,8,3,1,1,0,0
254,254,12,226.7,1,25.2,4.2446668856,8,3,1,1,0,0
255,255,12,221.8,0,0,3.86471999064,8,3,1,0,0,0
256,256,12,210.1,1,25.6,3.57452052305,8,3,1,1,0,0
257,257,12,226.2,1,25.6,3.85828506417,8,3,1,1,0,0
258,258,12,222.8,0,0,3.94123500103,8,3,1,0,0,0
259,259,12,217.9,0,0,4.01439644129,8,3,1,0,0,0
260,260,12,224.4,1,25.1,3.92914517652,8,3,1,1,0,0
261,261,12,247.4,2,57.5,5.39323369575,8,3,1,1,1,0
262,262,12,252.2,2,65.9,6.50074587795,8,3,1,2,0,0
263,263,12,232.7,2,60.3,5.95795241419,8,3,1,1,1,0
264,264,12,232.8,2,57.5,5.34789678285,8,3,1,2,0,0
265,265,12,223.2,1,31.3,5.15769504545,8,3,1,1,0,0
266,266,12,229.7,2,58.1,5.88085620441,8,3,1,2,0,0
267,267,13,264.1,3,89.6,6.49010094347,8,3,2,2,1,0
268,268,13,267.6,4,117.6,6.60843478113,8,3,2,3,1,0
269,269,13,264.2,3,84.7,5.77828605588,8,3,2,2,1,0
270,270,13,262.1,4,106.8,5.43085911889,8,3,2,3,1,0
271,271,13,255.0,3,85.8,5.97938767125,8,3,2,2,1,0
272,272,13,256.3,2,61.2,5.76929316206,8,3,2,1,1,0
273,273,13,261.1,2,64.4,6.2226529918,8,3,2,1,1,0
274,274,13,259.7,3,87.5,6.49681381475,8,3,2,2,1,0
275,275,13,240.7,3,83.0,6.05706834393,8,3,2,2,1,0
276,276,13,243.3,2,55.7,5.756423391,8,3,2,2,0,0
277,277,13,255.2,4,111.3,6.56815354766,8,3,2,3,1,0
278,278,13,258.3,2,63.2,6.66350566086,8,3,2,1,1,0
279,279,13,254.8,3,82.3,5.95650904473,8,3,2,2,1,0
280,280,13,270.7,4,114.9,6.29988807389,8,3,2,3,1,0
281,281,13,245.0,2,55.5,5.68442541579,8,3,2,1,1,0
282,282,13,259.0,3,85.5,6.283331633,8,3,2,2,1,0
283,283,13,252.2,2,56.2,5.60654379572,8,3,2,2,0,0
284,284,13,267.3,2,68.5,7.1336688155,8,3,2,1,1,0
285,285,13,276.4,3,92.1,7.1389236422,8,3,2,2,1,0
286,286,13,269.8,4,116.5,6.9245475646,8,3,2,3,1,0
287,287,13,274.0,4,114.3,6.33668602217,8,3,2,3,1,0
288,288,13,278.0,4,116.7,6.497672167,8,3,2,3,1,0
289,289,13,271.6,4,120.2,7.05566693498,8,3,2,3,1,0
290,290,13,275.4,4,119.3,6.77468894167,8,3,2,3,1,0
291,291,13,267.7,3,92.9,7.15034515932,8,3,2,2,1,0
292,292,13,267.1,4,118.5,7.50384516816,8,3,2,3,1,0
293,293,13,259.8,3,92.8,7.21501283827,8,3,2,2,1,0
294,294,13,260.0,3,93.1,7.08331372546,8,3,2,2,1,0
295,295,13,273.6,3,97.7,7.38970177393,8,3,2,2,1,0
296,296,12,260.6,4,120.3,7.26608977415,7,3,2,3,1,0
297,297,12,250.0,2,59.3,5.29001346163,7,3,2,2,0,0
298,298,12,243.2,4,111.5,6.25275696769,7,3,2,3,1,0
299,299,12,248.1,2,53.9,5.16951290127,7,3,2,2,0,0
300,300,13,283.0,5,145.3,6.70874859361,8,3,2,4,1,0
301,301,13,282.5,4,118.8,6.496843415,8,3,2,3,1,0
302,302,13,272.3,4,113.7,6.01090888644,8,3,2,3,1,0
303,303,13,272.7,3,89.1,6.09304984472,8,3,2,2,1,0
304,304,13,268.4,4,120.3,7.18709669994,8,3,2,3,1,0
305,305,13,270.5,4,123.3,7.7760810115,8,3,2,3,1,0
306,306,12,249.9,3,92.9,6.68215057924,8,3,1,2,1,0
307,307,12,250.1,3,96.2,7.43033809745,8,3,1,2,1,0
308,308,12,247.7,3,92.4,7.23017142175,8,3,1,2,1,0
309,309,12,244.0,4,117.1,6.9882151881,8,3,1,3,1,0
310,310,14,272.5,4,115.7,6.78954027478,9,3,2,3,1,0
311,311,14,262.3,3,85.5,6.14173705607,9,3,2,2,1,0
312,312,14,258.9,2,60.3,5.91340905007,9,3,2,1,1,0
313,313,14,265.3,2,62.6,6.35606917714,9,3,2,1,1,0
314,314,14,259.8,2,58.3,5.80910615204,9,3,2,1,1,0
315,315,14,256.3,3,79.8,5.49425774167,9,3,2,2,1,0
316,316,14,267.1,4,115.4,6.7387716949,9,3,2,3,1,0
317,317,14,259.3,2,60.3,6.06340581768,9,3,2,2,0,0
318,318,14,264.2,2,51.9,4.95990517456,9,3,2,1,1,0
319,319,14,278.2,3,84.1,6.13243941567,9,3,2,2,1,0
320,320,14,281.7,4,119.6,7.07456751289,9,3,2,3,1,0
321,321,14,277.9,3,94.8,7.05317713462,9,3,2,2,1,0
322,322,14,281.9,4,119.1,6.7898801556,9,3,2,2,1,1
323,323,2,55.1,2,55.1,1.76776695297,0,1,1,0,1,1
324,324,6,158.2,3,90.6,4.42929640763,1,2,3,0,1,2
325,325,7,184.9,4,122.5,5.36296826127,2,2,3,0,2,2
326,326,8,194.2,4,112.9,5.0241559348,2,2,4,1,1,2
327,327,9,223.9,5,149.0,6.46273505913,3,2,4,1,2,2
328,328,9,229.0,6,178.9,7.07073389245,3,2,4,2,2,2
329,329,10,236.2,5,150.9,7.32526829239,4,2,4,1,2,2
330,330,10,238.1,5,150.3,7.22379555512,4,2,4,2,1,2
331,331,10,246.7,6,171.2,6.24714156857,4,2,4,2,1,3
332,332,10,242.0,5,142.4,6.02826674924,4,2,4,1,2,2
333,333,10,248.5,5,148.9,6.51788138721,4,2,4,1,2,2
334,334,10,247.3,6,171.1,6.02809164569,4,2,4,2,2,2
