,e_id,num_sat,sum_snr,num_sat_25,sum_snr_25,snr_std,elev_0_30,elev_30_60,elev_60_90,elev_0_30_25,elev_30_60_25,elev_60_90_25
1,1,9,185.3,2,54.8,4.67424979126,6,2,1,1,0,1
2,2,9,196.4,4,107.0,5.39021747654,6,2,1,4,0,0
3,3,10,202.0,2,54.9,4.91143789762,7,2,1,1,0,1
4,4,10,195.5,2,51.5,4.75119867916,7,2,1,1,0,1
5,5,12,221.8,1,27.4,4.77242711899,9,2,1,0,0,1
6,6,12,224.1,1,29.3,4.81741631998,9,2,1,0,0,1
7,7,12,208.7,0,0,3.17474647043,9,2,1,0,0,0
8,8,11,203.7,1,26.4,4.30808964201,9,1,1,1,0,0
9,9,12,233.7,2,58.2,5.85384489033,9,2,1,1,0,1
10,10,12,227.9,2,58.3,5.71050998094,9,2,1,1,0,1
11,11,12,233.6,2,55.5,5.21768554287,9,2,1,1,0,1
12,12,12,226.0,1,26.6,4.29848458145,9,2,1,1,0,0
13,13,13,246.8,1,25.4,4.51900544992,9,3,1,1,0,0
14,14,14,262.5,2,53.1,4.65745886476,9,4,1,1,0,1
15,15,14,262.9,2,55.4,4.92125352565,9,4,1,1,0,1
16,16,14,260.1,2,54.9,4.97504210596,9,4,1,1,0,1
17,17,14,256.3,1,25.7,4.2826060157,9,4,1,0,0,1
18,18,13,246.1,2,51.3,5.05674213557,8,4,1,1,0,1
19,19,14,255.8,2,51.2,4.91941656507,8,5,1,1,1,0
20,20,15,274.4,3,77.3,4.90807885992,9,5,1,1,1,1
21,21,15,280.6,3,77.6,5.02727797218,9,5,1,1,1,1
22,22,15,275.6,1,26.3,4.65870409122,9,5,1,0,0,1
23,23,15,278.2,1,27.0,4.78432957935,9,5,1,0,0,1
24,24,15,270.8,1,25.7,4.32416245675,9,5,1,0,0,1
25,25,15,271.6,1,26.0,4.11659822577,9,5,1,0,0,1
26,26,15,266.6,1,26.8,4.61325213251,9,5,1,0,0,1
27,27,15,266.9,1,26.0,4.65226007544,9,5,1,0,0,1
28,28,15,263.4,0,0,4.03605181901,9,5,1,0,0,0
29,29,15,264.0,0,0,4.28935559596,9,5,1,0,0,0
30,30,15,268.8,0,0,4.00431909675,9,5,1,0,0,0
31,31,14,244.9,0,0,3.27472001991,8,5,1,0,0,0
32,32,14,228.6,0,0,2.70879722711,8,5,1,0,0,0
33,33,14,239.4,0,0,3.17150777052,8,5,1,0,0,0
34,34,14,241.4,0,0,3.33713702393,8,5,1,0,0,0
35,35,14,239.9,0,0,3.44195989403,8,5,1,0,0,0
36,36,14,236.5,0,0,3.04465844635,8,5,1,0,0,0
37,37,14,237.7,0,0,3.03116595273,8,5,1,0,0,0
38,38,14,232.1,0,0,2.33836845535,8,5,1,0,0,0
39,39,14,233.9,0,0,2.71504760851,8,5,1,0,0,0
40,40,14,240.1,0,0,3.2684388181,8,5,1,0,0,0
41,41,12,210.0,0,0,3.54246960595,7,4,1,0,0,0
42,42,12,215.5,1,28.5,4.20312834432,7,4,1,1,0,0
43,43,13,229.6,1,32.2,4.89975143273,7,5,1,1,0,0
44,44,13,234.8,1,31.0,5.18049844152,7,5,1,1,0,0
45,45,13,238.7,2,54.0,4.93516944348,7,5,1,1,0,1
46,46,13,232.8,1,26.8,4.02543197236,7,5,1,0,0,1
47,47,12,214.8,1,27.1,4.27317212384,7,4,1,0,0,1
48,48,11,207.9,1,27.2,4.24334773498,6,4,1,0,0,1
49,49,11,207.7,1,25.2,4.0064493462,6,4,1,1,0,0
50,50,11,212.4,1,27.1,4.2193493682,6,4,1,1,0,0
51,51,11,217.8,2,54.6,4.65467506922,6,4,1,1,0,1
52,52,12,224.2,1,26.7,4.55628104595,7,4,1,0,0,1
53,53,12,208.4,0,0,3.44577035412,7,4,1,0,0,0
54,54,12,205.4,0,0,3.73432075686,7,4,1,0,0,0
55,55,12,222.8,0,0,4.30186710697,7,4,1,0,0,0
56,56,12,225.4,1,28.7,5.38125252965,7,4,1,1,0,0
57,57,13,243.9,1,29.9,5.09992458466,7,5,1,1,0,0
58,58,13,237.3,0,0,4.29100131761,7,5,1,0,0,0
59,59,12,212.2,1,25.1,4.12350983185,7,4,1,1,0,0
60,60,12,216.0,1,30.5,4.63798545609,7,4,1,1,0,0
61,61,13,241.7,1,31.3,4.57428710993,7,5,1,1,0,0
62,62,13,238.4,2,50.9,4.14116297303,7,5,1,1,1,0
63,63,13,232.9,1,25.3,3.97174314247,7,5,1,1,0,0
64,64,12,221.2,1,31.3,5.05521033342,7,4,1,1,0,0
65,65,12,220.2,1,32.6,5.2779989321,7,4,1,1,0,0
66,66,12,210.0,1,32.0,5.26411522394,7,4,1,1,0,0
67,67,12,221.7,2,52.3,4.83342998858,7,4,1,1,0,1
68,68,12,214.4,0,0,3.60639163237,7,4,1,0,0,0
69,69,12,220.0,1,27.9,4.88231192131,7,4,1,1,0,0
70,70,12,225.0,2,58.2,5.83243283093,7,4,1,1,0,1
71,71,13,239.2,2,56.6,5.46930830483,8,4,1,1,0,1
72,72,13,236.9,2,54.6,5.49850795613,8,4,1,1,0,1
73,73,13,242.1,2,54.6,5.35617305019,8,4,1,1,0,1
74,74,13,231.0,1,27.5,4.50821188044,8,4,1,1,0,0
75,75,14,246.8,1,26.1,4.1826433621,8,5,1,1,0,0
76,76,14,251.4,1,26.1,4.19151419046,8,5,1,1,0,0
77,77,14,254.1,1,27.9,4.58790215173,8,5,1,1,0,0
78,78,12,225.1,2,55.5,5.23458053079,7,4,1,1,1,0
79,79,12,217.3,1,31.4,4.99389779146,7,4,1,1,0,0
80,80,12,238.3,1,30.3,5.34984423449,7,4,1,1,0,0
81,81,12,230.6,1,28.8,4.60845731106,7,4,1,1,0,0
82,82,12,225.3,0,0,3.77530853646,7,4,1,0,0,0
83,83,12,230.2,1,26.3,4.26824071344,7,4,1,1,0,0
84,84,12,234.2,2,55.9,5.28201637348,7,4,1,1,0,1
85,85,12,228.6,2,54.3,4.93770281517,7,4,1,1,1,0
86,86,12,228.4,3,79.6,4.95384760167,7,4,1,1,1,1
87,87,11,216.2,1,28.3,4.29496534011,7,3,1,1,0,0
88,88,11,214.3,1,28.3,4.63720135034,7,3,1,1,0,0
89,89,11,211.1,2,50.9,4.13024322418,7,3,1,1,0,1
90,90,11,215.4,2,52.6,4.89832995659,7,3,1,1,1,0
91,91,12,227.4,1,28.6,5.30102905962,8,3,1,1,0,0
92,92,12,228.1,1,26.7,5.1486023405,8,3,1,1,0,0
93,93,11,214.3,0,0,4.14772665006,7,3,1,0,0,0
94,94,11,211.0,0,0,3.77857597034,7,3,1,0,0,0
95,95,12,229.9,3,76.5,4.91924945002,8,3,1,1,1,1
96,96,12,237.6,3,79.6,5.21065342264,8,3,1,1,1,1
97,97,13,246.7,3,80.3,5.46994117064,8,4,1,1,1,1
98,98,13,248.1,3,79.5,5.12393828903,8,4,1,1,1,1
99,99,13,248.4,3,79.5,4.9773589949,8,4,1,1,1,1
100,100,14,263.2,2,55.7,5.20606155583,8,5,1,1,1,0
101,101,14,263.5,3,81.0,4.95132904791,8,5,1,1,1,1
102,102,14,270.0,3,85.1,5.58402352084,8,5,1,1,1,1
103,103,14,264.8,2,57.1,5.0697985308,8,5,1,1,1,0
104,104,14,262.2,2,57.0,4.92316792498,8,5,1,1,1,0
105,105,16,287.2,2,57.0,5.59702301824,9,5,2,1,1,0
106,106,16,292.7,3,82.8,5.55343362254,9,5,2,2,1,0
107,107,16,304.2,3,83.3,5.23193718107,9,5,2,2,1,0
108,108,16,302.1,4,108.3,5.51799707019,9,5,2,2,1,1
109,109,16,300.9,3,82.2,5.39635293508,9,5,2,1,1,1
110,110,17,316.5,3,83.6,5.4548413467,9,6,2,2,1,0
111,111,17,321.3,4,109.2,5.32388485976,9,6,2,2,1,1
112,112,16,292.0,3,79.6,4.87907094982,9,5,2,2,1,0
113,113,16,284.7,2,51.8,4.17715513238,9,5,2,2,0,0
114,114,16,289.0,2,52.2,4.01578136855,9,5,2,2,0,0
115,115,16,298.0,2,57.2,5.14619600611,9,5,2,1,1,0
116,116,16,287.5,2,55.0,4.62208015941,9,5,2,1,0,1
117,117,17,289.8,0,0,3.21016308913,9,6,2,0,0,0
118,118,17,289.2,1,27.3,4.10409587378,9,6,2,1,0,0
119,119,16,262.4,0,0,3.27760074852,9,5,2,0,0,0
120,120,16,265.5,1,28.0,3.93064350118,9,5,2,1,0,0
121,121,16,264.3,1,26.8,3.52462172911,9,5,2,1,0,0
122,122,16,254.1,0,0,3.36555468435,9,5,2,0,0,0
123,123,16,246.7,1,25.2,3.42816155784,9,5,2,1,0,0
124,124,16,249.0,0,0,3.23045404445,9,5,2,0,0,0
125,125,16,284.0,2,57.5,6.03213616115,9,5,2,1,0,1
126,126,16,290.6,3,80.9,5.56235861244,9,5,2,1,1,1
127,127,17,317.3,4,108.4,5.62138118887,9,6,2,2,1,1
128,128,17,317.0,4,106.0,5.68519103099,9,6,2,1,2,1
129,129,17,314.3,4,108.4,5.7682192175,9,6,2,3,1,0
130,130,17,307.9,2,56.4,5.14646509181,9,6,2,1,1,0
131,131,17,306.8,1,30.1,4.51596025877,9,6,2,1,0,0
132,132,17,309.2,1,28.9,4.68626748502,9,6,2,1,0,0
133,133,17,319.6,2,57.2,5.28512062303,9,6,2,2,0,0
134,134,17,312.7,1,30.7,4.81163571307,9,6,2,1,0,0
135,135,17,312.5,2,52.2,4.57127379596,9,6,2,1,0,1
136,136,17,315.2,2,55.6,4.813660097,9,6,2,1,0,1
137,137,18,324.8,1,28.8,4.32084172386,10,6,2,0,0,1
138,138,17,311.1,2,55.9,4.75420866181,10,5,2,1,0,1
139,139,17,308.6,2,54.2,4.67935861618,10,5,2,1,1,0
140,140,17,305.9,2,55.4,5.43029356806,10,5,2,1,1,0
141,141,17,314.3,2,53.6,5.34110034929,10,5,2,1,1,0
142,142,16,296.8,3,81.1,5.38305984857,10,4,2,1,1,1
143,143,16,286.9,2,54.9,5.0250995015,10,4,2,0,1,1
144,144,15,273.0,2,53.5,4.84414226522,9,4,2,0,1,1
145,145,15,262.1,1,27.5,4.35471282745,9,4,2,0,0,1
146,146,15,260.3,2,53.2,4.65631164069,9,4,2,1,0,1
147,147,15,264.2,1,32.1,5.48893258771,9,4,2,1,0,0
148,148,16,268.7,0,0,4.08859694761,9,5,2,0,0,0
149,149,16,267.9,1,25.2,4.38831307756,9,5,2,1,0,0
150,150,16,256.2,1,28.0,4.19791614971,9,5,2,1,0,0
151,151,16,254.0,1,26.5,4.22618819584,9,5,2,1,0,0
152,152,16,256.5,1,25.8,4.05573154108,9,5,2,1,0,0
153,153,16,261.1,1,26.6,4.17136568364,9,5,2,1,0,0
154,154,17,273.8,1,25.8,3.9586093815,10,5,2,1,0,0
155,155,18,289.4,1,26.1,3.95363653237,10,6,2,1,0,0
156,156,18,283.5,1,25.7,4.02977885833,10,6,2,1,0,0
157,157,17,272.8,1,27.5,4.41660469805,10,5,2,1,0,0
158,158,15,252.3,1,26.9,4.90236094725,9,4,2,1,0,0
159,159,16,293.0,2,53.3,5.13833630663,9,5,2,1,0,1
160,160,16,294.4,2,54.4,5.22226004714,9,5,2,1,0,1
161,161,16,287.7,2,54.5,5.24813855889,9,5,2,1,0,1
162,162,16,286.9,1,29.5,5.24667752011,9,5,2,1,0,0
163,163,15,254.6,2,54.0,5.13815790597,9,4,2,1,0,1
164,164,15,258.3,2,54.4,5.25957630015,9,4,2,1,0,1
165,165,15,254.2,2,53.9,5.34346953455,9,4,2,1,0,1
166,166,15,252.0,1,27.5,4.99041939262,9,4,2,1,0,0
167,167,15,257.4,1,27.9,5.05735673478,9,4,2,1,0,0
168,168,16,278.1,1,28.5,5.11393113629,9,5,2,1,0,0
169,169,16,268.1,1,28.5,4.9091708397,9,5,2,1,0,0
170,170,16,273.3,1,27.8,5.08621912623,9,5,2,1,0,0
171,171,16,282.8,3,77.7,5.68887803818,9,5,2,1,1,1
172,172,16,268.3,1,28.5,5.01766462942,9,5,2,1,0,0
173,173,16,275.0,1,29.2,5.25837427348,9,5,2,1,0,0
174,174,16,271.4,1,28.3,4.40073857438,9,5,2,1,0,0
175,175,16,287.9,0,0,4.43853861085,9,4,3,0,0,0
176,176,15,264.1,0,0,4.44449365052,9,3,3,0,0,0
177,177,15,269.5,0,0,4.62781445897,9,3,3,0,0,0
178,178,15,272.3,2,50.4,4.7737177286,9,3,3,1,0,1
179,179,15,268.1,0,0,4.48034862589,9,3,3,0,0,0
180,180,15,268.2,1,25.5,4.46849287472,9,3,3,0,0,1
181,181,15,266.8,1,25.9,4.22524161045,9,3,3,1,0,0
182,182,15,258.0,0,0,3.78172296334,9,3,3,0,0,0
183,183,15,262.3,1,25.4,3.8650201749,9,3,3,1,0,0
184,184,14,249.9,1,25.4,4.36520331714,9,2,3,1,0,0
185,185,14,248.7,1,26.9,4.25180633882,9,2,3,1,0,0
186,186,14,250.6,1,29.8,4.6113572172,9,2,3,1,0,0
187,187,15,266.5,1,30.6,4.92205918968,9,3,3,1,0,0
188,188,16,288.4,2,56.0,4.91765526784,9,4,3,1,0,1
189,189,16,291.5,3,81.5,5.06046358219,9,4,3,1,0,2
190,190,16,287.7,3,81.9,5.1748389669,9,4,3,1,0,2
191,191,16,287.0,2,56.9,5.17634040612,9,4,3,1,0,1
192,192,16,287.0,3,81.3,5.07081518759,9,4,3,1,0,2
193,193,16,291.1,3,83.7,5.23914353688,9,4,3,1,0,2
194,194,16,295.6,3,83.4,5.08874575248,9,4,3,1,0,2
195,195,16,288.6,3,82.2,5.15957039555,9,4,3,1,0,2
196,196,16,282.2,3,81.5,5.28543596436,9,4,3,1,0,2
197,197,16,279.7,2,56.9,5.54535466254,9,4,3,1,0,1
198,198,16,269.7,2,56.4,5.55301344617,9,4,3,1,0,1
199,199,16,273.0,2,56.6,5.68857041209,9,4,3,1,0,1
200,200,17,286.6,2,56.4,5.49796085194,10,4,3,1,0,1
201,201,17,288.4,3,80.8,5.51281928514,10,4,3,1,0,2
202,202,17,290.0,3,83.6,5.83567250018,10,4,3,1,0,2
203,203,17,290.9,3,83.3,5.8293312602,10,4,3,1,0,2
204,204,16,272.9,3,82.6,5.92508438758,9,4,3,1,0,2
205,205,16,275.1,3,83.4,6.12257775233,9,4,3,1,0,2
206,206,16,262.8,1,30.3,5.2060861819,9,4,3,1,0,0
207,207,16,269.4,2,53.2,5.08027230241,9,4,3,1,0,1
208,208,16,264.6,0,0,3.75017777356,9,4,3,0,0,0
209,209,16,270.6,0,0,3.54342113406,9,4,3,0,0,0
210,210,16,272.8,1,25.7,3.79964910661,9,4,3,1,0,0
211,211,16,270.6,1,26.5,3.76738193799,9,4,3,1,0,0
212,212,16,267.1,1,26.4,3.80271284743,10,3,3,1,0,0
213,213,17,279.3,1,26.7,3.50691543701,10,4,3,1,0,0
214,214,17,294.0,1,31.5,4.8033153379,10,4,3,1,0,0
215,215,18,318.0,3,78.8,4.8267636216,10,5,3,1,0,2
216,216,18,308.4,1,26.5,4.50294021593,10,5,3,0,0,1
217,217,18,310.1,2,50.9,4.16255090844,10,5,3,1,0,1
218,218,18,310.1,2,52.4,4.43446469421,10,5,3,1,0,1
219,219,18,299.7,1,27.8,4.31825809108,10,5,3,1,0,0
220,220,18,297.5,1,28.1,3.98036438704,10,5,3,1,0,0
221,221,17,294.3,1,27.9,4.19804751535,9,5,3,0,0,1
222,222,17,292.5,2,51.8,4.13407646704,9,5,3,1,0,1
223,223,17,295.4,1,28.7,4.27046973584,9,5,3,1,0,0
224,224,17,297.1,1,31.3,4.5846932029,9,5,3,1,0,0
225,225,17,293.9,1,30.3,4.88273519056,9,5,3,1,0,0
226,226,16,271.9,1,30.6,5.01470753551,8,5,3,1,0,0
227,227,16,270.6,1,31.0,5.45269046741,8,5,3,1,0,0
228,228,16,269.1,1,29.7,5.21960646665,8,5,3,1,0,0
229,229,16,259.8,0,0,4.61560758008,8,5,3,0,0,0
230,230,16,259.9,1,25.6,4.35277210522,8,5,3,1,0,0
231,231,16,254.7,0,0,3.70157061259,8,5,3,0,0,0
232,232,16,260.5,1,25.1,4.32530827418,8,5,3,1,0,0
233,233,17,287.1,0,0,4.39159457842,8,6,3,0,0,0
234,234,17,282.9,0,0,4.14081194084,8,6,3,0,0,0
235,235,17,279.7,0,0,4.02757955338,8,6,3,0,0,0
236,236,16,269.7,0,0,3.96786571513,7,6,3,0,0,0
237,237,16,266.0,0,0,3.72460288711,7,6,3,0,0,0
238,238,16,267.1,0,0,3.41574174473,7,6,3,0,0,0
239,239,16,264.4,0,0,3.28339255446,7,6,3,0,0,0
240,240,16,253.7,0,0,2.39136467315,8,5,3,0,0,0
241,241,16,250.0,0,0,2.18616864247,8,5,3,0,0,0
242,242,16,249.2,0,0,2.17546929803,8,5,3,0,0,0
243,243,15,219.9,0,0,1.77796030809,8,4,3,0,0,0
244,244,15,226.6,0,0,1.73141835609,8,4,3,0,0,0
245,245,15,227.8,0,0,1.73899259288,8,4,3,0,0,0
246,246,15,231.8,0,0,2.09040893698,8,4,3,0,0,0
247,247,13,202.2,0,0,2.26223170955,8,2,3,0,0,0
248,248,13,199.3,0,0,2.64366683963,8,2,3,0,0,0
249,249,14,225.3,0,0,2.62281829797,8,3,3,0,0,0
250,250,14,226.8,0,0,3.35788394906,8,3,3,0,0,0
251,251,14,237.5,1,25.4,3.47421427594,8,3,3,1,0,0
252,252,14,240.2,1,29.5,4.18159231462,8,3,3,1,0,0
253,253,13,228.9,1,27.3,4.48245868887,8,2,3,1,0,0
254,254,13,232.8,0,0,3.92607979594,8,2,3,0,0,0
255,255,13,238.6,1,25.7,3.8172012838,8,2,3,1,0,0
256,256,13,243.1,1,28.7,4.85197554267,8,2,3,1,0,0
257,257,13,238.6,1,28.3,4.43745711427,8,2,3,1,0,0
258,258,12,208.6,0,0,3.21553991885,8,2,2,0,0,0
259,259,12,209.9,0,0,3.35219285986,8,2,2,0,0,0
260,260,12,210.9,0,0,3.56246212101,8,2,2,0,0,0
261,261,12,217.8,0,0,4.1115137668,8,2,2,0,0,0
262,262,12,211.5,0,0,3.73195659139,8,2,2,0,0,0
263,263,12,207.4,0,0,3.62813083189,8,2,2,0,0,0
264,264,12,200.7,0,0,3.47696968376,8,2,2,0,0,0
265,265,12,206.0,0,0,3.77367275484,8,2,2,0,0,0
266,266,12,196.5,0,0,3.72927606916,8,2,2,0,0,0
267,267,12,195.5,0,0,3.64603354429,8,2,2,0,0,0
268,268,12,202.0,0,0,3.43573026069,8,2,2,0,0,0
269,269,12,194.0,0,0,3.69331911167,8,2,2,0,0,0
270,270,12,189.3,0,0,3.62093031742,8,2,2,0,0,0
271,271,12,185.3,0,0,3.44527564099,8,2,2,0,0,0
272,272,12,193.5,0,0,4.04567670483,8,2,2,0,0,0
273,273,12,195.0,0,0,3.88575486992,8,2,2,0,0,0
274,274,12,203.0,0,0,4.08852792654,8,2,2,0,0,0
275,275,12,202.7,0,0,4.07552748027,8,2,2,0,0,0
276,276,12,202.9,0,0,4.03427549727,8,2,2,0,0,0
277,277,12,209.1,0,0,4.65092854854,7,3,2,0,0,0
278,278,12,194.8,0,0,3.53793296954,7,3,2,0,0,0
279,279,12,195.5,1,27.0,5.2979341314,7,3,2,1,0,0
280,280,12,199.0,0,0,4.32683662177,7,3,2,0,0,0
281,281,12,213.8,0,0,5.0441385125,7,3,2,0,0,0
282,282,11,220.2,2,60.4,6.82199650862,7,2,2,0,1,1
283,283,11,223.2,2,67.7,7.77051536842,7,2,2,1,0,1
284,284,11,202.9,1,29.5,5.13777454475,7,2,2,0,0,1
285,285,11,215.5,1,37.1,6.86417577652,7,2,2,0,0,1
286,286,12,243.5,3,91.6,6.98445785406,8,2,2,1,0,2
287,287,14,278.2,3,100.6,8.1445053277,8,3,3,1,0,2
288,288,14,266.7,2,63.4,6.90448572139,8,3,3,0,0,2
289,289,14,262.6,3,83.4,6.1238140812,8,3,3,1,0,2
290,290,14,256.3,3,86.2,6.43326263508,8,3,3,1,0,2
291,291,14,260.7,3,88.2,6.57456387222,8,3,3,1,0,2
292,292,14,257.9,3,81.6,5.72540607514,8,3,3,1,0,2
293,293,13,251.5,3,96.9,7.97565205115,7,3,3,1,0,2
294,294,13,262.2,2,66.4,7.15546232089,7,3,3,0,0,2
295,295,14,260.6,1,29.0,4.85209822065,7,4,3,0,0,1
296,296,14,269.9,3,86.9,5.6750707988,7,4,3,0,1,2
297,297,14,290.3,3,97.2,6.87376362509,7,4,3,0,1,2
298,298,14,297.8,4,121.4,6.90222133379,7,4,3,0,1,3
299,299,14,296.6,3,94.0,6.5663310377,7,4,3,0,1,2
300,300,14,296.5,4,123.4,7.30660171156,7,4,3,0,2,2
301,301,15,309.3,3,94.6,6.85723809458,7,5,3,0,1,2
302,302,15,302.5,4,120.1,6.92032892144,7,5,3,0,1,3
303,303,15,313.7,5,149.3,7.34135708228,7,5,3,0,2,3
304,304,16,323.2,4,123.9,7.25791521949,8,5,3,0,2,2
305,305,16,316.3,4,113.5,6.19028472689,8,5,3,0,1,3
306,306,16,294.0,0,0,4.12997175132,8,5,3,0,0,0
307,307,16,291.0,0,0,4.11904115056,8,5,3,0,0,0
308,308,18,335.8,3,84.5,5.60621737026,9,6,3,0,2,1
309,309,18,336.0,3,84.7,5.31634549402,9,6,3,0,1,2
310,310,18,333.6,3,89.7,5.98252356747,8,7,3,0,1,2
311,311,18,335.7,3,92.5,6.23616114949,8,7,3,0,1,2
312,312,17,312.9,3,92.1,7.16680460424,8,6,3,0,1,2
313,313,18,351.1,3,93.7,7.12390113072,8,7,3,0,1,2
314,314,19,360.1,3,92.3,6.82799534767,9,7,3,0,1,2
315,315,19,366.8,3,94.6,7.09549729556,9,7,3,0,1,2
316,316,19,365.4,3,94.0,7.06588459757,9,7,3,0,1,2
317,317,19,363.3,3,93.6,7.03361602492,9,7,3,0,1,2
318,318,18,401.2,6,189.5,8.16930329587,9,6,3,2,2,2
319,319,19,438.8,8,240.5,7.75932941577,9,7,3,2,4,2
320,320,19,444.3,8,241.5,7.49068036948,9,7,3,2,4,2
321,321,19,443.3,8,241.9,7.53702362649,9,7,3,2,4,2
322,322,19,431.5,8,238.4,7.52277244526,9,7,3,2,4,2
323,323,19,436.0,5,161.2,7.55883356824,9,7,3,1,2,2
324,324,18,425.7,6,188.1,7.45316750666,8,7,3,1,3,2
325,325,18,391.2,4,122.0,6.08189212044,8,7,3,1,1,2
326,326,18,383.6,4,118.0,5.76662699748,8,7,3,1,1,2
327,327,17,352.6,2,59.7,4.90395998448,7,7,3,0,0,2
328,328,16,344.1,2,65.0,5.30024763572,6,7,3,0,0,2
329,329,16,330.7,2,62.9,5.08942940482,6,7,3,0,0,2
330,330,16,341.7,3,94.5,6.02771031708,6,7,3,1,0,2
331,331,16,359.7,5,150.2,6.19378384619,6,7,3,1,2,2
332,332,16,358.2,4,124.2,5.94349784779,6,7,3,1,1,2
333,333,16,373.1,6,177.0,5.73180817893,6,7,3,1,3,2
334,334,17,399.6,5,155.9,6.05407616696,7,7,3,1,2,2
335,335,17,389.0,6,174.0,5.43636313335,7,7,3,2,2,2
336,336,17,373.9,2,61.1,4.44781836806,7,7,3,1,0,1
337,337,16,347.9,2,59.5,4.37034990971,7,6,3,1,0,1
