,e_id,num_sat,sum_snr,num_sat_25,sum_snr_25,num_sat_u20,sum_sat_u20,snr_std,elev_0_30,elev_30_60,elev_60_90,sum_elev_0_30,sum_elev_30_60,sum_elev_60_90,elev_0_30_25,elev_30_60_25,elev_60_90_25,sum_elev_0_30_25,sum_elev_30_60_25,sum_elev_60_90_25
1,1,9,185.3,2,54.8,4,66.6,4.67424979126,6,2,1,121.1,34.8,29.4,1,0,1,25.4,0,29.4
2,2,9,196.4,4,107.0,4,65.4,5.39021747654,6,2,1,138.8,33.6,24.0,4,0,0,107.0,0,0
3,3,10,202.0,2,54.9,6,103.8,4.91143789762,7,2,1,135.0,40.7,26.3,1,0,1,28.6,0,26.3
4,4,10,195.5,2,51.5,5,78.8,4.75119867916,7,2,1,133.7,36.2,25.6,1,0,1,25.9,0,25.6
5,5,12,221.8,1,27.4,7,108.1,4.77242711899,9,2,1,151.9,42.5,27.4,0,0,1,0,0,27.4
6,6,12,224.1,1,29.3,9,149.2,4.81741631998,9,2,1,155.4,39.4,29.3,0,0,1,0,0,29.3
7,7,12,208.7,0,0,10,165.5,3.17474647043,9,2,1,150.2,36.7,21.8,0,0,0,0,0,0
8,8,11,203.7,1,26.4,8,133.4,4.30808964201,9,1,1,159.8,21.6,22.3,1,0,0,26.4,0,0
9,9,12,233.7,2,58.2,7,108.2,5.85384489033,9,2,1,160.4,45.4,27.9,1,0,1,30.3,0,27.9
10,10,12,227.9,2,58.3,9,146.2,5.71050998094,9,2,1,157.3,42.7,27.9,1,0,1,30.4,0,27.9
11,11,12,233.6,2,55.5,7,113.4,5.21768554287,9,2,1,163.4,44.5,25.7,1,0,1,29.8,0,25.7
12,12,12,226.0,1,26.6,6,93.8,4.29848458145,9,2,1,163.3,39.1,23.6,1,0,0,26.6,0,0
13,13,13,246.8,1,25.4,7,109.5,4.51900544992,9,3,1,163.5,58.9,24.4,1,0,0,25.4,0,0
14,14,14,262.5,2,53.1,8,123.9,4.65745886476,9,4,1,161.8,74.1,26.6,1,0,1,26.5,0,26.6
15,15,14,262.9,2,55.4,9,142.4,4.92125352565,9,4,1,160.8,74.3,27.8,1,0,1,27.6,0,27.8
16,16,14,260.1,2,54.9,10,159.8,4.97504210596,9,4,1,158.7,74.5,26.9,1,0,1,28.0,0,26.9
17,17,14,256.3,1,25.7,9,140.6,4.2826060157,9,4,1,157.4,73.2,25.7,0,0,1,0,0,25.7
18,18,13,246.1,2,51.3,7,102.5,5.05674213557,8,4,1,145.7,75.1,25.3,1,0,1,26.0,0,25.3
19,19,14,255.8,2,51.2,9,133.5,4.91941656507,8,5,1,139.8,91.1,24.9,1,1,0,25.4,25.8,0
20,20,15,274.4,3,77.3,10,152.4,4.90807885992,9,5,1,160.0,88.9,25.5,1,1,1,25.9,25.9,25.5
21,21,15,280.6,3,77.6,10,155.9,5.02727797218,9,5,1,165.8,88.4,26.4,1,1,1,25.3,25.9,26.4
22,22,15,275.6,2,51.3,9,135.9,4.65870409122,9,5,1,161.6,87.7,26.3,0,1,1,0,25.0,26.3
23,23,15,278.2,2,52.0,8,117.1,4.78432957935,9,5,1,163.9,87.3,27.0,1,0,1,25.0,0,27.0
24,24,15,270.8,1,25.7,10,155.3,4.32416245675,9,5,1,158.3,86.8,25.7,0,0,1,0,0,25.7
25,25,15,271.6,1,26.0,11,177.6,4.11659822577,9,5,1,160.2,85.4,26.0,0,0,1,0,0,26.0
26,26,15,266.6,1,26.8,10,150.3,4.61325213251,9,5,1,152.6,87.2,26.8,0,0,1,0,0,26.8
27,27,15,266.9,1,26.0,9,129.8,4.65226007544,9,5,1,154.0,86.9,26.0,0,0,1,0,0,26.0
28,28,15,263.4,0,0,10,153.3,4.03605181901,9,5,1,155.9,85.2,22.3,0,0,0,0,0,0
29,29,15,264.0,1,25.0,11,171.6,4.28935559596,9,5,1,163.4,80.6,20.0,1,0,0,25.0,0,0
30,30,15,268.8,0,0,10,156.8,4.00431909675,9,5,1,160.9,86.9,21.0,0,0,0,0,0,0
31,31,14,244.9,0,0,11,179.2,3.27472001991,8,5,1,137.4,86.4,21.1,0,0,0,0,0,0
32,32,14,228.6,0,0,13,206.5,2.70879722711,8,5,1,125.4,81.1,22.1,0,0,0,0,0,0
33,33,14,239.4,0,0,12,195.3,3.17150777052,8,5,1,130.9,87.3,21.2,0,0,0,0,0,0
34,34,14,241.4,0,0,12,195.8,3.33713702393,8,5,1,131.4,87.3,22.7,0,0,0,0,0,0
35,35,14,239.9,0,0,12,193.1,3.44195989403,8,5,1,130.4,85.4,24.1,0,0,0,0,0,0
36,36,14,236.5,0,0,12,191.2,3.04465844635,8,5,1,127.8,86.3,22.4,0,0,0,0,0,0
37,37,14,237.7,0,0,12,192.3,3.03116595273,8,5,1,125.5,90.8,21.4,0,0,0,0,0,0
38,38,14,232.1,0,0,13,211.0,2.33836845535,8,5,1,126.3,87.9,17.9,0,0,0,0,0,0
39,39,14,233.9,0,0,12,192.6,2.71504760851,8,5,1,132.6,82.2,19.1,0,0,0,0,0,0
40,40,14,240.1,0,0,12,195.4,3.2684388181,8,5,1,134.2,82.7,23.2,0,0,0,0,0,0
41,41,12,210.0,0,0,9,143.5,3.54246960595,7,4,1,121.0,66.2,22.8,0,0,0,0,0,0
42,42,12,215.5,1,28.5,10,166.8,4.20312834432,7,4,1,130.4,66.2,18.9,1,0,0,28.5,0,0
43,43,13,229.6,1,32.2,12,197.4,4.89975143273,7,5,1,127.8,85.0,16.8,1,0,0,32.2,0,0
44,44,13,234.8,1,31.0,8,118.6,5.18049844152,7,5,1,125.0,87.7,22.1,1,0,0,31.0,0,0
45,45,13,238.7,2,54.0,8,122.1,4.93516944348,7,5,1,121.9,91.1,25.7,1,0,1,28.3,0,25.7
46,46,13,232.8,1,26.8,9,141.8,4.02543197236,7,5,1,116.8,89.2,26.8,0,0,1,0,0,26.8
47,47,12,214.8,1,27.1,9,143.9,4.27317212384,7,4,1,120.2,67.5,27.1,0,0,1,0,0,27.1
48,48,11,207.9,1,27.2,7,114.5,4.24334773498,6,4,1,116.8,63.9,27.2,0,0,1,0,0,27.2
49,49,11,207.7,1,25.2,7,115.2,4.0064493462,6,4,1,119.3,64.1,24.3,1,0,0,25.2,0,0
50,50,11,212.4,1,27.1,7,117.2,4.2193493682,6,4,1,120.7,66.8,24.9,1,0,0,27.1,0,0
51,51,11,217.8,2,54.6,7,119.1,4.65467506922,6,4,1,124.6,67.7,25.5,1,0,1,29.1,0,25.5
52,52,12,224.2,2,51.7,8,129.1,4.55628104595,7,4,1,132.6,64.9,26.7,1,0,1,25.0,0,26.7
53,53,12,208.4,0,0,10,165.0,3.44577035412,7,4,1,124.6,62.4,21.4,0,0,0,0,0,0
54,54,12,205.4,0,0,9,140.7,3.73432075686,7,4,1,118.7,64.0,22.7,0,0,0,0,0,0
55,55,12,222.8,0,0,6,89.6,4.30186710697,7,4,1,129.0,70.0,23.8,0,0,0,0,0,0
56,56,12,225.4,1,28.7,8,126.5,5.38125252965,7,4,1,131.6,68.9,24.9,1,0,0,28.7,0,0
57,57,13,243.9,1,29.9,10,168.7,5.09992458466,7,5,1,133.3,90.6,20.0,1,0,0,29.9,0,0
58,58,13,237.3,1,25.0,10,164.8,4.29100131761,7,5,1,125.8,88.2,23.3,1,0,0,25.0,0,0
59,59,12,212.2,1,25.1,9,141.5,4.12350983185,7,4,1,121.8,68.8,21.6,1,0,0,25.1,0,0
60,60,12,216.0,1,30.5,9,143.5,4.63798545609,7,4,1,128.2,70.2,17.6,1,0,0,30.5,0,0
61,61,13,241.7,1,31.3,10,168.5,4.57428710993,7,5,1,132.4,90.1,19.2,1,0,0,31.3,0,0
62,62,13,238.4,2,50.9,10,163.7,4.14116297303,7,5,1,121.3,93.3,23.8,1,1,0,25.6,25.3,0
63,63,13,232.9,1,25.3,10,160.2,3.97174314247,7,5,1,120.5,88.6,23.8,1,0,0,25.3,0,0
64,64,12,221.2,1,31.3,8,125.8,5.05521033342,7,4,1,133.0,66.6,21.6,1,0,0,31.3,0,0
65,65,12,220.2,1,32.6,9,145.2,5.2779989321,7,4,1,134.3,64.3,21.6,1,0,0,32.6,0,0
66,66,12,210.0,1,32.0,10,157.0,5.26411522394,7,4,1,128.5,65.5,16.0,1,0,0,32.0,0,0
67,67,12,221.7,2,52.3,7,105.4,4.83342998858,7,4,1,123.5,72.8,25.4,1,0,1,26.9,0,25.4
68,68,12,214.4,0,0,8,127.3,3.60639163237,7,4,1,123.0,70.0,21.4,0,0,0,0,0,0
69,69,12,220.0,1,27.9,7,103.1,4.88231192131,7,4,1,122.3,73.5,24.2,1,0,0,27.9,0,0
70,70,12,225.0,2,58.2,8,122.3,5.83243283093,7,4,1,129.1,68.6,27.3,1,0,1,30.9,0,27.3
71,71,13,239.2,2,56.6,9,139.0,5.46930830483,8,4,1,144.4,67.7,27.1,1,0,1,29.5,0,27.1
72,72,13,236.9,2,54.6,9,134.8,5.49850795613,8,4,1,141.9,68.3,26.7,1,0,1,27.9,0,26.7
73,73,13,242.1,2,54.6,8,121.3,5.35617305019,8,4,1,147.5,68.5,26.1,1,0,1,28.5,0,26.1
74,74,13,231.0,1,27.5,9,139.5,4.50821188044,8,4,1,145.9,66.4,18.7,1,0,0,27.5,0,0
75,75,14,246.8,1,26.1,10,155.4,4.1826433621,8,5,1,143.0,84.8,19.0,1,0,0,26.1,0,0
76,76,14,251.4,1,26.1,10,158.4,4.19151419046,8,5,1,142.0,87.7,21.7,1,0,0,26.1,0,0
77,77,14,254.1,1,27.9,10,158.2,4.58790215173,8,5,1,143.1,89.3,21.7,1,0,0,27.9,0,0
78,78,12,225.1,2,55.5,9,146.1,5.23458053079,7,4,1,133.8,75.6,15.7,1,1,0,30.4,25.1,0
79,79,12,217.3,1,31.4,10,162.7,4.99389779146,7,4,1,124.9,73.4,19.0,1,0,0,31.4,0,0
80,80,12,238.3,1,30.3,6,91.7,5.34984423449,7,4,1,143.3,71.0,24.0,1,0,0,30.3,0,0
81,81,12,230.6,1,28.8,7,112.3,4.60845731106,7,4,1,143.0,70.9,16.7,1,0,0,28.8,0,0
82,82,12,225.3,0,0,6,92.6,3.77530853646,7,4,1,133.7,70.7,20.9,0,0,0,0,0,0
83,83,12,230.2,1,26.3,7,113.8,4.26824071344,7,4,1,141.2,69.2,19.8,1,0,0,26.3,0,0
84,84,12,234.2,2,55.9,7,111.5,5.28201637348,7,4,1,140.1,68.5,25.6,1,0,1,30.3,0,25.6
85,85,12,228.6,2,54.3,8,129.8,4.93770281517,7,4,1,133.5,71.7,23.4,1,1,0,29.2,25.1,0
86,86,12,228.4,3,79.6,9,148.8,4.95384760167,7,4,1,125.7,76.9,25.8,1,1,1,28.7,25.1,25.8
87,87,11,216.2,1,28.3,7,120.3,4.29496534011,7,3,1,138.9,54.9,22.4,1,0,0,28.3,0,0
88,88,11,214.3,1,28.3,7,116.6,4.63720135034,7,3,1,137.0,54.9,22.4,1,0,0,28.3,0,0
89,89,11,211.1,2,50.9,8,137.6,4.13024322418,7,3,1,129.8,56.2,25.1,1,0,1,25.8,0,25.1
90,90,11,215.4,2,52.6,6,95.9,4.89832995659,7,3,1,127.6,63.3,24.5,1,1,0,27.1,25.5,0
91,91,12,227.4,1,28.6,7,107.8,5.30102905962,8,3,1,150.1,52.8,24.5,1,0,0,28.6,0,0
92,92,12,228.1,1,26.7,6,87.9,5.1486023405,8,3,1,149.0,54.6,24.5,1,0,0,26.7,0,0
93,93,11,214.3,1,25.0,6,99.3,4.14772665006,7,3,1,134.2,62.1,18.0,1,0,0,25.0,0,0
94,94,11,211.0,0,0,6,98.6,3.77857597034,7,3,1,124.7,63.6,22.7,0,0,0,0,0,0
95,95,12,229.9,3,76.5,7,108.9,4.91924945002,8,3,1,137.6,66.3,26.0,1,1,1,25.1,25.4,26.0
96,96,12,237.6,3,79.6,7,112.9,5.21065342264,8,3,1,143.0,67.7,26.9,1,1,1,25.9,26.8,26.9
97,97,13,246.7,3,80.3,7,101.5,5.46994117064,8,4,1,143.7,77.6,25.4,1,1,1,27.3,27.6,25.4
98,98,13,248.1,3,79.5,8,124.3,5.12393828903,8,4,1,143.6,78.0,26.5,1,1,1,25.5,27.5,26.5
99,99,13,248.4,3,79.5,8,125.5,4.9773589949,8,4,1,144.3,78.4,25.7,1,1,1,25.9,27.9,25.7
100,100,14,263.2,2,55.7,9,139.5,5.20606155583,8,5,1,147.0,91.6,24.6,1,1,0,27.2,28.5,0
101,101,14,263.5,3,81.0,11,182.5,4.95132904791,8,5,1,146.9,91.5,25.1,1,1,1,28.1,27.8,25.1
102,102,14,270.0,3,85.1,10,162.8,5.58402352084,8,5,1,150.1,93.6,26.3,1,1,1,29.4,29.4,26.3
103,103,14,264.8,2,57.1,10,162.5,5.0697985308,8,5,1,145.3,96.5,23.0,1,1,0,28.1,29.0,0
104,104,14,262.2,2,57.0,10,162.1,4.92316792498,8,5,1,144.6,96.0,21.6,1,1,0,27.8,29.2,0
105,105,16,287.2,2,57.0,12,181.4,5.59702301824,9,5,2,154.8,95.9,36.5,1,1,0,26.8,30.2,0
106,106,16,292.7,3,82.8,12,185.8,5.55343362254,9,5,2,158.1,96.5,38.1,2,1,0,52.7,30.1,0
107,107,16,304.2,3,83.3,12,196.8,5.23193718107,9,5,2,164.8,95.7,43.7,2,1,0,53.5,29.8,0
108,108,16,302.1,4,108.3,11,172.9,5.51799707019,9,5,2,163.7,94.4,44.0,2,1,1,53.4,29.6,25.3
109,109,16,300.9,4,107.2,11,172.5,5.39635293508,9,5,2,163.0,93.7,44.2,2,1,1,52.8,28.9,25.5
110,110,17,316.5,4,108.6,12,187.1,5.4548413467,9,6,2,161.9,111.5,43.1,2,1,1,53.7,29.9,25.0
111,111,17,321.3,4,109.2,12,191.3,5.32388485976,9,6,2,162.3,115.5,43.5,2,1,1,54.3,29.5,25.4
112,112,16,292.0,3,79.6,12,190.1,4.87907094982,9,5,2,164.2,87.6,40.2,2,1,0,53.3,26.3,0
113,113,16,284.7,2,51.8,13,210.1,4.17715513238,9,5,2,163.0,84.1,37.6,2,0,0,51.8,0,0
114,114,16,289.0,2,52.2,13,214.8,4.01578136855,9,5,2,168.0,83.3,37.7,2,0,0,52.2,0,0
115,115,16,298.0,2,57.2,12,191.6,5.14619600611,9,5,2,167.9,87.5,42.6,1,1,0,30.4,26.8,0
116,116,16,287.5,2,55.0,13,209.4,4.62208015941,9,5,2,159.8,83.8,43.9,1,0,1,29.1,0,25.9
117,117,17,289.8,0,0,14,224.5,3.21016308913,9,6,2,148.2,104.6,37.0,0,0,0,0,0,0
118,118,17,289.2,1,27.3,13,197.0,4.10409587378,9,6,2,148.0,102.9,38.3,1,0,0,27.3,0,0
119,119,16,262.4,0,0,13,197.0,3.27760074852,9,5,2,143.3,82.6,36.5,0,0,0,0,0,0
120,120,16,265.5,1,28.0,14,215.9,3.93064350118,9,5,2,149.8,82.3,33.4,1,0,0,28.0,0,0
121,121,16,264.3,1,26.8,14,217.0,3.52462172911,9,5,2,149.7,81.2,33.4,1,0,0,26.8,0,0
122,122,16,254.1,0,0,14,209.1,3.36555468435,9,5,2,143.8,76.9,33.4,0,0,0,0,0,0
123,123,16,246.7,1,25.2,14,200.8,3.42816155784,9,5,2,136.8,77.2,32.7,1,0,0,25.2,0,0
124,124,16,249.0,0,0,14,204.1,3.23045404445,9,5,2,138.9,80.0,30.1,0,0,0,0,0,0
125,125,16,284.0,2,57.5,11,154.4,6.03213616115,9,5,2,158.8,83.7,41.5,1,0,1,30.9,0,26.6
126,126,16,290.6,3,80.9,11,162.6,5.56235861244,9,5,2,162.0,87.7,40.9,1,1,1,26.5,28.4,26.0
127,127,17,317.3,4,108.4,11,165.9,5.62138118887,9,6,2,164.9,110.1,42.3,2,1,1,52.9,29.0,26.5
128,128,17,317.0,4,106.0,11,163.2,5.68519103099,9,6,2,164.9,110.8,41.3,1,2,1,26.5,54.0,25.5
129,129,17,314.3,4,108.4,12,181.6,5.7682192175,9,6,2,170.4,103.8,40.1,3,1,0,80.8,27.6,0
130,130,17,307.9,2,56.4,12,183.7,5.14646509181,9,6,2,170.6,100.0,37.3,1,1,0,31.1,25.3,0
131,131,17,306.8,1,30.1,13,209.8,4.51596025877,9,6,2,170.4,98.4,38.0,1,0,0,30.1,0,0
132,132,17,309.2,1,28.9,10,148.3,4.68626748502,9,6,2,171.5,99.2,38.5,1,0,0,28.9,0,0
133,133,17,319.6,2,57.2,11,170.4,5.28512062303,9,6,2,178.9,100.3,40.4,2,0,0,57.2,0,0
134,134,17,312.7,1,30.7,12,191.2,4.81163571307,9,6,2,173.0,100.8,38.9,1,0,0,30.7,0,0
135,135,17,312.5,2,52.2,12,189.7,4.57127379596,9,6,2,171.2,100.4,40.9,1,0,1,27.1,0,25.1
136,136,17,315.2,2,55.6,11,171.0,4.813660097,9,6,2,173.3,96.6,45.3,1,0,1,26.1,0,29.5
137,137,18,324.8,1,28.8,12,187.7,4.32084172386,10,6,2,181.1,102.3,41.4,0,0,1,0,0,28.8
138,138,17,311.1,2,55.9,13,209.9,4.75420866181,10,5,2,183.8,87.5,39.8,1,0,1,28.7,0,27.2
139,139,17,308.6,2,54.2,12,188.9,4.67935861618,10,5,2,176.6,91.9,40.1,1,1,0,25.4,28.8,0
140,140,17,305.9,2,55.4,10,140.4,5.43029356806,10,5,2,174.8,91.9,39.2,1,1,0,28.6,26.8,0
141,141,17,314.3,2,53.6,10,145.7,5.34110034929,10,5,2,183.0,91.1,40.2,1,1,0,28.1,25.5,0
142,142,16,296.8,3,81.1,10,149.6,5.38305984857,10,4,2,185.9,67.8,43.1,1,1,1,28.4,26.1,26.6
143,143,16,286.9,2,54.9,12,186.2,5.0250995015,10,4,2,173.8,67.8,45.3,0,1,1,0,26.1,28.8
144,144,15,273.0,2,53.5,10,153.3,4.84414226522,9,4,2,161.3,67.8,43.9,0,1,1,0,26.1,27.4
145,145,15,262.1,1,27.5,11,169.5,4.35471282745,9,4,2,161.5,56.6,44.0,0,0,1,0,0,27.5
146,146,15,260.3,2,53.2,13,207.1,4.65631164069,9,4,2,162.5,54.4,43.4,1,0,1,26.3,0,26.9
147,147,15,264.2,1,32.1,12,187.0,5.48893258771,9,4,2,168.0,55.1,41.1,1,0,0,32.1,0,0
148,148,16,268.7,0,0,11,159.9,4.08859694761,9,5,2,158.5,71.7,38.5,0,0,0,0,0,0
149,149,16,267.9,1,25.2,11,157.4,4.38831307756,9,5,2,161.1,71.7,35.1,1,0,0,25.2,0,0
150,150,16,256.2,1,28.0,14,207.6,4.19791614971,9,5,2,159.8,66.1,30.3,1,0,0,28.0,0,0
151,151,16,254.0,1,26.5,13,185.8,4.22618819584,9,5,2,157.4,66.1,30.5,1,0,0,26.5,0,0
152,152,16,256.5,1,25.8,13,188.4,4.05573154108,9,5,2,158.1,67.9,30.5,1,0,0,25.8,0,0
153,153,16,261.1,1,26.6,13,192.3,4.17136568364,9,5,2,158.8,68.2,34.1,1,0,0,26.6,0,0
154,154,17,273.8,1,25.8,14,206.9,3.9586093815,10,5,2,169.2,71.8,32.8,1,0,0,25.8,0,0
155,155,18,289.4,1,26.1,15,221.3,3.95363653237,10,6,2,164.6,92.0,32.8,1,0,0,26.1,0,0
156,156,18,283.5,1,25.7,15,216.9,4.02977885833,10,6,2,157.1,93.6,32.8,1,0,0,25.7,0,0
157,157,17,272.8,1,27.5,14,203.7,4.41660469805,10,5,2,165.5,74.7,32.6,1,0,0,27.5,0,0
158,158,15,252.3,1,26.9,12,178.2,4.90236094725,9,4,2,149.3,64.9,38.1,1,0,0,26.9,0,0
159,159,16,293.0,2,53.3,10,150.2,5.13833630663,9,5,2,159.9,92.1,41.0,1,0,1,27.3,0,26.0
160,160,16,294.4,2,54.4,9,131.5,5.22226004714,9,5,2,163.6,90.2,40.6,1,0,1,28.8,0,25.6
161,161,16,287.7,2,54.5,10,146.7,5.24813855889,9,5,2,162.7,83.3,41.7,1,0,1,27.8,0,26.7
162,162,16,286.9,1,29.5,10,146.4,5.24667752011,9,5,2,164.8,82.5,39.6,1,0,0,29.5,0,0
163,163,15,254.6,2,54.0,12,178.1,5.13815790597,9,4,2,151.1,63.0,40.5,1,0,1,28.5,0,25.5
164,164,15,258.3,2,54.4,11,160.6,5.25957630015,9,4,2,154.2,62.4,41.7,1,0,1,27.7,0,26.7
165,165,15,254.2,2,53.9,11,157.4,5.34346953455,9,4,2,154.6,62.3,37.3,1,0,1,28.6,0,25.3
166,166,15,252.0,1,27.5,11,157.7,4.99041939262,9,4,2,153.5,62.4,36.1,1,0,0,27.5,0,0
167,167,15,257.4,1,27.9,10,141.5,5.05735673478,9,4,2,156.6,65.4,35.4,1,0,0,27.9,0,0
168,168,16,278.1,1,28.5,10,140.8,5.11393113629,9,5,2,157.4,86.3,34.4,1,0,0,28.5,0,0
169,169,16,268.1,1,28.5,12,176.1,4.9091708397,9,5,2,151.2,84.9,32.0,1,0,0,28.5,0,0
170,170,16,273.3,1,27.8,11,156.1,5.08621912623,9,5,2,153.4,85.4,34.5,1,0,0,27.8,0,0
171,171,16,282.8,3,77.7,10,137.1,5.68887803818,9,5,2,151.0,93.3,38.5,1,1,1,25.7,25.5,26.5
172,172,16,268.3,1,28.5,13,193.2,5.01766462942,9,5,2,147.0,89.7,31.6,1,0,0,28.5,0,0
173,173,16,275.0,1,29.2,12,177.3,5.25837427348,9,5,2,153.7,89.7,31.6,1,0,0,29.2,0,0
174,174,16,271.4,1,28.3,12,178.3,4.40073857438,9,5,2,158.4,82.6,30.4,1,0,0,28.3,0,0
175,175,16,287.9,0,0,10,149.2,4.43853861085,9,5,2,164.0,88.7,35.2,0,0,0,0,0,0
176,176,15,264.1,0,0,9,129.1,4.44449365052,9,4,2,162.8,66.0,35.3,0,0,0,0,0,0
177,177,15,269.5,0,0,10,150.4,4.62781445897,9,4,2,167.4,66.2,35.9,0,0,0,0,0,0
178,178,15,272.3,2,50.4,10,151.7,4.7737177286,9,4,2,169.8,65.3,37.2,1,0,1,25.2,0,25.2
179,179,15,268.1,0,0,10,151.4,4.48034862589,9,4,2,165.8,66.2,36.1,0,0,0,0,0,0
180,180,15,268.2,1,25.5,11,173.2,4.46849287472,9,4,2,165.2,67.7,35.3,0,1,0,0,25.5,0
181,181,15,266.8,1,25.9,10,153.3,4.22524161045,9,4,2,164.0,69.4,33.4,1,0,0,25.9,0,0
182,182,15,258.0,0,0,11,171.0,3.78172296334,9,4,2,158.8,67.4,31.8,0,0,0,0,0,0
183,183,15,262.3,1,25.4,11,171.8,3.8650201749,9,4,2,160.7,68.3,33.3,1,0,0,25.4,0,0
184,184,14,249.9,1,25.4,11,176.1,4.36520331714,9,3,2,160.4,55.2,34.3,1,0,0,25.4,0,0
185,185,14,248.7,1,26.9,10,156.4,4.25180633882,9,3,2,161.0,52.8,34.9,1,0,0,26.9,0,0
186,186,14,250.6,1,29.8,11,175.5,4.6113572172,9,3,2,156.9,56.1,37.6,1,0,0,29.8,0,0
187,187,15,266.5,1,30.6,12,188.2,4.92205918968,9,4,2,156.5,72.3,37.7,1,0,0,30.6,0,0
188,188,16,288.4,2,56.0,12,187.5,4.91765526784,9,5,2,154.8,96.3,37.3,1,1,0,30.2,25.8,0
189,189,16,291.5,3,81.5,12,188.8,5.06046358219,9,5,2,155.1,96.6,39.8,1,1,1,30.5,25.7,25.3
190,190,16,287.7,3,81.9,12,184.5,5.1748389669,9,5,2,149.5,98.1,40.1,1,1,1,29.4,26.9,25.6
191,191,16,287.0,2,56.9,12,184.5,5.17634040612,9,5,2,150.1,97.5,39.4,1,1,0,30.0,26.9,0
192,192,16,287.0,3,81.3,13,205.7,5.07081518759,9,5,2,151.2,95.7,40.1,1,1,1,29.5,26.2,25.6
193,193,16,291.1,3,83.7,12,187.3,5.23914353688,9,5,2,151.6,96.8,42.7,1,1,1,28.7,26.8,28.2
194,194,16,295.6,3,83.4,12,191.6,5.08874575248,9,5,2,156.5,98.2,40.9,1,1,1,29.6,27.4,26.4
195,195,16,288.6,3,82.2,13,206.4,5.15957039555,9,5,2,152.0,95.7,40.9,1,1,1,29.1,26.7,26.4
196,196,16,282.2,3,81.5,13,200.7,5.28543596436,9,5,2,147.1,95.5,39.6,1,1,1,29.3,27.1,25.1
197,197,16,279.7,2,56.9,12,176.9,5.54535466254,9,5,2,145.0,95.3,39.4,1,1,0,29.4,27.5,0
198,198,16,269.7,2,56.4,13,189.8,5.55301344617,9,5,2,139.4,92.3,38.0,1,1,0,28.9,27.5,0
199,199,16,273.0,2,56.6,11,151.5,5.68857041209,9,5,2,145.2,90.6,37.2,1,1,0,29.1,27.5,0
200,200,17,286.6,2,56.4,13,185.2,5.49796085194,10,5,2,158.4,89.8,38.4,1,1,0,29.4,27.0,0
201,201,17,288.4,3,80.8,13,186.7,5.51281928514,10,5,2,157.4,91.2,39.8,1,1,1,28.7,26.8,25.3
202,202,17,290.0,3,83.6,13,185.9,5.83567250018,10,5,2,156.4,92.7,40.9,1,1,1,29.8,27.4,26.4
203,203,17,290.9,3,83.3,13,186.1,5.8293312602,10,5,2,156.1,93.6,41.2,1,1,1,29.3,27.3,26.7
204,204,16,272.9,3,82.6,12,170.0,5.92508438758,9,5,2,140.4,93.7,38.8,1,1,1,28.2,27.7,26.7
205,205,16,275.1,3,83.4,12,169.7,6.12257775233,9,5,2,141.3,94.2,39.6,1,1,1,29.4,26.5,27.5
206,206,16,262.8,1,30.3,12,168.1,5.2060861819,9,5,2,140.6,87.4,34.8,1,0,0,30.3,0,0
207,207,16,269.4,2,53.2,13,194.6,5.08027230241,9,5,2,151.9,79.5,38.0,1,0,1,27.3,0,25.9
208,208,16,264.6,1,25.0,14,216.9,3.75017777356,9,5,2,153.9,75.9,34.8,1,0,0,25.0,0,0
209,209,16,270.6,0,0,14,224.9,3.54342113406,9,5,2,162.6,75.9,32.1,0,0,0,0,0,0
210,210,16,272.8,1,25.7,14,224.8,3.79964910661,9,5,2,164.8,75.9,32.1,1,0,0,25.7,0,0
211,211,16,270.6,1,26.5,14,221.8,3.76738193799,9,5,2,164.3,74.2,32.1,1,0,0,26.5,0,0
212,212,16,267.1,1,26.4,14,218.2,3.80271284743,10,4,2,175.1,59.9,32.1,1,0,0,26.4,0,0
213,213,17,279.3,1,26.7,16,252.6,3.50691543701,10,5,2,175.0,74.5,29.8,1,0,0,26.7,0,0
214,214,17,294.0,1,31.5,15,238.3,4.8033153379,10,5,2,178.9,75.8,39.3,1,0,0,31.5,0,0
215,215,18,318.0,3,78.8,14,216.6,4.8267636216,10,6,2,181.1,96.6,40.3,1,1,1,27.2,26.4,25.2
216,216,18,308.4,1,26.5,14,210.9,4.50294021593,10,6,2,173.7,95.8,38.9,0,1,0,0,26.5,0
217,217,18,310.1,2,50.9,15,235.7,4.16255090844,10,6,2,173.8,96.0,40.3,1,1,0,25.5,25.4,0
218,218,18,310.1,2,52.4,14,213.1,4.43446469421,10,6,2,173.2,95.8,41.1,1,1,0,26.9,25.5,0
219,219,18,299.7,1,27.8,15,226.7,4.31825809108,10,6,2,164.7,94.9,40.1,1,0,0,27.8,0,0
220,220,18,297.5,1,28.1,16,248.3,3.98036438704,10,6,2,167.2,89.7,40.6,1,0,0,28.1,0,0
221,221,17,294.3,1,27.9,14,221.1,4.19804751535,9,6,2,155.4,91.5,47.4,0,0,1,0,0,27.9
222,222,17,292.5,2,51.8,14,219.3,4.13407646704,9,6,2,154.9,91.9,45.7,1,0,1,25.6,0,26.2
223,223,17,295.4,1,28.7,14,222.4,4.27046973584,9,6,2,161.1,91.7,42.6,1,0,0,28.7,0,0
224,224,17,297.1,1,31.3,14,222.5,4.5846932029,9,6,2,167.0,93.1,37.0,1,0,0,31.3,0,0
225,225,17,293.9,1,30.3,14,216.9,4.88273519056,9,6,2,164.4,92.5,37.0,1,0,0,30.3,0,0
226,226,16,271.9,1,30.6,13,195.5,5.01470753551,8,6,2,149.8,91.0,31.1,1,0,0,30.6,0,0
227,227,16,270.6,1,31.0,13,191.5,5.45269046741,8,6,2,152.4,88.7,29.5,1,0,0,31.0,0,0
228,228,16,269.1,1,29.7,13,191.5,5.21960646665,8,6,2,151.3,88.3,29.5,1,0,0,29.7,0,0
229,229,16,259.8,0,0,12,167.2,4.61560758008,8,6,2,138.6,86.4,34.8,0,0,0,0,0,0
230,230,16,259.9,1,25.6,13,188.8,4.35277210522,8,6,2,139.2,87.5,33.2,1,0,0,25.6,0,0
231,231,16,254.7,0,0,14,209.2,3.70157061259,8,6,2,134.6,87.0,33.1,0,0,0,0,0,0
232,232,16,260.5,1,25.1,12,169.7,4.32530827418,8,6,2,139.8,89.9,30.8,1,0,0,25.1,0,0
233,233,17,287.1,0,0,13,194.2,4.39159457842,8,7,2,141.2,115.1,30.8,0,0,0,0,0,0
234,234,17,282.9,0,0,13,192.3,4.14081194084,8,7,2,139.0,113.1,30.8,0,0,0,0,0,0
235,235,17,279.7,0,0,13,190.4,4.02757955338,8,7,2,138.3,111.5,29.9,0,0,0,0,0,0
236,236,16,269.7,0,0,13,202.3,3.96786571513,7,7,2,125.6,110.3,33.8,0,0,0,0,0,0
237,237,16,266.0,0,0,13,199.2,3.72460288711,7,7,2,122.8,109.4,33.8,0,0,0,0,0,0
238,238,16,267.1,0,0,13,202.0,3.41574174473,7,7,2,125.3,109.0,32.8,0,0,0,0,0,0
239,239,16,264.4,0,0,13,200.2,3.28339255446,7,7,2,123.2,108.4,32.8,0,0,0,0,0,0
240,240,16,253.7,0,0,16,253.7,2.39136467315,8,6,2,136.3,84.6,32.8,0,0,0,0,0,0
241,241,16,250.0,0,0,16,250.0,2.18616864247,8,6,2,131.8,85.4,32.8,0,0,0,0,0,0
242,242,16,249.2,0,0,16,249.2,2.17546929803,9,4,3,144.2,58.0,47.0,0,0,0,0,0,0
243,243,15,219.9,0,0,15,219.9,1.77796030809,9,3,3,137.0,41.3,41.6,0,0,0,0,0,0
244,244,15,226.6,0,0,15,226.6,1.73141835609,9,3,3,137.8,43.6,45.2,0,0,0,0,0,0
245,245,15,227.8,0,0,15,227.8,1.73899259288,9,3,3,139.0,43.6,45.2,0,0,0,0,0,0
246,246,15,231.8,0,0,15,231.8,2.09040893698,9,3,3,142.1,45.2,44.5,0,0,0,0,0,0
247,247,13,202.2,0,0,12,180.7,2.26223170955,8,2,3,124.5,33.2,44.5,0,0,0,0,0,0
248,248,13,199.3,0,0,12,177.8,2.64366683963,8,2,3,121.6,33.2,44.5,0,0,0,0,0,0
249,249,14,225.3,0,0,12,184.5,2.62281829797,8,3,3,128.7,52.1,44.5,0,0,0,0,0,0
250,250,14,226.8,0,0,12,182.7,3.35788394906,8,3,3,130.8,52.6,43.4,0,0,0,0,0,0
251,251,14,237.5,1,25.4,12,190.8,3.47421427594,8,3,3,135.8,53.0,48.7,1,0,0,25.4,0,0
252,252,14,240.2,1,29.5,13,210.7,4.18159231462,8,3,3,137.6,52.2,50.4,1,0,0,29.5,0,0
253,253,13,228.9,1,27.3,10,155.6,4.48245868887,8,2,3,140.5,31.5,56.9,1,0,0,27.3,0,0
254,254,13,232.8,0,0,9,142.8,3.92607979594,8,2,3,144.4,31.5,56.9,0,0,0,0,0,0
255,255,13,238.6,1,25.7,9,150.3,3.8172012838,8,2,3,152.2,34.5,51.9,1,0,0,25.7,0,0
256,256,13,243.1,1,28.7,7,105.9,4.85197554267,8,2,3,155.4,34.5,53.2,1,0,0,28.7,0,0
257,257,13,238.6,1,28.3,8,127.2,4.43745711427,8,2,3,155.1,35.2,48.3,1,0,0,28.3,0,0
258,258,12,208.6,0,0,9,146.6,3.21553991885,8,2,2,137.9,35.2,35.5,0,0,0,0,0,0
259,259,12,209.9,0,0,8,126.2,3.35219285986,8,2,2,141.2,32.3,36.4,0,0,0,0,0,0
260,260,12,210.9,0,0,9,148.0,3.56246212101,8,2,2,141.2,33.3,36.4,0,0,0,0,0,0
261,261,12,217.8,0,0,6,90.5,4.1115137668,8,2,2,144.0,33.6,40.2,0,0,0,0,0,0
262,262,12,211.5,0,0,9,147.6,3.73195659139,8,2,2,138.9,32.4,40.2,0,0,0,0,0,0
263,263,12,207.4,0,0,9,144.6,3.62813083189,8,2,2,137.9,32.1,37.4,0,0,0,0,0,0
264,264,12,200.7,0,0,10,159.2,3.47696968376,8,2,2,132.5,29.6,38.6,0,0,0,0,0,0
265,265,12,206.0,0,0,9,142.9,3.77367275484,8,2,2,137.9,29.7,38.4,0,0,0,0,0,0
266,266,12,196.5,0,0,9,134.9,3.72927606916,8,2,2,126.2,31.9,38.4,0,0,0,0,0,0
267,267,12,195.5,0,0,10,154.0,3.64603354429,8,2,2,123.5,33.6,38.4,0,0,0,0,0,0
268,268,12,202.0,0,0,10,160.5,3.43573026069,8,2,2,130.1,33.5,38.4,0,0,0,0,0,0
269,269,12,194.0,0,0,10,152.5,3.69331911167,8,2,2,127.0,33.5,33.5,0,0,0,0,0,0
270,270,12,189.3,0,0,10,147.6,3.62093031742,8,2,2,121.2,34.6,33.5,0,0,0,0,0,0
271,271,12,185.3,0,0,10,143.6,3.44527564099,8,2,2,117.2,34.6,33.5,0,0,0,0,0,0
272,272,12,193.5,0,0,9,129.3,4.04567670483,8,2,2,125.4,34.6,33.5,0,0,0,0,0,0
273,273,12,195.0,0,0,9,132.7,3.88575486992,8,2,2,125.9,33.9,35.2,0,0,0,0,0,0
274,274,12,203.0,0,0,7,98.2,4.08852792654,8,2,2,130.2,33.9,38.9,0,0,0,0,0,0
275,275,12,202.7,0,0,8,117.4,4.07552748027,8,2,2,129.9,33.9,38.9,0,0,0,0,0,0
276,276,12,202.9,0,0,7,98.8,4.03427549727,8,2,2,131.9,33.9,37.1,0,0,0,0,0,0
277,277,12,209.1,0,0,7,99.2,4.65092854854,7,3,2,126.2,45.8,37.1,0,0,0,0,0,0
278,278,12,194.8,0,0,9,132.9,3.53793296954,7,3,2,111.9,45.8,37.1,0,0,0,0,0,0
279,279,12,195.5,1,27.0,9,122.3,5.2979341314,7,3,2,128.6,39.5,27.4,1,0,0,27.0,0,0
280,280,12,199.0,0,0,9,131.7,4.32683662177,7,3,2,126.7,44.9,27.4,0,0,0,0,0,0
281,281,12,213.8,0,0,8,119.5,5.0441385125,7,3,2,130.8,46.2,36.8,0,0,0,0,0,0
282,282,11,220.2,2,60.4,6,92.4,6.82199650862,7,2,2,130.3,37.6,52.3,0,1,1,0,25.7,34.7
283,283,11,223.2,2,67.7,6,92.4,7.77051536842,7,2,2,135.0,33.2,55.0,1,0,1,30.3,0,37.4
284,284,11,202.9,1,29.5,7,110.3,5.13777454475,7,2,2,122.6,33.2,47.1,0,0,1,0,0,29.5
285,285,11,215.5,1,37.1,6,94.5,6.86417577652,7,2,2,123.9,32.5,59.1,0,0,1,0,0,37.1
286,286,12,243.5,3,91.6,8,131.3,6.98445785406,8,2,2,147.1,32.5,63.9,1,0,2,27.7,0,63.9
287,287,14,278.2,3,100.6,10,154.5,8.1445053277,8,3,3,148.6,47.9,81.7,1,0,2,32.0,0,68.6
288,288,14,266.7,2,63.4,9,135.5,6.90448572139,8,3,3,136.4,53.8,76.5,0,0,2,0,0,63.4
289,289,14,262.6,3,83.4,9,134.3,6.1238140812,8,3,3,139.5,52.4,70.7,1,0,2,26.1,0,57.3
290,290,14,256.3,3,86.2,10,148.3,6.43326263508,8,3,3,137.4,46.8,72.1,1,0,2,27.5,0,58.7
291,291,14,260.7,3,88.2,10,150.7,6.57456387222,8,3,3,141.4,47.3,72.0,1,0,2,31.8,0,56.4
292,292,14,257.9,3,81.6,9,134.1,5.72540607514,8,3,3,136.3,46.9,74.7,1,0,2,27.3,0,54.3
293,293,13,251.5,3,96.9,9,131.1,7.97565205115,7,3,3,116.1,45.8,89.6,1,0,2,30.8,0,66.1
294,294,13,262.2,2,66.4,7,104.2,7.15546232089,7,3,3,119.2,53.2,89.8,0,0,2,0,0,66.4
295,295,14,260.6,1,29.0,10,161.5,4.85209822065,8,3,3,130.0,59.5,71.1,0,0,1,0,0,29.0
296,296,14,269.9,3,86.9,10,162.7,5.6750707988,8,3,3,131.3,64.3,74.3,0,1,2,0,30.6,56.3
297,297,14,290.3,3,97.2,8,130.5,6.87376362509,8,3,3,140.3,65.7,84.3,0,1,2,0,32.0,65.2
298,298,14,297.8,4,121.4,6,89.2,6.90222133379,8,3,3,142.8,65.1,89.9,0,1,3,0,31.5,89.9
299,299,14,296.6,3,94.0,6,91.1,6.5663310377,8,3,3,144.1,67.5,85.0,0,1,2,0,32.0,62.0
300,300,14,296.5,4,123.4,7,106.6,7.30660171156,8,3,3,136.9,70.4,89.2,1,1,2,27.6,30.9,64.9
301,301,15,309.3,4,119.6,8,122.4,6.85723809458,8,4,3,132.9,91.0,85.4,1,1,2,25.0,31.8,62.8
302,302,15,302.5,4,120.1,10,158.8,6.92032892144,8,4,3,129.1,84.7,88.7,0,1,3,0,31.4,88.7
303,303,15,313.7,5,149.3,9,143.0,7.34135708228,8,4,3,133.4,86.8,93.5,1,1,3,25.4,30.4,93.5
304,304,16,323.2,4,123.9,10,154.2,7.25791521949,9,4,3,145.7,89.4,88.1,1,1,2,26.9,31.5,65.5
305,305,16,316.3,4,113.5,9,137.8,6.19028472689,9,4,3,146.4,86.5,83.4,0,1,3,0,30.1,83.4
306,306,16,294.0,0,0,8,119.9,4.12997175132,9,4,3,144.0,82.5,67.5,0,0,0,0,0,0
307,307,16,291.0,0,0,8,119.5,4.11904115056,9,4,3,141.3,84.8,64.9,0,0,0,0,0,0
308,308,18,335.8,3,84.5,12,185.6,5.60621737026,10,5,3,153.7,111.1,71.0,0,2,1,0,57.8,26.7
309,309,18,336.0,3,84.7,12,188.2,5.31634549402,10,5,3,156.9,106.2,72.9,0,1,2,0,30.5,54.2
310,310,18,333.6,3,89.7,13,200.3,5.98252356747,10,5,3,153.8,103.2,76.6,0,1,2,0,31.4,58.3
311,311,18,335.7,3,92.5,13,201.1,6.23616114949,10,5,3,154.9,99.4,81.4,0,1,2,0,30.3,62.2
312,312,17,312.9,4,117.1,13,195.8,7.16680460424,9,5,3,129.8,97.2,85.9,0,2,2,0,50.4,66.7
313,313,18,351.1,3,93.7,10,146.5,7.12390113072,10,5,3,161.0,103.1,87.0,0,1,2,0,25.9,67.8
314,314,19,360.1,3,92.3,12,178.2,6.82799534767,11,5,3,174.0,103.7,82.4,0,1,2,0,26.1,66.2
315,315,19,366.8,3,94.6,11,160.4,7.09549729556,11,5,3,177.3,102.7,86.8,0,1,2,0,27.0,67.6
316,316,19,365.4,3,94.0,11,159.5,7.06588459757,11,5,3,176.4,102.3,86.7,0,1,2,0,27.5,66.5
317,317,19,363.3,3,93.6,12,178.0,7.03361602492,11,5,3,174.6,104.4,84.3,0,1,2,0,27.4,66.2
318,318,18,401.2,6,189.5,7,99.0,8.16930329587,10,5,3,192.8,112.6,95.8,3,1,2,88.3,28.6,72.6
319,319,19,438.8,8,240.5,7,103.9,7.75932941577,11,5,3,224.7,117.3,96.8,3,3,2,88.3,78.8,73.4
320,320,19,444.3,8,241.5,6,91.2,7.49068036948,11,5,3,231.1,117.5,95.7,3,3,2,88.4,79.0,74.1
321,321,19,443.3,8,241.9,6,90.6,7.53702362649,11,5,3,229.9,119.3,94.1,3,3,2,87.8,80.5,73.6
322,322,19,431.5,8,238.4,8,126.8,7.52277244526,11,5,3,224.9,115.1,91.5,3,3,2,86.6,79.0,72.8
323,323,19,436.0,5,161.2,6,87.9,7.55883356824,11,5,3,229.5,112.0,94.5,2,1,2,61.7,25.8,73.7
324,324,18,425.7,6,188.1,5,73.3,7.45316750666,10,5,3,218.0,113.4,94.3,3,1,2,87.4,27.0,73.7
325,325,18,391.2,4,122.0,7,112.8,6.08189212044,10,5,3,205.5,101.3,84.4,2,0,2,55.8,0,66.2
326,326,18,383.6,4,118.0,9,151.8,5.76662699748,10,5,3,194.5,102.8,86.3,2,0,2,52.4,0,65.6
327,327,17,352.6,3,84.7,8,134.3,4.90395998448,9,5,3,166.3,103.0,83.3,0,1,2,0,25.0,59.7
328,328,16,344.1,2,65.0,7,119.7,5.30024763572,8,5,3,150.0,105.5,88.6,0,0,2,0,0,65.0
329,329,16,330.7,2,62.9,8,135.5,5.08942940482,8,5,3,148.0,101.6,81.1,0,0,2,0,0,62.9
330,330,16,341.7,4,119.5,8,136.0,6.02771031708,8,5,3,155.6,102.0,84.1,2,0,2,53.6,0,65.9
331,331,16,359.7,5,150.2,7,120.9,6.19378384619,8,5,3,162.9,111.1,85.7,2,1,2,56.5,25.1,68.6
332,332,16,358.2,4,124.2,8,144.2,5.94349784779,8,5,3,162.4,108.2,87.6,1,1,2,28.1,26.7,69.4
333,333,16,373.1,6,177.0,7,127.1,5.73180817893,8,5,3,158.4,126.9,87.8,1,3,2,27.2,81.8,68.0
334,334,17,399.6,5,155.9,6,103.1,6.05407616696,9,5,3,182.2,133.4,84.0,1,2,2,28.3,63.4,64.2
335,335,17,389.0,6,174.0,7,123.3,5.43636313335,9,5,3,183.5,127.1,78.4,2,2,2,56.7,57.8,59.5
336,336,17,373.9,2,61.1,6,104.3,4.44781836806,9,5,3,185.1,116.0,72.8,1,0,1,31.5,0,29.6
337,337,16,347.9,2,59.5,6,104.4,4.37034990971,9,4,3,188.9,89.3,69.7,1,0,1,31.0,0,28.5
