,e_id,num_sat,sum_snr,num_sat_25,sum_snr_25,num_sat_u20,sum_sat_u20,snr_std,elev_0_30,elev_30_60,elev_60_90,sum_elev_0_30,sum_elev_30_60,sum_elev_60_90,elev_0_30_25,elev_30_60_25,elev_60_90_25,sum_elev_0_30_25,sum_elev_30_60_25,sum_elev_60_90_25
1,1,17,435.0,8,258.1,5,88.0,7.79710542068,9,6,2,193.6,193.0,48.4,2,5,1,64.4,168.3,25.4
2,2,17,432.4,8,252.4,4,66.3,7.51231831531,9,6,2,192.5,189.4,50.5,2,5,1,61.5,164.8,26.1
3,3,17,426.8,5,169.1,3,51.8,6.79820478033,9,6,2,202.4,175.7,48.7,2,3,0,60.6,108.5,0
4,4,19,459.4,6,186.3,4,71.5,6.23320667851,10,7,2,217.0,195.1,47.3,2,4,0,55.3,131.0,0
5,5,20,484.1,7,221.2,6,106.3,6.93537651238,10,8,2,208.7,225.7,49.7,2,4,1,57.7,136.8,26.7
6,6,20,464.3,7,224.1,9,153.2,7.80736999993,10,8,2,199.4,219.7,45.2,2,4,1,58.7,136.5,28.9
7,7,20,456.2,6,190.5,10,175.8,7.38126362025,10,8,2,196.3,210.4,49.5,1,4,1,30.9,130.1,29.5
8,8,20,457.2,7,218.2,10,173.7,7.65344091862,10,8,2,196.8,213.4,47.0,2,4,1,56.6,131.5,30.1
9,9,19,440.2,6,199.4,10,170.5,8.44775135311,10,7,2,191.7,194.4,54.1,1,4,1,30.8,136.9,31.7
10,10,19,469.0,7,230.0,5,79.8,7.82057565073,10,7,2,215.8,199.1,54.1,2,4,1,61.6,136.5,31.9
11,11,21,504.0,8,255.8,8,137.1,7.44801987108,11,8,2,228.1,225.6,50.3,2,5,1,62.0,164.2,29.6
12,12,21,488.6,8,240.6,8,140.5,6.27091168279,11,8,2,221.7,215.4,51.5,2,5,1,53.3,157.7,29.6
13,13,20,487.9,9,274.5,7,124.7,6.74977387535,10,8,2,227.9,221.1,38.9,3,6,0,87.1,187.4,0
14,14,20,478.8,9,279.7,8,132.7,7.71808539116,10,8,2,222.5,224.0,32.3,3,6,0,86.1,193.6,0
15,15,20,488.0,10,303.9,8,141.0,7.13811120528,10,8,2,226.4,227.2,34.4,4,6,0,112.3,191.6,0
16,16,20,493.0,9,283.8,7,121.1,7.30021629096,10,8,2,226.7,233.3,33.0,3,6,0,89.5,194.3,0
17,17,20,497.0,10,306.3,7,126.8,6.95159958874,10,8,2,228.5,229.2,39.3,4,6,0,114.4,191.9,0
18,18,20,507.8,9,279.8,5,90.9,6.58825909438,10,8,2,234.9,231.1,41.8,3,6,0,89.5,190.3,0
19,19,20,498.2,9,280.1,7,125.4,6.89438367918,10,8,2,233.0,225.5,39.7,3,6,0,90.8,189.3,0
20,20,21,511.7,9,281.2,8,142.2,7.04942077999,11,8,2,244.1,228.4,39.2,3,6,0,88.7,192.5,0
21,21,21,530.2,10,313.7,5,81.9,7.43139415235,11,8,2,247.8,236.3,46.1,5,5,0,141.7,172.0,0
22,22,20,511.7,8,262.2,4,69.4,7.3373073363,10,8,2,226.5,238.4,46.8,2,5,1,63.5,173.6,25.1
23,23,20,506.1,9,289.1,6,104.3,7.61656608633,10,8,2,220.1,237.9,48.1,3,5,1,89.1,173.6,26.4
24,24,20,499.0,10,314.7,8,137.8,7.96660794223,10,8,2,216.7,238.5,43.8,4,5,1,113.5,173.1,28.1
25,25,20,498.9,11,338.2,7,117.0,7.88606198836,10,8,2,213.5,242.1,43.3,4,6,1,113.6,198.4,26.2
26,26,20,499.2,10,310.3,8,142.9,7.5214360331,10,8,2,216.6,239.5,43.1,4,6,0,112.5,197.8,0
27,27,20,508.8,10,312.5,6,110.3,7.28274095307,10,8,2,226.1,238.7,44.0,4,5,1,113.0,173.9,25.6
28,28,20,510.2,10,315.7,6,103.3,7.41264211721,10,8,2,221.4,243.8,45.0,3,6,1,89.4,199.7,26.6
29,29,20,500.8,9,287.3,7,125.6,7.3068389018,10,8,2,217.8,238.8,44.2,3,5,1,85.2,176.3,25.8
30,30,20,504.4,9,287.1,5,88.1,7.16046161405,10,8,2,223.8,238.1,42.5,3,5,1,84.3,176.6,26.2
31,31,20,508.6,9,289.8,6,108.3,7.38434332326,10,8,2,222.5,240.0,46.1,3,5,1,86.6,177.6,25.6
32,32,20,502.0,8,267.5,5,87.5,7.66276025573,10,8,2,220.4,236.7,44.9,3,5,0,89.1,178.4,0
33,33,21,518.6,8,265.9,7,122.1,7.70113473395,11,8,2,242.4,231.3,44.9,3,5,0,88.0,177.9,0
34,34,21,517.6,8,264.2,9,164.7,7.45356418418,11,8,2,246.4,228.7,42.5,3,5,0,88.7,175.5,0
35,35,21,523.4,8,268.5,7,123.8,7.68406824292,11,8,2,248.7,229.2,45.5,3,5,0,91.0,177.5,0
36,36,21,518.5,8,266.3,8,139.7,7.81779411099,11,8,2,245.2,228.4,44.9,3,5,0,88.7,177.6,0
37,37,20,499.6,8,270.3,7,121.1,8.09448155097,11,7,2,242.7,211.3,45.6,3,5,0,90.0,180.3,0
38,38,20,494.6,8,267.6,8,136.9,8.04154344965,11,7,2,238.6,210.1,45.9,3,5,0,90.5,177.1,0
39,39,20,496.7,8,267.6,9,161.3,8.04325641045,11,7,2,238.6,213.7,44.4,3,5,0,87.6,180.0,0
40,40,20,496.8,8,266.3,7,118.5,7.91596654337,11,7,2,234.8,215.4,46.6,3,5,0,86.6,179.7,0
41,41,20,499.7,9,286.5,8,147.4,7.27108730014,11,7,2,236.5,214.9,48.3,3,5,1,84.6,176.8,25.1
42,42,20,507.1,10,310.9,5,88.6,7.13718763719,11,7,2,241.2,215.8,50.1,4,5,1,110.6,173.6,26.7
43,43,21,515.1,9,274.1,6,107.3,6.252450948,11,8,2,237.9,229.2,48.0,3,5,1,87.0,162.1,25.0
44,44,20,494.4,8,251.8,7,128.3,6.85754290813,10,8,2,212.6,231.8,50.0,2,5,1,58.4,167.5,25.9
45,45,19,483.9,8,259.8,6,109.5,7.32545430002,9,8,2,195.9,241.8,46.2,2,5,1,57.7,176.1,26.0
46,46,19,476.7,8,263.1,7,122.2,8.08330891658,10,7,2,218.3,208.4,50.0,2,5,1,63.8,173.4,25.9
47,47,20,521.5,11,343.8,5,92.1,7.37248619067,11,7,2,257.7,209.7,54.1,4,5,2,115.9,173.8,54.1
48,48,21,541.0,10,317.4,4,70.3,7.31419689306,11,8,2,264.2,222.7,54.1,4,4,2,118.2,145.1,54.1
49,49,21,534.8,7,237.9,5,90.4,7.12911869261,11,8,2,262.0,221.5,51.3,2,4,1,64.8,145.6,27.5
50,50,21,535.8,7,240.0,4,71.2,7.17581254732,11,8,2,260.2,223.3,52.3,2,4,1,66.5,145.5,28.0
51,51,21,535.8,7,236.2,3,53.1,6.77932782172,11,8,2,258.4,226.4,51.0,2,4,1,66.4,142.0,27.8
52,52,21,509.2,7,226.5,5,86.0,6.77883611305,11,8,2,247.9,214.0,47.3,2,4,1,63.5,137.1,25.9
53,53,21,533.9,9,287.8,6,111.1,6.78674478391,11,8,2,257.2,229.1,47.6,3,5,1,90.8,169.3,27.7
54,54,21,518.6,9,287.2,8,139.5,7.28508587393,11,8,2,242.0,229.8,46.8,3,5,1,91.9,166.7,28.6
55,55,21,524.4,9,286.2,5,87.2,6.79706869593,11,8,2,250.6,226.7,47.1,3,5,1,91.4,164.4,30.4
56,56,21,528.5,9,286.3,6,106.0,6.99552237744,11,8,2,253.6,227.4,47.5,3,5,1,91.8,165.4,29.1
57,57,21,529.6,7,238.7,7,121.7,7.57202872734,11,8,2,256.9,225.5,47.2,2,4,1,67.1,142.9,28.7
58,58,21,542.1,10,317.7,6,112.1,6.98743770736,11,8,2,255.5,236.8,49.8,3,6,1,92.7,196.5,28.5
59,59,21,537.2,9,291.9,7,129.8,7.14224187826,11,8,2,254.1,234.7,48.4,3,5,1,92.1,171.1,28.7
60,60,21,529.0,9,290.1,7,124.3,7.24775170394,11,8,2,251.3,229.5,48.2,3,5,1,93.0,168.0,29.1
61,61,21,537.7,8,269.9,5,88.5,7.23052392227,11,8,2,257.3,231.1,49.3,2,5,1,66.6,174.2,29.1
62,62,21,520.6,9,290.7,7,123.5,7.67534395072,11,8,2,241.1,228.3,51.2,3,5,1,87.9,171.4,31.4
63,63,21,509.0,8,263.5,10,177.4,7.57129290085,11,8,2,239.6,219.4,50.0,2,5,1,64.8,167.6,31.1
64,64,21,515.7,8,270.0,9,155.6,8.2877362065,11,8,2,237.4,225.6,52.7,2,5,1,65.8,172.9,31.3
65,65,21,520.9,8,271.3,8,136.5,8.34382862902,11,8,2,231.4,239.6,49.9,2,5,1,68.6,175.4,27.3
66,66,20,501.4,9,283.9,7,124.8,7.29311860231,10,8,2,201.7,250.4,49.3,1,7,1,29.7,226.7,27.5
67,67,19,487.8,8,259.9,5,91.5,7.16114842631,10,7,2,211.9,228.0,47.9,1,6,1,30.3,203.2,26.4
68,68,19,488.4,9,280.2,4,74.9,6.52852490436,10,7,2,213.0,225.2,50.2,1,7,1,26.0,225.2,29.0
69,69,19,486.7,10,311.6,6,107.6,7.49868604475,10,7,2,210.3,227.9,48.5,2,7,1,57.7,227.9,26.0
70,70,19,495.6,11,346.2,6,107.8,7.52375963627,10,7,2,215.0,225.6,55.0,2,7,2,65.6,225.6,55.0
71,71,20,516.0,9,282.3,3,54.9,6.0187426559,11,7,2,249.9,211.1,55.0,2,5,2,65.1,162.2,55.0
72,72,19,481.6,9,280.0,4,69.8,6.63227532777,10,7,2,221.3,210.7,49.6,2,6,1,64.1,189.9,26.0
73,73,20,518.1,10,313.1,5,90.5,6.85561429548,10,8,2,226.8,239.3,52.0,2,6,2,66.6,194.5,52.0
74,74,19,497.2,10,311.0,3,52.0,6.57613975179,10,7,2,229.3,213.0,54.9,3,5,2,89.9,166.2,54.9
75,75,19,505.8,10,307.8,1,18.6,5.8706973793,10,7,2,239.0,214.5,52.3,3,5,2,89.5,166.0,52.3
76,76,19,497.5,9,283.1,3,52.5,6.40809064628,10,7,2,230.9,213.2,53.4,3,4,2,89.2,140.5,53.4
77,77,18,474.7,10,311.2,3,53.4,6.67240194476,10,6,2,230.8,190.6,53.3,3,5,2,91.1,166.8,53.3
78,78,19,497.6,10,311.9,3,52.4,6.63005737673,10,7,2,230.8,213.1,53.7,3,5,2,90.8,167.4,53.7
79,79,18,477.7,10,314.3,4,71.9,6.83771021949,10,6,2,232.4,190.8,54.5,3,5,2,91.7,168.1,54.5
80,80,18,468.8,8,256.1,4,71.9,6.64620388972,10,6,2,228.1,187.8,52.9,3,4,1,87.0,140.9,28.2
81,81,19,491.5,9,283.1,5,88.3,6.82975944196,11,6,2,252.3,188.1,51.1,4,4,1,114.5,141.7,26.9
82,82,18,444.5,8,256.1,5,74.8,8.11342186621,10,6,2,209.0,185.6,49.9,3,4,1,86.2,142.4,27.5
83,83,19,478.2,8,258.0,5,75.7,7.86327982401,11,6,2,237.6,188.2,52.4,3,4,1,88.0,142.1,27.9
84,84,19,486.7,12,366.5,5,73.9,8.25296331682,11,6,2,243.1,191.0,52.6,5,5,2,144.7,169.2,52.6
85,85,21,549.4,12,371.2,4,63.9,7.26632480629,11,8,2,251.5,244.9,53.0,3,7,2,95.6,222.6,53.0
86,86,21,551.0,10,317.8,3,48.5,6.74266091321,11,8,2,259.1,236.3,55.6,4,4,2,120.2,142.0,55.6
87,87,20,520.9,11,342.6,4,65.2,7.1329092758,11,7,2,251.1,213.0,56.8,4,5,2,119.1,166.7,56.8
88,88,21,541.3,11,349.3,5,84.7,7.24995894898,11,8,2,243.3,243.7,54.3,3,6,2,93.9,201.1,54.3
89,89,21,536.4,11,338.3,6,107.5,6.98695723678,11,8,2,239.1,242.4,54.9,3,6,2,87.8,195.6,54.9
90,90,20,506.3,9,288.9,7,127.7,7.81983140214,10,8,2,218.7,236.0,51.6,2,5,2,66.1,171.2,51.6
91,91,20,486.2,9,284.7,8,134.5,7.85372188,10,8,2,199.2,236.4,50.6,2,6,1,60.0,195.0,29.7
92,92,20,479.3,9,285.0,10,171.1,7.86606803402,10,8,2,197.8,234.3,47.2,2,6,1,62.9,192.1,30.0
93,93,20,512.4,11,352.1,8,137.4,8.20863473487,10,8,2,218.0,244.6,49.8,3,7,1,91.6,229.9,30.6
94,94,19,499.8,10,326.3,6,104.5,8.00142165731,9,8,2,202.6,249.3,47.9,2,7,1,66.2,229.6,30.5
95,95,21,505.9,6,203.1,7,120.8,7.47508560231,11,8,2,231.0,234.6,40.3,2,4,0,57.5,145.6,0
96,96,21,491.1,7,228.3,9,151.0,8.02466732733,12,7,2,236.7,212.1,42.3,1,5,1,31.2,171.8,25.3
97,97,22,529.2,9,293.0,9,149.1,8.24740809344,12,8,2,244.6,237.6,47.0,2,6,1,62.7,200.3,30.0
98,98,22,550.1,9,299.3,7,118.2,7.91565520994,12,8,2,264.8,233.5,51.8,3,5,1,98.4,171.4,29.5
99,99,22,550.4,9,298.2,7,120.5,7.713787061,12,8,2,259.5,239.8,51.1,3,5,1,94.8,173.3,30.1
100,100,22,549.8,10,321.5,7,120.5,7.61995557361,12,8,2,258.4,240.0,51.4,3,6,1,94.0,197.1,30.4
101,101,22,536.6,9,299.8,9,147.0,8.69093173212,12,8,2,250.9,236.2,49.5,3,5,1,98.0,172.1,29.7
102,102,22,525.5,10,314.4,9,145.9,8.54708501992,12,8,2,248.1,225.7,51.7,3,5,2,93.9,168.8,51.7
103,103,22,525.1,9,289.8,9,147.1,8.58134112971,12,8,2,248.2,227.6,49.3,3,5,1,95.7,168.6,25.5
104,104,22,526.6,8,267.4,10,167.8,8.51287794515,12,8,2,251.0,227.0,48.6,3,4,1,93.9,144.5,29.0
105,105,22,535.5,11,344.6,10,166.7,8.25969324294,12,8,2,251.0,235.3,49.2,4,6,1,117.9,196.7,30.0
106,106,22,542.7,8,267.7,8,135.5,7.86023060147,12,8,2,253.6,238.6,50.5,2,5,1,65.8,171.4,30.5
107,107,22,554.1,9,298.4,8,144.8,7.60271226381,12,8,2,263.7,236.3,54.1,3,5,1,96.2,171.7,30.5
108,108,22,549.1,10,321.5,8,138.4,7.85157910056,12,8,2,258.4,236.4,54.3,4,5,1,117.6,173.3,30.6
109,109,22,544.7,9,296.7,6,93.4,8.06406839841,12,8,2,251.2,239.5,54.0,3,5,1,92.5,173.8,30.4
110,110,22,545.2,10,320.2,6,97.1,7.89072006876,12,8,2,253.0,239.6,52.6,4,5,1,115.5,174.1,30.6
111,111,22,532.5,10,320.0,9,150.1,8.23317778566,12,8,2,248.1,234.0,50.4,4,5,1,117.1,172.9,30.0
112,112,21,494.5,8,253.9,10,171.9,7.54537070313,12,7,2,245.1,201.8,47.6,2,5,1,62.0,163.2,28.7
113,113,22,534.5,9,290.3,8,132.1,7.88745098982,12,8,2,247.3,235.7,51.5,3,5,1,90.0,170.4,29.9
114,114,22,541.0,10,317.3,7,115.8,7.88946911672,12,8,2,253.3,233.2,54.5,4,5,1,116.2,170.3,30.8
115,115,22,535.9,10,316.4,8,132.8,8.04739881612,12,8,2,250.9,230.3,54.7,4,5,1,115.9,170.3,30.2
116,116,22,540.9,10,319.9,8,131.5,8.1516749932,12,8,2,254.2,231.5,55.2,4,5,1,118.8,170.7,30.4
117,117,22,531.1,9,292.2,9,147.1,8.28266457534,12,8,2,248.5,229.6,53.0,3,5,1,91.9,170.5,29.8
118,118,20,492.1,9,292.7,8,130.7,8.61012103344,11,7,2,228.1,211.9,52.1,3,5,1,92.0,170.9,29.8
119,119,20,495.6,8,268.9,7,113.3,8.61336782351,11,7,2,228.8,214.2,52.6,2,5,1,65.6,172.9,30.4
120,120,20,491.5,8,268.6,8,132.4,8.64577018578,11,7,2,222.8,215.2,53.5,2,5,1,64.4,173.7,30.5
121,121,20,485.4,7,235.7,7,113.1,8.44250524056,11,7,2,228.7,203.4,53.3,2,4,1,64.3,141.7,29.7
122,122,9,292.9,8,270.4,0,0,5.91187599479,3,5,1,88.2,175.1,29.6,2,5,1,65.7,175.1,29.6
123,123,11,325.1,7,238.1,0,0,7.60557212001,4,5,2,109.2,166.1,49.8,2,4,1,65.3,143.3,29.5
124,124,10,304.8,7,237.0,0,0,7.13361370166,3,6,1,89.1,186.5,29.2,2,4,1,64.8,143.0,29.2
125,125,8,257.8,7,237.0,0,0,6.82490188313,3,4,1,86.4,142.2,29.2,2,4,1,65.6,142.2,29.2
126,126,10,301.4,6,208.8,0,0,7.18612861313,3,5,2,88.7,163.3,49.4,1,4,1,39.0,140.5,29.3
127,127,10,304.4,8,259.8,0,0,6.77547866288,3,6,1,91.8,183.2,29.4,3,4,1,91.8,138.6,29.4
128,128,10,303.9,8,259.8,0,0,6.80513694858,4,5,1,111.7,163.9,28.3,3,4,1,90.1,141.4,28.3
129,129,9,284.8,7,236.1,0,0,6.52209918491,3,5,1,89.0,166.8,29.0,2,4,1,64.4,142.7,29.0
130,130,10,309.5,8,262.8,0,0,6.62625250215,3,6,1,90.8,189.9,28.8,3,4,1,90.8,143.2,28.8
131,131,12,351.0,8,263.5,0,0,7.05465674701,3,7,2,92.9,208.3,49.8,3,4,1,92.9,142.7,27.9
132,132,9,278.6,7,233.3,0,0,6.87424743356,3,4,2,87.2,141.5,49.9,2,4,1,63.4,141.5,28.4
133,133,11,321.4,7,232.0,0,0,7.0303368599,3,6,2,86.5,186.9,48.0,2,4,1,64.1,140.8,27.1
134,134,11,322.4,6,206.7,0,0,7.11708571614,3,6,2,85.2,188.9,48.3,1,4,1,38.8,141.7,26.2
135,135,12,348.8,7,233.8,0,0,6.88599809011,3,7,2,87.8,210.8,50.2,2,4,1,64.9,142.5,26.4
136,136,13,370.6,7,234.6,0,0,7.17791306004,4,7,2,104.8,215.4,50.4,1,5,1,38.4,170.4,25.8
137,137,11,327.9,7,234.8,0,0,7.0514473047,4,5,2,108.1,169.9,49.9,2,4,1,63.4,145.3,26.1
138,138,13,382.5,8,266.0,0,0,6.96253711494,4,7,2,113.2,219.7,49.6,2,5,1,67.0,173.9,25.1
139,139,8,265.7,8,265.7,0,0,5.79049405738,2,5,1,66.3,173.3,26.1,2,5,1,66.3,173.3,26.1
140,140,13,385.2,9,292.5,0,0,6.68759854948,4,7,2,114.2,221.1,49.9,3,5,1,90.9,176.5,25.1
141,141,10,307.8,7,238.7,0,0,6.74945265271,3,6,1,87.6,196.1,24.1,2,5,0,64.6,174.1,0
142,142,11,327.9,8,258.1,0,0,6.23882273277,4,6,1,107.9,193.7,26.3,2,5,1,62.6,169.2,26.3
143,143,13,355.0,6,199.9,0,0,6.96041923288,6,5,2,149.0,160.0,46.0,2,4,0,61.6,138.3,0
144,144,10,291.8,7,221.8,0,0,6.25793718231,3,6,1,80.3,185.4,26.1,2,4,1,58.1,137.6,26.1
145,145,11,317.0,7,223.3,0,0,6.40746723469,3,6,2,75.2,191.4,50.4,1,5,1,29.5,167.0,26.8
146,146,15,398.4,5,169.8,0,0,6.36539752995,6,7,2,135.5,213.9,49.0,0,4,1,0,143.6,26.2
147,147,16,409.9,7,226.4,4,72.7,7.32622856591,7,7,2,144.2,219.2,46.5,1,5,1,27.1,171.4,27.9
148,148,16,402.9,8,248.2,5,88.9,7.49366121021,7,7,2,141.1,218.0,43.8,1,6,1,25.3,195.9,27.0
149,149,16,409.4,8,251.3,5,93.1,7.40692243783,7,7,2,145.6,221.0,42.8,1,6,1,26.9,198.4,26.0
150,150,17,433.4,8,251.6,5,90.1,7.21712118752,8,7,2,167.6,222.5,43.3,1,6,1,26.5,197.9,27.2
151,151,18,451.1,8,254.1,6,108.0,7.31534558621,9,7,2,179.9,220.6,50.6,1,6,1,29.8,196.7,27.6
152,152,18,449.9,7,226.8,5,85.2,7.40051446719,9,7,2,178.3,222.3,49.3,1,5,1,26.7,173.1,27.0
153,153,18,452.0,7,229.7,5,86.6,7.49979520418,9,7,2,178.0,222.2,51.8,1,5,1,27.9,174.1,27.7
154,154,17,428.6,7,227.9,6,109.5,7.58426680314,9,6,2,182.2,195.9,50.5,1,5,1,29.1,171.0,27.8
155,155,18,452.2,7,229.6,4,67.7,7.4857948264,9,7,2,183.0,219.0,50.2,1,5,1,29.9,171.5,28.2
156,156,18,464.0,7,227.8,2,34.3,6.92119979021,9,7,2,194.0,221.2,48.8,1,5,1,27.2,174.1,26.5
157,157,18,467.5,7,227.7,2,35.7,6.97076293871,9,7,2,198.8,222.3,46.4,1,5,1,26.9,174.4,26.4
158,158,18,468.5,9,282.5,5,95.4,7.03150938156,9,7,2,198.2,223.5,46.8,2,6,1,55.8,199.9,26.8
159,159,19,487.1,9,285.6,5,91.1,7.26637694578,10,7,2,217.4,225.5,44.2,2,6,1,56.6,201.9,27.1
160,160,19,481.6,9,282.6,6,106.4,7.4524692717,10,7,2,210.1,226.1,45.4,2,6,1,53.1,202.5,27.0
161,161,18,450.0,9,282.8,7,118.5,8.17902626162,10,6,2,205.9,200.4,43.7,2,6,1,56.2,200.4,26.2
162,162,20,486.4,9,285.4,9,153.3,8.1997817686,11,7,2,222.9,219.8,43.7,2,6,1,58.8,200.4,26.2
163,163,20,482.1,8,254.8,8,135.8,7.93509692177,11,7,2,217.0,219.8,45.3,1,6,1,26.8,200.4,27.6
164,164,20,483.5,9,283.8,8,133.5,8.08714867455,11,7,2,221.1,215.6,46.8,2,6,1,57.6,198.8,27.4
165,165,20,485.9,9,284.2,7,111.9,8.1460662124,11,7,2,217.5,220.4,48.0,2,6,1,59.9,196.6,27.7
166,166,19,469.8,9,283.3,7,118.6,7.87385562093,10,7,2,204.6,215.7,49.5,2,6,1,58.6,196.5,28.2
167,167,19,462.2,8,255.1,7,117.7,7.96198203306,10,7,2,206.4,209.3,46.5,1,6,1,36.7,192.5,25.9
168,168,20,511.2,9,286.8,5,89.1,6.77886809368,10,8,2,213.0,243.9,54.3,1,6,2,34.9,197.6,54.3
169,169,18,475.1,10,324.0,6,107.7,8.10457185589,9,7,2,200.9,220.3,53.9,3,5,2,87.7,182.4,53.9
170,170,18,461.5,9,280.1,5,90.1,6.94331154158,9,7,2,199.2,207.2,55.1,2,5,2,59.9,165.1,55.1
171,171,20,481.0,7,214.3,7,130.5,5.826211191,10,8,2,212.5,220.3,48.2,1,5,1,35.4,151.7,27.2
172,172,20,489.6,8,248.2,6,104.2,6.5059163358,10,8,2,214.3,222.1,53.2,1,5,2,34.5,160.5,53.2
173,173,19,463.3,6,194.6,6,108.9,6.3407205302,10,7,2,219.3,193.4,50.6,1,4,1,37.2,128.4,29.0
174,174,19,473.1,9,275.8,6,106.6,6.61714943663,10,7,2,217.2,203.0,52.9,2,5,2,61.5,161.4,52.9
175,175,21,513.1,9,281.8,7,120.1,7.1604701894,11,8,2,229.1,230.1,53.9,2,5,2,58.9,169.0,53.9
176,176,20,494.9,9,278.8,5,82.8,7.02600245704,11,7,2,234.1,208.5,52.3,2,5,2,58.0,168.5,52.3
177,177,20,491.8,9,277.3,6,101.6,7.4045434132,11,7,2,230.8,207.8,53.2,2,5,2,52.4,171.7,53.2
178,178,21,502.7,7,226.9,8,134.4,7.73333538588,11,8,2,214.3,239.2,49.2,1,5,1,27.6,173.3,26.0
179,179,19,465.5,9,278.3,6,98.0,7.7731732402,10,7,2,198.7,216.3,50.5,3,5,1,78.8,172.9,26.6
180,180,12,337.5,8,247.4,0,0,6.54954890883,5,5,2,122.0,163.0,52.5,2,4,2,54.8,140.1,52.5
181,181,11,321.3,9,275.3,0,0,5.95037050031,4,5,2,105.9,161.6,53.8,3,4,2,81.6,139.9,53.8
182,182,12,349.2,9,280.4,0,0,6.1664782936,5,5,2,122.7,170.8,55.7,2,5,2,53.9,170.8,55.7
183,183,13,362.0,8,253.0,0,0,6.25094864595,7,5,1,177.2,157.5,27.3,3,4,1,89.9,135.8,27.3
184,184,11,317.5,8,251.0,0,0,6.60246510438,5,4,2,119.5,141.6,56.4,2,4,2,53.0,141.6,56.4
185,185,13,374.2,10,305.5,0,0,5.84605937845,5,6,2,121.3,196.5,56.4,2,6,2,52.6,196.5,56.4
186,186,10,298.5,8,249.9,0,0,5.48943429589,4,4,2,104.7,136.9,56.9,2,4,2,56.1,136.9,56.9
187,187,12,336.9,6,197.6,0,0,6.08158546912,5,5,2,122.7,156.1,58.1,1,3,2,29.3,110.2,58.1
188,188,13,360.5,8,251.5,0,0,6.06635318998,6,5,2,145.8,157.0,57.7,2,4,2,58.5,135.3,57.7
189,189,11,320.2,8,254.3,0,0,6.72405451279,4,5,2,106.8,158.7,54.7,2,4,2,64.6,135.0,54.7
190,190,11,324.0,8,257.6,0,0,7.25415241587,4,5,2,109.2,160.6,54.2,2,4,2,66.0,137.4,54.2
191,191,12,350.5,6,212.1,0,0,7.49126258728,5,5,2,135.7,164.0,50.8,2,3,1,68.8,115.3,28.0
192,192,12,345.5,6,210.4,0,0,7.62775533923,6,4,2,159.1,136.9,49.5,2,3,1,67.3,114.9,28.2
193,193,11,323.1,6,209.2,0,0,7.50214514777,5,5,1,133.5,161.3,28.3,2,3,1,66.8,114.1,28.3
194,194,10,296.4,6,205.6,0,0,7.08475671973,5,4,1,135.3,133.8,27.3,2,3,1,66.7,111.6,27.3
195,195,13,364.2,7,225.6,0,0,6.14964038974,7,5,1,178.2,157.2,28.8,3,3,1,83.6,113.2,28.8
196,196,13,362.2,8,251.7,0,0,6.4449642437,8,4,1,198.9,134.4,28.9,4,3,1,108.7,114.1,28.9
197,197,12,337.7,7,221.3,0,0,6.53236116762,7,4,1,171.7,138.1,27.9,3,3,1,78.6,114.8,27.9
198,198,9,268.5,5,177.1,0,0,7.59358281709,5,3,1,135.5,109.1,23.9,2,3,0,68.0,109.1,0
199,199,11,307.3,6,195.8,0,0,7.19712063638,5,5,1,131.8,148.3,27.2,2,3,1,65.4,103.2,27.2
200,200,7,213.4,6,191.6,0,0,7.50964459244,3,3,1,86.0,100.7,26.7,2,3,1,64.2,100.7,26.7
201,201,9,257.5,4,140.8,0,0,7.33390149314,4,4,1,108.7,124.0,24.8,1,3,0,39.0,101.8,0
202,202,9,271.6,7,226.6,0,0,6.85670798886,3,4,2,84.6,131.2,55.8,1,4,2,39.6,131.2,55.8
203,203,10,283.2,5,165.0,0,0,6.66579994366,4,5,1,110.3,147.5,25.4,1,3,1,38.6,101.0,25.4
204,204,12,335.1,6,197.7,0,0,6.76248004534,5,5,2,130.3,157.4,47.4,2,4,0,63.6,134.1,0
205,205,12,334.6,7,220.1,0,0,6.32151209376,6,4,2,145.6,136.1,52.9,2,3,2,54.5,112.7,52.9
206,206,13,369.8,7,229.5,0,0,5.97266207881,6,6,1,157.6,181.8,30.4,2,4,1,63.0,136.1,30.4
207,207,12,342.2,7,222.8,0,0,5.68184242419,6,5,1,157.0,156.7,28.5,3,3,1,85.3,109.0,28.5
208,208,11,305.7,7,218.1,0,0,6.31560837061,5,4,2,131.2,122.0,52.5,3,3,1,87.0,100.6,30.5
209,209,8,236.9,7,214.0,0,0,4.23199969619,5,2,1,138.0,67.8,31.1,4,2,1,115.1,67.8,31.1
210,210,13,362.0,8,250.8,0,0,7.04386439684,7,5,1,178.4,154.5,29.1,3,4,1,90.0,131.7,29.1
211,211,13,369.7,7,233.9,0,0,7.12770866192,7,5,1,177.0,162.4,30.3,2,4,1,64.4,139.2,30.3
212,212,11,312.0,5,172.2,0,0,7.03509384831,5,5,1,133.2,148.5,30.3,1,3,1,37.7,104.2,30.3
213,213,8,232.9,7,209.3,0,0,4.20932213749,5,2,1,137.5,64.5,30.9,4,2,1,113.9,64.5,30.9
214,214,11,319.6,7,228.7,1,19.7,6.4954389592,5,5,1,135.1,153.5,31.0,3,3,1,88.7,109.0,31.0
215,215,16,449.1,9,294.5,1,18.8,6.98061303421,7,7,2,178.9,217.7,52.5,3,5,1,91.7,171.9,30.9
216,216,15,422.7,8,264.3,1,18.8,6.8446224982,7,6,2,179.5,187.5,55.7,3,4,1,93.2,140.2,30.9
217,217,10,318.3,9,293.5,0,0,5.81760737379,4,5,1,122.8,164.5,31.0,4,4,1,122.8,139.7,31.0
218,218,13,370.3,8,257.8,0,0,6.51713717234,6,5,2,159.7,158.5,52.1,3,4,1,91.7,135.6,30.5
219,219,14,382.2,6,200.6,0,0,6.23673977948,7,6,1,177.2,174.8,30.2,1,4,1,38.8,131.6,30.2
220,220,13,365.1,8,252.9,0,0,6.22452757964,6,6,1,160.0,174.4,30.7,3,4,1,91.2,131.0,30.7
221,221,14,391.9,8,258.4,0,0,6.37488633814,7,5,2,183.3,155.3,53.3,3,4,1,94.9,133.3,30.2
222,222,11,321.8,7,230.2,0,0,6.21664919975,6,4,1,159.0,132.3,30.5,3,3,1,92.1,107.6,30.5
223,223,12,342.1,7,229.7,0,0,6.22727991594,6,4,2,159.7,131.2,51.2,3,3,1,92.2,106.6,30.9
224,224,12,331.1,7,218.4,0,0,5.50263710883,6,5,1,157.5,142.8,30.8,3,3,1,87.6,100.0,30.8
225,225,12,328.7,7,217.0,0,0,5.48940439447,7,4,1,175.2,122.9,30.6,3,3,1,86.7,99.7,30.6
226,226,10,287.9,6,195.3,0,0,5.73380811988,6,3,1,153.5,103.9,30.5,2,3,1,60.9,103.9,30.5
227,227,8,255.5,6,208.5,0,0,6.77536240465,4,3,1,112.8,113.5,29.2,2,3,1,65.8,113.5,29.2
228,228,10,280.1,5,167.2,0,0,6.34340427356,5,4,1,126.0,129.7,24.4,2,3,0,60.7,106.5,0
229,229,8,230.3,5,161.3,0,0,5.45224396792,4,3,1,114.9,88.9,26.5,2,2,1,68.7,66.1,26.5
230,230,13,361.5,7,223.3,0,0,5.2466594989,7,5,1,182.7,146.0,32.8,2,4,1,66.9,123.6,32.8
231,231,13,354.0,6,200.7,0,0,6.68946741968,7,5,1,172.6,149.7,31.7,2,3,1,64.3,104.7,31.7
232,232,10,265.9,4,132.4,0,0,6.74016979674,5,4,1,122.4,121.6,21.9,1,3,0,33.2,99.2,0
233,233,13,363.5,7,237.9,2,36.7,7.90026776567,7,5,1,191.6,153.3,18.6,3,4,0,102.7,135.2,0
234,234,14,376.0,7,233.9,4,74.2,7.82124466641,8,5,1,206.0,144.8,25.2,3,3,1,104.3,104.4,25.2
235,235,14,377.0,7,233.6,3,56.4,7.7449168016,8,5,1,211.1,143.4,22.5,4,3,0,131.0,102.6,0
236,236,14,370.0,7,218.7,3,56.4,6.5095703003,6,6,2,149.7,172.8,47.5,3,4,0,86.8,131.9,0
237,237,13,344.6,6,184.4,0,0,5.62516096636,7,5,1,182.8,138.6,23.2,2,4,0,69.7,114.7,0
238,238,12,323.8,5,157.8,0,0,5.45940944747,6,6,0,164.1,159.7,0,2,3,0,69.8,88.0,0
239,239,16,423.5,9,268.1,0,0,5.782008734,8,6,2,207.3,167.5,48.7,3,5,1,96.6,143.9,27.6
240,240,18,465.9,8,246.5,1,20.0,5.88729939086,10,6,2,249.8,165.8,50.3,3,4,1,97.7,121.7,27.1
241,241,18,467.5,8,249.0,1,19.4,6.15924036145,10,6,2,246.4,171.5,49.6,3,4,1,95.4,126.0,27.6
242,242,18,465.8,8,250.2,2,37.2,6.29084821322,10,6,2,244.0,171.3,50.5,3,4,1,97.2,125.4,27.6
243,243,18,468.1,7,225.6,1,16.7,6.36936345718,10,6,2,246.4,171.3,50.4,3,3,1,97.4,100.9,27.3
244,244,19,489.4,8,252.9,2,35.0,6.49198786449,11,6,2,265.9,173.1,50.4,3,4,1,96.8,128.6,27.5
245,245,19,487.8,8,253.9,3,54.5,6.66240214481,11,6,2,263.9,174.0,49.9,3,4,1,96.8,129.5,27.6
246,246,19,480.3,8,250.7,4,74.9,6.46551355246,11,6,2,260.0,172.4,47.9,3,4,1,97.5,127.0,26.2
247,247,19,472.6,7,217.7,5,93.3,6.33138936001,11,6,2,258.9,168.5,45.2,2,4,1,68.3,123.2,26.2
248,248,19,475.8,9,279.7,6,109.2,7.08373063901,11,6,2,250.6,176.5,48.7,4,4,1,121.0,132.5,26.2
249,249,20,510.5,10,300.6,4,71.3,6.32238088065,11,7,2,247.0,211.2,52.3,3,5,2,81.8,166.5,52.3
250,250,21,518.7,9,279.1,5,85.1,6.87553634272,11,8,2,238.9,227.8,52.0,3,4,2,86.9,140.2,52.0
251,251,21,520.9,8,255.6,4,66.8,6.89082550864,11,8,2,248.5,230.1,42.3,3,4,1,87.8,141.0,26.8
252,252,20,509.5,9,280.6,3,50.7,6.72183206543,11,7,2,249.5,211.2,48.8,4,4,1,112.2,140.9,27.5
253,253,20,494.9,8,249.8,6,107.1,6.89648842757,11,7,2,252.8,200.6,41.5,4,4,0,112.8,137.0,0
254,254,20,498.1,8,246.2,3,46.9,6.70408163184,11,7,2,244.2,207.4,46.5,3,4,1,82.8,138.0,25.4
255,255,20,503.4,10,295.9,3,49.4,6.63563743815,11,7,2,247.4,207.6,48.4,4,5,1,107.0,163.2,25.7
256,256,21,508.5,10,296.0,6,102.6,6.93255261172,11,8,2,247.2,213.7,47.6,4,5,1,113.7,156.9,25.4
257,257,21,530.2,11,328.6,3,48.6,6.57142443064,11,8,2,250.7,225.9,53.6,4,5,2,112.8,162.2,53.6
258,258,21,536.2,10,310.9,3,46.5,6.83171525558,11,8,2,256.6,226.2,53.4,4,5,1,120.9,160.9,29.1
259,259,20,516.3,12,357.6,3,48.6,6.50896345536,11,7,2,257.3,204.2,54.8,5,5,2,143.0,159.8,54.8
260,260,21,536.8,11,333.3,4,68.4,7.085088298,11,8,2,250.2,236.8,49.8,4,6,1,115.8,191.4,26.1
261,261,20,510.9,9,270.8,2,33.8,6.01117161712,11,7,2,254.5,201.8,54.6,2,5,2,57.5,158.7,54.6
262,262,21,543.9,10,299.8,3,54.3,5.5634521657,11,8,2,263.3,222.9,57.7,3,5,2,87.2,154.9,57.7
263,263,21,523.3,11,316.7,3,51.6,5.36186712327,11,8,2,258.1,209.8,55.4,5,4,2,139.0,122.3,55.4
264,264,20,507.6,10,295.7,3,52.8,5.64722568123,10,8,2,234.6,217.4,55.6,3,5,2,87.4,152.7,55.6
265,265,20,512.5,9,271.9,2,33.6,5.63250668699,10,8,2,236.7,220.5,55.3,2,5,2,59.4,157.2,55.3
266,266,20,506.9,8,247.8,2,32.7,5.8764001691,10,8,2,233.6,219.5,53.8,2,5,1,59.8,157.3,30.7
267,267,20,501.5,8,249.5,4,70.7,6.60102663467,10,8,2,224.6,223.5,53.4,2,5,1,59.9,159.5,30.1
268,268,21,520.6,8,248.9,4,71.4,6.41029677643,11,8,2,262.0,213.9,44.7,3,5,0,99.2,149.7,0
269,269,21,526.2,11,325.2,4,69.7,6.17677678313,11,8,2,252.5,218.3,55.4,4,5,2,112.1,157.7,55.4
270,270,21,535.6,10,305.3,3,52.1,6.07021220308,11,8,2,253.6,225.2,56.8,3,5,2,86.4,162.1,56.8
271,271,20,502.5,10,305.4,6,105.5,6.71548681466,10,8,2,230.5,215.6,56.4,3,5,2,86.3,162.7,56.4
272,272,20,486.2,9,270.6,7,121.6,6.72386949997,10,8,2,217.4,214.4,54.4,2,5,2,57.2,159.0,54.4
273,273,21,508.0,8,245.9,7,121.4,6.51789112842,11,8,2,238.3,214.3,55.4,1,5,2,30.9,159.6,55.4
274,274,21,512.8,9,273.2,7,124.3,6.45744679015,11,8,2,248.2,207.9,56.7,3,4,2,84.1,132.4,56.7
275,275,21,523.7,11,327.6,6,107.3,6.40230241323,11,8,2,258.1,209.7,55.9,5,4,2,137.5,134.2,55.9
276,276,21,510.8,8,249.8,7,123.5,6.50814142147,11,8,2,246.8,209.3,54.7,2,4,2,61.7,133.4,54.7
277,277,17,415.0,7,218.2,6,106.6,7.17076376275,9,6,2,196.2,165.8,53.0,3,3,1,85.9,103.6,28.7
278,278,10,291.7,7,224.1,0,0,6.00167569193,4,4,2,110.3,127.8,53.6,2,3,2,66.6,103.9,53.6
279,279,10,311.2,10,311.2,0,0,3.99633165124,3,5,2,94.1,162.8,54.3,3,5,2,94.1,162.8,54.3
280,280,12,354.9,10,308.3,0,0,5.29238303431,6,4,2,161.1,135.3,58.5,4,4,2,114.5,135.3,58.5
281,281,13,361.0,9,275.4,1,16.9,6.11410726863,7,4,2,186.4,117.9,56.7,4,3,2,117.7,101.0,56.7
282,282,14,386.1,8,255.0,1,16.9,6.49475274255,7,5,2,187.6,141.2,57.3,3,3,2,93.8,103.9,57.3
283,283,11,314.4,8,244.8,0,0,5.58566346674,5,4,2,133.2,124.7,56.5,3,3,2,87.3,101.0,56.5
284,284,16,411.9,7,216.8,1,16.9,6.23826565107,9,5,2,217.9,135.7,58.3,2,3,2,61.4,97.1,58.3
285,285,11,319.4,9,274.9,0,0,6.12148229227,5,4,2,131.4,129.0,59.0,3,4,2,86.9,129.0,59.0
286,286,12,347.3,8,253.3,0,0,5.84892505016,7,3,2,182.6,105.8,58.9,3,3,2,88.6,105.8,58.9
287,287,18,483.0,8,263.1,3,54.7,6.7287792792,9,7,2,216.8,213.6,52.6,2,5,1,69.1,166.3,27.7
288,288,19,506.8,9,284.5,2,37.0,5.57423060015,10,7,2,246.4,209.8,50.6,2,6,1,69.9,185.1,29.5
289,289,19,509.4,10,309.8,3,57.4,5.65134150611,10,7,2,248.7,208.4,52.3,3,6,1,94.8,185.2,29.8
290,290,19,503.0,9,287.9,3,57.4,6.39164751021,10,7,2,241.9,211.6,49.5,3,5,1,96.5,163.5,27.9
291,291,19,499.6,8,267.5,4,75.5,7.17855399276,10,7,2,240.7,199.0,59.9,2,4,2,73.9,133.7,59.9
292,292,18,473.2,8,260.0,3,54.3,6.88458541525,9,7,2,208.3,204.8,60.1,2,4,2,61.5,138.4,60.1
293,293,18,472.0,9,284.2,4,73.0,6.88430060146,9,7,2,207.7,205.7,58.6,2,5,2,60.9,164.7,58.6
294,294,19,484.8,8,259.7,4,69.2,7.18975066465,10,7,2,220.7,204.6,59.5,2,4,2,60.9,139.3,59.5
295,295,18,472.4,9,287.9,3,51.4,7.35472814887,9,7,2,207.9,205.3,59.2,3,4,2,87.0,141.7,59.2
296,296,19,489.0,8,262.7,6,111.3,7.33713617507,10,7,2,222.2,207.7,59.1,2,4,2,63.0,140.6,59.1
297,297,19,477.9,9,288.1,6,102.2,7.91856948508,10,7,2,218.4,199.8,59.7,2,5,2,62.0,166.4,59.7
298,298,19,470.9,8,259.9,7,122.7,7.74942744537,10,7,2,211.0,200.8,59.1,2,4,2,60.9,139.9,59.1
299,299,19,492.7,10,313.3,5,92.5,6.95142292641,10,7,2,225.8,208.6,58.3,3,5,2,88.2,166.8,58.3
300,300,17,455.5,9,287.3,2,35.4,6.86143849607,9,6,2,211.6,187.4,56.5,3,4,2,88.8,142.0,56.5
301,301,17,447.8,10,313.3,4,66.2,7.45998146978,9,6,2,204.4,185.6,57.8,3,5,2,89.4,166.1,57.8
302,302,18,457.2,9,287.3,6,102.5,7.76667087436,9,7,2,195.1,204.7,57.4,3,4,2,89.1,140.8,57.4
303,303,19,467.3,8,259.0,6,101.0,7.91738408568,10,7,2,208.7,202.6,56.0,2,4,2,60.4,142.6,56.0
304,304,19,485.0,8,264.7,5,83.5,7.78394659292,9,8,2,198.8,227.1,59.1,2,4,2,63.4,142.2,59.1
305,305,19,482.3,9,292.4,6,102.8,7.93657238904,9,8,2,198.5,225.2,58.6,3,4,2,91.2,142.6,58.6
306,306,18,467.6,10,318.7,5,84.7,7.87479639741,9,7,2,206.3,203.2,58.1,4,4,2,117.9,142.7,58.1
307,307,18,463.1,10,315.9,6,102.9,7.95825916196,9,7,2,202.0,202.8,58.3,4,4,2,116.3,141.3,58.3
308,308,18,462.5,9,290.9,7,126.1,7.87396844577,9,7,2,202.2,201.9,58.4,3,4,2,90.2,142.3,58.4
309,309,19,480.6,9,286.7,5,84.8,7.54213893064,9,8,2,199.3,224.1,57.2,3,4,2,89.8,139.7,57.2
310,310,19,490.9,10,315.6,4,66.0,7.59848014966,9,8,2,201.4,233.0,56.5,3,5,2,90.2,168.9,56.5
311,311,19,508.8,11,342.1,3,48.7,6.97269109115,9,8,2,214.8,237.2,56.8,4,5,2,117.1,168.2,56.8
312,312,19,498.5,9,287.0,4,73.6,6.8918801278,9,8,2,220.5,223.9,54.1,2,5,2,75.2,157.7,54.1
313,313,20,537.9,13,394.3,3,54.2,6.50744310689,10,8,2,249.0,234.6,54.3,5,6,2,145.5,194.5,54.3
314,314,20,520.4,13,388.9,5,87.2,7.03454633258,10,8,2,240.6,225.6,54.2,5,6,2,141.8,192.9,54.2
315,315,20,522.1,11,341.0,5,92.3,6.90746926008,10,8,2,242.2,226.4,53.5,5,5,1,142.2,169.7,29.1
316,316,20,520.8,12,358.8,4,72.8,6.38364687059,10,8,2,240.5,226.6,53.7,5,6,1,138.2,191.8,28.8
317,317,20,506.0,10,298.9,4,70.3,6.37734477003,10,8,2,230.8,220.4,54.8,3,5,2,79.8,164.3,54.8
318,318,20,510.8,12,353.8,5,89.5,6.4847513445,10,8,2,229.0,227.1,54.7,4,6,2,108.8,190.3,54.7
319,319,20,505.7,11,324.0,5,91.3,6.32990188666,10,8,2,233.1,218.4,54.2,4,5,2,106.7,163.1,54.2
320,320,20,509.3,10,304.0,4,72.1,6.62962053371,10,8,2,239.2,217.8,52.3,3,5,2,88.3,163.4,52.3
321,321,20,506.5,9,277.0,5,96.3,6.3061269288,10,8,2,244.2,213.1,49.2,2,6,1,75.3,174.8,26.9
322,322,19,490.2,8,261.1,6,111.1,6.94334213474,9,8,2,212.4,221.6,56.2,2,5,1,69.6,159.9,31.6
323,323,19,496.3,9,289.1,5,91.2,6.91773718201,10,7,2,244.2,193.9,58.2,3,4,2,96.1,134.8,58.2
324,324,20,509.1,9,283.5,5,89.8,6.87233010358,10,8,2,241.1,213.9,54.1,4,4,1,114.4,137.5,31.6
325,325,19,485.6,8,262.7,5,90.7,7.27959978978,9,8,2,213.4,221.2,51.0,2,5,1,62.7,168.7,31.3
326,326,19,441.3,9,253.8,7,123.9,5.70904176677,9,8,2,196.2,201.1,44.0,2,6,1,59.5,169.0,25.3
327,327,20,454.8,8,226.1,9,160.8,5.36051843526,10,8,2,203.2,199.9,51.7,1,5,2,33.8,140.6,51.7
328,328,19,433.6,7,200.2,7,125.2,5.13123105733,9,8,2,183.9,204.0,45.7,1,5,1,33.3,139.5,27.4
329,329,19,455.6,8,238.7,8,146.8,5.88997066087,9,8,2,192.8,212.4,50.4,1,6,1,34.9,176.2,27.6
330,330,19,458.7,8,238.1,5,88.8,5.85332913719,9,8,2,194.4,213.0,51.3,1,6,1,35.7,175.3,27.1
331,331,19,459.7,6,187.5,5,91.4,5.87182289358,9,8,2,200.1,213.3,46.3,1,5,0,37.1,150.4,0
332,332,19,450.0,6,180.0,5,88.4,5.55700390477,9,8,2,205.0,197.4,47.6,1,4,1,36.9,117.2,25.9
333,333,19,456.3,6,182.6,5,90.9,5.49345703318,9,8,2,205.2,199.5,51.6,1,4,1,36.7,118.4,27.5
334,334,20,492.1,8,237.9,5,90.9,5.536431969,10,8,2,234.4,207.1,50.6,2,5,1,64.2,148.0,25.7
335,335,20,486.1,8,244.9,6,99.1,6.85991215227,10,8,2,224.5,212.6,49.0,2,5,1,67.8,151.8,25.3
336,336,7,197.9,5,150.3,0,0,4.73663533383,3,3,1,84.8,88.0,25.1,1,3,1,37.2,88.0,25.1
337,337,2,58.3,2,58.3,0,0,5.72756492761,1,1,0,25.1,33.2,0,1,1,0,25.1,33.2,0
338,338,12,324.7,8,232.3,0,0,4.37336116492,8,3,1,214.1,82.2,28.4,5,2,1,145.3,58.6,28.4
339,339,14,369.3,7,211.8,0,0,4.8906785075,10,3,1,262.6,79.4,27.3,5,1,1,152.1,32.4,27.3
340,340,15,369.4,8,225.6,3,56.6,4.37124805105,10,4,1,245.3,103.4,20.7,5,3,0,140.5,85.1,0
341,341,16,410.4,10,280.8,2,38.9,4.14053136687,10,5,1,253.2,134.5,22.7,6,4,0,165.9,114.9,0
342,342,17,444.1,9,267.7,2,38.4,4.94981431618,10,5,2,249.5,132.4,62.2,6,2,1,166.3,63.7,37.7
343,343,17,453.4,9,273.5,1,17.9,5.00022058337,10,5,2,257.2,134.5,61.7,6,2,1,171.1,64.5,37.9
344,344,17,440.2,7,225.9,2,36.7,5.85368159668,10,5,2,255.9,124.3,60.0,4,2,1,127.5,62.2,36.2
345,345,18,446.8,7,236.6,8,141.3,7.85714778032,11,5,2,270.6,123.2,53.0,4,2,1,137.1,62.6,36.9
346,346,18,454.2,8,256.4,5,84.5,6.89893427405,11,5,2,275.2,126.0,53.0,5,2,1,156.9,62.6,36.9
347,347,19,473.6,9,277.7,7,123.3,6.5968714896,12,5,2,293.2,125.7,54.7,5,3,1,152.5,87.8,37.4
