,e_id,num_sat,sum_snr,num_sat_25,sum_snr_25,snr_std,elev_0_30,elev_30_60,elev_60_90,elev_0_30_25,elev_30_60_25,elev_60_90_25
1,1,18,427.9,8,244.3,7.4412052752,9,6,3,3,3,2
2,2,18,440.0,10,300.1,7.5180740824,9,6,3,4,4,2
3,3,18,454.7,9,280.3,7.43427190065,9,6,3,3,4,2
4,4,18,437.4,9,275.8,7.55084724502,9,6,3,4,4,1
5,5,17,403.1,6,189.1,7.3756255966,8,6,3,2,3,1
6,6,16,379.2,7,217.2,8.19642198361,7,6,3,2,4,1
7,7,16,379.1,8,244.6,8.15945004274,7,6,3,2,4,2
8,8,18,418.0,8,238.1,7.18802562727,9,6,3,2,4,2
9,9,18,413.5,6,187.2,7.18861890978,9,6,3,2,4,0
10,10,17,395.2,7,219.9,7.97935755928,8,6,3,2,4,1
11,11,17,399.6,8,248.5,8.13921607007,8,6,3,3,4,1
12,12,18,427.6,8,251.1,7.94956323049,9,6,3,3,4,1
13,13,18,436.1,9,278.7,7.99902976143,9,6,3,4,4,1
14,14,18,439.6,8,256.1,8.06813307041,9,6,3,3,4,1
15,15,18,447.7,9,281.4,7.75285947669,9,6,3,3,4,2
16,16,18,433.2,8,253.5,7.72421707436,9,6,3,2,4,2
17,17,17,406.3,8,250.3,7.86368234353,8,6,3,2,4,2
18,18,17,417.2,9,283.8,8.37213076399,8,6,3,3,4,2
19,19,18,432.6,9,275.6,8.00301413807,9,6,3,3,4,2
20,20,17,416.2,6,195.9,7.60223941465,8,6,3,1,4,1
21,21,18,454.1,9,280.2,7.1088847107,9,6,3,3,4,2
22,22,18,449.2,10,307.0,7.66751913419,9,6,3,4,4,2
23,23,18,462.2,10,317.2,7.78562442662,9,6,3,4,4,2
24,24,18,470.7,10,325.8,8.22944855561,9,6,3,4,4,2
25,25,18,452.2,9,288.8,7.91911726777,9,6,3,4,3,2
26,26,18,457.4,9,290.7,7.96838524412,9,6,3,4,3,2
27,27,17,436.5,9,290.8,8.124540711,8,6,3,4,3,2
28,28,17,427.1,9,285.7,8.17049030137,8,6,3,4,3,2
29,29,17,433.5,9,286.5,8.03935631752,8,6,3,4,3,2
30,30,17,430.6,9,289.5,8.33049853744,8,6,3,4,3,2
31,31,17,428.5,9,283.3,8.09378392566,8,6,3,4,3,2
32,32,17,416.3,9,285.9,9.0151873492,8,6,3,4,3,2
33,33,17,423.0,9,291.1,8.95176206775,8,6,3,4,3,2
34,34,17,430.1,7,239.1,8.40505800099,8,6,3,2,3,2
35,35,16,418.5,8,265.5,8.26776622392,7,6,3,3,3,2
36,36,16,419.3,9,292.9,8.49395618464,7,6,3,3,4,2
37,37,16,418.8,8,267.1,8.52740679613,7,6,3,3,3,2
38,38,16,411.1,8,266.3,8.61947165821,7,6,3,3,3,2
39,39,16,409.8,7,236.4,8.40364008431,7,6,3,2,3,2
40,40,17,425.2,6,207.0,8.25612517717,8,6,3,1,3,2
41,41,16,417.7,8,259.9,7.86769502459,7,6,3,1,4,3
42,42,17,424.1,6,205.1,7.87155620312,8,6,3,1,3,2
43,43,16,418.9,7,232.7,7.79206594342,7,6,3,1,4,2
44,44,16,416.0,9,292.7,9.18157575438,7,6,3,3,4,2
45,45,16,415.3,9,294.5,9.05022789768,7,6,3,3,4,2
46,46,15,381.4,7,236.9,9.27819769034,6,6,3,1,4,2
47,47,15,380.5,7,236.5,9.31570614352,6,6,3,1,4,2
48,48,16,397.0,9,280.1,8.35415066499,7,6,3,2,4,3
49,49,15,354.9,7,214.7,7.72757585349,6,6,3,1,4,2
50,50,17,370.0,5,148.5,6.26856654033,8,6,3,0,4,1
51,51,18,391.8,5,147.7,6.10207293611,9,6,3,0,4,1
52,52,18,385.0,4,123.5,6.49541819411,9,6,3,1,3,0
53,53,18,401.5,5,154.7,6.78904586749,9,6,3,1,3,1
54,54,16,349.9,4,124.2,6.54825358397,7,6,3,1,3,0
55,55,16,348.9,4,124.3,6.60428837953,7,6,3,1,3,0
56,56,16,353.8,3,100.3,6.53440892507,7,6,3,0,3,0
57,57,16,345.8,6,165.3,5.63499482401,7,6,3,2,3,1
58,58,16,352.0,6,166.2,5.90333239225,7,6,3,2,2,2
59,59,16,351.1,6,164.4,5.6174690327,7,6,3,2,3,1
60,60,16,346.2,4,120.2,5.90591511396,7,6,3,1,3,0
61,61,16,377.2,6,188.1,7.17890428037,7,6,3,2,3,1
62,62,16,369.0,4,131.4,7.06322636383,7,6,3,1,2,1
63,63,16,363.5,5,156.1,7.00915770023,7,6,3,1,2,2
64,64,16,395.2,8,245.4,7.55821848498,7,6,3,2,4,2
65,65,16,388.6,8,241.2,7.13618712385,7,6,3,2,4,2
66,66,17,391.9,6,182.1,6.53109080161,8,6,3,0,4,2
67,67,18,392.7,5,139.8,4.91519253408,9,6,3,1,3,1
68,68,19,394.2,4,109.3,4.23980717867,10,6,3,0,3,1
69,69,19,387.5,4,109.4,4.56526422312,10,6,3,1,2,1
70,70,19,386.8,4,110.8,4.75456690275,10,6,3,1,2,1
71,71,19,402.6,6,165.1,5.03464604701,10,6,3,1,3,2
72,72,17,375.0,5,143.9,5.49921117338,8,6,3,2,2,1
73,73,19,411.3,5,146.9,5.71434534221,10,6,3,2,2,1
74,74,18,378.0,4,111.3,4.67936647296,9,6,3,1,3,0
75,75,18,364.6,4,112.1,5.30207753091,9,6,3,1,3,0
76,76,18,360.7,3,87.5,5.4012132503,9,6,3,0,3,0
77,77,18,366.8,3,91.6,5.6838838788,9,6,3,0,3,0
78,78,18,367.0,5,134.9,4.79336414946,9,6,3,0,4,1
79,79,18,372.7,4,112.6,4.90491616793,9,6,3,0,4,0
80,80,17,368.5,5,148.6,6.2170661702,9,5,3,1,4,0
81,81,17,361.4,4,119.0,5.79731175023,9,5,3,1,3,0
82,82,17,370.2,4,122.6,5.99578283168,9,5,3,1,2,1
83,83,18,383.4,5,146.4,5.86073675352,10,5,3,2,2,1
84,84,18,372.2,3,91.3,5.46750352275,10,5,3,1,1,1
85,85,18,375.4,6,164.9,5.40078667714,10,5,3,1,4,1
86,86,17,371.4,5,141.6,5.45265046182,9,5,3,1,2,2
87,87,17,379.4,6,171.6,5.78815982136,9,5,3,2,2,2
88,88,17,376.8,6,172.0,5.91955880709,9,5,3,2,2,2
89,89,17,376.0,5,148.3,6.1253811406,9,5,3,1,2,2
90,90,17,373.8,4,124.6,6.2231304776,9,5,3,1,2,1
91,91,18,380.5,4,121.7,6.11479775904,10,5,3,1,2,1
92,92,18,394.0,7,200.3,6.09608253079,10,5,3,2,3,2
93,93,18,390.9,6,175.1,6.19043379645,10,5,3,2,3,1
94,94,18,391.5,6,175.2,6.34936309914,10,5,3,2,2,2
95,95,18,388.7,5,148.0,6.31640927615,10,5,3,1,2,2
96,96,18,391.2,5,148.1,6.4291615042,10,5,3,1,2,2
97,97,18,386.5,4,121.9,6.29161959468,10,5,3,1,2,1
98,98,18,386.5,3,94.5,5.96842727886,10,5,3,1,1,1
99,99,18,389.4,4,120.4,5.91896254821,10,5,3,1,2,1
100,100,18,391.7,6,175.9,6.39927743062,10,5,3,1,3,2
101,101,18,396.2,7,204.5,6.71905883543,10,5,3,1,4,2
102,102,16,370.3,6,194.4,8.3171284107,7,6,3,0,4,2
103,103,17,392.6,6,185.8,7.32602131005,8,6,3,2,3,1
104,104,17,374.5,6,178.9,6.79142517314,8,6,3,2,2,2
105,105,17,377.1,5,150.9,6.50550106584,8,6,3,1,2,2
106,106,17,379.2,6,175.1,6.40248687896,8,6,3,1,3,2
107,107,17,366.8,5,142.9,5.81286605425,8,6,3,1,3,1
108,108,17,354.6,5,140.9,5.59788563025,8,6,3,2,2,1
109,109,17,352.3,5,142.2,6.06419094065,8,6,3,2,2,1
110,110,17,352.0,3,90.1,5.74907281527,8,6,3,0,2,1
111,111,17,350.9,4,117.1,6.41736499892,8,6,3,1,2,1
112,112,18,400.2,7,214.8,7.87647278478,9,6,3,2,3,2
113,113,18,407.7,8,243.9,7.92622230322,9,6,3,3,3,2
114,114,19,413.3,5,161.4,7.50410024372,10,6,3,1,3,1
115,115,19,399.0,5,156.2,7.23448531533,10,6,3,1,3,1
116,116,19,421.3,7,210.1,7.11085571544,10,6,3,2,3,2
117,117,19,397.2,6,168.7,5.97833808979,10,6,3,1,3,2
118,118,19,398.6,5,152.5,6.701623265,10,6,3,1,3,1
119,119,19,398.9,5,157.2,6.69464742115,10,6,3,1,3,1
120,120,18,392.5,6,179.3,6.50623883598,9,6,3,2,3,1
121,121,18,388.5,5,151.9,6.50802671819,9,6,3,2,2,1
122,122,18,384.6,6,176.2,6.63590944164,9,6,3,2,3,1
123,123,18,384.1,5,155.4,6.74485763935,9,6,3,1,3,1
124,124,17,369.0,5,154.2,6.51310895313,9,5,3,1,3,1
125,125,17,368.1,5,152.2,6.69291767907,9,5,3,1,3,1
126,126,17,368.3,5,152.4,6.79668496185,9,5,3,1,3,1
127,127,17,365.9,5,146.7,6.21425070018,9,5,3,2,2,1
128,128,17,363.6,5,139.3,5.8300817268,9,5,3,2,3,0
129,129,17,361.0,6,169.0,6.20160676523,9,5,3,2,3,1
130,130,17,355.1,6,167.6,6.19141364643,9,5,3,2,3,1
131,131,18,363.9,6,164.9,6.11605890019,10,5,3,2,3,1
132,132,18,374.8,6,167.1,5.9863133657,10,5,3,2,3,1
133,133,18,389.7,5,146.3,5.77665178822,10,5,3,1,3,1
134,134,18,386.6,5,142.5,5.55777733351,10,5,3,1,3,1
135,135,18,384.8,6,168.0,5.82000157222,10,5,3,2,3,1
136,136,18,400.3,7,196.5,5.55984964766,10,5,3,3,2,2
137,137,18,388.9,6,167.7,5.2574286068,10,5,3,2,3,1
138,138,18,384.9,6,164.1,4.87348769907,10,5,3,2,3,1
139,139,18,384.7,5,144.9,5.6060687238,10,5,3,2,2,1
140,140,18,389.2,6,170.3,5.81757535461,10,5,3,3,2,1
141,141,18,370.4,4,116.7,5.8052264034,10,5,3,2,2,0
142,142,18,383.4,5,145.8,6.13984096364,10,5,3,2,2,1
143,143,18,392.3,6,175.7,6.37665523814,10,5,3,3,2,1
144,144,18,387.2,5,143.3,5.11582192682,10,5,3,2,2,1
145,145,18,381.6,5,143.2,5.3517451799,10,5,3,2,2,1
146,146,18,381.6,4,112.3,4.74192812608,10,5,3,0,3,1
147,147,18,396.9,6,175.1,5.75451229599,10,5,3,2,3,1
148,148,18,388.8,5,155.7,6.66518611011,10,5,3,2,2,1
149,149,18,370.4,5,149.2,6.24862860771,9,6,3,2,2,1
150,150,18,390.4,4,122.9,6.00655415446,9,6,3,1,2,1
151,151,17,385.4,5,149.4,6.11706268419,8,6,3,1,3,1
152,152,17,382.5,7,199.9,6.1760626616,8,6,3,3,3,1
153,153,17,389.2,7,201.0,6.01284776419,8,6,3,3,3,1
154,154,17,390.3,6,177.6,6.10727627748,8,6,3,2,3,1
155,155,17,395.8,7,204.1,5.94750318349,8,6,3,3,3,1
156,156,17,391.2,7,199.2,5.66048610467,8,6,3,3,3,1
157,157,17,356.8,4,117.9,5.87855024144,8,6,3,2,1,1
158,158,17,368.6,5,144.2,5.62941330137,8,6,3,3,2,0
159,159,17,371.8,5,143.3,5.30704304508,8,6,3,3,2,0
160,160,17,381.8,6,180.2,6.51182182875,8,6,3,3,2,1
161,161,16,367.0,5,157.4,6.66051799787,7,6,3,2,2,1
162,162,17,370.5,4,128.2,6.6781800092,8,6,3,1,2,1
163,163,17,370.3,4,125.6,6.25382236058,8,6,3,1,2,1
164,164,17,378.6,6,182.3,6.59088050888,8,6,3,2,3,1
165,165,17,374.9,6,183.0,7.00313480227,8,6,3,2,3,1
166,166,16,343.0,5,151.1,6.91229580771,7,6,3,2,2,1
167,167,16,348.9,6,169.3,5.6477097128,7,6,3,2,3,1
168,168,15,338.4,5,141.4,4.95419014573,7,5,3,2,3,0
169,169,16,351.3,5,139.6,5.05265194395,8,5,3,2,3,0
170,170,16,364.1,6,171.9,5.35897611489,8,5,3,2,3,1
171,171,16,364.6,5,148.7,5.40146585043,8,5,3,2,3,0
172,172,17,365.4,6,173.5,6.57775328173,9,5,3,2,3,1
173,173,17,370.6,6,171.5,6.3869985126,9,5,3,2,3,1
174,174,17,364.9,6,173.6,6.66126312876,9,5,3,2,3,1
175,175,17,366.2,6,173.0,6.55353519327,9,5,3,2,3,1
176,176,17,358.6,5,145.3,6.10895557647,9,5,3,2,3,0
177,177,17,363.9,5,144.1,5.64318954451,9,5,3,2,3,0
178,178,17,367.8,5,144.8,5.99572151376,9,5,3,2,3,0
179,179,17,375.3,6,173.5,6.06285096013,9,5,3,3,3,0
180,180,17,368.4,7,196.6,6.26844924063,9,5,3,2,3,2
181,181,17,359.3,5,141.5,5.87334457278,9,5,3,1,3,1
182,182,17,377.0,6,179.0,6.69715699119,9,5,3,2,3,1
183,183,17,383.0,7,215.3,7.85929105469,9,5,3,2,3,2
184,184,17,374.4,6,184.5,7.30954251405,9,5,3,2,3,1
185,185,17,377.3,6,178.9,6.6781800092,9,5,3,2,3,1
186,186,17,384.2,5,151.1,6.0393501306,9,5,3,1,3,1
187,187,17,364.6,5,147.3,6.00646710295,9,5,3,1,3,1
188,188,17,364.4,5,144.6,5.84839093004,9,5,3,2,2,1
189,189,17,370.6,6,172.2,5.91375515219,9,5,3,3,2,1
190,190,17,365.5,5,141.8,5.25416501454,9,5,3,2,2,1
191,191,17,374.5,6,165.8,5.0103349072,9,5,3,3,3,0
192,192,17,392.5,7,205.1,5.94073673387,9,5,3,3,3,1
193,193,17,386.7,5,153.9,6.26908263296,9,5,3,2,3,0
194,194,17,375.7,5,153.5,6.58663419358,9,5,3,2,3,0
195,195,17,374.7,6,178.2,6.73313251982,9,5,3,3,3,0
196,196,17,370.2,6,179.8,6.89288849211,9,5,3,3,3,0
197,197,17,365.1,6,183.1,7.56269870911,9,5,3,3,3,0
198,198,17,365.5,6,181.1,7.16650193609,9,5,3,3,3,0
199,199,17,373.6,5,156.3,6.94410986122,9,5,3,3,2,0
200,200,17,373.3,6,181.1,7.08581847985,9,5,3,3,3,0
201,201,17,379.7,6,181.9,6.98649958639,9,5,3,3,3,0
202,202,17,379.4,6,183.3,6.95846923667,9,5,3,3,3,0
203,203,17,375.7,6,182.1,6.99499821301,9,5,3,3,3,0
204,204,17,372.5,6,179.8,6.82823937345,9,5,3,3,3,0
205,205,17,366.0,5,150.4,6.5907856802,9,5,3,2,3,0
206,206,17,358.9,5,150.5,6.72949499897,9,5,3,2,3,0
207,207,17,377.8,5,149.8,5.89772513472,9,5,3,2,3,0
208,208,17,399.2,6,182.6,5.73772987493,9,5,3,2,3,1
209,209,17,410.4,8,236.7,6.05072917337,9,5,3,3,3,2
210,210,17,403.2,7,206.5,5.86549606748,9,5,3,3,2,2
211,211,17,415.4,7,219.7,6.78987676402,9,5,3,3,3,1
212,212,3,93.5,3,93.5,2.22336081942,1,1,1,1,1,1
213,213,10,314.7,10,314.7,5.25886553038,6,3,1,6,3,1
214,214,16,468.3,11,357.5,6.28487271152,10,4,2,6,4,1
215,215,20,532.8,10,311.9,5.62395253405,11,6,3,6,3,1
216,216,19,507.2,11,341.6,6.16715977166,10,6,3,7,3,1
217,217,20,535.8,12,369.3,6.21279664123,11,6,3,7,3,2
218,218,20,528.2,12,373.3,6.85034766694,11,6,3,7,3,2
219,219,20,542.1,12,377.4,6.23086333462,11,6,3,7,3,2
220,220,20,522.0,10,314.2,6.55575279711,11,6,3,7,3,0
221,221,20,517.8,9,292.6,7.36513122047,11,6,3,7,2,0
222,222,19,518.7,12,372.3,6.48810878111,11,5,3,7,3,2
223,223,19,515.6,13,393.8,6.31974072308,11,5,3,7,4,2
224,224,20,551.0,15,460.0,6.9882984903,12,5,3,9,5,1
225,225,19,532.3,14,435.0,7.31795836418,11,5,3,8,4,2
226,226,20,563.7,13,414.6,6.2877721768,12,5,3,7,3,3
227,227,20,565.4,12,384.6,6.12828644377,11,6,3,7,3,2
228,228,21,589.1,14,438.9,6.22652543941,12,6,3,8,4,2
229,229,18,489.4,10,319.1,7.23251554065,11,5,2,7,3,0
230,230,19,519.7,13,401.4,6.89132856253,12,5,2,8,4,1
231,231,18,508.6,11,348.6,6.19594005802,11,5,2,7,3,1
232,232,18,506.2,12,366.6,5.22747892848,11,5,2,6,4,2
233,233,18,497.6,12,354.7,3.98913557232,11,5,2,7,4,1
234,234,13,395.5,11,348.1,6.50424910426,7,4,2,6,3,2
235,235,16,459.6,12,371.7,5.97277155096,10,4,2,7,3,2
236,236,16,463.2,11,346.3,5.99788851736,10,4,2,7,3,1
237,237,18,494.1,11,335.8,5.46230397414,10,5,3,6,3,2
238,238,20,537.0,11,338.7,5.78814578073,11,6,3,4,4,3
239,239,17,472.3,11,345.1,6.2816434249,10,5,2,6,3,2
240,240,12,366.4,11,341.4,4.72196671917,7,3,2,6,3,2
241,241,10,325.5,10,325.5,5.1099575993,5,3,2,5,3,2
242,242,14,422.3,10,325.2,5.46254479198,6,5,3,5,3,2
243,243,13,387.8,9,294.0,5.85126547785,6,5,2,4,3,2
244,244,16,438.0,9,271.7,3.84768328565,9,4,3,4,3,2
245,245,18,479.2,9,274.9,5.01920494707,9,6,3,4,4,1
246,246,18,472.9,10,303.0,5.70477669363,10,5,3,5,4,1
