,e_id,num_sat,sum_snr,num_sat_25,sum_snr_25,num_sat_u20,sum_sat_u20,snr_std,elev_0_30,elev_30_60,elev_60_90,sum_elev_0_30,sum_elev_30_60,sum_elev_60_90,elev_0_30_25,elev_30_60_25,elev_60_90_25,sum_elev_0_30_25,sum_elev_30_60_25,sum_elev_60_90_25
1,1,18,427.9,8,244.3,7,111.5,7.4412052752,9,6,3,192.1,158.7,77.1,3,3,2,79.9,104.8,59.6
2,2,18,440.0,10,300.1,6,94.9,7.5180740824,9,6,3,199.5,160.5,80.0,4,4,2,111.1,130.4,58.6
3,3,18,454.7,9,280.3,5,78.3,7.43427190065,9,6,3,205.8,170.4,78.5,3,4,2,90.9,134.1,55.3
4,4,18,437.4,9,275.8,6,97.0,7.55084724502,9,6,3,203.5,164.6,69.3,4,4,1,115.4,132.1,28.3
5,5,17,403.1,6,189.1,6,94.6,7.3756255966,8,6,3,173.6,156.3,73.2,2,3,1,61.2,102.1,25.8
6,6,16,379.2,8,242.2,6,91.2,8.19642198361,7,6,3,144.4,163.9,70.9,3,4,1,85.0,132.1,25.1
7,7,16,379.1,8,244.6,7,111.5,8.15945004274,7,6,3,143.8,163.3,72.0,2,4,2,60.0,132.5,52.1
8,8,18,418.0,8,238.1,7,111.1,7.18802562727,9,6,3,184.2,159.2,74.6,2,4,2,57.1,128.1,52.9
9,9,18,413.5,6,187.2,7,113.3,7.18861890978,9,6,3,183.9,162.0,67.6,2,4,0,56.3,130.9,0
10,10,17,395.2,7,219.9,8,132.3,7.97935755928,8,6,3,163.3,166.7,65.2,2,4,1,57.6,135.6,26.7
11,11,17,399.6,8,248.5,8,129.5,8.13921607007,8,6,3,174.7,161.6,63.3,3,4,1,87.7,133.2,27.6
12,12,18,427.6,8,251.1,8,130.4,7.94956323049,9,6,3,200.4,166.2,61.0,3,4,1,88.9,135.2,27.0
13,13,18,436.1,9,278.7,7,112.4,7.99902976143,9,6,3,200.1,163.9,72.1,4,4,1,116.6,133.2,28.9
14,14,18,439.6,8,256.1,7,113.9,8.06813307041,9,6,3,202.5,165.8,71.3,3,4,1,92.6,134.6,28.9
15,15,18,447.7,9,281.4,6,96.8,7.75285947669,9,6,3,199.4,170.7,77.6,3,4,2,86.7,140.2,54.5
16,16,18,433.2,8,253.5,7,112.8,7.72421707436,9,6,3,190.1,164.0,79.1,2,4,2,60.8,134.5,58.2
17,17,17,406.3,8,250.3,7,112.4,7.86368234353,8,6,3,167.4,159.5,79.4,2,4,2,58.7,130.0,61.6
18,18,17,417.2,9,283.8,7,110.2,8.37213076399,8,6,3,165.5,168.1,83.6,3,4,2,87.4,136.0,60.4
19,19,18,432.6,10,300.6,8,132.0,8.00301413807,9,6,3,191.5,168.7,72.4,4,4,2,109.6,135.7,55.3
20,20,17,416.2,6,195.9,5,87.1,7.60223941465,8,6,3,166.6,179.2,70.4,1,4,1,27.4,143.0,25.5
21,21,18,454.1,9,280.2,6,107.5,7.1088847107,9,6,3,201.3,173.1,79.7,3,4,2,85.4,136.9,57.9
22,22,18,449.2,10,307.0,6,99.8,7.66751913419,9,6,3,207.3,168.3,73.6,4,4,2,112.5,136.1,58.4
23,23,18,462.2,10,317.2,6,102.7,7.78562442662,9,6,3,213.6,175.4,73.2,4,4,2,119.9,139.3,58.0
24,24,18,470.7,10,325.8,6,101.3,8.22944855561,9,6,3,216.7,176.5,77.5,4,4,2,123.1,140.4,62.3
25,25,18,452.2,9,288.8,7,119.4,7.91911726777,9,6,3,212.0,165.5,74.7,4,3,2,118.2,111.2,59.4
26,26,18,457.4,9,290.7,7,123.3,7.96838524412,9,6,3,212.2,170.1,75.1,4,3,2,117.3,113.6,59.8
27,27,17,436.5,9,290.8,6,101.9,8.124540711,8,6,3,197.9,163.7,74.9,4,3,2,119.0,112.2,59.6
28,28,17,427.1,9,285.7,5,78.0,8.17049030137,8,6,3,193.7,159.5,73.9,4,3,2,115.1,111.3,59.3
29,29,17,433.5,9,286.5,4,60.9,8.03935631752,8,6,3,193.6,165.3,74.6,4,3,2,113.6,112.9,60.0
30,30,17,430.6,9,289.5,6,98.5,8.33049853744,8,6,3,194.0,162.1,74.5,4,3,2,117.2,112.4,59.9
31,31,17,428.5,9,283.3,5,80.5,8.09378392566,8,6,3,191.4,164.1,73.0,4,3,2,111.5,113.4,58.4
32,32,17,416.3,9,285.9,7,108.3,9.0151873492,8,6,3,179.9,163.4,73.0,4,3,2,113.3,114.2,58.4
33,33,17,423.0,9,291.1,7,111.0,8.95176206775,8,6,3,185.6,162.0,75.4,4,3,2,117.5,112.3,61.3
34,34,17,430.1,7,239.1,6,103.2,8.40505800099,8,6,3,177.7,171.3,81.1,2,3,2,62.5,114.6,62.0
35,35,16,418.5,8,265.5,4,65.2,8.26776622392,7,6,3,164.3,169.4,84.8,3,3,2,90.4,112.4,62.7
36,36,16,419.3,9,292.9,5,84.2,8.49395618464,7,6,3,166.3,168.9,84.1,3,4,2,94.1,136.8,62.0
37,37,16,418.8,8,267.1,4,64.2,8.52740679613,7,6,3,167.3,167.6,83.9,3,3,2,94.5,110.8,61.8
38,38,16,411.1,8,266.3,5,80.0,8.61947165821,7,6,3,165.7,166.1,79.3,3,3,2,93.4,109.7,63.2
39,39,16,409.8,7,236.4,3,41.3,8.40364008431,7,6,3,158.3,165.3,86.2,2,3,2,62.2,109.7,64.5
40,40,17,425.2,6,207.0,5,80.4,8.25612517717,8,6,3,168.3,169.9,87.0,1,3,2,30.6,113.2,63.2
41,41,16,417.7,9,284.9,3,44.7,7.86769502459,7,6,3,155.7,171.9,90.1,2,4,3,57.4,137.4,90.1
42,42,17,424.1,6,205.1,4,63.4,7.87155620312,8,6,3,176.9,155.9,91.3,1,3,2,34.2,102.1,68.8
43,43,16,418.9,7,232.7,3,44.9,7.79206594342,7,6,3,163.3,170.1,85.5,1,4,2,33.5,135.9,63.3
44,44,16,416.0,9,292.7,5,76.5,9.18157575438,7,6,3,153.3,176.0,86.7,3,4,2,81.9,147.4,63.4
45,45,16,415.3,9,294.5,5,76.5,9.05022789768,7,6,3,156.2,172.2,86.9,3,4,2,87.3,143.6,63.6
46,46,15,381.4,7,236.9,5,76.3,9.27819769034,6,6,3,124.1,171.6,85.7,1,4,2,31.0,143.2,62.7
47,47,15,380.5,7,236.5,5,74.8,9.31570614352,6,6,3,121.0,174.4,85.1,1,4,2,29.6,144.9,62.0
48,48,16,397.0,9,280.1,6,94.3,8.35415066499,7,6,3,147.0,162.8,87.2,2,4,3,59.5,133.4,87.2
49,49,15,354.9,7,214.7,6,94.1,7.72757585349,6,6,3,126.8,156.6,71.5,1,4,2,33.0,127.2,54.5
50,50,17,370.0,5,148.5,8,133.4,6.26856654033,8,6,3,150.7,152.2,67.1,0,4,1,0,122.8,25.7
51,51,18,391.8,5,147.7,9,152.7,6.10207293611,9,6,3,174.5,150.5,66.8,0,4,1,0,122.0,25.7
52,52,18,385.0,4,123.5,9,147.4,6.49541819411,9,6,3,184.0,142.5,58.5,1,3,0,26.6,96.9,0
53,53,18,401.5,5,154.7,8,130.9,6.78904586749,9,6,3,185.5,146.2,69.8,1,3,1,27.0,100.6,27.1
54,54,16,349.9,4,124.2,8,135.5,6.54825358397,7,6,3,142.4,144.4,63.1,1,3,0,25.9,98.3,0
55,55,16,348.9,4,124.3,7,115.2,6.60428837953,7,6,3,144.7,144.5,59.7,1,3,0,25.9,98.4,0
56,56,16,353.8,3,100.3,7,117.9,6.53440892507,7,6,3,146.5,149.3,58.0,0,3,0,0,100.3,0
57,57,16,345.8,6,165.3,6,92.5,5.63499482401,7,6,3,140.8,134.3,70.7,2,3,1,51.9,86.5,26.9
58,58,16,352.0,6,166.2,5,73.1,5.90333239225,7,6,3,138.7,137.6,75.7,2,2,2,52.3,59.2,54.7
59,59,16,351.1,7,189.4,6,95.1,5.6174690327,7,6,3,139.6,137.5,74.0,2,3,2,51.6,84.9,52.9
60,60,16,346.2,4,120.2,7,116.4,5.90591511396,7,6,3,135.0,147.9,63.3,1,3,0,25.7,94.5,0
61,61,16,377.2,6,188.1,7,121.4,7.17890428037,7,6,3,144.2,161.2,71.8,2,3,1,55.6,103.2,29.3
62,62,16,369.0,4,131.4,6,101.4,7.06322636383,7,6,3,140.8,155.2,73.0,1,2,1,25.9,75.4,30.1
63,63,16,363.5,5,156.1,6,99.8,7.00915770023,7,6,3,134.0,153.6,75.9,1,2,2,27.5,73.3,55.3
64,64,16,395.2,8,245.4,5,82.5,7.55821848498,7,6,3,143.8,171.0,80.4,2,4,2,53.5,134.8,57.1
65,65,16,388.6,8,241.2,5,80.4,7.13618712385,7,6,3,144.0,164.7,79.9,2,4,2,53.1,131.1,57.0
66,66,17,391.9,6,182.1,7,120.0,6.53109080161,8,6,3,153.8,162.2,75.9,0,4,2,0,126.4,55.7
67,67,18,392.7,5,139.8,8,139.9,4.91519253408,9,6,3,180.3,141.4,71.0,1,3,1,25.7,86.6,27.5
68,68,19,394.2,4,109.3,10,175.3,4.23980717867,10,6,3,184.2,136.6,73.4,0,3,1,0,81.7,27.6
69,69,19,387.5,4,109.4,11,187.6,4.56526422312,10,6,3,177.8,139.6,70.1,1,2,1,26.0,56.7,26.7
70,70,19,386.8,4,110.8,11,187.7,4.75456690275,10,6,3,187.8,130.7,68.3,1,2,1,27.6,56.2,27.0
71,71,19,402.6,6,165.1,11,191.6,5.03464604701,10,6,3,193.0,138.1,71.5,1,3,2,28.8,82.8,53.5
72,72,17,375.0,5,143.9,8,138.0,5.49921117338,8,6,3,160.4,142.8,71.8,2,2,1,55.9,61.1,26.9
73,73,19,411.3,5,146.9,9,154.5,5.71434534221,10,6,3,197.9,145.7,67.7,2,2,1,53.1,67.8,26.0
74,74,18,378.0,4,111.3,9,154.9,4.67936647296,9,6,3,174.0,141.5,62.5,1,3,0,28.1,83.2,0
75,75,18,364.6,4,112.1,11,182.3,5.30207753091,9,6,3,167.5,139.1,58.0,1,3,0,26.5,85.6,0
76,76,18,360.7,4,112.5,11,180.1,5.4012132503,9,6,3,161.8,140.3,58.6,1,3,0,25.0,87.5,0
77,77,18,366.8,3,91.6,11,183.3,5.6838838788,9,6,3,158.1,150.5,58.2,0,3,0,0,91.6,0
78,78,18,367.0,5,134.9,10,167.3,4.79336414946,9,6,3,159.2,147.6,60.2,0,4,1,0,109.6,25.3
79,79,18,372.7,4,112.6,9,151.2,4.90491616793,9,6,3,166.8,149.7,56.2,0,4,0,0,112.6,0
80,80,17,368.5,5,148.6,9,152.3,6.2170661702,9,5,3,166.0,142.6,59.9,1,4,0,26.4,122.2,0
81,81,17,361.4,4,119.0,8,131.8,5.79731175023,9,5,3,171.6,130.0,59.8,1,3,0,26.9,92.1,0
82,82,17,370.2,4,122.6,7,114.9,5.99578283168,9,5,3,174.3,126.7,69.2,1,2,1,30.3,64.7,27.6
83,83,18,383.4,5,146.4,10,170.4,5.86073675352,10,5,3,189.8,126.6,67.0,2,2,1,54.0,62.9,29.5
84,84,18,372.2,3,91.3,9,150.0,5.46750352275,10,5,3,187.0,119.7,65.5,1,1,1,28.5,34.2,28.6
85,85,18,375.4,6,164.9,10,168.7,5.40078667714,10,5,3,177.9,127.7,69.8,1,4,1,25.4,111.5,28.0
86,86,17,371.4,5,141.6,8,135.9,5.45265046182,9,5,3,176.7,116.0,78.7,1,2,2,27.7,58.9,55.0
87,87,17,379.4,6,171.6,6,96.3,5.78815982136,9,5,3,184.6,116.3,78.5,2,2,2,57.0,59.4,55.2
88,88,17,376.8,6,172.0,6,95.0,5.91955880709,9,5,3,183.5,115.4,77.9,2,2,2,57.7,59.3,55.0
89,89,17,376.0,5,148.3,7,115.4,6.1253811406,9,5,3,173.9,129.3,72.8,1,2,2,30.3,66.5,51.5
90,90,17,373.8,5,149.6,8,137.2,6.2231304776,9,5,3,175.7,127.3,70.8,1,2,2,30.6,68.3,50.7
91,91,18,380.5,4,121.7,9,144.6,6.11479775904,10,5,3,185.3,119.6,75.6,1,2,1,29.6,63.8,28.3
92,92,18,394.0,7,200.3,9,151.4,6.09608253079,10,5,3,189.7,128.0,76.3,2,3,2,56.0,90.1,54.2
93,93,18,390.9,6,175.1,10,169.1,6.19043379645,10,5,3,189.9,127.1,73.9,2,3,1,57.7,90.2,27.2
94,94,18,391.5,6,175.2,7,110.1,6.34936309914,10,5,3,191.2,128.7,71.6,2,2,2,58.3,63.2,53.7
95,95,18,388.7,6,173.0,8,128.3,6.31640927615,10,5,3,190.2,121.7,76.8,2,2,2,56.1,60.4,56.5
96,96,18,391.2,5,148.1,7,107.2,6.4291615042,10,5,3,187.8,123.5,79.9,1,2,2,32.0,58.0,58.1
97,97,18,386.5,4,121.9,8,127.5,6.29161959468,10,5,3,185.0,124.7,76.8,1,2,1,32.2,58.0,31.7
98,98,18,386.5,3,94.5,9,150.7,5.96842727886,10,5,3,186.4,122.1,78.0,1,1,1,31.0,31.6,31.9
99,99,18,389.4,4,120.4,8,132.0,5.91896254821,10,5,3,186.9,125.2,77.3,1,2,1,29.7,59.3,31.4
100,100,18,391.7,6,175.9,8,130.0,6.39927743062,10,5,3,183.7,129.1,78.9,1,3,2,30.8,86.4,58.7
101,101,18,396.2,7,204.5,9,146.4,6.71905883543,10,5,3,183.1,135.6,77.5,1,4,2,29.5,116.0,59.0
102,102,16,370.3,6,194.4,8,132.5,8.3171284107,7,6,3,124.9,169.2,76.2,0,4,2,0,136.8,57.6
103,103,17,392.6,6,185.8,8,133.5,7.32602131005,8,6,3,163.8,158.5,70.3,2,3,1,54.5,104.5,26.8
104,104,17,374.5,6,178.9,8,129.7,6.79142517314,8,6,3,158.4,144.3,71.8,2,2,2,55.5,69.4,54.0
105,105,17,377.1,5,150.9,7,110.4,6.50550106584,8,6,3,159.3,140.3,77.5,1,2,2,30.2,64.8,55.9
106,106,17,379.2,6,175.1,7,111.0,6.40248687896,8,6,3,157.2,145.5,76.5,1,3,2,29.0,90.6,55.5
107,107,17,366.8,5,142.9,8,131.6,5.81286605425,8,6,3,157.3,140.9,68.6,1,3,1,28.3,87.1,27.5
108,108,17,354.6,5,140.9,9,147.7,5.59788563025,8,6,3,157.7,128.6,68.3,2,2,1,54.9,59.5,26.5
109,109,17,352.3,5,142.2,8,125.6,6.06419094065,8,6,3,148.4,136.2,67.7,2,2,1,52.8,63.7,25.7
110,110,17,352.0,3,90.1,10,167.3,5.74907281527,8,6,3,147.3,132.1,72.6,0,2,1,0,60.8,29.3
111,111,17,350.9,5,142.1,9,140.1,6.41736499892,8,6,3,145.6,130.5,74.8,2,2,1,50.5,61.6,30.0
112,112,18,400.2,7,214.8,8,118.3,7.87647278478,9,6,3,181.5,143.0,75.7,2,3,2,62.9,93.6,58.3
113,113,18,407.7,8,243.9,9,142.9,7.92622230322,9,6,3,184.6,143.8,79.3,3,3,2,84.8,100.7,58.4
114,114,19,413.3,5,161.4,8,121.3,7.50410024372,10,6,3,195.1,147.2,71.0,1,3,1,28.3,104.1,29.0
115,115,19,399.0,5,156.2,12,197.2,7.23448531533,10,6,3,191.4,140.5,67.1,1,3,1,31.1,98.6,26.5
116,116,19,421.3,7,210.1,9,143.1,7.11085571544,10,6,3,207.1,144.8,69.4,2,3,2,60.6,96.8,52.7
117,117,19,397.2,6,168.7,10,160.8,5.97833808979,10,6,3,193.8,131.2,72.2,1,3,2,31.7,84.6,52.4
118,118,19,398.6,5,152.5,12,199.4,6.701623265,10,6,3,188.6,139.5,70.5,1,3,1,31.8,92.5,28.2
119,119,19,398.9,5,157.2,14,241.7,6.69464742115,10,6,3,188.5,143.5,66.9,1,3,1,34.1,94.8,28.3
120,120,18,392.5,6,179.3,9,150.5,6.50623883598,9,6,3,181.1,143.1,68.3,2,3,1,60.9,90.8,27.6
121,121,18,388.5,5,151.9,10,167.7,6.50802671819,9,6,3,178.4,142.8,67.3,2,2,1,62.3,62.7,26.9
122,122,18,384.6,6,176.2,9,142.8,6.63590944164,9,6,3,174.3,140.3,70.0,2,3,1,60.9,88.4,26.9
123,123,18,384.1,5,155.4,10,164.7,6.74485763935,9,6,3,171.3,142.6,70.2,1,3,1,34.3,93.5,27.6
124,124,17,369.0,5,154.2,9,153.4,6.51310895313,9,5,3,172.3,127.8,68.9,1,3,1,33.8,92.5,27.9
125,125,17,368.1,5,152.2,8,129.5,6.69291767907,9,5,3,173.4,128.2,66.5,1,3,1,34.4,91.3,26.5
126,126,17,368.3,5,152.4,8,128.6,6.79668496185,9,5,3,174.4,127.6,66.3,1,3,1,34.0,91.7,26.7
127,127,17,365.9,5,146.7,7,108.9,6.21425070018,9,5,3,177.8,123.2,64.9,2,2,1,59.8,60.6,26.3
128,128,17,363.6,5,139.3,7,106.8,5.8300817268,9,5,3,175.0,122.0,66.6,2,3,0,56.8,82.5,0
129,129,17,361.0,6,169.0,9,143.9,6.20160676523,9,5,3,173.0,118.7,69.3,2,3,1,57.5,84.0,27.5
130,130,17,355.1,6,167.6,8,120.5,6.19141364643,9,5,3,166.2,121.0,67.9,2,3,1,55.7,83.2,28.7
131,131,18,363.9,6,164.9,10,152.8,6.11605890019,10,5,3,178.0,120.2,65.7,2,3,1,51.7,86.3,26.9
132,132,18,374.8,6,167.1,10,159.3,5.9863133657,10,5,3,183.7,121.6,69.5,2,3,1,52.6,88.3,26.2
133,133,18,389.7,5,146.3,9,151.0,5.77665178822,10,5,3,192.1,125.7,71.9,1,3,1,27.9,89.4,29.0
134,134,18,386.6,6,167.5,9,149.9,5.55777733351,10,5,3,193.5,119.6,73.5,2,3,1,51.8,85.5,30.2
135,135,18,384.8,7,193.0,8,126.6,5.82000157222,10,5,3,199.4,117.6,67.8,3,3,1,77.8,86.5,28.7
136,136,18,400.3,7,196.5,8,138.0,5.55984964766,10,5,3,214.8,113.9,71.6,3,2,2,88.6,53.7,54.2
137,137,18,388.9,6,167.7,9,153.6,5.2574286068,10,5,3,200.9,121.4,66.6,2,3,1,55.0,86.4,26.3
138,138,18,384.9,6,164.1,10,176.3,4.87348769907,10,5,3,199.7,120.9,64.3,2,3,1,52.4,85.2,26.5
139,139,18,384.7,5,144.9,9,154.4,5.6060687238,10,5,3,206.9,110.2,67.6,2,2,1,62.0,56.4,26.5
140,140,18,389.2,6,170.3,7,110.9,5.81757535461,10,5,3,207.6,113.0,68.6,3,2,1,87.9,55.9,26.5
141,141,18,370.4,4,116.7,10,160.9,5.8052264034,10,5,3,199.0,116.3,55.1,2,2,0,58.6,58.1,0
142,142,18,383.4,6,170.8,9,146.4,6.13984096364,10,5,3,194.5,121.1,67.8,2,3,1,61.2,82.6,27.0
143,143,18,392.3,7,200.7,9,149.9,6.37665523814,10,5,3,205.1,117.6,69.6,3,3,1,90.3,80.8,29.6
144,144,18,387.2,5,143.3,9,158.6,5.11582192682,10,5,3,202.4,114.5,70.3,2,2,1,55.0,58.0,30.3
145,145,18,381.6,5,143.2,9,152.7,5.3517451799,10,5,3,201.8,118.5,61.3,2,2,1,55.0,58.2,30.0
146,146,18,381.6,4,112.3,9,159.2,4.74192812608,10,5,3,192.1,121.5,68.0,0,3,1,0,84.3,28.0
147,147,18,396.9,6,175.1,9,156.4,5.75451229599,10,5,3,204.8,125.6,66.5,2,3,1,61.3,85.4,28.4
148,148,18,388.8,5,155.7,11,187.0,6.66518611011,10,5,3,201.2,120.3,67.3,2,2,1,66.8,59.7,29.2
149,149,18,370.4,5,149.2,12,200.0,6.24862860771,9,6,3,185.5,124.7,60.2,2,2,1,60.1,60.4,28.7
150,150,18,390.4,4,122.9,8,132.8,6.00655415446,9,6,3,187.9,135.9,66.6,1,2,1,32.9,63.0,27.0
151,151,17,385.4,5,149.4,6,98.4,6.11706268419,8,6,3,180.2,136.8,68.4,1,3,1,31.9,90.3,27.2
152,152,17,382.5,7,199.9,6,97.9,6.1760626616,8,6,3,177.6,136.2,68.7,3,3,1,82.3,89.4,28.2
153,153,17,389.2,7,201.0,4,59.4,6.01284776419,8,6,3,181.6,137.6,70.0,3,3,1,84.3,89.1,27.6
154,154,17,390.3,6,177.6,5,80.2,6.10727627748,8,6,3,183.3,136.9,70.1,2,3,1,59.3,89.6,28.7
155,155,17,395.8,7,204.1,4,61.4,5.94750318349,8,6,3,186.7,137.9,71.2,3,3,1,85.9,89.3,28.9
156,156,17,391.2,7,199.2,4,61.7,5.66048610467,8,6,3,183.6,136.6,71.0,3,3,1,83.3,88.0,27.9
157,157,17,356.8,4,117.9,10,169.8,5.87855024144,8,6,3,170.4,120.4,66.0,2,1,1,57.7,33.3,26.9
158,158,17,368.6,5,144.2,9,155.2,5.62941330137,8,6,3,177.2,130.5,60.9,3,2,0,83.7,60.5,0
159,159,17,371.8,5,143.3,8,141.4,5.30704304508,8,6,3,180.3,129.0,62.5,3,2,0,82.0,61.3,0
160,160,17,381.8,6,180.2,7,118.8,6.51182182875,8,6,3,185.6,128.6,67.6,3,2,1,89.3,63.8,27.1
161,161,16,367.0,5,157.4,6,101.6,6.66051799787,7,6,3,160.4,135.4,71.2,2,2,1,61.0,65.7,30.7
162,162,17,370.5,4,128.2,7,110.6,6.6781800092,8,6,3,165.0,137.8,67.7,1,2,1,31.2,65.3,31.7
163,163,17,370.3,4,125.6,9,154.4,6.25382236058,8,6,3,163.1,139.0,68.2,1,2,1,30.9,64.4,30.3
164,164,17,378.6,6,182.3,8,134.0,6.59088050888,8,6,3,172.3,136.9,69.4,2,3,1,60.9,90.4,31.0
165,165,17,374.9,6,183.0,9,150.1,7.00313480227,8,6,3,173.6,138.2,63.1,2,3,1,60.7,90.1,32.2
166,166,16,343.0,5,151.1,9,147.3,6.91229580771,7,6,3,149.0,135.3,58.7,2,2,1,57.7,63.1,30.3
167,167,16,348.9,6,169.3,9,158.1,5.6477097128,7,6,3,150.2,136.0,62.7,2,3,1,55.0,86.5,27.8
168,168,15,338.4,5,141.4,6,107.0,4.95419014573,7,5,3,153.4,122.6,62.4,2,3,0,56.7,84.7,0
169,169,16,351.3,5,139.6,8,142.8,5.05265194395,8,5,3,165.7,125.2,60.4,2,3,0,52.3,87.3,0
170,170,16,364.1,6,171.9,7,124.9,5.35897611489,8,5,3,175.7,126.9,61.5,2,3,1,57.7,89.0,25.2
171,171,16,364.6,5,148.7,7,125.7,5.40146585043,8,5,3,175.7,128.2,60.7,2,3,0,58.4,90.3,0
172,172,17,365.4,6,173.5,8,125.7,6.57775328173,9,5,3,180.7,120.7,64.0,2,3,1,58.8,88.6,26.1
173,173,17,370.6,7,196.5,7,108.6,6.3869985126,9,5,3,185.0,121.5,64.1,3,3,1,81.8,89.4,25.3
174,174,17,364.9,6,173.6,8,124.2,6.66126312876,9,5,3,186.1,117.2,61.6,2,3,1,59.6,88.7,25.3
175,175,17,366.2,6,173.0,7,105.8,6.55353519327,9,5,3,185.9,118.0,62.3,2,3,1,58.4,89.5,25.1
176,176,17,358.6,5,145.3,8,126.3,6.10895557647,9,5,3,177.4,121.4,59.8,2,3,0,56.4,88.9,0
177,177,17,363.9,5,144.1,8,133.4,5.64318954451,9,5,3,182.9,121.5,59.5,2,3,0,55.1,89.0,0
178,178,17,367.8,5,144.8,8,131.2,5.99572151376,9,5,3,187.7,120.8,59.3,2,3,0,56.5,88.3,0
179,179,17,375.3,6,173.5,8,132.7,6.06285096013,9,5,3,187.7,121.3,66.3,3,3,0,84.7,88.8,0
180,180,17,368.4,7,196.6,9,148.3,6.26844924063,9,5,3,183.0,114.8,70.6,2,3,2,57.6,87.5,51.5
181,181,17,359.3,5,141.5,9,148.5,5.87334457278,9,5,3,174.0,113.2,72.1,1,3,1,26.7,85.9,28.9
182,182,17,377.0,6,179.0,8,129.3,6.69715699119,9,5,3,182.0,121.8,73.2,2,3,1,56.9,90.8,31.3
183,183,17,383.0,7,215.3,9,143.1,7.85929105469,9,5,3,176.6,132.6,73.8,2,3,2,60.4,99.9,55.0
184,184,17,374.4,6,184.5,9,143.9,7.30954251405,9,5,3,175.4,127.4,71.6,2,3,1,60.4,94.7,29.4
185,185,17,377.3,6,178.9,8,128.7,6.6781800092,9,5,3,180.1,125.7,71.5,2,3,1,56.6,90.5,31.8
186,186,17,384.2,5,151.1,6,97.5,6.0393501306,9,5,3,184.8,122.8,76.6,1,3,1,31.3,87.6,32.2
187,187,17,364.6,5,147.3,9,151.4,6.00646710295,9,5,3,177.3,122.0,65.3,1,3,1,30.1,89.0,28.2
188,188,17,364.4,5,144.6,10,171.8,5.84839093004,9,5,3,182.5,119.3,62.6,2,2,1,53.2,63.5,27.9
189,189,17,370.6,6,172.2,8,133.6,5.91375515219,9,5,3,184.5,121.6,64.5,3,2,1,84.3,60.6,27.3
190,190,17,365.5,5,141.8,7,118.0,5.25416501454,9,5,3,186.6,113.6,65.3,2,2,1,59.2,57.2,25.4
191,191,17,374.5,6,165.8,6,99.8,5.0103349072,9,5,3,187.9,121.6,65.0,3,3,0,80.4,85.4,0
192,192,17,392.5,7,205.1,6,100.5,5.94073673387,9,5,3,195.4,128.4,68.7,3,3,1,87.2,90.2,27.7
193,193,17,386.7,5,153.9,6,97.9,6.26908263296,9,5,3,197.1,129.2,60.4,2,3,0,61.6,92.3,0
194,194,17,375.7,5,153.5,8,132.2,6.58663419358,9,5,3,188.9,126.4,60.4,2,3,0,62.2,91.3,0
195,195,17,374.7,6,178.2,7,108.1,6.73313251982,9,5,3,193.3,121.1,60.3,3,3,0,89.9,88.3,0
196,196,17,370.2,6,179.8,8,125.9,6.89288849211,9,5,3,196.0,118.3,55.9,3,3,0,93.7,86.1,0
197,197,17,365.1,6,183.1,8,117.9,7.56269870911,9,5,3,186.8,119.8,58.5,3,3,0,95.5,87.6,0
198,198,17,365.5,6,181.1,9,143.3,7.16650193609,9,5,3,191.3,117.9,56.3,3,3,0,93.7,87.4,0
199,199,17,373.6,5,156.3,8,130.9,6.94410986122,9,5,3,190.9,120.1,62.6,3,2,0,94.1,62.2,0
200,200,17,373.3,6,181.1,9,147.1,7.08581847985,9,5,3,188.1,123.5,61.7,3,3,0,92.0,89.1,0
201,201,17,379.7,6,181.9,7,109.7,6.98649958639,9,5,3,188.2,128.9,62.6,3,3,0,90.9,91.0,0
202,202,17,379.4,6,183.3,8,130.9,6.95846923667,9,5,3,189.2,126.6,63.6,3,3,0,93.2,90.1,0
203,203,17,375.7,6,182.1,8,128.5,6.99499821301,9,5,3,191.2,124.2,60.3,3,3,0,93.0,89.1,0
204,204,17,372.5,6,179.8,8,128.7,6.82823937345,9,5,3,188.1,123.4,61.0,3,3,0,91.5,88.3,0
205,205,17,366.0,5,150.4,8,127.9,6.5907856802,9,5,3,181.3,123.4,61.3,2,3,0,61.3,89.1,0
206,206,17,358.9,5,150.5,9,145.5,6.72949499897,9,5,3,173.7,126.7,58.5,2,3,0,60.0,90.5,0
207,207,17,377.8,5,149.8,6,100.3,5.89772513472,9,5,3,190.4,126.3,61.1,2,3,0,60.1,89.7,0
208,208,17,399.2,6,182.6,6,108.3,5.73772987493,9,5,3,198.4,131.2,69.6,2,3,1,59.7,94.4,28.5
209,209,17,410.4,8,236.7,7,127.8,6.05072917337,9,5,3,206.1,132.0,72.3,3,3,2,89.5,94.0,53.2
210,210,17,403.2,7,206.5,6,106.7,5.86549606748,9,5,3,203.1,128.5,71.6,3,2,2,85.0,68.3,53.2
211,211,17,415.4,7,219.7,5,85.5,6.78987676402,9,5,3,202.8,138.1,74.5,3,3,1,85.0,101.5,33.2
212,212,3,93.5,3,93.5,0,0,2.22336081942,1,1,1,32.4,28.6,32.5,1,1,1,32.4,28.6,32.5
213,213,10,314.7,10,314.7,0,0,5.25886553038,6,3,1,177.9,106.7,30.1,6,3,1,177.9,106.7,30.1
214,214,16,468.3,11,357.5,0,0,6.28487271152,10,4,2,291.9,124.4,52.0,6,4,1,202.0,124.4,31.1
215,215,20,532.8,10,311.9,3,56.8,5.62395253405,11,6,3,295.5,165.4,71.9,6,3,1,186.0,98.2,27.7
216,216,19,507.2,11,341.6,3,58.5,6.16715977166,10,6,3,269.0,165.4,72.8,7,3,1,210.5,100.2,30.9
217,217,20,535.8,14,419.3,4,74.5,6.21279664123,11,6,3,290.9,168.2,76.7,8,4,2,236.3,126.6,56.4
218,218,20,528.2,12,373.3,6,107.9,6.85034766694,11,6,3,296.2,156.1,75.9,7,3,2,217.2,99.5,56.6
219,219,20,542.1,12,377.4,4,75.0,6.23086333462,11,6,3,298.2,166.2,77.7,7,3,2,218.3,100.6,58.5
220,220,20,522.0,10,314.2,5,92.9,6.55575279711,11,6,3,296.2,160.8,65.0,7,3,0,216.0,98.2,0
221,221,20,517.8,9,292.6,5,88.6,7.36513122047,11,6,3,292.8,161.5,63.5,7,2,0,217.8,74.8,0
222,222,19,518.7,13,397.3,2,32.4,6.48810878111,11,5,3,293.5,147.0,78.2,7,4,2,215.0,125.1,57.2
223,223,19,515.6,13,393.8,2,32.4,6.31974072308,11,5,3,289.1,147.4,79.1,7,4,2,212.7,122.7,58.4
224,224,20,551.0,15,460.0,3,45.9,6.9882984903,12,5,3,319.5,153.8,77.7,9,5,1,273.6,153.8,32.6
225,225,19,532.3,14,435.0,2,29.8,7.31795836418,11,5,3,309.0,141.6,81.7,8,4,2,257.5,117.3,60.2
226,226,20,563.7,13,414.6,1,16.1,6.2877721768,12,5,3,335.3,138.8,89.6,7,3,3,231.2,93.8,89.6
227,227,20,565.4,13,409.6,1,17.9,6.12828644377,11,6,3,312.0,171.2,82.2,7,4,2,228.6,123.4,57.6
228,228,21,589.1,14,438.9,0,0,6.22652543941,12,6,3,339.1,173.6,76.4,8,4,2,253.2,130.8,54.9
229,229,18,489.4,10,319.1,3,55.7,7.23251554065,11,5,2,312.9,132.8,43.7,7,3,0,227.3,91.8,0
230,230,19,519.7,13,401.4,3,52.8,6.89132856253,12,5,2,328.0,141.6,50.1,8,4,1,254.1,120.9,26.4
231,231,18,508.6,11,348.6,1,18.3,6.19594005802,11,5,2,311.0,146.7,50.9,7,3,1,223.8,97.7,27.1
232,232,18,506.2,12,366.6,0,0,5.22747892848,11,5,2,300.3,146.8,59.1,6,4,2,182.1,125.4,59.1
233,233,18,497.6,12,354.7,0,0,3.98913557232,11,5,2,309.1,136.1,52.4,7,4,1,212.5,112.2,30.0
234,234,13,395.5,11,348.1,0,0,6.50424910426,7,4,2,212.8,119.2,63.5,6,3,2,189.4,95.2,63.5
235,235,16,459.6,12,371.7,0,0,5.97277155096,10,4,2,283.2,116.5,59.9,7,3,2,216.5,95.3,59.9
236,236,16,463.2,11,346.3,0,0,5.99788851736,10,4,2,291.5,118.0,53.7,7,3,1,218.8,96.8,30.7
237,237,18,494.1,11,335.8,1,19.3,5.46230397414,10,5,3,278.9,133.8,81.4,6,3,2,184.4,93.5,57.9
238,238,20,537.0,11,338.7,3,58.0,5.78814578073,11,6,3,290.5,159.8,86.7,4,4,3,132.2,119.8,86.7
239,239,17,472.3,11,345.1,3,58.0,6.2816434249,10,5,2,273.3,135.5,63.5,6,3,2,186.1,95.5,63.5
240,240,12,366.4,12,366.4,0,0,4.72196671917,7,3,2,210.2,91.6,64.6,7,3,2,210.2,91.6,64.6
241,241,10,325.5,10,325.5,0,0,5.1099575993,5,3,2,162.0,100.2,63.3,5,3,2,162.0,100.2,63.3
242,242,14,422.3,10,325.2,0,0,5.46254479198,6,5,3,189.0,143.2,90.1,5,3,2,164.9,94.5,65.8
243,243,13,387.8,9,294.0,0,0,5.85126547785,6,5,2,181.1,145.6,61.1,4,3,2,134.1,98.8,61.1
244,244,16,438.0,9,271.7,0,0,3.84768328565,9,4,3,237.4,113.1,87.5,4,3,2,119.2,89.4,63.1
245,245,18,479.2,9,274.9,0,0,5.01920494707,9,6,3,250.4,154.5,74.3,4,4,1,133.8,111.1,30.0
246,246,18,472.9,10,303.0,2,38.9,5.70477669363,10,5,3,265.0,134.9,73.0,5,4,1,159.2,114.2,29.6
