,e_id,num_sat,sum_snr,num_sat_25,sum_snr_25,snr_std,elev_0_30,elev_30_60,elev_60_90,elev_0_30_25,elev_30_60_25,elev_60_90_25
1,1,17,435.0,8,258.1,7.79710542068,9,6,2,2,5,1
2,2,17,432.4,8,252.4,7.51231831531,9,6,2,2,5,1
3,3,17,426.8,5,169.1,6.79820478033,9,6,2,2,3,0
4,4,19,459.4,6,186.3,6.23320667851,10,7,2,2,4,0
5,5,20,484.1,7,221.2,6.93537651238,10,8,2,2,4,1
6,6,20,464.3,7,224.1,7.80736999993,10,8,2,2,4,1
7,7,20,456.2,6,190.5,7.38126362025,10,8,2,1,4,1
8,8,20,457.2,7,218.2,7.65344091862,10,8,2,2,4,1
9,9,19,440.2,6,199.4,8.44775135311,10,7,2,1,4,1
10,10,19,469.0,7,230.0,7.82057565073,10,7,2,2,4,1
11,11,21,504.0,8,255.8,7.44801987108,11,8,2,2,5,1
12,12,21,488.6,7,215.6,6.27091168279,11,8,2,1,5,1
13,13,20,487.9,8,249.5,6.74977387535,10,8,2,3,5,0
14,14,20,478.8,9,279.7,7.71808539116,10,8,2,3,6,0
15,15,20,488.0,10,303.9,7.13811120528,10,8,2,4,6,0
16,16,20,493.0,9,283.8,7.30021629096,10,8,2,3,6,0
17,17,20,497.0,10,306.3,6.95159958874,10,8,2,4,6,0
18,18,20,507.8,9,279.8,6.58825909438,10,8,2,3,6,0
19,19,20,498.2,9,280.1,6.89438367918,10,8,2,3,6,0
20,20,21,511.7,9,281.2,7.04942077999,11,8,2,3,6,0
21,21,21,530.2,9,288.7,7.43139415235,11,8,2,4,5,0
22,22,20,511.7,8,262.2,7.3373073363,10,8,2,2,5,1
23,23,20,506.1,9,289.1,7.61656608633,10,8,2,3,5,1
24,24,20,499.0,10,314.7,7.96660794223,10,8,2,4,5,1
25,25,20,498.9,11,338.2,7.88606198836,10,8,2,4,6,1
26,26,20,499.2,10,310.3,7.5214360331,10,8,2,4,6,0
27,27,20,508.8,10,312.5,7.28274095307,10,8,2,4,5,1
28,28,20,510.2,10,315.7,7.41264211721,10,8,2,3,6,1
29,29,20,500.8,9,287.3,7.3068389018,10,8,2,3,5,1
30,30,20,504.4,9,287.1,7.16046161405,10,8,2,3,5,1
31,31,20,508.6,9,289.8,7.38434332326,10,8,2,3,5,1
32,32,20,502.0,8,267.5,7.66276025573,10,8,2,3,5,0
33,33,21,518.6,7,240.9,7.70113473395,11,8,2,2,5,0
34,34,21,517.6,8,264.2,7.45356418418,11,8,2,3,5,0
35,35,21,523.4,8,268.5,7.68406824292,11,8,2,3,5,0
36,36,21,518.5,7,241.3,7.81779411099,11,8,2,2,5,0
37,37,20,499.6,8,270.3,8.09448155097,11,7,2,3,5,0
38,38,20,494.6,8,267.6,8.04154344965,11,7,2,3,5,0
39,39,20,496.7,8,267.6,8.04325641045,11,7,2,3,5,0
40,40,20,496.8,8,266.3,7.91596654337,11,7,2,3,5,0
41,41,20,499.7,9,286.5,7.27108730014,11,7,2,3,5,1
42,42,20,507.1,9,285.9,7.13718763719,11,7,2,3,5,1
43,43,21,515.1,8,249.1,6.252450948,11,8,2,3,5,0
44,44,20,494.4,8,251.8,6.85754290813,10,8,2,2,5,1
45,45,19,483.9,8,259.8,7.32545430002,9,8,2,2,5,1
46,46,19,476.7,8,263.1,8.08330891658,10,7,2,2,5,1
47,47,20,521.5,11,343.8,7.37248619067,11,7,2,4,5,2
48,48,21,541.0,10,317.4,7.31419689306,11,8,2,4,4,2
49,49,21,534.8,7,237.9,7.12911869261,11,8,2,2,4,1
50,50,21,535.8,7,240.0,7.17581254732,11,8,2,2,4,1
51,51,21,535.8,7,236.2,6.77932782172,11,8,2,2,4,1
52,52,21,509.2,7,226.5,6.77883611305,11,8,2,2,4,1
53,53,21,533.9,8,262.8,6.78674478391,11,8,2,2,5,1
54,54,21,518.6,9,287.2,7.28508587393,11,8,2,3,5,1
55,55,21,524.4,9,286.2,6.79706869593,11,8,2,3,5,1
56,56,21,528.5,9,286.3,6.99552237744,11,8,2,3,5,1
57,57,21,529.6,7,238.7,7.57202872734,11,8,2,2,4,1
58,58,21,542.1,10,317.7,6.98743770736,11,8,2,3,6,1
59,59,21,537.2,8,266.9,7.14224187826,11,8,2,2,5,1
60,60,21,529.0,9,290.1,7.24775170394,11,8,2,3,5,1
61,61,21,537.7,8,269.9,7.23052392227,11,8,2,2,5,1
62,62,21,520.6,9,290.7,7.67534395072,11,8,2,3,5,1
63,63,21,509.0,8,263.5,7.57129290085,11,8,2,2,5,1
64,64,21,515.7,8,270.0,8.2877362065,11,8,2,2,5,1
65,65,21,520.9,8,271.3,8.34382862902,11,8,2,2,5,1
66,66,20,501.4,8,258.9,7.29311860231,10,8,2,1,6,1
67,67,19,487.8,8,259.9,7.16114842631,10,7,2,1,6,1
68,68,19,488.4,8,255.2,6.52852490436,10,7,2,1,6,1
69,69,19,486.7,10,311.6,7.49868604475,10,7,2,2,7,1
70,70,19,495.6,11,346.2,7.52375963627,10,7,2,2,7,2
71,71,20,516.0,9,282.3,6.0187426559,11,7,2,2,5,2
72,72,19,481.6,9,280.0,6.63227532777,10,7,2,2,6,1
73,73,20,518.1,10,313.1,6.85561429548,10,8,2,2,6,2
74,74,19,497.2,10,311.0,6.57613975179,10,7,2,3,5,2
75,75,19,505.8,10,307.8,5.8706973793,10,7,2,3,5,2
76,76,19,497.5,9,283.1,6.40809064628,10,7,2,3,4,2
77,77,18,474.7,10,311.2,6.67240194476,10,6,2,3,5,2
78,78,19,497.6,10,311.9,6.63005737673,10,7,2,3,5,2
79,79,18,477.7,10,314.3,6.83771021949,10,6,2,3,5,2
80,80,18,468.8,8,256.1,6.64620388972,10,6,2,3,4,1
81,81,19,491.5,9,283.1,6.82975944196,11,6,2,4,4,1
82,82,18,444.5,8,256.1,8.11342186621,10,6,2,3,4,1
83,83,19,478.2,8,258.0,7.86327982401,11,6,2,3,4,1
84,84,19,486.7,12,366.5,8.25296331682,11,6,2,5,5,2
85,85,21,549.4,12,371.2,7.26632480629,11,8,2,3,7,2
86,86,21,551.0,10,317.8,6.74266091321,11,8,2,4,4,2
87,87,20,520.9,10,317.6,7.1329092758,11,7,2,3,5,2
88,88,21,541.3,11,349.3,7.24995894898,11,8,2,3,6,2
89,89,21,536.4,10,313.3,6.98695723678,11,8,2,3,6,1
90,90,20,506.3,9,288.9,7.81983140214,10,8,2,2,5,2
91,91,20,486.2,9,284.7,7.85372188,10,8,2,2,6,1
92,92,20,479.3,9,285.0,7.86606803402,10,8,2,2,6,1
93,93,20,512.4,11,352.1,8.20863473487,10,8,2,3,7,1
94,94,19,499.8,10,326.3,8.00142165731,9,8,2,2,7,1
95,95,21,505.9,6,203.1,7.47508560231,11,8,2,2,4,0
96,96,21,491.1,7,228.3,8.02466732733,12,7,2,1,5,1
97,97,22,529.2,9,293.0,8.24740809344,12,8,2,2,6,1
98,98,22,550.1,9,299.3,7.91565520994,12,8,2,3,5,1
99,99,22,550.4,9,298.2,7.713787061,12,8,2,3,5,1
100,100,22,549.8,10,321.5,7.61995557361,12,8,2,3,6,1
101,101,22,536.6,9,299.8,8.69093173212,12,8,2,3,5,1
102,102,22,525.5,10,314.4,8.54708501992,12,8,2,3,5,2
103,103,22,525.1,9,289.8,8.58134112971,12,8,2,3,5,1
104,104,22,526.6,8,267.4,8.51287794515,12,8,2,3,4,1
105,105,22,535.5,11,344.6,8.25969324294,12,8,2,4,6,1
106,106,22,542.7,8,267.7,7.86023060147,12,8,2,2,5,1
107,107,22,554.1,9,298.4,7.60271226381,12,8,2,3,5,1
108,108,22,549.1,10,321.5,7.85157910056,12,8,2,4,5,1
109,109,22,544.7,9,296.7,8.06406839841,12,8,2,3,5,1
110,110,22,545.2,10,320.2,7.89072006876,12,8,2,4,5,1
111,111,22,532.5,10,320.0,8.23317778566,12,8,2,4,5,1
112,112,21,494.5,8,253.9,7.54537070313,12,7,2,2,5,1
113,113,22,534.5,9,290.3,7.88745098982,12,8,2,3,5,1
114,114,22,541.0,10,317.3,7.88946911672,12,8,2,4,5,1
115,115,22,535.9,10,316.4,8.04739881612,12,8,2,4,5,1
116,116,22,540.9,10,319.9,8.1516749932,12,8,2,4,5,1
117,117,22,531.1,9,292.2,8.28266457534,12,8,2,3,5,1
118,118,20,492.1,9,292.7,8.61012103344,11,7,2,3,5,1
119,119,20,495.6,8,268.9,8.61336782351,11,7,2,2,5,1
120,120,20,491.5,8,268.6,8.64577018578,11,7,2,2,5,1
121,121,20,485.4,7,235.7,8.44250524056,11,7,2,2,4,1
122,122,9,292.9,8,270.4,5.91187599479,3,5,1,2,5,1
123,123,11,325.1,7,238.1,7.60557212001,4,5,2,2,4,1
124,124,10,304.8,7,237.0,7.13361370166,3,6,1,2,4,1
125,125,8,257.8,7,237.0,6.82490188313,3,4,1,2,4,1
126,126,10,301.4,6,208.8,7.18612861313,3,5,2,1,4,1
127,127,10,304.4,8,259.8,6.77547866288,3,6,1,3,4,1
128,128,10,303.9,8,259.8,6.80513694858,4,5,1,3,4,1
129,129,9,284.8,7,236.1,6.52209918491,3,5,1,2,4,1
130,130,10,309.5,8,262.8,6.62625250215,3,6,1,3,4,1
131,131,12,351.0,8,263.5,7.05465674701,3,7,2,3,4,1
132,132,9,278.6,7,233.3,6.87424743356,3,4,2,2,4,1
133,133,11,321.4,7,232.0,7.0303368599,3,6,2,2,4,1
134,134,11,322.4,6,206.7,7.11708571614,3,6,2,1,4,1
135,135,12,348.8,7,233.8,6.88599809011,3,7,2,2,4,1
136,136,13,370.6,7,234.6,7.17791306004,4,7,2,1,5,1
137,137,11,327.9,7,234.8,7.0514473047,4,5,2,2,4,1
138,138,13,382.5,8,266.0,6.96253711494,4,7,2,2,5,1
139,139,8,265.7,8,265.7,5.79049405738,2,5,1,2,5,1
140,140,13,385.2,9,292.5,6.68759854948,4,7,2,3,5,1
141,141,10,307.8,7,238.7,6.74945265271,3,6,1,2,5,0
142,142,11,327.9,8,258.1,6.23882273277,4,6,1,2,5,1
143,143,13,355.0,6,199.9,6.96041923288,6,5,2,2,4,0
144,144,10,291.8,7,221.8,6.25793718231,3,6,1,2,4,1
145,145,11,317.0,6,198.3,6.40746723469,3,6,2,1,4,1
146,146,15,398.4,5,169.8,6.36539752995,6,7,2,0,4,1
147,147,16,409.9,7,226.4,7.32622856591,7,7,2,1,5,1
148,148,16,402.9,8,248.2,7.49366121021,7,7,2,1,6,1
149,149,16,409.4,7,226.3,7.40692243783,7,7,2,1,5,1
150,150,17,433.4,8,251.6,7.21712118752,8,7,2,1,6,1
151,151,18,451.1,8,254.1,7.31534558621,9,7,2,1,6,1
152,152,18,449.9,7,226.8,7.40051446719,9,7,2,1,5,1
153,153,18,452.0,7,229.7,7.49979520418,9,7,2,1,5,1
154,154,17,428.6,6,202.9,7.58426680314,9,6,2,1,4,1
155,155,18,452.2,7,229.6,7.4857948264,9,7,2,1,5,1
156,156,18,464.0,7,227.8,6.92119979021,9,7,2,1,5,1
157,157,18,467.5,7,227.7,6.97076293871,9,7,2,1,5,1
158,158,18,468.5,9,282.5,7.03150938156,9,7,2,2,6,1
159,159,19,487.1,9,285.6,7.26637694578,10,7,2,2,6,1
160,160,19,481.6,9,282.6,7.4524692717,10,7,2,2,6,1
161,161,18,450.0,9,282.8,8.17902626162,10,6,2,2,6,1
162,162,20,486.4,9,285.4,8.1997817686,11,7,2,2,6,1
163,163,20,482.1,8,254.8,7.93509692177,11,7,2,1,6,1
164,164,20,483.5,9,283.8,8.08714867455,11,7,2,2,6,1
165,165,20,485.9,9,284.2,8.1460662124,11,7,2,2,6,1
166,166,19,469.8,9,283.3,7.87385562093,10,7,2,2,6,1
167,167,19,462.2,8,255.1,7.96198203306,10,7,2,1,6,1
168,168,20,511.2,9,286.8,6.77886809368,10,8,2,1,6,2
169,169,18,475.1,10,324.0,8.10457185589,9,7,2,3,5,2
170,170,18,461.5,9,280.1,6.94331154158,9,7,2,2,5,2
171,171,20,481.0,7,214.3,5.826211191,10,8,2,1,5,1
172,172,20,489.6,7,223.2,6.5059163358,10,8,2,1,5,1
173,173,19,463.3,6,194.6,6.3407205302,10,7,2,1,4,1
174,174,19,473.1,9,275.8,6.61714943663,10,7,2,2,5,2
175,175,21,513.1,9,281.8,7.1604701894,11,8,2,2,5,2
176,176,20,494.9,9,278.8,7.02600245704,11,7,2,2,5,2
177,177,20,491.8,9,277.3,7.4045434132,11,7,2,2,5,2
178,178,21,502.7,7,226.9,7.73333538588,11,8,2,1,5,1
179,179,19,465.5,8,253.3,7.7731732402,10,7,2,2,5,1
180,180,12,337.5,7,222.4,6.54954890883,5,5,2,1,4,2
181,181,11,321.3,9,275.3,5.95037050031,4,5,2,3,4,2
182,182,12,349.2,9,280.4,6.1664782936,5,5,2,2,5,2
183,183,13,362.0,8,253.0,6.25094864595,7,5,1,3,4,1
184,184,11,317.5,8,251.0,6.60246510438,5,4,2,2,4,2
185,185,13,374.2,10,305.5,5.84605937845,5,6,2,2,6,2
186,186,10,298.5,8,249.9,5.48943429589,4,4,2,2,4,2
187,187,12,336.9,6,197.6,6.08158546912,5,5,2,1,3,2
188,188,13,360.5,8,251.5,6.06635318998,6,5,2,2,4,2
189,189,11,320.2,8,254.3,6.72405451279,4,5,2,2,4,2
190,190,11,324.0,7,232.6,7.25415241587,4,5,2,2,3,2
191,191,12,350.5,6,212.1,7.49126258728,5,5,2,2,3,1
192,192,12,345.5,6,210.4,7.62775533923,6,4,2,2,3,1
193,193,11,323.1,6,209.2,7.50214514777,5,5,1,2,3,1
194,194,10,296.4,6,205.6,7.08475671973,5,4,1,2,3,1
195,195,13,364.2,7,225.6,6.14964038974,7,5,1,3,3,1
196,196,13,362.2,8,251.7,6.4449642437,8,4,1,4,3,1
197,197,12,337.7,7,221.3,6.53236116762,7,4,1,3,3,1
198,198,9,268.5,5,177.1,7.59358281709,5,3,1,2,3,0
199,199,11,307.3,6,195.8,7.19712063638,5,5,1,2,3,1
200,200,7,213.4,5,166.6,7.50964459244,3,3,1,1,3,1
201,201,9,257.5,4,140.8,7.33390149314,4,4,1,1,3,0
202,202,9,271.6,7,226.6,6.85670798886,3,4,2,1,4,2
203,203,10,283.2,5,165.0,6.66579994366,4,5,1,1,3,1
204,204,12,335.1,5,172.7,6.76248004534,5,5,2,1,4,0
205,205,12,334.6,7,220.1,6.32151209376,6,4,2,2,3,2
206,206,13,369.8,7,229.5,5.97266207881,6,6,1,2,4,1
207,207,12,342.2,7,222.8,5.68184242419,6,5,1,3,3,1
208,208,11,305.7,7,218.1,6.31560837061,5,4,2,3,3,1
209,209,8,236.9,7,214.0,4.23199969619,5,2,1,4,2,1
210,210,13,362.0,8,250.8,7.04386439684,7,5,1,3,4,1
211,211,13,369.7,7,233.9,7.12770866192,7,5,1,2,4,1
212,212,11,312.0,5,172.2,7.03509384831,5,5,1,1,3,1
213,213,8,232.9,7,209.3,4.20932213749,5,2,1,4,2,1
214,214,11,319.6,6,203.7,6.4954389592,5,5,1,2,3,1
215,215,16,449.1,9,294.5,6.98061303421,7,7,2,3,5,1
216,216,15,422.7,8,264.3,6.8446224982,7,6,2,3,4,1
217,217,10,318.3,9,293.5,5.81760737379,4,5,1,4,4,1
218,218,13,370.3,8,257.8,6.51713717234,6,5,2,3,4,1
219,219,14,382.2,6,200.6,6.23673977948,7,6,1,1,4,1
220,220,13,365.1,7,227.9,6.22452757964,6,6,1,2,4,1
221,221,14,391.9,8,258.4,6.37488633814,7,5,2,3,4,1
222,222,11,321.8,7,230.2,6.21664919975,6,4,1,3,3,1
223,223,12,342.1,7,229.7,6.22727991594,6,4,2,3,3,1
224,224,12,331.1,7,218.4,5.50263710883,6,5,1,3,3,1
225,225,12,328.7,7,217.0,5.48940439447,7,4,1,3,3,1
226,226,10,287.9,6,195.3,5.73380811988,6,3,1,2,3,1
227,227,8,255.5,6,208.5,6.77536240465,4,3,1,2,3,1
228,228,10,280.1,5,167.2,6.34340427356,5,4,1,2,3,0
229,229,8,230.3,5,161.3,5.45224396792,4,3,1,2,2,1
230,230,13,361.5,7,223.3,5.2466594989,7,5,1,2,4,1
231,231,13,354.0,6,200.7,6.68946741968,7,5,1,2,3,1
232,232,10,265.9,4,132.4,6.74016979674,5,4,1,1,3,0
233,233,13,363.5,7,237.9,7.90026776567,7,5,1,3,4,0
234,234,14,376.0,7,233.9,7.82124466641,8,5,1,3,3,1
235,235,14,377.0,6,208.6,7.7449168016,8,5,1,3,3,0
236,236,14,370.0,7,218.7,6.5095703003,6,6,2,3,4,0
237,237,13,344.6,5,159.4,5.62516096636,7,5,1,2,3,0
238,238,12,323.8,5,157.8,5.45940944747,6,6,0,2,3,0
239,239,16,423.5,9,268.1,5.782008734,8,6,2,3,5,1
240,240,18,465.9,8,246.5,5.88729939086,10,6,2,3,4,1
241,241,18,467.5,8,249.0,6.15924036145,10,6,2,3,4,1
242,242,18,465.8,8,250.2,6.29084821322,10,6,2,3,4,1
243,243,18,468.1,7,225.6,6.36936345718,10,6,2,3,3,1
244,244,19,489.4,8,252.9,6.49198786449,11,6,2,3,4,1
245,245,19,487.8,8,253.9,6.66240214481,11,6,2,3,4,1
246,246,19,480.3,8,250.7,6.46551355246,11,6,2,3,4,1
247,247,19,472.6,7,217.7,6.33138936001,11,6,2,2,4,1
248,248,19,475.8,9,279.7,7.08373063901,11,6,2,4,4,1
249,249,20,510.5,10,300.6,6.32238088065,11,7,2,3,5,2
250,250,21,518.7,8,254.1,6.87553634272,11,8,2,2,4,2
251,251,21,520.9,8,255.6,6.89082550864,11,8,2,3,4,1
252,252,20,509.5,8,255.6,6.72183206543,11,7,2,3,4,1
253,253,20,494.9,8,249.8,6.89648842757,11,7,2,4,4,0
254,254,20,498.1,7,221.2,6.70408163184,11,7,2,2,4,1
255,255,20,503.4,8,245.9,6.63563743815,11,7,2,3,4,1
256,256,21,508.5,9,271.0,6.93255261172,11,8,2,4,4,1
257,257,21,530.2,11,328.6,6.57142443064,11,8,2,4,5,2
258,258,21,536.2,10,310.9,6.83171525558,11,8,2,4,5,1
259,259,20,516.3,12,357.6,6.50896345536,11,7,2,5,5,2
260,260,21,536.8,10,308.3,7.085088298,11,8,2,3,6,1
261,261,20,510.9,8,245.8,6.01117161712,11,7,2,2,5,1
262,262,21,543.9,10,299.8,5.5634521657,11,8,2,3,5,2
263,263,21,523.3,10,291.7,5.36186712327,11,8,2,4,4,2
264,264,20,507.6,10,295.7,5.64722568123,10,8,2,3,5,2
265,265,20,512.5,9,271.9,5.63250668699,10,8,2,2,5,2
266,266,20,506.9,8,247.8,5.8764001691,10,8,2,2,5,1
267,267,20,501.5,8,249.5,6.60102663467,10,8,2,2,5,1
268,268,21,520.6,8,248.9,6.41029677643,11,8,2,3,5,0
269,269,21,526.2,11,325.2,6.17677678313,11,8,2,4,5,2
270,270,21,535.6,9,280.3,6.07021220308,11,8,2,2,5,2
271,271,20,502.5,10,305.4,6.71548681466,10,8,2,3,5,2
272,272,20,486.2,9,270.6,6.72386949997,10,8,2,2,5,2
273,273,21,508.0,8,245.9,6.51789112842,11,8,2,1,5,2
274,274,21,512.8,8,248.2,6.45744679015,11,8,2,2,4,2
275,275,21,523.7,10,302.6,6.40230241323,11,8,2,4,4,2
276,276,21,510.8,8,249.8,6.50814142147,11,8,2,2,4,2
277,277,17,415.0,7,218.2,7.17076376275,9,6,2,3,3,1
278,278,10,291.7,7,224.1,6.00167569193,4,4,2,2,3,2
279,279,10,311.2,10,311.2,3.99633165124,3,5,2,3,5,2
280,280,12,354.9,9,283.3,5.29238303431,6,4,2,3,4,2
281,281,13,361.0,9,275.4,6.11410726863,7,4,2,4,3,2
282,282,14,386.1,8,255.0,6.49475274255,7,5,2,3,3,2
283,283,11,314.4,8,244.8,5.58566346674,5,4,2,3,3,2
284,284,16,411.9,7,216.8,6.23826565107,9,5,2,2,3,2
285,285,11,319.4,9,274.9,6.12148229227,5,4,2,3,4,2
286,286,12,347.3,8,253.3,5.84892505016,7,3,2,3,3,2
287,287,18,483.0,8,263.1,6.7287792792,9,7,2,2,5,1
288,288,19,506.8,9,284.5,5.57423060015,10,7,2,2,6,1
289,289,19,509.4,9,284.8,5.65134150611,10,7,2,2,6,1
290,290,19,503.0,9,287.9,6.39164751021,10,7,2,3,5,1
291,291,19,499.6,8,267.5,7.17855399276,10,7,2,2,4,2
292,292,18,473.2,8,260.0,6.88458541525,9,7,2,2,4,2
293,293,18,472.0,9,284.2,6.88430060146,9,7,2,2,5,2
294,294,19,484.8,8,259.7,7.18975066465,10,7,2,2,4,2
295,295,18,472.4,9,287.9,7.35472814887,9,7,2,3,4,2
296,296,19,489.0,8,262.7,7.33713617507,10,7,2,2,4,2
297,297,19,477.9,9,288.1,7.91856948508,10,7,2,2,5,2
298,298,19,470.9,8,259.9,7.74942744537,10,7,2,2,4,2
299,299,19,492.7,10,313.3,6.95142292641,10,7,2,3,5,2
300,300,17,455.5,9,287.3,6.86143849607,9,6,2,3,4,2
301,301,17,447.8,10,313.3,7.45998146978,9,6,2,3,5,2
302,302,18,457.2,9,287.3,7.76667087436,9,7,2,3,4,2
303,303,19,467.3,8,259.0,7.91738408568,10,7,2,2,4,2
304,304,19,485.0,8,264.7,7.78394659292,9,8,2,2,4,2
305,305,19,482.3,9,292.4,7.93657238904,9,8,2,3,4,2
306,306,18,467.6,10,318.7,7.87479639741,9,7,2,4,4,2
307,307,18,463.1,10,315.9,7.95825916196,9,7,2,4,4,2
308,308,18,462.5,9,290.9,7.87396844577,9,7,2,3,4,2
309,309,19,480.6,9,286.7,7.54213893064,9,8,2,3,4,2
310,310,19,490.9,10,315.6,7.59848014966,9,8,2,3,5,2
311,311,19,508.8,11,342.1,6.97269109115,9,8,2,4,5,2
312,312,19,498.5,9,287.0,6.8918801278,9,8,2,2,5,2
313,313,20,537.9,13,394.3,6.50744310689,10,8,2,5,6,2
314,314,20,520.4,13,388.9,7.03454633258,10,8,2,5,6,2
315,315,20,522.1,11,341.0,6.90746926008,10,8,2,5,5,1
316,316,20,520.8,12,358.8,6.38364687059,10,8,2,5,6,1
317,317,20,506.0,10,298.9,6.37734477003,10,8,2,3,5,2
318,318,20,510.8,12,353.8,6.4847513445,10,8,2,4,6,2
319,319,20,505.7,11,324.0,6.32990188666,10,8,2,4,5,2
320,320,20,509.3,9,279.0,6.62962053371,10,8,2,2,5,2
321,321,20,506.5,9,277.0,6.3061269288,10,8,2,2,6,1
322,322,19,490.2,8,261.1,6.94334213474,9,8,2,2,5,1
323,323,19,496.3,9,289.1,6.91773718201,10,7,2,3,4,2
324,324,20,509.1,9,283.5,6.87233010358,10,8,2,4,4,1
325,325,19,485.6,8,262.7,7.27959978978,9,8,2,2,5,1
326,326,19,441.3,9,253.8,5.70904176677,9,8,2,2,6,1
327,327,20,454.8,8,226.1,5.36051843526,10,8,2,1,5,2
328,328,19,433.6,7,200.2,5.13123105733,9,8,2,1,5,1
329,329,19,455.6,8,238.7,5.88997066087,9,8,2,1,6,1
330,330,19,458.7,8,238.1,5.85332913719,9,8,2,1,6,1
331,331,19,459.7,6,187.5,5.87182289358,9,8,2,1,5,0
332,332,19,450.0,6,180.0,5.55700390477,9,8,2,1,4,1
333,333,19,456.3,6,182.6,5.49345703318,9,8,2,1,4,1
334,334,20,492.1,8,237.9,5.536431969,10,8,2,2,5,1
335,335,20,486.1,8,244.9,6.85991215227,10,8,2,2,5,1
336,336,7,197.9,5,150.3,4.73663533383,3,3,1,1,3,1
337,337,2,58.3,2,58.3,5.72756492761,1,1,0,1,1,0
338,338,12,324.7,8,232.3,4.37336116492,7,4,1,4,3,1
339,339,14,369.3,7,211.8,4.8906785075,9,4,1,4,2,1
340,340,15,369.4,8,225.6,4.37124805105,9,5,1,4,4,0
341,341,16,410.4,10,280.8,4.14053136687,9,6,1,5,5,0
342,342,17,444.1,9,267.7,4.94981431618,9,6,2,6,2,1
343,343,17,453.4,9,273.5,5.00022058337,9,6,2,6,2,1
344,344,17,440.2,7,225.9,5.85368159668,9,6,2,4,2,1
345,345,18,446.8,7,236.6,7.85714778032,10,6,2,4,2,1
346,346,18,454.2,8,256.4,6.89893427405,10,6,2,5,2,1
347,347,19,473.6,9,277.7,6.5968714896,11,6,2,5,3,1
