,e_id,num_sat,sum_snr,num_sat_25,sum_snr_25,snr_std,elev_0_30,elev_30_60,elev_60_90,elev_0_30_25,elev_30_60_25,elev_60_90_25
1,1,5,89.1,0,0,3.30106043568,3,0,2,0,0,0
2,2,6,103.1,0,0,3.62293619412,4,0,2,0,0,0
3,3,6,97.5,0,0,2.09165006634,4,0,2,0,0,0
4,4,7,107.2,0,0,2.56932453603,4,1,2,0,0,0
5,5,7,107.2,0,0,2.5732136661,4,1,2,0,0,0
6,6,7,106.0,0,0,2.4165106682,4,1,2,0,0,0
7,7,7,107.3,0,0,3.11004516887,4,1,2,0,0,0
8,8,7,108.7,0,0,2.88658638402,4,1,2,0,0,0
9,9,7,109.4,0,0,3.1105810206,4,1,2,0,0,0
10,10,7,112.3,0,0,3.65506823596,4,1,2,0,0,0
11,11,7,109.9,0,0,2.99888868305,4,1,2,0,0,0
12,12,7,104.4,0,0,2.41276367915,4,1,2,0,0,0
13,13,7,107.8,0,0,2.65643871879,4,1,2,0,0,0
14,14,7,108.7,0,0,2.86572520532,4,1,2,0,0,0
15,15,7,108.1,0,0,2.85473708238,4,1,2,0,0,0
16,16,7,104.2,0,0,2.2556806596,4,1,2,0,0,0
17,17,7,106.2,0,0,2.4226117351,4,1,2,0,0,0
18,18,7,105.9,0,0,2.41019659344,4,1,2,0,0,0
19,19,7,105.8,0,0,2.40723116978,4,1,2,0,0,0
20,20,7,105.8,0,0,2.40723116978,4,1,2,0,0,0
21,21,7,105.8,0,0,2.40723116978,4,1,2,0,0,0
22,22,7,102.5,0,0,2.20140647682,4,1,2,0,0,0
23,23,7,105.4,0,0,2.45075304268,4,1,2,0,0,0
24,24,6,94.9,0,0,2.44410856278,3,1,2,0,0,0
25,25,3,43.7,0,0,5.60832714215,2,0,1,0,0,0
26,26,4,58.6,0,0,4.60615530206,2,0,2,0,0,0
27,27,4,60.3,0,0,5.20024037906,2,0,2,0,0,0
28,28,5,83.1,0,0,2.38579127335,3,0,2,0,0,0
29,29,6,100.8,0,0,2.06300751332,3,0,3,0,0,0
30,30,6,95.7,0,0,2.94397690208,3,0,3,0,0,0
31,31,6,95.5,0,0,3.3005555088,3,0,3,0,0,0
32,32,6,94.9,0,0,3.21335753794,3,0,3,0,0,0
33,33,7,112.8,0,0,3.6866554723,4,0,3,0,0,0
34,34,7,113.1,0,0,3.315045069,4,0,3,0,0,0
35,35,7,110.4,0,0,2.48375675521,4,0,3,0,0,0
36,36,7,109.6,0,0,2.55072352014,4,0,3,0,0,0
37,37,6,95.3,0,0,2.69549006058,3,0,3,0,0,0
38,38,6,87.3,0,0,0.585662018574,3,0,3,0,0,0
39,39,6,87.1,0,0,0.594698803317,3,0,3,0,0,0
40,40,6,90.7,0,0,1.57786775956,3,0,3,0,0,0
41,41,6,90.9,0,0,1.65378354085,3,0,3,0,0,0
42,42,6,92.6,0,0,2.22141096303,3,0,3,0,0,0
43,43,6,97.6,0,0,4.22311101756,3,0,3,0,0,0
44,44,6,86.7,0,0,1.28179561553,3,0,3,0,0,0
45,45,6,86.7,0,0,1.28179561553,3,0,3,0,0,0
46,46,6,86.1,0,0,1.0559356041,3,0,3,0,0,0
47,47,6,93.2,0,0,2.28444012105,3,0,3,0,0,0
48,48,6,97.0,0,0,2.73909960875,3,0,3,0,0,0
49,49,6,95.9,0,0,2.35237468671,3,0,3,0,0,0
50,50,6,94.4,0,0,2.31919526273,3,0,3,0,0,0
51,51,7,106.7,0,0,1.51641808533,4,0,3,0,0,0
52,52,7,110.2,0,0,2.78499380182,4,0,3,0,0,0
53,53,6,100.1,0,0,2.7073357137,4,0,2,0,0,0
54,54,6,100.1,0,0,2.7073357137,4,0,2,0,0,0
55,55,6,99.9,0,0,2.7024063351,4,0,2,0,0,0
56,56,5,78.8,0,0,1.70088212408,3,0,2,0,0,0
57,57,5,81.4,0,0,2.20612782948,3,0,2,0,0,0
58,58,4,71.4,0,0,3.5576209279,2,0,2,0,0,0
59,59,4,71.0,0,0,3.39656689418,2,0,2,0,0,0
60,60,4,71.0,0,0,3.39656689418,2,0,2,0,0,0
61,61,4,62.4,0,0,2.60895892391,2,0,2,0,0,0
62,62,4,60.9,0,0,2.11404036543,2,0,2,0,0,0
63,63,4,60.1,0,0,1.74427635425,2,0,2,0,0,0
64,64,4,62.5,0,0,2.87793328623,2,0,2,0,0,0
65,65,4,63.1,0,0,2.57471681291,2,0,2,0,0,0
66,66,3,50.5,0,0,1.7616280349,2,0,1,0,0,0
67,67,3,49.9,0,0,2.10792156717,2,0,1,0,0,0
68,68,3,54.1,0,0,0.321455025366,2,0,1,0,0,0
69,69,4,69.6,0,0,2.0591260282,2,0,2,0,0,0
70,70,4,66.7,0,0,1.53920975395,2,0,2,0,0,0
71,71,4,66.6,0,0,1.52643375225,2,0,2,0,0,0
72,72,4,61.1,0,0,1.98053023203,2,0,2,0,0,0
73,73,4,66.5,0,0,1.65806111669,2,0,2,0,0,0
74,74,4,68.9,0,0,2.25,2,0,2,0,0,0
75,75,4,66.8,0,0,1.50554530542,2,0,2,0,0,0
76,76,4,68.3,0,0,1.10264832713,2,0,2,0,0,0
77,77,4,67.2,0,0,2.08006410158,2,0,2,0,0,0
78,78,4,65.0,0,0,1.81934053987,2,0,2,0,0,0
79,79,4,64.3,0,0,1.09962114688,2,0,2,0,0,0
80,80,4,65.3,0,0,1.73469497799,2,0,2,0,0,0
81,81,4,66.4,0,0,1.71075032271,2,0,2,0,0,0
82,82,4,66.4,0,0,1.71075032271,2,0,2,0,0,0
83,83,4,64.4,0,0,1.87794213613,2,0,2,0,0,0
84,84,5,78.9,0,0,3.32520676049,2,1,2,0,0,0
85,85,5,75.1,0,0,1.75413796493,2,1,2,0,0,0
86,86,5,78.7,0,0,4.54565726821,2,1,2,0,0,0
87,87,6,99.3,0,0,3.80512811874,3,1,2,0,0,0
88,88,6,96.8,0,0,2.92415229882,3,1,2,0,0,0
89,89,6,101.0,0,0,3.69684550214,3,1,2,0,0,0
90,90,6,100.8,0,0,4.65574913414,3,1,2,0,0,0
91,91,6,94.3,0,0,3.04132646499,3,1,2,0,0,0
92,92,6,97.6,0,0,4.09080269222,3,1,2,0,0,0
93,93,6,100.4,0,0,4.63148644246,3,1,2,0,0,0
94,94,6,95.0,0,0,3.10848301695,3,1,2,0,0,0
95,95,6,98.6,0,0,3.28369710337,3,1,2,0,0,0
96,96,6,97.8,0,0,3.75872318747,3,1,2,0,0,0
97,97,6,109.5,0,0,4.15776382206,3,1,2,0,0,0
98,98,6,105.9,1,25.6,4.8198547696,3,1,2,1,0,0
99,99,6,109.2,0,0,4.86250964009,3,1,2,0,0,0
100,100,6,106.5,0,0,4.11570164128,3,1,2,0,0,0
101,101,6,106.4,0,0,4.29821668447,3,1,2,0,0,0
102,102,6,108.2,0,0,4.23446179185,3,1,2,0,0,0
103,103,6,105.0,0,0,3.72182750809,3,1,2,0,0,0
104,104,6,102.6,0,0,3.37283263741,3,1,2,0,0,0
105,105,6,104.3,0,0,3.71290542119,3,1,2,0,0,0
106,106,6,99.5,0,0,3.02814574726,3,1,2,0,0,0
107,107,5,88.2,0,0,3.76204731496,3,1,1,0,0,0
108,108,4,78.7,0,0,2.51313217586,3,0,1,0,0,0
109,109,4,77.6,0,0,2.04124145232,3,0,1,0,0,0
110,110,4,77.9,0,0,1.6760568805,3,0,1,0,0,0
111,111,4,73.0,0,0,0.568624070308,3,0,1,0,0,0
112,112,4,68.6,0,0,3.31913643387,3,0,1,0,0,0
113,113,4,75.4,0,0,2.09204843794,3,0,1,0,0,0
114,114,5,89.6,0,0,3.88484233914,3,0,2,0,0,0
115,115,5,91.8,0,0,3.92466559085,3,0,2,0,0,0
116,116,5,89.3,0,0,2.37023205615,3,0,2,0,0,0
117,117,5,92.5,0,0,3.09354165965,3,0,2,0,0,0
118,118,5,90.2,0,0,2.60057685908,3,0,2,0,0,0
119,119,5,88.6,0,0,2.99783255036,3,0,2,0,0,0
120,120,5,91.0,0,0,3.92109678534,3,0,2,0,0,0
121,121,5,97.3,0,0,2.92967574998,3,0,2,0,0,0
122,122,5,91.4,0,0,3.17127734517,3,0,2,0,0,0
123,123,5,87.1,0,0,2.18792138798,3,0,2,0,0,0
124,124,5,88.2,0,0,2.19840851527,3,0,2,0,0,0
125,125,5,82.6,0,0,1.63615402698,3,0,2,0,0,0
126,126,5,91.8,0,0,3.96774495148,3,0,2,0,0,0
127,127,5,105.0,2,51.4,4.79374592568,3,0,2,2,0,0
128,128,5,103.5,0,0,4.34741302386,3,0,2,0,0,0
129,129,5,108.0,2,56.2,6.26578007913,3,0,2,2,0,0
130,130,5,110.1,2,55.7,5.88914255219,3,0,2,2,0,0
131,131,5,107.6,2,55.4,6.09606430412,3,0,2,2,0,0
132,132,5,104.5,2,54.1,5.90381232764,3,0,2,2,0,0
133,133,5,102.1,2,52.0,5.35882449797,3,0,2,2,0,0
134,134,5,102.0,1,26.9,5.37447671871,3,0,2,1,0,0
135,135,5,101.9,2,53.0,5.76038193178,3,0,2,2,0,0
136,136,5,98.3,1,26.1,4.78988517608,3,0,2,1,0,0
137,137,5,94.3,0,0,4.04820948075,3,0,2,0,0,0
138,138,5,99.8,1,27.0,5.1694293689,3,0,2,1,0,0
139,139,4,87.9,1,29.1,5.71744406765,3,0,1,1,0,0
140,140,4,85.1,1,26.6,4.68072287864,3,0,1,1,0,0
141,141,4,81.8,0,0,3.82317494586,3,0,1,0,0,0
142,142,4,80.9,0,0,3.52455670972,3,0,1,0,0,0
143,143,4,81.2,0,0,3.58980036585,3,0,1,0,0,0
144,144,4,79.7,0,0,3.24794807019,3,0,1,0,0,0
145,145,5,95.4,0,0,3.55274541728,3,0,2,0,0,0
146,146,6,112.9,1,25.6,5.11562964518,3,0,3,1,0,0
147,147,6,110.6,0,0,4.79318961305,3,0,3,0,0,0
148,148,6,107.5,0,0,4.17105102662,3,0,3,0,0,0
149,149,6,96.1,1,25.5,5.99313496149,3,0,3,1,0,0
150,150,6,97.3,0,0,6.06412950609,3,0,3,0,0,0
151,151,6,97.2,1,25.4,6.04350891453,3,0,3,1,0,0
152,152,6,99.6,1,27.0,6.65642546717,3,0,3,1,0,0
153,153,6,97.6,1,26.9,6.33645537084,3,0,3,1,0,0
154,154,6,96.1,1,27.4,6.30441644141,3,0,3,1,0,0
155,155,6,99.1,1,26.0,6.4443515319,3,0,3,1,0,0
156,156,6,104.0,2,53.7,7.63457049654,3,0,3,2,0,0
157,157,6,104.7,2,51.7,6.61052191586,3,0,3,2,0,0
158,158,6,98.9,0,0,4.0266197569,3,0,3,0,0,0
159,159,6,104.4,0,0,3.89871773792,3,0,3,0,0,0
160,160,6,109.8,1,25.2,4.95943545174,3,0,3,1,0,0
161,161,6,118.3,2,54.6,6.12973626404,3,0,3,2,0,0
162,162,6,121.1,2,55.9,6.33195599058,3,0,3,2,0,0
163,163,6,123.8,2,57.9,6.75563961936,3,0,3,2,0,0
164,164,6,126.4,2,59.0,6.87827497754,3,0,3,2,0,0
165,165,6,122.3,2,54.3,5.78909895119,3,0,3,2,0,0
166,166,6,107.9,0,0,5.1712345399,3,0,3,0,0,0
167,167,6,113.1,0,0,4.74204597194,3,0,3,0,0,0
168,168,6,113.8,0,0,4.11663292834,3,0,3,0,0,0
169,169,6,111.4,0,0,3.56576312543,3,0,3,0,0,0
170,170,6,108.1,0,0,3.5125014828,3,0,3,0,0,0
171,171,6,117.9,0,0,4.55752125612,3,0,3,0,0,0
172,172,6,124.5,1,26.7,4.15920665512,3,0,3,1,0,0
173,173,6,124.5,1,27.1,4.40851448903,3,0,3,1,0,0
174,174,6,118.5,0,0,2.99249060149,3,0,3,0,0,0
175,175,6,121.5,1,28.4,4.73444822551,3,0,3,1,0,0
176,176,6,119.3,1,27.3,4.02015754252,3,0,3,1,0,0
177,177,6,121.2,1,27.3,5.02075691505,3,0,3,1,0,0
178,178,6,121.4,2,51.8,5.00146645162,3,0,3,1,0,1
179,179,6,118.1,1,27.5,5.07520114544,3,0,3,1,0,0
180,180,6,113.1,1,26.6,4.9013263511,3,0,3,1,0,0
181,181,6,117.5,0,0,4.25460534793,3,0,3,0,0,0
182,182,6,121.4,1,27.6,4.9451659898,3,0,3,1,0,0
183,183,6,124.5,1,29.0,5.23822489017,3,0,3,1,0,0
184,184,6,112.1,1,28.9,6.2531325483,3,0,3,1,0,0
185,185,6,111.0,1,25.1,5.54111902056,3,0,3,1,0,0
186,186,6,106.1,0,0,5.30449494925,3,0,3,0,0,0
187,187,6,107.2,0,0,5.15738952055,3,0,3,0,0,0
188,188,6,117.0,1,26.5,6.2449979984,3,0,3,1,0,0
189,189,6,119.3,1,27.9,6.64000502008,3,0,3,1,0,0
190,190,6,108.1,1,27.8,6.57279747647,3,0,3,1,0,0
191,191,6,113.9,1,27.9,5.80669154224,3,0,3,1,0,0
192,192,6,121.9,1,27.6,4.7633671564,3,0,3,1,0,0
193,193,7,138.0,1,28.1,4.98144174961,4,0,3,1,0,0
194,194,7,135.2,1,28.6,5.06932887453,4,0,3,1,0,0
195,195,7,134.3,1,28.5,4.80951438,4,0,3,1,0,0
196,196,7,137.2,1,27.3,4.76759897642,4,0,3,1,0,0
197,197,7,129.3,1,25.6,4.7580508214,4,0,3,1,0,0
198,198,7,138.6,1,25.8,4.19801540413,4,0,3,1,0,0
199,199,7,137.3,0,0,3.74985714014,4,0,3,0,0,0
200,200,7,136.5,1,27.1,4.51700490738,4,0,3,1,0,0
201,201,7,137.1,1,26.6,4.66562913636,4,0,3,1,0,0
202,202,7,127.8,1,25.6,3.90847674628,4,0,3,1,0,0
203,203,7,137.8,1,26.9,4.55427585588,4,0,3,1,0,0
204,204,7,139.7,1,27.1,4.52763998232,4,0,3,1,0,0
205,205,7,140.4,1,27.6,4.65791696751,4,0,3,1,0,0
206,206,7,141.1,1,28.7,5.12960594421,4,0,3,1,0,0
207,207,7,141.9,1,27.9,4.86268591271,4,0,3,1,0,0
208,208,7,139.6,1,27.5,5.17296083588,4,0,3,1,0,0
209,209,7,142.6,1,28.5,5.44386942218,4,0,3,1,0,0
210,210,7,140.0,1,28.2,5.26371225151,4,0,3,1,0,0
211,211,7,142.0,1,29.3,5.58343638853,4,0,3,1,0,0
212,212,7,140.6,1,29.7,5.56699457261,4,0,3,1,0,0
213,213,7,121.8,1,25.5,4.55485089401,4,0,3,0,0,1
214,214,7,121.2,0,0,4.37928021918,4,0,3,0,0,0
215,215,7,119.5,1,25.4,4.51246949601,4,0,3,0,0,1
216,216,6,105.4,0,0,4.33112764377,3,0,3,0,0,0
217,217,6,99.0,0,0,4.22516271876,3,0,3,0,0,0
218,218,6,100.2,0,0,3.0646370095,3,0,3,0,0,0
219,219,7,117.1,0,0,2.6291407251,3,1,3,0,0,0
220,220,7,111.3,0,0,2.21284131077,3,1,3,0,0,0
221,221,7,110.6,0,0,2.44404037064,3,1,3,0,0,0
222,222,7,121.8,0,0,4.75674959049,3,1,3,0,0,0
223,223,7,127.7,2,52.9,5.8852519467,3,1,3,2,0,0
224,224,7,127.9,2,55.5,7.02346407544,3,1,3,2,0,0
225,225,7,113.2,0,0,3.76019249761,3,1,3,0,0,0
226,226,7,113.6,0,0,3.79416845774,3,1,3,0,0,0
227,227,7,110.8,0,0,3.53209771746,3,1,3,0,0,0
228,228,8,123.3,0,0,3.72115093563,4,1,3,0,0,0
229,229,8,124.2,0,0,3.57001400557,4,1,3,0,0,0
230,230,8,120.0,0,0,2.92916370318,4,1,3,0,0,0
231,231,8,130.7,0,0,4.66933384665,4,1,3,0,0,0
232,232,8,130.4,0,0,3.80075180533,4,1,3,0,0,0
233,233,8,134.3,0,0,3.48401964075,4,1,3,0,0,0
234,234,8,137.4,0,0,3.63622645845,4,1,3,0,0,0
235,235,8,135.7,0,0,3.43674991816,4,1,3,0,0,0
236,236,8,135.3,0,0,2.8582899483,4,1,3,0,0,0
237,237,8,131.7,0,0,2.45353243887,4,1,3,0,0,0
238,238,8,139.7,0,0,3.88143474946,4,1,3,0,0,0
239,239,8,142.2,0,0,4.16473288459,4,1,3,0,0,0
240,240,8,141.7,0,0,3.28043442245,4,1,3,0,0,0
241,241,8,142.3,0,0,3.2917374917,4,1,3,0,0,0
242,242,8,136.4,0,0,2.82185349422,4,1,3,0,0,0
243,243,8,139.7,0,0,3.29499078689,4,1,3,0,0,0
244,244,8,129.9,0,0,2.32866454678,4,1,3,0,0,0
245,245,8,129.8,0,0,2.31563012097,4,1,3,0,0,0
246,246,8,134.1,0,0,2.52300133062,4,1,3,0,0,0
247,247,8,123.7,0,0,2.50367586903,4,1,3,0,0,0
248,248,8,134.7,0,0,2.25447966756,4,1,3,0,0,0
249,249,8,138.6,0,0,2.5109759059,4,1,3,0,0,0
250,250,8,135.8,0,0,2.24865038888,4,1,3,0,0,0
251,251,8,139.5,0,0,2.15667568262,4,1,3,0,0,0
252,252,8,141.0,0,0,2.57834387599,4,1,3,0,0,0
253,253,8,137.5,0,0,2.08904455263,4,1,3,0,0,0
254,254,8,137.6,0,0,1.88982236505,4,1,3,0,0,0
255,255,8,139.8,0,0,2.07209348934,4,1,3,0,0,0
256,256,8,138.8,0,0,2.11187120819,4,1,3,0,0,0
257,257,8,135.9,0,0,1.78200328683,4,1,3,0,0,0
258,258,8,140.7,0,0,2.29871858714,4,1,3,0,0,0
259,259,8,141.2,0,0,2.58953939644,4,1,3,0,0,0
260,260,8,142.5,0,0,2.34425589778,4,1,3,0,0,0
261,261,8,142.4,0,0,2.32992949004,4,1,3,0,0,0
262,262,8,135.5,0,0,2.17645681917,4,1,3,0,0,0
263,263,7,122.2,0,0,2.37617139032,4,1,2,0,0,0
264,264,7,117.1,0,0,3.24330812891,4,1,2,0,0,0
265,265,7,124.6,1,25.3,3.91705671817,4,1,2,1,0,0
266,266,7,122.0,0,0,3.13193991306,4,1,2,0,0,0
267,267,7,120.3,0,0,2.80322943016,4,1,2,0,0,0
268,268,7,119.9,0,0,2.86630673266,4,1,2,0,0,0
269,269,7,121.2,0,0,3.01796210018,4,1,2,0,0,0
270,270,7,120.2,0,0,2.67002764387,4,1,2,0,0,0
271,271,7,114.2,0,0,3.33887634364,4,1,2,0,0,0
272,272,7,123.0,0,0,3.07609833269,4,1,2,0,0,0
273,273,7,124.4,0,0,3.41794981712,4,1,2,0,0,0
274,274,7,124.1,0,0,3.3245121375,4,1,2,0,0,0
275,275,7,115.1,0,0,1.68211884524,4,1,2,0,0,0
276,276,7,126.7,0,0,3.38378486314,4,1,2,0,0,0
277,277,7,129.6,0,0,3.22822374866,4,1,2,0,0,0
278,278,7,123.0,0,0,1.88566017238,4,1,2,0,0,0
279,279,7,127.6,0,0,2.4783827292,4,1,2,0,0,0
280,280,7,131.3,1,25.2,3.01211838128,4,1,2,0,0,1
281,281,6,110.1,0,0,3.46857319369,3,1,2,0,0,0
282,282,6,105.0,0,0,3.26312733432,3,1,2,0,0,0
283,283,6,106.2,0,0,3.3250563905,3,1,2,0,0,0
284,284,6,105.5,0,0,2.93013082757,3,1,2,0,0,0
285,285,6,103.6,0,0,3.30252428707,3,1,2,0,0,0
286,286,5,86.9,0,0,3.47807417977,3,0,2,0,0,0
287,287,5,88.9,0,0,3.96446717731,3,0,2,0,0,0
288,288,5,82.6,0,0,4.14692657278,3,0,2,0,0,0
289,289,5,82.5,0,0,4.03236903073,3,0,2,0,0,0
290,290,5,87.0,0,0,5.0199601592,3,0,2,0,0,0
291,291,5,87.8,0,0,3.92020407632,3,0,2,0,0,0
292,292,5,101.1,1,27.2,4.84891740495,3,0,2,1,0,0
293,293,6,120.2,2,54.5,5.94261446391,3,1,2,2,0,0
294,294,6,123.2,2,54.6,5.92272459825,3,1,2,2,0,0
295,295,6,123.1,2,53.5,5.68169575626,3,1,2,2,0,0
296,296,6,118.9,1,25.7,4.94263762243,3,1,2,1,0,0
297,297,6,122.6,1,28.3,5.49533135185,3,1,2,1,0,0
298,298,6,124.8,1,31.3,6.47394779095,3,1,2,1,0,0
299,299,6,126.5,1,32.0,6.84614246614,3,1,2,1,0,0
300,300,6,124.1,1,30.6,6.25121321558,3,1,2,1,0,0
301,301,6,119.2,1,29.6,6.39051380303,3,1,2,1,0,0
302,302,6,122.1,1,28.1,5.00429815259,3,1,2,1,0,0
303,303,6,112.3,0,0,3.31506661572,3,1,2,0,0,0
304,304,6,117.2,1,26.9,3.99482999221,3,1,2,1,0,0
305,305,7,124.9,0,0,3.50136027988,4,1,2,0,0,0
306,306,7,123.6,0,0,3.16799470899,4,1,2,0,0,0
307,307,7,122.2,0,0,3.58415826606,4,1,2,0,0,0
308,308,7,127.6,0,0,4.3423166957,4,1,2,0,0,0
309,309,8,139.3,0,0,4.32878653402,4,1,3,0,0,0
310,310,8,139.8,0,0,4.20569341998,4,1,3,0,0,0
311,311,8,139.8,0,0,4.02057209859,4,1,3,0,0,0
312,312,8,135.9,0,0,3.28348138414,4,1,3,0,0,0
313,313,8,139.7,0,0,3.53510456503,4,1,3,0,0,0
314,314,8,144.8,0,0,4.31343416383,4,1,3,0,0,0
315,315,8,138.3,0,0,4.12602801043,4,1,3,0,0,0
316,316,8,142.9,1,26.7,4.57694143038,4,1,3,1,0,0
317,317,8,147.7,1,31.4,6.07992892346,4,1,3,1,0,0
318,318,8,146.3,1,28.8,5.44280324308,4,1,3,1,0,0
319,319,8,136.9,0,0,3.50201472625,4,1,3,0,0,0
320,320,3,92.7,3,92.7,6.34980314656,3,0,0,3,0,0
321,321,6,152.9,2,63.5,5.54668068908,5,1,0,2,0,0
322,322,8,200.1,3,101.7,7.98810499609,7,1,0,3,0,0
323,323,10,252.6,4,136.6,8.60635424168,8,1,1,4,0,0
324,324,12,290.6,5,163.2,8.35092083473,9,1,2,5,0,0
325,325,12,293.5,5,164.5,8.27498512312,10,1,1,5,0,0
