,e_id,num_sat,sum_snr,num_sat_25,sum_snr_25,num_sat_u20,sum_sat_u20,snr_std,elev_0_30,elev_30_60,elev_60_90,sum_elev_0_30,sum_elev_30_60,sum_elev_60_90,elev_0_30_25,elev_30_60_25,elev_60_90_25,sum_elev_0_30_25,sum_elev_30_60_25,sum_elev_60_90_25
1,1,11,237.4,3,88.1,4,60.0,6.46402632758,5,4,2,115.8,82.9,38.7,1,1,1,34.0,28.5,25.6
2,2,10,215.3,4,117.3,4,53.0,7.8460251791,4,4,2,92.8,81.8,40.7,2,1,1,56.9,32.8,27.6
3,3,10,209.5,3,85.0,6,101.0,6.1205028842,4,4,2,89.6,81.4,38.5,1,1,1,26.9,32.7,25.4
4,4,10,222.2,3,89.4,4,61.8,6.59794580827,4,4,2,100.2,81.7,40.3,1,1,1,29.2,33.0,27.2
6,6,5,114.3,1,26.6,1,19.3,2.80588666913,2,2,1,50.9,42.2,21.2,1,0,0,26.6,0,0
7,7,6,133.7,1,28.6,2,37.2,3.91837551374,3,2,1,70.1,43.6,20.0,1,0,0,28.6,0,0
8,8,7,151.1,2,54.8,3,54.3,4.43412094687,3,2,2,69.2,39.9,42.0,1,0,1,29.2,0,25.6
9,9,8,184.9,3,83.8,3,54.1,4.80518692962,3,3,2,73.4,71.2,40.3,2,1,0,54.9,28.9,0
10,10,9,191.9,1,31.7,4,68.8,5.13998486811,4,3,2,91.6,66.0,34.3,1,0,0,31.7,0,0
11,11,9,197.9,3,82.1,4,69.4,5.14306436972,4,3,2,91.0,72.5,34.4,2,1,0,56.0,26.1,0
12,12,9,199.8,3,83.1,3,48.4,5.35023363976,4,3,2,94.0,73.4,32.4,2,1,0,55.7,27.4,0
13,13,9,202.3,4,109.8,3,48.8,5.43041844101,4,3,2,93.3,76.4,32.6,2,2,0,55.4,54.4,0
14,14,9,204.5,4,108.7,3,48.5,5.36045188808,4,3,2,96.9,75.8,31.8,2,2,0,55.9,52.8,0
15,15,9,209.2,2,61.7,3,51.7,5.68575217344,4,3,2,103.1,68.5,37.6,2,0,0,61.7,0,0
16,16,10,207.0,2,54.1,4,63.6,4.76025209416,4,3,3,88.1,69.1,49.8,1,1,0,26.5,27.6,0
17,17,10,215.5,2,60.5,4,63.8,5.90258888587,4,3,3,88.7,69.3,57.5,0,1,1,0,30.8,29.7
18,18,10,218.9,3,86.7,4,64.0,5.95099431468,4,3,3,93.1,69.8,56.0,1,1,1,27.9,30.6,28.2
19,19,10,207.4,2,57.4,4,61.7,5.49852505476,4,3,3,86.5,65.3,55.6,0,1,1,0,29.6,27.8
20,20,10,218.4,4,106.2,3,45.0,5.20580872146,4,3,3,92.9,69.1,56.4,1,2,1,25.7,52.1,28.4
21,21,10,204.7,2,57.1,5,81.9,5.31016844261,4,3,3,79.8,66.4,58.5,0,1,1,0,26.6,30.5
22,22,11,220.8,3,82.6,6,94.8,5.62887038563,4,4,3,81.1,81.5,58.2,1,1,1,25.1,27.3,30.2
23,23,11,232.7,3,85.4,6,101.8,5.70479861807,4,4,3,87.9,85.7,59.1,1,1,1,25.7,29.5,30.2
24,24,13,260.9,4,108.0,8,129.1,5.64422782073,5,5,3,115.3,92.9,52.7,3,1,0,79.6,28.4,0
25,25,13,273.9,5,138.2,7,114.4,6.05301365924,5,5,3,119.1,95.8,59.0,3,1,1,82.0,28.5,27.7
26,26,13,260.7,3,83.1,7,109.8,5.71731513105,5,5,3,109.2,90.5,61.0,1,1,1,30.2,25.2,27.7
27,27,13,264.6,2,57.3,6,94.5,5.4076512746,5,5,3,110.8,92.2,61.6,1,0,1,30.4,0,26.9
28,28,13,258.2,2,53.8,7,112.9,4.98891077984,5,5,3,108.3,91.8,58.1,1,0,1,28.1,0,25.7
29,29,13,263.0,2,55.3,5,75.5,4.95637377784,5,5,3,108.7,92.1,62.2,1,0,1,28.1,0,27.2
30,30,13,254.9,2,57.1,6,89.2,5.47836069435,5,5,3,105.1,89.6,60.2,1,0,1,30.9,0,26.2
31,31,13,255.2,3,78.1,7,113.2,4.73363577943,5,5,3,104.1,91.0,60.1,1,1,1,25.6,26.4,26.1
32,32,13,272.8,3,83.7,4,57.0,5.48571571657,5,5,3,113.8,95.4,63.6,1,1,1,26.7,27.4,29.6
33,33,13,279.6,4,114.8,4,57.0,6.2030182893,5,5,3,114.4,100.9,64.3,1,2,1,27.4,57.1,30.3
34,34,13,265.6,3,83.4,5,73.0,5.63521437264,5,5,3,108.5,97.1,60.0,1,1,1,26.9,30.5,26.0
35,35,13,251.4,2,56.7,8,127.9,5.32799813275,5,5,3,95.1,95.8,60.5,0,1,1,0,30.2,26.5
36,36,12,248.6,3,87.0,6,94.9,5.9898145871,5,5,2,111.2,94.5,42.9,1,1,1,29.8,28.9,28.3
37,37,12,242.9,3,79.5,5,77.2,5.03649559503,5,5,2,111.5,85.4,46.0,2,1,0,53.6,25.9,0
38,38,12,252.3,3,83.0,5,78.9,5.47542028275,5,5,2,113.3,92.1,46.9,1,1,1,31.3,25.9,25.8
39,39,12,248.5,3,84.4,6,97.4,5.75759708927,5,5,2,116.3,84.8,47.4,2,0,1,58.1,0,26.3
40,40,12,247.0,3,82.5,5,79.1,5.37313745037,5,5,2,114.5,85.7,46.8,2,0,1,56.8,0,25.7
41,41,13,260.3,3,83.1,6,91.0,5.64729342933,5,5,3,113.3,85.6,61.4,2,0,1,57.8,0,25.3
42,42,13,259.7,3,84.4,6,88.5,5.87596145979,5,5,3,111.4,85.9,62.4,2,0,1,58.1,0,26.3
43,43,13,259.8,3,82.7,6,90.8,5.61409626949,5,5,3,113.3,84.4,62.1,2,0,1,57.1,0,25.6
44,44,13,271.2,3,84.0,4,60.3,5.40702297349,5,5,3,120.6,87.9,62.7,2,0,1,57.8,0,26.2
45,45,13,264.0,3,84.2,6,93.1,5.69685023185,5,5,3,119.0,83.4,61.6,2,0,1,59.1,0,25.1
46,46,12,255.0,3,84.9,3,43.4,5.34883164813,5,4,3,116.4,75.8,62.8,2,0,1,58.6,0,26.3
47,47,12,258.5,3,83.3,3,45.0,5.01732604143,5,4,3,115.7,78.7,64.1,2,0,1,55.2,0,28.1
48,48,12,258.7,3,80.6,3,44.9,4.77768645673,5,4,3,109.7,84.9,64.1,0,2,1,0,52.4,28.2
49,49,12,259.5,3,80.8,3,45.5,4.63977370138,5,4,3,113.2,83.8,62.5,1,1,1,27.2,26.8,26.8
50,50,12,257.1,4,107.6,4,60.7,5.26534553817,5,4,3,114.2,79.4,63.5,2,1,1,52.9,26.9,27.8
51,51,12,259.7,3,83.8,5,83.2,4.97529502704,5,4,3,109.0,86.6,64.1,1,1,1,27.8,27.6,28.4
52,52,12,261.0,3,81.8,5,86.7,4.52739138216,5,4,3,108.7,88.4,63.9,1,1,1,26.9,26.7,28.2
53,53,12,263.1,4,108.1,4,66.3,4.64956009649,5,4,3,112.9,86.2,64.0,2,1,1,53.0,26.8,28.3
54,54,12,262.5,3,81.9,3,47.3,4.52048368289,5,4,3,110.4,88.0,64.1,1,1,1,26.2,27.3,28.4
55,55,12,263.7,3,83.7,4,66.9,4.66926605095,5,4,3,113.4,86.8,63.5,1,1,1,27.6,28.3,27.8
56,56,12,255.3,3,80.7,5,83.5,4.77533911218,5,4,3,113.8,85.8,55.7,1,1,1,26.4,26.5,27.8
57,57,12,255.7,3,82.2,5,83.7,4.81974317183,5,4,3,113.0,86.5,56.2,1,1,1,26.6,27.3,28.3
58,58,12,254.4,3,83.0,5,83.4,4.93797897562,5,4,3,112.9,85.5,56.0,1,1,1,26.4,28.5,28.1
59,59,12,254.0,3,81.7,5,83.0,4.83835684605,5,4,3,114.0,84.5,55.5,1,1,1,26.9,27.2,27.6
60,60,12,255.8,4,104.6,5,85.0,4.36094929893,5,4,3,113.8,84.7,57.3,2,1,1,51.9,25.4,27.3
61,61,12,254.3,3,80.7,5,83.1,4.62963936026,5,4,3,118.1,79.1,57.1,2,0,1,53.6,0,27.1
62,62,12,247.2,3,77.0,6,99.5,4.44583564085,5,4,3,118.5,80.4,48.3,2,1,0,51.3,25.7,0
63,63,13,271.4,2,58.5,5,78.4,5.06789796105,5,5,3,117.9,99.8,53.7,1,1,0,30.2,28.3,0
64,64,13,274.9,3,86.0,5,78.7,5.51567695824,5,5,3,119.0,100.7,55.2,1,1,1,31.8,28.4,25.8
65,65,13,271.6,3,85.4,5,78.2,5.4814021227,5,5,3,118.6,98.8,54.2,2,1,0,58.3,27.1,0
66,66,13,272.2,3,85.0,6,99.8,5.2881216674,5,5,3,117.6,98.8,55.8,2,1,0,57.5,27.5,0
67,67,13,264.1,4,109.9,8,131.9,5.73292336042,5,5,3,112.7,94.4,57.0,2,1,1,57.1,26.8,26.0
68,68,12,250.8,3,81.4,5,80.3,5.22720158054,5,5,2,113.6,95.6,41.6,1,1,1,29.1,26.9,25.4
69,69,12,247.2,4,108.4,7,116.6,5.55026616888,5,5,2,113.3,92.3,41.6,2,1,1,55.5,27.5,25.4
70,70,12,250.7,4,107.9,6,99.1,5.45618220392,5,5,2,114.6,94.3,41.8,2,1,1,56.4,25.9,25.6
71,71,12,251.1,4,108.8,5,77.5,5.57659475764,5,5,2,116.4,93.4,41.3,2,1,1,56.7,27.0,25.1
72,72,12,251.1,4,109.2,6,97.0,5.69004313772,5,5,2,114.0,95.1,42.0,2,1,1,57.0,26.4,25.8
73,73,12,252.4,4,108.9,5,78.9,5.64918873232,5,5,2,117.6,93.5,41.3,2,1,1,58.3,25.5,25.1
74,74,12,245.4,2,56.8,4,56.2,5.62938717802,5,5,2,115.7,91.4,38.3,2,0,0,56.8,0,0
75,75,13,259.5,2,55.9,6,89.9,5.65457609103,5,5,3,114.0,92.9,52.6,2,0,0,55.9,0,0
76,76,13,258.7,2,56.5,6,89.8,5.58196500646,5,5,3,115.9,91.6,51.2,2,0,0,56.5,0,0
77,77,13,254.4,1,31.5,7,107.6,5.57006651896,5,5,3,113.6,88.4,52.4,1,0,0,31.5,0,0
78,78,13,251.8,1,30.7,6,86.8,5.52243675313,5,5,3,109.4,91.7,50.7,1,0,0,30.7,0,0
79,79,13,254.2,2,55.9,7,107.0,5.70856306856,5,5,3,110.7,91.2,52.3,2,0,0,55.9,0,0
80,80,13,256.1,3,82.1,6,86.6,5.88500920418,5,5,3,113.2,89.6,53.3,2,0,1,56.8,0,25.3
81,81,13,261.6,3,81.3,6,94.5,5.2267188315,5,5,3,112.1,93.2,56.3,2,0,1,56.3,0,25.0
82,82,13,272.3,4,110.2,6,92.5,5.77907365481,5,5,3,112.2,102.5,57.6,2,1,1,57.1,26.9,26.2
83,83,13,268.2,2,57.8,6,96.6,5.15353998325,5,5,3,117.7,90.9,59.6,1,0,1,29.6,0,28.2
84,84,13,270.9,3,83.8,6,96.0,5.29725376359,5,5,3,114.2,96.6,60.1,1,1,1,27.3,27.8,28.7
85,85,13,266.7,3,86.3,8,133.5,5.72899731684,5,5,3,103.4,103.6,59.7,0,2,1,0,56.8,29.5
86,86,13,259.1,3,81.4,7,113.8,4.92652423374,5,5,3,104.7,95.0,59.4,1,1,1,25.3,26.9,29.2
87,87,13,264.4,2,60.1,7,112.1,5.60706971325,5,5,3,104.5,99.1,60.8,0,1,1,0,29.5,30.6
88,88,11,233.3,3,88.7,6,98.7,6.17631840913,4,4,3,81.6,91.1,60.6,0,2,1,0,58.3,30.4
89,89,11,240.6,4,115.4,5,79.1,6.35312378426,4,4,3,85.2,96.1,59.3,1,2,1,30.6,54.7,30.1
90,90,11,255.9,5,135.6,2,31.0,4.89127237583,4,4,3,103.8,91.6,60.5,2,2,1,56.8,52.6,26.2
91,91,13,278.2,3,86.0,5,79.3,5.60312412856,6,4,3,137.0,82.1,59.1,2,1,0,56.8,29.2,0
92,92,13,279.7,3,86.8,4,61.2,5.60324997269,6,4,3,136.5,86.3,56.9,2,1,0,57.1,29.7,0
93,93,13,271.8,3,87.1,5,75.1,6.18364260751,6,4,3,136.4,81.2,54.2,2,1,0,56.7,30.4,0
94,94,13,249.3,2,62.3,9,142.2,6.31349795361,6,4,3,107.8,85.2,56.3,1,1,0,29.3,33.0,0
95,95,13,278.2,2,65.2,4,56.9,6.51370350364,6,4,3,135.2,87.1,55.9,1,1,0,33.0,32.2,0
96,96,13,263.9,2,59.7,6,94.3,5.74891294072,6,4,3,121.2,87.6,55.1,1,1,0,29.3,30.4,0
97,97,13,268.5,3,83.3,6,96.0,5.62251654579,6,4,3,123.9,87.0,57.6,1,2,0,27.9,55.4,0
98,98,13,261.4,3,83.3,7,112.6,5.86479063827,6,4,3,116.2,90.9,54.3,1,2,0,25.0,58.3,0
99,99,13,258.7,3,85.7,8,131.5,6.0441431706,6,4,3,117.4,90.6,50.7,1,2,0,26.4,59.3,0
100,100,13,264.5,4,114.0,8,129.7,6.52030359526,6,4,3,116.6,92.5,55.4,1,2,1,29.4,59.5,25.1
101,101,12,252.6,4,113.7,6,93.8,6.42572953057,6,4,2,116.8,94.5,41.3,1,2,1,30.2,58.4,25.1
102,102,12,246.3,4,109.2,7,116.8,5.47276313791,6,4,2,115.1,94.7,36.5,2,2,0,53.5,55.7,0
103,103,12,259.1,4,110.1,5,82.7,5.32975495485,6,4,2,122.2,95.9,41.0,2,2,0,54.3,55.8,0
104,104,12,263.5,5,137.7,5,81.1,5.86692707755,6,4,2,133.0,89.2,41.3,2,2,1,58.0,54.6,25.1
105,105,12,264.0,6,159.4,5,83.8,5.32336189059,6,4,2,126.4,93.0,44.6,2,3,1,53.8,77.2,28.4
106,106,12,254.3,2,59.3,5,77.4,5.78767630139,6,4,2,118.6,91.2,44.5,0,1,1,0,28.5,30.8
107,107,12,268.8,4,118.9,4,59.2,6.63338662991,6,4,2,130.8,92.5,45.5,2,1,1,56.7,30.4,31.8
108,108,11,252.4,4,122.5,4,62.4,7.08341212077,5,4,2,112.5,93.0,46.9,2,1,1,58.4,33.7,30.4
109,109,12,261.2,4,120.9,5,76.2,7.09857006514,5,4,3,108.9,91.1,61.2,2,1,1,56.3,33.7,30.9
110,110,12,260.2,4,122.0,6,94.7,7.24064704961,5,4,3,109.3,89.1,61.8,2,1,1,57.0,33.7,31.3
111,111,12,262.1,4,122.1,5,76.4,7.17121244134,5,4,3,109.0,92.1,61.0,2,1,1,57.8,33.5,30.8
112,112,12,259.2,5,147.2,7,112.0,7.38536636624,5,4,3,107.0,91.8,60.4,2,2,1,58.4,58.3,30.5
113,113,12,258.0,5,149.3,7,108.7,7.78273146722,5,4,3,107.0,93.5,57.5,2,2,1,58.9,59.6,30.8
114,114,11,244.6,5,147.7,6,96.9,7.30606223999,4,4,3,94.1,93.3,57.2,2,2,1,58.1,59.4,30.2
115,115,11,243.9,5,147.0,6,96.9,7.36479339956,4,4,3,96.4,90.2,57.3,2,2,1,58.6,58.1,30.3
116,116,11,241.6,5,150.3,6,91.3,8.04726944091,4,4,3,91.4,91.5,58.7,2,2,1,59.2,59.4,31.7
117,117,11,238.6,3,87.0,3,42.8,5.75733524219,4,4,3,95.8,87.3,55.5,1,1,1,29.8,28.7,28.5
118,118,11,254.3,5,141.5,3,42.8,6.45101824239,4,4,3,110.0,92.2,52.1,2,2,1,61.5,54.9,25.1
119,119,11,238.4,5,138.4,5,78.3,6.36523226742,4,4,3,92.8,96.9,48.7,2,3,0,57.3,81.1,0
120,120,11,235.3,3,90.1,6,99.2,6.49206508677,4,4,3,89.1,91.0,55.2,1,1,1,28.6,33.3,28.2
121,121,11,247.6,5,146.0,5,78.3,7.19353244873,4,4,3,94.5,98.2,54.9,2,2,1,59.0,59.1,27.9
122,122,11,248.8,5,148.1,5,79.4,7.33373277149,4,4,3,96.6,96.2,56.0,2,2,1,60.0,59.1,29.0
123,123,11,247.8,4,122.0,5,78.4,7.3652007317,4,4,3,96.3,96.9,54.6,2,1,1,59.8,33.7,28.5
124,124,11,251.9,4,120.3,4,59.2,7.25093097471,4,4,3,99.0,99.1,53.8,2,1,1,57.8,34.8,27.7
125,125,11,250.7,4,120.2,4,59.2,7.21005610872,4,4,3,98.9,98.5,53.3,2,1,1,58.7,34.3,27.2
126,126,11,239.5,3,93.3,4,59.2,7.16157676899,4,4,3,91.1,94.1,54.3,1,1,1,28.8,36.3,28.2
127,127,11,231.4,3,87.6,5,76.5,6.61063880836,4,4,3,86.3,94.1,51.0,1,2,0,29.9,57.7,0
128,128,10,214.0,4,113.5,6,100.5,6.63676628085,4,3,3,94.2,74.5,45.3,2,2,0,56.0,57.5,0
129,129,10,215.1,3,87.2,5,83.9,6.13739901478,4,3,3,95.9,71.4,47.8,2,1,0,54.9,32.3,0
130,130,11,227.4,3,84.2,6,97.8,5.73255456304,4,4,3,92.3,90.4,44.7,1,2,0,27.8,56.4,0
131,131,12,241.8,2,62.3,7,117.2,5.85390312682,4,5,3,89.1,102.3,50.4,1,1,0,29.9,32.4,0
132,132,12,244.9,2,63.4,6,96.9,6.16315420032,4,5,3,93.0,100.1,51.8,1,1,0,30.8,32.6,0
133,133,12,241.4,2,63.2,7,110.1,6.51722658991,4,5,3,94.0,97.1,50.3,1,1,0,30.3,32.9,0
134,134,12,244.8,2,63.6,6,92.2,6.56990383215,4,5,3,94.4,98.4,52.0,1,1,0,30.2,33.4,0
135,135,12,247.6,2,63.7,6,90.5,6.89655161964,4,5,3,97.5,95.7,54.4,1,1,0,30.2,33.5,0
136,136,13,261.1,3,88.4,7,106.5,6.55118897019,5,5,3,109.9,96.9,54.3,1,1,1,29.9,33.4,25.1
137,137,13,250.0,2,63.0,10,164.8,6.25651455357,5,5,3,103.7,94.9,51.4,1,1,0,30.2,32.8,0
138,138,13,253.1,2,64.1,10,167.5,6.50235657478,5,5,3,103.0,97.9,52.2,1,1,0,31.1,33.0,0
139,139,13,257.3,3,91.9,9,143.4,7.0646374687,5,5,3,96.4,102.3,58.6,1,1,1,29.0,35.0,27.9
140,140,12,257.5,3,91.8,4,56.3,6.97299444394,4,5,3,97.2,101.8,58.5,1,1,1,29.3,34.7,27.8
141,141,12,269.8,4,123.2,5,73.7,7.93425637615,4,5,3,104.6,104.7,60.5,2,1,1,56.0,37.4,29.8
142,142,12,265.0,4,123.5,5,73.7,7.94490498065,4,5,3,97.2,108.2,59.6,1,2,1,29.4,65.2,28.9
143,143,12,259.2,4,122.3,6,93.4,7.81059885959,4,5,3,92.4,108.3,58.5,1,2,1,29.2,65.3,27.8
144,144,11,241.6,4,122.8,6,94.7,8.09731717636,4,5,2,92.4,104.3,44.9,1,2,1,31.5,64.5,26.8
145,145,11,236.7,3,91.7,5,76.0,7.48061737851,4,5,2,92.9,101.6,42.2,1,2,0,29.9,61.8,0
146,146,11,235.4,2,67.4,5,76.7,7.48278023197,4,5,2,91.3,102.0,42.1,1,1,0,30.3,37.1,0
147,147,11,237.7,3,93.7,5,76.7,7.66895749701,4,5,2,92.5,102.8,42.4,1,2,0,31.4,62.3,0
148,148,11,235.8,2,68.6,6,96.4,7.63927650073,4,5,2,91.9,101.8,42.1,1,1,0,31.4,37.2,0
149,149,12,257.3,4,120.3,6,92.6,7.741089697,4,5,3,94.1,104.4,58.8,1,2,1,31.6,63.3,25.4
150,150,12,246.0,2,65.2,6,90.9,7.131747204,4,5,3,88.1,103.2,54.7,1,1,0,27.8,37.4,0
151,151,12,245.2,2,60.6,5,73.8,6.44322524169,4,5,3,89.0,100.1,56.1,1,1,0,25.0,35.6,0
152,152,12,247.7,4,114.8,6,89.0,7.06984098231,4,5,3,92.0,98.0,57.7,2,1,1,55.6,34.2,25.0
153,153,12,254.2,3,89.6,5,74.0,6.70180889195,4,5,3,101.3,96.6,56.3,2,1,0,56.8,32.8,0
154,154,12,243.8,3,90.4,6,86.8,7.17848215576,4,5,3,99.8,87.3,56.7,2,1,0,57.3,33.1,0
155,155,12,246.8,3,91.6,7,111.2,6.83138922825,4,5,3,94.4,97.8,54.6,2,1,0,59.2,32.4,0
156,156,12,245.0,3,88.8,7,110.9,6.62431242859,4,5,3,92.1,97.4,55.5,2,1,0,56.9,31.9,0
157,157,11,231.2,2,63.6,6,97.5,6.38276087314,4,4,3,91.1,84.5,55.6,1,1,0,31.7,31.9,0
158,158,11,229.6,2,64.4,6,96.0,6.6003167968,4,4,3,89.6,84.1,55.9,1,1,0,32.0,32.4,0
159,159,11,234.6,3,92.1,6,97.7,6.76832193518,4,4,3,92.2,87.1,55.3,2,1,0,59.3,32.8,0
160,160,10,219.3,3,90.5,5,83.6,6.54710283679,4,3,3,90.8,72.4,56.1,2,1,0,57.9,32.6,0
161,161,10,218.8,3,90.5,5,84.1,6.5446840175,4,3,3,91.3,72.1,55.4,2,1,0,57.9,32.6,0
162,162,9,202.3,2,64.9,3,47.4,6.57167744525,4,3,2,95.4,70.2,36.7,1,1,0,32.3,32.6,0
163,163,9,203.1,3,91.3,4,68.1,6.70764489221,4,3,2,93.8,73.0,36.3,2,1,0,58.2,33.1,0
164,164,9,206.8,4,116.9,3,44.2,7.07155884119,4,3,2,97.6,73.4,35.8,3,1,0,85.0,31.9,0
165,165,9,204.6,4,115.7,3,44.2,7.00767436458,4,3,2,92.4,76.4,35.8,2,2,0,57.0,58.7,0
166,166,9,194.8,3,84.7,4,67.6,5.49479551738,4,3,2,97.0,65.5,32.3,2,1,0,56.7,28.0,0
167,167,9,187.0,2,51.1,4,67.6,4.25728134429,4,3,2,88.0,66.7,32.3,1,1,0,25.1,26.0,0
168,168,9,187.1,2,53.5,5,87.1,4.58051428457,4,3,2,86.4,68.4,32.3,1,1,0,25.7,27.8,0
169,169,10,190.8,2,54.8,7,111.2,5.83453320993,5,3,2,93.6,64.9,32.3,1,1,0,25.9,28.9,0
170,170,10,208.4,2,58.2,5,81.9,5.9386118842,5,3,2,106.0,70.1,32.3,1,1,0,28.8,29.4,0
171,171,10,195.5,3,80.6,6,92.9,6.16644143733,5,3,2,105.5,63.0,27.0,2,1,0,53.4,27.2,0
172,172,10,216.5,3,84.4,5,86.0,5.58017323506,5,3,2,111.7,68.9,35.9,2,1,0,54.3,30.1,0
173,173,9,201.4,3,89.4,4,67.5,6.48744513999,4,3,2,93.6,71.0,36.8,2,1,0,55.3,34.1,0
174,174,9,201.2,3,88.3,4,67.5,6.37281552987,4,3,2,92.2,70.7,38.3,2,1,0,54.5,33.8,0
175,175,9,203.9,3,89.9,4,65.7,6.75871864911,4,3,2,97.2,69.1,37.6,2,1,0,56.4,33.5,0
176,176,9,201.6,2,62.7,4,68.1,6.21107881129,4,3,2,94.6,71.1,35.9,1,1,0,29.6,33.1,0
177,177,9,197.4,2,62.0,3,48.4,6.05020660804,4,3,2,87.8,71.4,38.2,1,1,0,29.2,32.8,0
178,178,9,196.6,2,59.4,3,48.4,5.61028321725,4,3,2,87.2,71.4,38.0,1,1,0,27.1,32.3,0
179,179,9,197.8,2,57.1,3,47.9,5.30395554699,4,3,2,89.6,70.0,38.2,1,1,0,27.7,29.4,0
180,180,9,197.5,2,55.9,3,51.6,4.65781899367,4,3,2,84.8,74.5,38.2,1,1,0,26.0,29.9,0
181,181,9,204.5,4,106.7,2,32.1,4.78298488859,4,3,2,93.2,75.6,35.7,2,2,0,52.4,54.3,0
182,182,10,217.1,4,110.7,5,84.8,5.74097359145,4,3,3,97.1,73.5,46.5,2,2,0,56.3,54.4,0
183,183,10,210.0,3,81.4,6,103.9,5.19529701857,4,3,3,88.0,74.3,47.7,1,2,0,26.6,54.8,0
184,184,10,232.4,3,89.7,3,49.2,6.07621958494,4,3,3,94.4,82.4,55.6,1,2,0,27.6,62.1,0
185,185,10,226.8,3,91.2,5,88.3,6.5234278651,4,3,3,91.5,76.1,59.2,1,1,1,28.9,36.7,25.6
186,186,10,234.2,3,91.6,3,51.9,6.19655818445,4,3,3,91.1,83.7,59.4,1,1,1,28.7,36.8,26.1
187,187,10,231.0,3,89.8,4,72.8,5.78273291792,4,3,3,99.9,74.7,56.4,2,1,0,54.8,35.0,0
188,188,10,206.9,2,54.7,6,107.2,4.31211471709,4,3,3,93.6,62.3,51.0,1,1,0,29.5,25.2,0
189,189,10,210.7,2,60.6,6,105.1,5.38909392508,4,3,3,92.0,68.0,50.7,1,1,0,29.7,30.9,0
190,190,10,204.2,2,55.1,6,104.9,4.37944694631,4,3,3,88.5,65.0,50.7,1,1,0,26.9,28.2,0
191,191,10,207.5,1,29.1,5,86.2,4.27921332334,4,3,3,96.1,60.7,50.7,1,0,0,29.1,0,0
192,192,10,206.8,2,55.1,5,87.5,4.15793752291,4,3,3,87.6,68.5,50.7,1,1,0,26.9,28.2,0
193,193,10,218.5,2,62.2,4,68.3,5.59627852535,4,3,3,92.4,74.9,51.2,1,1,0,29.6,32.6,0
194,194,10,236.7,3,88.6,2,32.9,5.56677644602,4,3,3,98.1,80.7,57.9,1,1,1,28.4,35.2,25.0
195,195,10,239.3,3,92.0,3,52.4,6.03858887121,4,3,3,98.2,82.1,59.0,1,1,1,29.7,36.2,26.1
196,196,10,233.9,4,119.3,4,72.2,6.53681029929,4,3,3,97.3,78.4,58.2,2,1,1,58.0,36.0,25.3
197,197,10,224.2,2,61.6,4,70.4,5.67250679447,4,3,3,94.2,73.7,56.3,1,1,0,26.6,35.0,0
198,198,10,224.0,3,92.6,4,68.3,6.52329160266,4,3,3,92.5,71.2,60.3,1,1,1,29.4,35.8,27.4
199,199,10,225.3,2,63.6,3,50.8,6.328603497,4,3,3,88.6,78.3,58.4,0,1,1,0,38.1,25.5
200,200,10,227.0,3,92.2,3,47.5,6.911343333,4,3,3,91.7,77.0,58.3,1,1,1,27.9,37.8,26.5
201,201,10,228.0,3,89.3,3,50.6,6.04740532056,4,3,3,93.3,77.1,57.6,1,1,1,28.3,35.2,25.8
202,202,10,216.4,1,33.9,5,88.2,5.49124555796,4,3,3,89.5,76.1,50.8,0,1,0,0,33.9,0
203,203,10,215.2,1,36.4,4,67.7,6.07687785334,4,3,3,82.8,76.8,55.6,0,1,0,0,36.4,0
204,204,10,221.3,1,35.8,4,69.7,5.79502660333,4,3,3,88.0,78.3,55.0,0,1,0,0,35.8,0
205,205,10,214.6,2,60.9,5,84.1,6.25427853553,4,3,3,89.8,75.3,49.5,1,1,0,25.6,35.3,0
206,206,10,219.0,2,61.1,4,66.4,5.98108128463,4,3,3,91.4,73.2,54.4,1,1,0,26.4,34.7,0
207,207,10,221.3,2,63.3,4,63.3,6.58163269173,4,3,3,92.2,72.4,56.7,1,1,0,28.1,35.2,0
208,208,10,223.4,3,90.5,4,63.7,6.78023270659,4,3,3,95.6,70.6,57.2,1,1,1,30.3,34.8,25.4
209,209,10,228.0,4,115.8,4,65.6,6.50760239173,4,3,3,99.9,70.8,57.3,2,1,1,57.2,33.1,25.5
210,210,9,204.6,3,88.1,3,47.3,6.18869937871,4,3,2,95.4,72.1,37.1,1,2,0,31.1,57.0,0
211,211,9,203.0,3,88.1,3,45.5,6.50924556134,4,3,2,96.8,69.9,36.3,1,2,0,31.6,56.5,0
212,212,10,222.1,3,90.7,4,61.6,7.06312017926,4,4,2,96.5,86.9,38.7,1,1,1,30.9,34.8,25.0
213,213,10,221.1,2,67.0,4,60.4,7.36107631019,4,4,2,92.4,90.2,38.5,1,1,0,31.4,35.6,0
214,214,10,220.6,2,66.8,4,60.2,7.30512757513,4,4,2,93.7,88.5,38.4,1,1,0,31.4,35.4,0
215,215,10,223.8,3,91.6,4,62.0,7.17879593742,4,4,2,91.6,93.5,38.7,1,1,1,30.3,36.3,25.0
216,216,9,187.7,2,56.8,4,64.8,5.54394063621,4,3,2,90.0,60.2,37.5,1,1,0,31.8,25.0,0
217,217,10,224.0,2,67.3,4,65.1,6.85127725318,4,4,2,93.3,93.8,36.9,1,1,0,32.9,34.4,0
218,218,10,214.8,2,58.9,4,64.3,5.44360991337,4,4,2,92.2,85.7,36.9,1,1,0,28.5,30.4,0
219,219,10,214.8,1,30.3,3,46.5,4.8755170666,4,4,2,87.9,89.2,37.7,0,1,0,0,30.3,0
220,220,10,220.5,3,87.8,4,65.6,5.84527349422,4,4,2,91.6,87.0,41.9,1,1,1,29.7,29.9,28.2
221,221,10,215.9,3,89.0,5,83.0,6.36508706408,4,4,2,88.6,86.1,41.2,1,1,1,27.9,33.6,27.5
222,222,9,193.7,2,60.2,4,63.9,5.96044834257,4,4,1,92.3,79.0,22.4,1,1,0,29.6,30.6,0
223,223,9,197.8,3,86.1,4,67.2,5.8208199117,4,4,1,92.8,82.5,22.5,2,1,0,55.3,30.8,0
224,224,9,202.0,3,89.3,4,66.8,6.44032435346,4,4,1,95.8,83.5,22.7,2,1,0,56.2,33.1,0
225,225,9,195.9,2,62.1,5,84.5,6.42397851802,4,4,1,88.1,83.4,24.4,1,1,0,28.6,33.5,0
226,226,9,204.5,3,91.4,3,46.4,6.77841754722,4,4,1,93.4,84.1,27.0,1,1,1,32.4,32.0,27.0
227,227,9,202.8,3,86.4,4,71.0,5.6,4,4,1,95.9,81.3,25.6,1,1,1,31.8,29.0,25.6
228,228,9,186.6,0,0,4,73.0,2.99541316015,4,4,1,83.3,78.9,24.4,0,0,0,0,0,0
229,229,9,189.2,1,25.4,3,53.8,2.9923977751,4,4,1,89.0,79.2,21.0,0,1,0,0,25.4,0
230,230,10,219.6,2,62.8,4,67.1,5.96418942989,4,4,2,96.5,90.4,32.7,1,1,0,30.2,32.6,0
231,231,10,225.9,3,88.9,3,46.9,6.20849776069,4,4,2,97.9,96.4,31.6,1,2,0,30.6,58.3,0
232,232,10,222.1,3,87.8,4,67.4,5.9802359671,4,4,2,95.6,93.9,32.6,1,2,0,28.7,59.1,0
233,233,10,213.0,1,31.6,3,47.6,5.11120772856,4,4,2,89.3,91.4,32.3,0,1,0,0,31.6,0
234,234,10,205.1,1,25.7,4,67.8,3.80305432807,4,4,2,82.8,83.3,39.0,0,0,1,0,0,25.7
235,235,10,201.5,2,51.8,5,84.3,4.22170318447,4,4,2,79.8,82.7,39.0,0,1,1,0,26.3,25.5
236,236,10,204.0,2,52.5,6,106.2,3.95811402901,4,4,2,77.4,84.1,42.5,0,1,1,0,26.7,25.8
237,237,10,202.8,2,53.4,5,85.6,4.15071613634,4,4,2,78.2,81.8,42.8,0,1,1,0,27.3,26.1
238,238,10,204.8,3,79.2,6,104.3,4.44891996881,4,4,2,77.9,83.0,43.9,1,1,1,25.3,27.5,26.4
239,239,11,231.6,3,78.6,4,69.5,3.82370596055,5,4,2,104.9,82.3,44.4,1,1,1,25.6,26.1,26.9
240,240,10,228.1,2,55.2,3,55.7,3.6728584085,5,3,2,119.5,66.5,42.1,2,0,0,55.2,0,0
241,241,10,216.3,2,55.3,4,73.0,3.77566771137,5,3,2,109.0,67.7,39.6,1,1,0,27.7,27.6,0
242,242,10,209.6,2,54.5,6,108.8,4.0917803786,5,3,2,106.8,61.2,41.6,1,1,0,28.8,25.7,0
243,243,10,213.0,2,59.6,5,88.6,4.97705847978,5,3,2,106.1,68.3,38.6,1,1,0,31.3,28.3,0
244,244,10,220.4,2,62.5,5,89.7,5.46609753135,5,3,2,114.2,71.1,35.1,1,1,0,31.7,30.8,0
245,245,10,211.2,2,54.2,3,50.8,3.82645760172,5,3,2,116.2,60.9,34.1,2,0,0,54.2,0,0
246,246,10,214.8,1,25.4,3,52.9,2.94648566563,5,3,2,111.8,68.1,34.9,1,0,0,25.4,0,0
247,247,11,228.2,1,26.1,5,88.1,3.43463641056,5,4,2,113.6,79.7,34.9,0,1,0,0,26.1,0
248,248,11,242.5,3,88.5,6,111.6,5.24735431172,5,4,2,114.8,90.2,37.5,2,1,0,55.9,32.6,0
249,249,11,230.9,1,25.4,4,68.0,3.96496016259,5,4,2,113.9,80.9,36.1,1,0,0,25.4,0,0
250,250,11,234.9,3,84.6,5,81.8,5.78487054935,5,4,2,117.7,84.6,32.6,2,1,0,54.4,30.2,0
251,251,11,225.3,2,60.9,6,95.0,6.2612807287,5,4,2,105.4,83.5,36.4,1,1,0,29.9,31.0,0
252,252,11,233.6,3,88.5,5,79.8,6.39597885038,5,4,2,112.0,82.8,38.8,1,1,1,31.6,30.3,26.6
253,253,11,236.3,3,90.3,5,79.0,6.59982093421,5,4,2,109.5,85.4,41.4,1,1,1,30.6,30.5,29.2
254,254,10,223.4,4,121.4,5,81.1,7.54412206806,4,4,2,100.6,83.1,39.7,2,1,1,59.9,34.0,27.5
256,256,2,63.8,2,63.8,0,0,0.848528137424,1,1,0,32.5,31.3,0,1,1,0,32.5,31.3,0
257,257,11,271.3,6,174.2,3,54.0,5.83682665963,5,5,1,142.0,112.2,17.1,5,1,0,142.0,32.2,0
258,258,14,338.1,7,202.0,4,71.2,5.64347819645,6,7,1,170.2,150.8,17.1,5,2,0,148.0,54.0,0
259,259,14,331.5,5,154.0,6,109.3,6.24969889385,6,7,1,166.2,147.1,18.2,4,1,0,122.0,32.0,0
260,260,16,378.0,7,206.8,7,124.7,6.25870061062,8,7,1,218.1,143.6,16.3,6,1,0,173.7,33.1,0
261,261,17,404.6,8,232.6,6,105.7,6.08687111741,9,7,1,238.5,150.4,15.7,7,1,0,198.8,33.8,0
262,262,17,397.9,7,204.5,6,102.8,6.15075915927,9,7,1,232.3,150.7,14.9,5,2,0,144.5,60.0,0
263,263,16,377.2,6,181.5,5,84.0,6.19241471479,8,7,1,218.4,144.1,14.7,5,1,0,150.1,31.4,0
264,264,14,344.2,7,215.2,3,44.1,7.74575388821,7,6,1,194.8,135.1,14.3,4,3,0,132.2,83.0,0
265,265,15,359.3,6,184.6,5,84.8,6.82567282572,8,6,1,223.4,121.0,14.9,5,1,0,158.2,26.4,0
