,e_id,num_sat,sum_snr,num_sat_25,sum_snr_25,snr_std,elev_0_30,elev_30_60,elev_60_90,elev_0_30_25,elev_30_60_25,elev_60_90_25
1,1,11,237.4,3,88.1,6.46402632758,3,6,2,1,1,1
2,2,10,215.3,4,117.3,7.8460251791,2,6,2,1,2,1
3,3,10,209.5,3,85.0,6.1205028842,2,6,2,1,1,1
4,4,10,222.2,3,89.4,6.59794580827,2,6,2,1,1,1
6,6,5,114.3,1,26.6,2.80588666913,2,2,1,1,0,0
7,7,6,133.7,1,28.6,3.91837551374,2,3,1,1,0,0
8,8,7,151.1,2,54.8,4.43412094687,2,3,2,1,0,1
9,9,8,184.9,3,83.8,4.80518692962,2,4,2,2,1,0
10,10,9,191.9,1,31.7,5.13998486811,2,5,2,1,0,0
11,11,9,197.9,3,82.1,5.14306436972,2,5,2,2,1,0
12,12,9,199.8,3,83.1,5.35023363976,2,5,2,2,1,0
13,13,9,202.3,4,109.8,5.43041844101,2,5,2,2,2,0
14,14,9,204.5,4,108.7,5.36045188808,2,5,2,2,2,0
15,15,9,209.2,2,61.7,5.68575217344,2,5,2,1,1,0
16,16,10,207.0,2,54.1,4.76025209416,2,5,3,1,1,0
17,17,10,215.5,2,60.5,5.90258888587,2,5,3,0,1,1
18,18,10,218.9,3,86.7,5.95099431468,2,5,3,1,1,1
19,19,10,207.4,2,57.4,5.49852505476,2,5,3,0,1,1
20,20,10,218.4,4,106.2,5.20580872146,2,5,3,1,2,1
21,21,10,204.7,2,57.1,5.31016844261,2,5,3,0,1,1
22,22,11,220.8,3,82.6,5.62887038563,2,6,3,1,1,1
23,23,11,232.7,3,85.4,5.70479861807,2,6,3,1,1,1
24,24,13,260.9,4,108.0,5.64422782073,3,7,3,2,2,0
25,25,13,273.9,5,138.2,6.05301365924,3,7,3,2,2,1
26,26,13,260.7,3,83.1,5.71731513105,3,7,3,1,1,1
27,27,13,264.6,2,57.3,5.4076512746,3,7,3,1,0,1
28,28,13,258.2,2,53.8,4.98891077984,3,7,3,1,0,1
29,29,13,263.0,2,55.3,4.95637377784,3,7,3,1,0,1
30,30,13,254.9,2,57.1,5.47836069435,3,7,3,1,0,1
31,31,13,255.2,3,78.1,4.73363577943,3,7,3,1,1,1
32,32,13,272.8,3,83.7,5.48571571657,3,7,3,1,1,1
33,33,13,279.6,4,114.8,6.2030182893,3,7,3,1,2,1
34,34,13,265.6,3,83.4,5.63521437264,3,7,3,1,1,1
35,35,13,251.4,2,56.7,5.32799813275,3,7,3,0,1,1
36,36,12,248.6,3,87.0,5.9898145871,3,7,2,1,1,1
37,37,12,242.9,3,79.5,5.03649559503,3,7,2,2,1,0
38,38,12,252.3,3,83.0,5.47542028275,3,7,2,1,1,1
39,39,12,248.5,3,84.4,5.75759708927,3,7,2,1,1,1
40,40,12,247.0,3,82.5,5.37313745037,3,7,2,1,1,1
41,41,13,260.3,3,83.1,5.64729342933,3,7,3,1,1,1
42,42,13,259.7,3,84.4,5.87596145979,3,7,3,1,1,1
43,43,13,259.8,3,82.7,5.61409626949,3,7,3,1,1,1
44,44,13,271.2,3,84.0,5.40702297349,3,7,3,1,1,1
45,45,13,264.0,3,84.2,5.69685023185,3,7,3,1,1,1
46,46,12,255.0,3,84.9,5.34883164813,3,6,3,1,1,1
47,47,12,258.5,3,83.3,5.01732604143,3,6,3,1,1,1
48,48,12,258.7,3,80.6,4.77768645673,3,6,3,0,2,1
49,49,12,259.5,3,80.8,4.63977370138,3,6,3,1,1,1
50,50,12,257.1,4,107.6,5.26534553817,3,6,3,2,1,1
51,51,12,259.7,3,83.8,4.97529502704,3,6,3,1,1,1
52,52,12,261.0,3,81.8,4.52739138216,3,6,3,1,1,1
53,53,12,263.1,4,108.1,4.64956009649,3,6,3,2,1,1
54,54,12,262.5,3,81.9,4.52048368289,3,6,3,1,1,1
55,55,12,263.7,3,83.7,4.66926605095,3,6,3,1,1,1
56,56,12,255.3,3,80.7,4.77533911218,3,6,3,1,1,1
57,57,12,255.7,3,82.2,4.81974317183,3,6,3,1,1,1
58,58,12,254.4,3,83.0,4.93797897562,3,6,3,1,1,1
59,59,12,254.0,3,81.7,4.83835684605,3,6,3,1,1,1
60,60,12,255.8,4,104.6,4.36094929893,3,6,3,2,1,1
61,61,12,254.3,3,80.7,4.62963936026,3,6,3,2,0,1
62,62,12,247.2,3,77.0,4.44583564085,3,6,3,1,2,0
63,63,13,271.4,2,58.5,5.06789796105,3,7,3,1,1,0
64,64,13,274.9,3,86.0,5.51567695824,3,7,3,1,1,1
65,65,13,271.6,3,85.4,5.4814021227,3,7,3,1,2,0
66,66,13,272.2,3,85.0,5.2881216674,3,7,3,1,2,0
67,67,13,264.1,4,109.9,5.73292336042,3,7,3,1,2,1
68,68,12,250.8,3,81.4,5.22720158054,3,7,2,1,1,1
69,69,12,247.2,4,108.4,5.55026616888,3,7,2,1,2,1
70,70,12,250.7,4,107.9,5.45618220392,3,7,2,1,2,1
71,71,12,251.1,4,108.8,5.57659475764,3,7,2,1,2,1
72,72,12,251.1,4,109.2,5.69004313772,3,7,2,1,2,1
73,73,12,252.4,4,108.9,5.64918873232,3,7,2,1,2,1
74,74,12,245.4,2,56.8,5.62938717802,3,7,2,1,1,0
75,75,13,259.5,2,55.9,5.65457609103,3,7,3,1,1,0
76,76,13,258.7,2,56.5,5.58196500646,3,7,3,1,1,0
77,77,13,254.4,1,31.5,5.57006651896,3,7,3,1,0,0
78,78,13,251.8,1,30.7,5.52243675313,3,7,3,1,0,0
79,79,13,254.2,1,30.9,5.70856306856,3,7,3,1,0,0
80,80,13,256.1,3,82.1,5.88500920418,3,7,3,1,1,1
81,81,13,261.6,2,56.3,5.2267188315,3,7,3,1,1,0
82,82,13,272.3,4,110.2,5.77907365481,3,7,3,1,2,1
83,83,13,268.2,2,57.8,5.15353998325,3,7,3,1,0,1
84,84,13,270.9,3,83.8,5.29725376359,3,7,3,1,1,1
85,85,13,266.7,3,86.3,5.72899731684,3,7,3,0,2,1
86,86,13,259.1,3,81.4,4.92652423374,3,7,3,1,1,1
87,87,13,264.4,2,60.1,5.60706971325,3,7,3,0,1,1
88,88,11,233.3,3,88.7,6.17631840913,2,6,3,0,2,1
89,89,11,240.6,4,115.4,6.35312378426,2,6,3,1,2,1
90,90,11,255.9,5,135.6,4.89127237583,2,6,3,1,3,1
91,91,13,278.2,3,86.0,5.60312412856,4,6,3,1,2,0
92,92,13,279.7,3,86.8,5.60324997269,4,6,3,1,2,0
93,93,13,271.8,3,87.1,6.18364260751,4,6,3,1,2,0
94,94,13,249.3,2,62.3,6.31349795361,4,6,3,1,1,0
95,95,13,278.2,2,65.2,6.51370350364,4,6,3,1,1,0
96,96,13,263.9,2,59.7,5.74891294072,4,6,3,1,1,0
97,97,13,268.5,3,83.3,5.62251654579,4,6,3,1,2,0
98,98,13,261.4,2,58.3,5.86479063827,4,6,3,0,2,0
99,99,13,258.7,3,85.7,6.0441431706,4,6,3,1,2,0
100,100,13,264.5,4,114.0,6.52030359526,4,6,3,1,2,1
101,101,12,252.6,4,113.7,6.42572953057,4,6,2,1,2,1
102,102,12,246.3,4,109.2,5.47276313791,4,6,2,1,3,0
103,103,12,259.1,4,110.1,5.32975495485,4,6,2,1,3,0
104,104,12,263.5,5,137.7,5.86692707755,4,6,2,1,3,1
105,105,12,264.0,6,159.4,5.32336189059,4,6,2,2,3,1
106,106,12,254.3,2,59.3,5.78767630139,4,6,2,0,1,1
107,107,12,268.8,4,118.9,6.63338662991,4,6,2,1,2,1
108,108,11,252.4,4,122.5,7.08341212077,3,6,2,1,2,1
109,109,12,261.2,4,120.9,7.09857006514,3,6,3,1,2,1
110,110,12,260.2,4,122.0,7.24064704961,3,6,3,1,2,1
111,111,12,262.1,4,122.1,7.17121244134,3,6,3,1,2,1
112,112,12,259.2,4,122.2,7.38536636624,3,6,3,1,2,1
113,113,12,258.0,5,149.3,7.78273146722,3,6,3,1,3,1
114,114,11,244.6,5,147.7,7.30606223999,2,6,3,1,3,1
115,115,11,243.9,5,147.0,7.36479339956,2,6,3,1,3,1
116,116,11,241.6,5,150.3,8.04726944091,2,6,3,1,3,1
117,117,11,238.6,3,87.0,5.75733524219,2,6,3,1,1,1
118,118,11,254.3,5,141.5,6.45101824239,2,6,3,1,3,1
119,119,11,238.4,5,138.4,6.36523226742,2,6,3,1,4,0
120,120,11,235.3,3,90.1,6.49206508677,2,6,3,1,1,1
121,121,11,247.6,5,146.0,7.19353244873,2,6,3,1,3,1
122,122,11,248.8,5,148.1,7.33373277149,2,6,3,1,3,1
123,123,11,247.8,4,122.0,7.3652007317,2,6,3,1,2,1
124,124,11,251.9,4,120.3,7.25093097471,2,6,3,1,2,1
125,125,11,250.7,4,120.2,7.21005610872,2,6,3,1,2,1
126,126,11,239.5,3,93.3,7.16157676899,2,6,3,1,1,1
127,127,11,231.4,3,87.6,6.61063880836,2,6,3,1,2,0
128,128,10,214.0,4,113.5,6.63676628085,2,5,3,1,3,0
129,129,10,215.1,3,87.2,6.13739901478,2,5,3,1,2,0
130,130,11,227.4,3,84.2,5.73255456304,2,6,3,1,2,0
131,131,12,241.8,2,62.3,5.85390312682,2,7,3,1,1,0
132,132,12,244.9,2,63.4,6.16315420032,2,7,3,1,1,0
133,133,12,241.4,2,63.2,6.51722658991,2,7,3,1,1,0
134,134,12,244.8,2,63.6,6.56990383215,2,7,3,1,1,0
135,135,12,247.6,2,63.7,6.89655161964,2,7,3,1,1,0
136,136,13,261.1,3,88.4,6.55118897019,3,7,3,1,1,1
137,137,13,250.0,2,63.0,6.25651455357,3,7,3,1,1,0
138,138,13,253.1,2,64.1,6.50235657478,3,7,3,1,1,0
139,139,13,257.3,3,91.9,7.0646374687,3,7,3,1,1,1
140,140,12,257.5,3,91.8,6.97299444394,2,7,3,1,1,1
141,141,12,269.8,4,123.2,7.93425637615,2,7,3,1,2,1
142,142,12,265.0,4,123.5,7.94490498065,2,7,3,1,2,1
143,143,12,259.2,4,122.3,7.81059885959,2,7,3,1,2,1
144,144,11,241.6,4,122.8,8.09731717636,2,7,2,1,2,1
145,145,11,236.7,3,91.7,7.48061737851,2,7,2,1,2,0
146,146,11,235.4,2,67.4,7.48278023197,2,7,2,1,1,0
147,147,11,237.7,3,93.7,7.66895749701,2,7,2,1,2,0
148,148,11,235.8,2,68.6,7.63927650073,2,7,2,1,1,0
149,149,12,257.3,4,120.3,7.741089697,2,7,3,1,2,1
150,150,12,246.0,2,65.2,7.131747204,2,7,3,1,1,0
151,151,12,245.2,1,35.6,6.44322524169,2,7,3,0,1,0
152,152,12,247.7,3,89.8,7.06984098231,2,7,3,1,2,0
153,153,12,254.2,3,89.6,6.70180889195,2,7,3,1,2,0
154,154,12,243.8,3,90.4,7.17848215576,2,7,3,1,2,0
155,155,12,246.8,3,91.6,6.83138922825,2,7,3,1,2,0
156,156,12,245.0,3,88.8,6.62431242859,2,7,3,1,2,0
157,157,11,231.2,2,63.6,6.38276087314,2,6,3,1,1,0
158,158,11,229.6,2,64.4,6.6003167968,2,6,3,1,1,0
159,159,11,234.6,3,92.1,6.76832193518,2,6,3,1,2,0
160,160,10,219.3,3,90.5,6.54710283679,2,5,3,1,2,0
161,161,10,218.8,3,90.5,6.5446840175,2,5,3,1,2,0
162,162,9,202.3,2,64.9,6.57167744525,2,5,2,1,1,0
163,163,9,203.1,3,91.3,6.70764489221,2,5,2,1,2,0
164,164,9,206.8,4,116.9,7.07155884119,2,5,2,1,3,0
165,165,9,204.6,4,115.7,7.00767436458,2,5,2,1,3,0
166,166,9,194.8,3,84.7,5.49479551738,2,5,2,1,2,0
167,167,9,187.0,2,51.1,4.25728134429,2,5,2,1,1,0
168,168,9,187.1,2,53.5,4.58051428457,2,5,2,1,1,0
169,169,10,190.8,2,54.8,5.83453320993,3,5,2,1,1,0
170,170,10,208.4,2,58.2,5.9386118842,3,5,2,1,1,0
171,171,10,195.5,3,80.6,6.16644143733,3,5,2,1,2,0
172,172,10,216.5,3,84.4,5.58017323506,3,5,2,1,2,0
173,173,9,201.4,3,89.4,6.48744513999,2,5,2,1,2,0
174,174,9,201.2,3,88.3,6.37281552987,2,5,2,1,2,0
175,175,9,203.9,3,89.9,6.75871864911,2,5,2,1,2,0
176,176,9,201.6,2,62.7,6.21107881129,2,5,2,1,1,0
177,177,9,197.4,2,62.0,6.05020660804,2,5,2,1,1,0
178,178,9,196.6,2,59.4,5.61028321725,2,5,2,1,1,0
179,179,9,197.8,2,57.1,5.30395554699,2,5,2,1,1,0
180,180,9,197.5,2,55.9,4.65781899367,2,5,2,0,2,0
181,181,9,204.5,4,106.7,4.78298488859,2,5,2,1,3,0
182,182,10,217.1,4,110.7,5.74097359145,2,5,3,1,3,0
183,183,10,210.0,3,81.4,5.19529701857,2,5,3,1,2,0
184,184,10,232.4,3,89.7,6.07621958494,2,5,3,1,2,0
185,185,10,226.8,3,91.2,6.5234278651,2,5,3,1,1,1
186,186,10,234.2,3,91.6,6.19655818445,2,5,3,1,1,1
187,187,10,231.0,3,89.8,5.78273291792,2,5,3,1,2,0
188,188,10,206.9,2,54.7,4.31211471709,2,5,3,1,1,0
189,189,10,210.7,2,60.6,5.38909392508,3,4,3,1,1,0
190,190,10,204.2,2,55.1,4.37944694631,3,4,3,1,1,0
191,191,10,207.5,1,29.1,4.27921332334,3,4,3,1,0,0
192,192,10,206.8,2,55.1,4.15793752291,3,4,3,1,1,0
193,193,10,218.5,2,62.2,5.59627852535,3,4,3,1,1,0
194,194,10,236.7,2,63.6,5.56677644602,3,4,3,1,1,0
195,195,10,239.3,3,92.0,6.03858887121,3,4,3,1,1,1
196,196,10,233.9,4,119.3,6.53681029929,3,4,3,1,2,1
197,197,10,224.2,2,61.6,5.67250679447,3,4,3,1,1,0
198,198,10,224.0,3,92.6,6.52329160266,3,4,3,1,1,1
199,199,10,225.3,2,63.6,6.328603497,3,4,3,0,1,1
200,200,10,227.0,3,92.2,6.911343333,3,4,3,1,1,1
201,201,10,228.0,3,89.3,6.04740532056,3,4,3,1,1,1
202,202,10,216.4,1,33.9,5.49124555796,3,4,3,0,1,0
203,203,10,215.2,1,36.4,6.07687785334,3,4,3,0,1,0
204,204,10,221.3,1,35.8,5.79502660333,3,4,3,0,1,0
205,205,10,214.6,2,60.9,6.25427853553,3,4,3,1,1,0
206,206,10,219.0,2,61.1,5.98108128463,3,4,3,1,1,0
207,207,10,221.3,2,63.3,6.58163269173,3,4,3,1,1,0
208,208,10,223.4,3,90.5,6.78023270659,3,4,3,1,1,1
209,209,10,228.0,4,115.8,6.50760239173,3,4,3,2,1,1
210,210,9,204.6,3,88.1,6.18869937871,3,4,2,1,2,0
211,211,9,203.0,3,88.1,6.50924556134,3,4,2,1,2,0
212,212,10,222.1,2,65.7,7.06312017926,3,5,2,1,1,0
213,213,10,221.1,2,67.0,7.36107631019,3,5,2,1,1,0
214,214,10,220.6,2,66.8,7.30512757513,3,5,2,1,1,0
215,215,10,223.8,2,66.6,7.17879593742,3,5,2,1,1,0
216,216,9,187.7,1,31.8,5.54394063621,3,4,2,1,0,0
217,217,10,224.0,2,67.3,6.85127725318,3,5,2,1,1,0
218,218,10,214.8,2,58.9,5.44360991337,3,5,2,1,1,0
219,219,10,214.8,1,30.3,4.8755170666,3,5,2,0,1,0
220,220,10,220.5,3,87.8,5.84527349422,3,5,2,1,1,1
221,221,10,215.9,3,89.0,6.36508706408,3,5,2,1,1,1
222,222,9,193.7,2,60.2,5.96044834257,3,5,1,1,1,0
223,223,9,197.8,3,86.1,5.8208199117,3,5,1,2,1,0
224,224,9,202.0,3,89.3,6.44032435346,3,5,1,1,2,0
225,225,9,195.9,2,62.1,6.42397851802,3,5,1,1,1,0
226,226,9,204.5,3,91.4,6.77841754722,3,5,1,1,1,1
227,227,9,202.8,3,86.4,5.6,3,5,1,1,1,1
228,228,9,186.6,0,0,2.99541316015,3,5,1,0,0,0
229,229,9,189.2,1,25.4,2.9923977751,3,5,1,0,1,0
230,230,10,219.6,2,62.8,5.96418942989,3,5,2,1,1,0
231,231,10,225.9,3,88.9,6.20849776069,3,5,2,1,2,0
232,232,10,222.1,3,87.8,5.9802359671,3,5,2,1,2,0
233,233,10,213.0,1,31.6,5.11120772856,3,5,2,0,1,0
234,234,10,205.1,1,25.7,3.80305432807,3,5,2,0,0,1
235,235,10,201.5,2,51.8,4.22170318447,3,5,2,0,1,1
236,236,10,204.0,2,52.5,3.95811402901,3,5,2,0,1,1
237,237,10,202.8,2,53.4,4.15071613634,3,5,2,0,1,1
238,238,10,204.8,3,79.2,4.44891996881,3,5,2,1,1,1
239,239,11,231.6,3,78.6,3.82370596055,4,5,2,1,1,1
240,240,10,228.1,2,55.2,3.6728584085,4,4,2,2,0,0
241,241,10,216.3,2,55.3,3.77566771137,4,4,2,1,1,0
242,242,10,209.6,2,54.5,4.0917803786,4,4,2,1,1,0
243,243,10,213.0,2,59.6,4.97705847978,4,4,2,1,1,0
244,244,10,220.4,2,62.5,5.46609753135,4,4,2,1,1,0
245,245,10,211.2,2,54.2,3.82645760172,4,4,2,2,0,0
246,246,10,214.8,1,25.4,2.94648566563,4,4,2,1,0,0
247,247,11,228.2,1,26.1,3.43463641056,4,5,2,0,1,0
248,248,11,242.5,3,88.5,5.24735431172,4,5,2,1,2,0
249,249,11,230.9,1,25.4,3.96496016259,4,5,2,0,1,0
250,250,11,234.9,3,84.6,5.78487054935,4,5,2,1,2,0
251,251,11,225.3,2,60.9,6.2612807287,4,5,2,1,1,0
252,252,11,233.6,3,88.5,6.39597885038,4,5,2,1,1,1
253,253,11,236.3,3,90.3,6.59982093421,4,5,2,1,1,1
254,254,10,223.4,4,121.4,7.54412206806,3,5,2,2,1,1
256,256,2,63.8,2,63.8,0.848528137424,1,1,0,1,1,0
257,257,11,271.3,5,149.2,5.83682665963,5,5,1,4,1,0
258,258,14,338.1,6,177.0,5.64347819645,6,7,1,4,2,0
259,259,14,331.5,5,154.0,6.24969889385,6,7,1,4,1,0
260,260,16,378.0,7,206.8,6.25870061062,8,7,1,6,1,0
261,261,17,404.6,8,232.6,6.08687111741,9,7,1,7,1,0
262,262,17,397.9,7,204.5,6.15075915927,9,7,1,5,2,0
263,263,16,377.2,6,181.5,6.19241471479,8,7,1,5,1,0
264,264,14,344.2,7,215.2,7.74575388821,7,6,1,4,3,0
265,265,15,359.3,6,184.6,6.82567282572,8,6,1,5,1,0
