,e_id,num_sat,sum_snr,num_sat_25,sum_snr_25,num_sat_u20,sum_sat_u20,snr_std,elev_0_30,elev_30_60,elev_60_90,sum_elev_0_30,sum_elev_30_60,sum_elev_60_90,elev_0_30_25,elev_30_60_25,elev_60_90_25,sum_elev_0_30_25,sum_elev_30_60_25,sum_elev_60_90_25
1,1,12,206.7,0,0,10,161.6,3.47383073854,5,6,1,78.7,106.4,21.6,0,0,0,0,0,0
2,2,12,202.3,0,0,11,178.5,3.22334054087,5,6,1,79.5,103.9,18.9,0,0,0,0,0,0
3,3,12,209.8,1,25.8,10,163.7,3.86401424177,5,6,1,79.6,110.4,19.8,0,1,0,0,25.8,0
4,4,12,213.9,0,0,7,104.3,4.1085553754,5,6,1,80.5,110.6,22.8,0,0,0,0,0,0
5,5,12,205.6,0,0,9,140.9,3.64450603545,5,6,1,78.5,106.1,21.0,0,0,0,0,0,0
6,6,12,212.9,0,0,8,124.3,4.0797634364,5,6,1,81.5,109.8,21.6,0,0,0,0,0,0
7,7,12,210.4,0,0,9,143.8,4.05358053473,5,6,1,79.3,110.7,20.4,0,0,0,0,0,0
8,8,12,208.3,0,0,9,143.3,3.85001967724,5,6,1,80.0,108.2,20.1,0,0,0,0,0,0
9,9,12,211.1,0,0,9,144.9,3.98256617438,5,6,1,80.4,110.2,20.5,0,0,0,0,0,0
10,10,12,216.6,0,0,9,147.0,4.13906006018,5,6,1,82.7,112.1,21.8,0,0,0,0,0,0
11,11,12,213.8,0,0,8,125.5,4.02465884118,5,6,1,82.4,110.3,21.1,0,0,0,0,0,0
12,12,12,215.9,0,0,8,127.2,4.05046761236,5,6,1,85.2,108.9,21.8,0,0,0,0,0,0
13,13,12,216.4,0,0,7,108.0,4.00598037787,5,6,1,85.9,107.2,23.3,0,0,0,0,0,0
14,14,12,217.6,0,0,7,106.5,4.28556421094,5,6,1,86.5,108.4,22.7,0,0,0,0,0,0
15,15,12,217.2,0,0,6,86.4,4.33736409271,5,6,1,87.5,106.8,22.9,0,0,0,0,0,0
16,16,12,216.9,0,0,7,106.5,4.23365842226,5,6,1,89.1,105.4,22.4,0,0,0,0,0,0
17,17,12,215.0,0,0,7,105.3,4.1767393401,5,6,1,86.1,107.2,21.7,0,0,0,0,0,0
18,18,12,214.9,1,25.4,8,124.8,4.27624693847,5,6,1,85.6,108.1,21.2,0,1,0,0,25.4,0
19,19,12,211.5,1,25.4,8,122.9,4.11209413582,5,6,1,85.5,104.9,21.1,0,1,0,0,25.4,0
20,20,11,200.3,0,0,8,131.1,3.73160945048,5,5,1,82.3,96.2,21.8,0,0,0,0,0,0
21,21,11,195.2,0,0,8,128.3,3.50181770981,5,5,1,81.3,92.9,21.0,0,0,0,0,0,0
22,22,11,197.4,0,0,8,129.1,3.6283229284,5,5,1,81.8,93.5,22.1,0,0,0,0,0,0
23,23,11,199.0,1,25.5,8,130.4,3.62779672679,5,5,1,81.0,96.2,21.8,0,1,0,0,25.5,0
24,24,12,212.0,0,0,9,143.8,3.61696340076,5,6,1,84.5,106.0,21.5,0,0,0,0,0,0
25,25,12,208.6,0,0,9,143.6,3.41888693565,5,6,1,81.6,106.9,20.1,0,0,0,0,0,0
26,26,12,207.8,1,25.7,9,139.4,3.97282435219,5,6,1,82.9,103.8,21.1,0,1,0,0,25.7,0
27,27,11,201.0,0,0,8,133.1,3.37256309328,4,6,1,70.8,109.2,21.0,0,0,0,0,0,0
28,28,11,205.8,0,0,7,117.5,3.33839918088,4,6,1,69.5,115.0,21.3,0,0,0,0,0,0
29,29,11,205.2,0,0,7,116.5,3.3326756927,4,6,1,70.5,113.1,21.6,0,0,0,0,0,0
30,30,12,216.9,0,0,8,127.9,3.63145976158,5,6,1,83.1,111.3,22.5,0,0,0,0,0,0
31,31,12,216.4,0,0,8,126.1,3.72883928646,5,6,1,82.4,111.3,22.7,0,0,0,0,0,0
32,32,12,218.1,0,0,8,128.5,3.65740220773,5,6,1,83.5,113.1,21.5,0,0,0,0,0,0
33,33,12,217.1,1,25.4,8,125.9,3.99874033196,5,6,1,83.9,111.3,21.9,0,1,0,0,25.4,0
34,34,12,214.4,1,25.1,8,124.0,3.9099717119,5,6,1,82.3,110.4,21.7,0,1,0,0,25.1,0
35,35,12,216.8,1,25.5,8,124.5,4.24678131238,5,6,1,84.5,111.2,21.1,0,1,0,0,25.5,0
36,36,12,214.9,1,25.4,7,105.0,4.0610026378,5,6,1,84.9,109.5,20.5,0,1,0,0,25.4,0
37,37,12,219.4,1,25.9,8,125.9,4.40574693561,5,6,1,85.0,112.5,21.9,0,1,0,0,25.9,0
38,38,12,219.6,1,26.3,8,126.2,4.49221548904,5,6,1,83.0,115.4,21.2,0,1,0,0,26.3,0
39,39,12,219.0,1,26.3,9,146.2,4.43467739936,5,6,1,83.4,116.6,19.0,0,1,0,0,26.3,0
40,40,12,219.6,1,26.6,8,126.4,4.37949768809,5,6,1,80.4,118.3,20.9,0,1,0,0,26.6,0
41,41,12,219.9,1,26.8,8,125.9,4.47317763808,5,6,1,81.7,117.7,20.5,0,1,0,0,26.8,0
42,42,12,221.7,1,26.6,8,127.2,4.37183651861,5,6,1,83.2,117.0,21.5,0,1,0,0,26.6,0
43,43,11,204.3,1,27.4,7,110.4,4.68189938147,4,6,1,63.4,119.4,21.5,0,1,0,0,27.4,0
44,44,11,201.6,1,27.1,8,128.0,4.60088924211,4,6,1,61.4,118.3,21.9,0,1,0,0,27.1,0
45,45,12,212.3,1,27.3,9,139.6,4.62315483259,5,6,1,76.0,115.8,20.5,0,1,0,0,27.3,0
46,46,12,214.3,2,52.9,9,139.0,4.85806888932,5,6,1,76.7,115.2,22.4,0,2,0,0,52.9,0
47,47,12,215.6,2,52.9,8,121.2,4.82499803737,5,6,1,77.3,117.0,21.3,0,2,0,0,52.9,0
48,48,12,213.2,2,52.8,9,140.1,4.75936079232,5,6,1,76.0,116.9,20.3,0,2,0,0,52.8,0
49,49,12,214.3,2,53.6,9,139.4,4.98697546038,5,6,1,76.1,116.9,21.3,0,2,0,0,53.6,0
50,50,12,213.0,2,53.7,9,138.4,4.99354128304,5,6,1,75.2,116.9,20.9,0,2,0,0,53.7,0
51,51,12,209.0,2,52.7,10,156.3,4.88631360087,5,6,1,74.1,115.5,19.4,0,2,0,0,52.7,0
52,52,11,191.0,2,52.8,8,118.1,5.43438547166,4,6,1,61.1,110.6,19.3,0,2,0,0,52.8,0
53,53,11,188.2,1,27.6,8,116.4,5.25022943222,4,6,1,60.1,108.0,20.1,0,1,0,0,27.6,0
54,54,11,188.0,1,27.5,9,136.8,5.22866226591,4,6,1,59.2,109.3,19.5,0,1,0,0,27.5,0
55,55,12,211.3,1,27.6,10,160.1,4.55640574722,5,6,1,79.0,113.9,18.4,0,1,0,0,27.6,0
56,56,12,209.7,1,27.9,10,157.5,4.69431474329,5,6,1,77.9,113.8,18.0,0,1,0,0,27.9,0
57,57,12,208.5,1,28.1,9,136.5,4.69102140458,5,6,1,76.9,114.0,17.6,0,1,0,0,28.1,0
58,58,12,209.5,1,28.3,9,138.0,4.66173169801,5,6,1,76.9,115.0,17.6,0,1,0,0,28.3,0
59,59,12,209.3,1,27.7,9,136.5,4.74522886378,5,6,1,77.2,115.6,16.5,0,1,0,0,27.7,0
60,60,12,206.6,1,27.6,9,134.2,4.66414433999,5,6,1,77.5,112.6,16.5,0,1,0,0,27.6,0
61,61,12,200.6,1,27.1,10,149.1,4.65048058774,5,6,1,73.2,111.2,16.2,0,1,0,0,27.1,0
62,62,12,206.4,1,27.9,9,133.1,4.94607282231,5,6,1,78.0,112.2,16.2,0,1,0,0,27.9,0
63,63,12,203.7,1,28.1,10,151.2,4.8405719046,5,6,1,75.3,112.2,16.2,0,1,0,0,28.1,0
64,64,12,203.2,1,29.0,10,150.1,5.06257809517,5,6,1,76.7,110.3,16.2,0,1,0,0,29.0,0
65,65,12,199.6,1,27.8,10,148.8,4.61013376523,5,6,1,75.4,108.0,16.2,0,1,0,0,27.8,0
66,66,12,202.7,1,28.9,9,131.0,4.82030899299,5,6,1,77.4,109.1,16.2,0,1,0,0,28.9,0
67,67,12,210.1,1,29.0,10,157.0,4.66407124796,5,6,1,79.5,114.4,16.2,0,1,0,0,29.0,0
68,68,12,205.6,1,28.3,10,156.5,4.1972574018,5,6,1,79.7,109.7,16.2,0,1,0,0,28.3,0
69,69,12,207.1,1,29.3,10,156.2,4.52497279416,5,6,1,80.0,110.9,16.2,0,1,0,0,29.3,0
70,70,12,199.2,1,29.2,10,149.9,4.65891130474,5,6,1,74.3,108.7,16.2,0,1,0,0,29.2,0
71,71,12,196.0,1,27.3,10,148.6,4.12890769912,5,6,1,74.3,105.5,16.2,0,1,0,0,27.3,0
72,72,11,183.1,1,28.6,9,134.4,4.90884174452,4,6,1,62.3,104.6,16.2,0,1,0,0,28.6,0
73,73,11,177.6,1,29.0,9,128.5,5.26618716651,4,6,1,61.1,106.3,10.2,0,1,0,0,29.0,0
74,74,11,181.7,1,29.1,9,132.3,5.4792003398,4,6,1,65.3,106.2,10.2,0,1,0,0,29.1,0
75,75,10,164.3,1,29.7,9,134.6,5.76291785663,3,6,1,51.0,103.1,10.2,0,1,0,0,29.7,0
76,76,10,158.3,1,29.7,9,128.6,5.71723515152,3,6,1,47.5,100.6,10.2,0,1,0,0,29.7,0
77,77,10,161.2,1,29.5,9,131.7,5.71310384603,3,6,1,49.7,101.3,10.2,0,1,0,0,29.5,0
78,78,10,163.5,1,29.3,8,114.1,5.6222277119,2,7,1,30.8,122.5,10.2,0,1,0,0,29.3,0
79,79,10,166.0,1,29.3,8,116.0,5.72266449208,2,7,1,31.5,124.3,10.2,0,1,0,0,29.3,0
80,80,10,169.2,1,29.9,8,118.6,5.99829605434,2,7,1,30.2,128.8,10.2,0,1,0,0,29.9,0
81,81,10,164.2,1,29.6,8,114.3,5.81259169581,2,7,1,31.7,122.3,10.2,0,1,0,0,29.6,0
82,82,10,161.5,1,29.7,8,111.5,5.82127324751,2,7,1,31.7,119.6,10.2,0,1,0,0,29.7,0
83,83,10,161.3,1,29.5,9,131.8,5.39342191934,2,7,1,32.9,118.2,10.2,0,1,0,0,29.5,0
84,84,10,164.3,1,29.1,9,135.2,5.29361250313,2,7,1,36.3,117.8,10.2,0,1,0,0,29.1,0
85,85,10,165.1,1,30.2,9,134.9,5.60246969351,2,7,1,36.3,118.6,10.2,0,1,0,0,30.2,0
86,86,10,164.1,1,29.8,9,134.3,5.49534146144,2,7,1,36.2,117.7,10.2,0,1,0,0,29.8,0
87,87,11,178.1,1,29.9,10,148.2,5.43699449061,3,7,1,50.8,117.1,10.2,0,1,0,0,29.9,0
88,88,11,177.0,1,30.0,10,147.0,5.44544847473,3,7,1,48.9,117.9,10.2,0,1,0,0,30.0,0
89,89,11,180.4,1,29.7,10,150.7,5.38423625039,3,7,1,50.8,119.4,10.2,0,1,0,0,29.7,0
90,90,11,180.1,1,29.7,10,150.4,5.42034886499,3,7,1,51.1,118.8,10.2,0,1,0,0,29.7,0
91,91,10,164.5,1,29.7,9,134.8,5.27830991469,3,6,1,48.4,105.9,10.2,0,1,0,0,29.7,0
92,92,9,157.4,1,29.3,8,128.1,5.01583603312,3,6,0,50.0,107.4,0,0,1,0,0,29.3,0
93,93,9,159.3,1,29.1,6,89.9,5.05964425627,3,6,0,53.0,106.3,0,0,1,0,0,29.1,0
94,94,9,158.8,1,28.2,7,109.9,4.73738089853,3,6,0,53.0,105.8,0,0,1,0,0,28.2,0
95,95,9,161.1,1,29.0,7,111.4,4.92798133113,3,6,0,53.1,108.0,0,0,1,0,0,29.0,0
96,96,9,159.4,1,28.7,8,130.7,4.77609789589,3,6,0,51.7,107.7,0,0,1,0,0,28.7,0
97,97,9,157.0,1,28.2,7,108.0,4.72046372487,3,6,0,51.6,105.4,0,0,1,0,0,28.2,0
98,98,9,156.4,1,27.9,7,107.3,4.94691261743,3,6,0,52.8,103.6,0,0,1,0,0,27.9,0
99,99,9,159.2,1,28.0,6,88.8,5.12894834358,3,6,0,53.8,105.4,0,0,1,0,0,28.0,0
100,100,10,167.5,1,27.1,8,118.8,4.86603877228,3,6,1,52.9,101.5,13.1,0,1,0,0,27.1,0
101,101,11,182.7,1,27.2,8,113.2,4.82005280997,3,7,1,53.0,116.5,13.2,0,1,0,0,27.2,0
102,102,11,183.6,1,27.0,8,115.3,4.75277909132,3,7,1,53.8,116.6,13.2,0,1,0,0,27.0,0
103,103,11,189.5,1,26.9,8,119.8,4.54402704858,3,7,1,55.1,121.1,13.3,0,1,0,0,26.9,0
104,104,11,188.0,1,26.7,8,118.7,4.37434670447,3,7,1,52.6,122.2,13.2,0,1,0,0,26.7,0
105,105,12,201.3,1,25.9,9,132.8,4.10412763402,4,7,1,66.5,121.0,13.8,0,1,0,0,25.9,0
106,106,12,205.5,1,26.1,10,156.3,4.06159955056,4,7,1,67.7,119.8,18.0,0,1,0,0,26.1,0
107,107,12,207.4,0,0,10,159.2,3.96434869885,4,7,1,67.9,121.5,18.0,0,0,0,0,0,0
108,108,12,209.7,1,26.0,8,117.6,4.44974463006,4,7,1,65.8,126.6,17.3,0,1,0,0,26.0,0
109,109,12,206.3,0,0,9,138.3,3.964033376,4,7,1,65.6,122.1,18.6,0,0,0,0,0,0
110,110,12,207.4,0,0,9,139.5,3.8637789635,4,7,1,66.8,122.0,18.6,0,0,0,0,0,0
111,111,12,204.3,0,0,9,138.5,3.53967769462,4,7,1,65.0,121.4,17.9,0,0,0,0,0,0
112,112,12,206.5,0,0,9,141.2,3.3888743997,4,7,1,67.7,120.5,18.3,0,0,0,0,0,0
113,113,12,207.0,0,0,9,141.4,3.43815489629,4,7,1,68.4,119.7,18.9,0,0,0,0,0,0
114,114,11,196.6,0,0,7,108.0,3.9807262928,4,6,1,70.5,106.6,19.5,0,0,0,0,0,0
115,115,11,193.6,0,0,8,127.4,3.7325594436,4,6,1,69.8,103.8,20.0,0,0,0,0,0,0
116,116,11,191.1,0,0,8,127.1,3.44589347168,4,6,1,69.9,102.0,19.2,0,0,0,0,0,0
117,117,10,180.2,0,0,7,115.7,3.43989663927,4,5,1,70.0,89.7,20.5,0,0,0,0,0,0
118,118,10,179.9,0,0,7,113.7,3.25147829627,4,5,1,70.3,88.4,21.2,0,0,0,0,0,0
119,119,10,180.7,0,0,7,114.5,3.2636210292,4,5,1,68.5,90.5,21.7,0,0,0,0,0,0
120,120,10,181.3,0,0,6,95.3,3.24792241287,4,5,1,67.6,91.6,22.1,0,0,0,0,0,0
121,121,10,178.2,0,0,7,113.7,3.11441094841,4,5,1,66.6,92.3,19.3,0,0,0,0,0,0
122,122,10,177.3,0,0,7,112.0,3.05215770672,4,5,1,69.7,85.8,21.8,0,0,0,0,0,0
123,123,10,178.2,0,0,7,113.3,3.35420134558,4,5,1,70.4,86.7,21.1,0,0,0,0,0,0
124,124,10,178.4,0,0,7,113.2,3.38434303489,4,5,1,70.3,86.3,21.8,0,0,0,0,0,0
125,125,10,179.0,0,0,7,112.2,3.52420203734,4,5,1,69.6,88.0,21.4,0,0,0,0,0,0
126,126,10,178.7,0,0,7,111.8,3.33534939033,4,5,1,70.1,87.6,21.0,0,0,0,0,0,0
127,127,10,181.3,0,0,7,115.7,2.93107867895,4,5,1,70.0,89.9,21.4,0,0,0,0,0,0
128,128,10,185.3,0,0,7,119.0,3.05543232075,4,5,1,72.4,91.7,21.2,0,0,0,0,0,0
129,129,10,183.7,0,0,7,118.1,3.059429867,4,5,1,71.3,92.0,20.4,0,0,0,0,0,0
130,130,10,181.2,0,0,7,115.0,3.08249538163,4,5,1,69.8,90.2,21.2,0,0,0,0,0,0
131,131,10,180.5,0,0,7,115.8,3.09847632806,4,5,1,69.4,90.1,21.0,0,0,0,0,0,0
132,132,10,179.5,0,0,8,133.6,3.26641155466,4,5,1,70.6,90.3,18.6,0,0,0,0,0,0
133,133,10,182.5,0,0,6,97.3,3.28878565904,4,5,1,70.4,91.8,20.3,0,0,0,0,0,0
134,134,10,185.5,0,0,8,139.2,3.41377926775,4,5,1,73.4,92.9,19.2,0,0,0,0,0,0
135,135,10,186.8,0,0,8,141.5,3.333266666,4,5,1,71.8,95.4,19.6,0,0,0,0,0,0
136,136,10,187.1,0,0,6,100.3,3.43331715207,4,5,1,72.0,95.7,19.4,0,0,0,0,0,0
137,137,10,188.9,0,0,6,101.8,3.41644714742,4,5,1,73.9,95.2,19.8,0,0,0,0,0,0
138,138,10,184.1,1,25.9,8,137.6,3.76665191738,4,5,1,73.8,91.7,18.6,0,1,0,0,25.9,0
139,139,10,183.0,1,25.9,7,115.7,3.9471508712,4,5,1,71.2,92.4,19.4,0,1,0,0,25.9,0
140,140,10,181.3,1,25.3,6,95.5,3.76918794673,4,5,1,73.7,89.6,18.0,0,1,0,0,25.3,0
141,141,10,184.5,0,0,6,96.8,3.76983642439,4,5,1,74.1,91.3,19.1,0,0,0,0,0,0
142,142,10,184.6,1,25.1,7,117.4,3.76775795401,4,5,1,75.2,90.1,19.3,0,1,0,0,25.1,0
143,143,10,185.8,0,0,6,98.7,3.53861240853,4,5,1,76.0,91.1,18.7,0,0,0,0,0,0
144,144,10,181.7,0,0,7,117.1,3.26702379,4,5,1,72.9,91.1,17.7,0,0,0,0,0,0
145,145,10,177.7,0,0,8,133.2,3.15983473548,4,5,1,70.3,88.3,19.1,0,0,0,0,0,0
146,146,10,183.1,0,0,7,118.0,3.18867788694,4,5,1,72.6,90.2,20.3,0,0,0,0,0,0
147,147,10,184.4,0,0,8,139.9,3.14437769855,4,5,1,73.9,90.5,20.0,0,0,0,0,0,0
148,148,10,182.9,0,0,8,138.1,3.09711335135,4,5,1,70.3,92.6,20.0,0,0,0,0,0,0
149,149,10,181.9,0,0,7,116.0,3.25489375147,4,5,1,72.5,92.2,17.2,0,0,0,0,0,0
150,150,10,178.3,0,0,8,135.5,2.79922608352,4,5,1,71.3,89.8,17.2,0,0,0,0,0,0
151,151,10,174.1,0,0,8,130.9,3.12958996249,4,5,1,67.2,90.2,16.7,0,0,0,0,0,0
152,152,10,173.3,0,0,9,150.5,3.0463274793,4,5,1,66.7,89.9,16.7,0,0,0,0,0,0
153,153,10,172.1,0,0,9,150.5,2.66768730468,4,5,1,66.7,88.2,17.2,0,0,0,0,0,0
154,154,10,175.0,0,0,9,151.8,3.03790863735,4,5,1,67.8,90.0,17.2,0,0,0,0,0,0
155,155,10,172.4,0,0,9,150.4,2.88990580392,4,5,1,65.9,89.3,17.2,0,0,0,0,0,0
156,156,10,167.7,0,0,9,146.2,2.55823289705,4,5,1,65.8,84.7,17.2,0,0,0,0,0,0
157,157,10,169.4,0,0,9,147.7,2.88143482777,4,5,1,66.1,86.1,17.2,0,0,0,0,0,0
158,158,10,164.1,0,0,9,143.2,2.8980644882,4,5,1,66.4,84.0,13.7,0,0,0,0,0,0
159,159,11,178.7,0,0,10,157.5,2.99244503253,4,6,1,67.0,98.0,13.7,0,0,0,0,0,0
160,160,11,174.1,0,0,10,152.3,3.05715256704,4,6,1,64.9,95.5,13.7,0,0,0,0,0,0
161,161,10,156.6,0,0,9,136.5,2.39592246211,4,5,1,61.8,80.0,14.8,0,0,0,0,0,0
162,162,10,160.8,0,0,9,139.4,2.89934858584,4,5,1,64.5,81.5,14.8,0,0,0,0,0,0
163,163,10,160.1,0,0,9,139.1,2.8799884259,4,5,1,65.4,79.9,14.8,0,0,0,0,0,0
164,164,10,160.4,0,0,9,139.0,2.85781579377,4,5,1,63.4,82.2,14.8,0,0,0,0,0,0
165,165,10,164.1,0,0,10,164.1,2.83684096605,4,5,1,65.9,83.4,14.8,0,0,0,0,0,0
166,166,10,165.6,0,0,9,144.6,3.03834750408,4,5,1,65.9,84.9,14.8,0,0,0,0,0,0
167,167,10,164.1,0,0,9,142.4,2.99609004463,4,5,1,63.6,85.7,14.8,0,0,0,0,0,0
168,168,10,160.9,0,0,9,139.2,2.75819989607,4,5,1,62.5,83.6,14.8,0,0,0,0,0,0
169,169,10,162.9,0,0,8,121.3,3.11035903608,4,5,1,65.5,83.8,13.6,0,0,0,0,0,0
170,170,11,175.9,0,0,9,134.3,3.47028948229,5,5,1,79.0,83.3,13.6,0,0,0,0,0,0
171,171,10,171.5,0,0,7,107.2,3.8283300682,4,5,1,67.8,84.6,19.1,0,0,0,0,0,0
172,172,10,173.0,0,0,7,107.9,4.17425974808,4,5,1,67.2,87.0,18.8,0,0,0,0,0,0
173,173,10,168.2,0,0,6,85.4,3.98184770064,4,5,1,62.6,86.0,19.6,0,0,0,0,0,0
174,174,10,169.4,0,0,7,106.2,3.54250382263,4,5,1,63.5,87.9,18.0,0,0,0,0,0,0
175,175,10,172.0,0,0,8,130.2,3.42571971351,4,5,1,63.6,87.9,20.5,0,0,0,0,0,0
176,176,10,175.2,0,0,6,92.4,3.12793861832,4,5,1,64.7,91.7,18.8,0,0,0,0,0,0
177,177,10,174.3,0,0,8,131.9,2.81979116642,4,5,1,64.6,90.9,18.8,0,0,0,0,0,0
178,178,10,174.3,0,0,7,113.2,2.72072294314,4,5,1,65.5,89.8,19.0,0,0,0,0,0,0
179,179,10,180.5,0,0,6,94.9,3.21774593293,4,5,1,67.0,94.5,19.0,0,0,0,0,0,0
180,180,10,175.2,0,0,7,112.1,2.9802311618,4,5,1,65.1,92.1,18.0,0,0,0,0,0,0
181,181,10,177.8,0,0,7,112.9,3.22862199708,4,5,1,64.5,94.4,18.9,0,0,0,0,0,0
182,182,11,188.0,0,0,9,145.3,3.08656914565,5,5,1,76.2,91.8,20.0,0,0,0,0,0,0
183,183,11,190.8,0,0,8,125.9,3.40891878353,5,5,1,78.1,91.6,21.1,0,0,0,0,0,0
184,184,11,189.8,0,0,7,105.0,3.51122874116,5,5,1,77.5,91.7,20.6,0,0,0,0,0,0
185,185,11,191.3,0,0,6,86.7,3.45643010792,5,5,1,77.2,92.9,21.2,0,0,0,0,0,0
186,186,11,198.2,0,0,8,131.0,3.46520365399,5,5,1,81.5,94.0,22.7,0,0,0,0,0,0
187,187,11,196.4,0,0,8,129.9,3.351526111,5,5,1,84.1,90.1,22.2,0,0,0,0,0,0
188,188,11,199.8,0,0,7,113.4,3.32784396487,5,5,1,84.4,93.8,21.6,0,0,0,0,0,0
189,189,11,199.0,0,0,8,132.9,3.25958725775,5,5,1,83.3,94.0,21.7,0,0,0,0,0,0
190,190,11,195.4,0,0,8,128.2,3.56069451857,5,5,1,82.4,91.0,22.0,0,0,0,0,0,0
191,191,11,190.3,0,0,8,123.6,3.54288018426,5,5,1,80.9,88.3,21.1,0,0,0,0,0,0
192,192,11,192.2,0,0,8,124.3,3.70326637149,5,5,1,81.6,88.1,22.5,0,0,0,0,0,0
193,193,11,191.7,0,0,8,123.0,3.86370053423,5,5,1,80.2,88.9,22.6,0,0,0,0,0,0
194,194,11,188.6,0,0,8,119.7,3.93480968698,5,5,1,77.3,89.4,21.9,0,0,0,0,0,0
195,195,11,188.5,0,0,8,119.9,3.86581756612,5,5,1,77.5,88.3,22.7,0,0,0,0,0,0
196,196,11,190.9,0,0,8,123.6,3.63988011791,5,5,1,80.9,87.9,22.1,0,0,0,0,0,0
197,197,11,193.0,0,0,8,123.6,3.94622950077,5,5,1,80.9,88.7,23.4,0,0,0,0,0,0
198,198,11,187.8,0,0,8,117.9,4.2289693565,5,5,1,76.9,88.1,22.8,0,0,0,0,0,0
199,199,11,185.9,0,0,8,118.0,4.0568460656,5,5,1,77.0,87.8,21.1,0,0,0,0,0,0
200,200,11,190.3,0,0,8,122.5,3.81392186601,5,5,1,77.1,90.7,22.5,0,0,0,0,0,0
201,201,11,189.4,0,0,8,120.9,3.95722584188,5,5,1,75.5,91.9,22.0,0,0,0,0,0,0
202,202,11,193.8,0,0,8,126.1,3.70697131951,5,5,1,78.9,93.2,21.7,0,0,0,0,0,0
203,203,11,199.0,0,0,8,133.3,3.09142509062,5,5,1,78.1,100.5,20.4,0,0,0,0,0,0
204,204,12,214.7,0,0,9,147.0,3.51217579114,5,6,1,77.5,116.5,20.7,0,0,0,0,0,0
205,205,12,212.5,0,0,9,146.7,3.12597863464,5,6,1,78.5,112.3,21.7,0,0,0,0,0,0
206,206,12,213.2,0,0,9,147.8,3.07196511975,5,6,1,78.5,113.5,21.2,0,0,0,0,0,0
207,207,13,226.9,0,0,11,182.3,3.03606526736,5,7,1,78.5,128.4,20.0,0,0,0,0,0,0
208,208,13,225.9,0,0,9,139.8,3.15308152082,5,7,1,74.7,128.8,22.4,0,0,0,0,0,0
209,209,13,220.7,0,0,11,177.6,2.69634130077,5,7,1,74.7,124.9,21.1,0,0,0,0,0,0
210,210,13,225.7,0,0,11,182.9,2.84884141993,5,7,1,73.3,132.9,19.5,0,0,0,0,0,0
211,211,13,226.0,0,0,10,161.0,3.02870878809,5,7,1,73.3,132.9,19.8,0,0,0,0,0,0
212,212,13,229.2,0,0,8,124.4,3.07960620193,5,7,1,73.3,134.7,21.2,0,0,0,0,0,0
213,213,13,218.9,0,0,11,176.8,3.21131812541,5,7,1,68.4,131.1,19.4,0,0,0,0,0,0
214,214,13,222.8,0,0,10,159.7,3.35448417831,5,7,1,68.8,132.3,21.7,0,0,0,0,0,0
215,215,13,220.1,0,0,10,156.9,3.21257545058,5,7,1,68.8,130.3,21.0,0,0,0,0,0,0
216,216,13,223.9,0,0,9,139.2,3.49407924117,5,7,1,68.8,133.9,21.2,0,0,0,0,0,0
217,217,13,223.0,0,0,10,156.9,3.59249573988,5,7,1,68.8,133.2,21.0,0,0,0,0,0,0
218,218,13,223.0,0,0,11,178.8,3.36739646825,5,7,1,68.8,134.5,19.7,0,0,0,0,0,0
219,219,13,222.3,0,0,10,157.5,3.4127212993,5,7,1,68.2,132.9,21.2,0,0,0,0,0,0
220,220,13,221.0,0,0,10,155.1,3.53529819582,5,7,1,68.2,130.8,22.0,0,0,0,0,0,0
221,221,13,217.8,0,0,10,153.1,3.36640643828,5,7,1,69.4,126.5,21.9,0,0,0,0,0,0
222,222,13,222.1,0,0,9,137.3,3.35431218828,5,7,1,70.9,130.4,20.8,0,0,0,0,0,0
223,223,12,204.5,0,0,9,141.1,3.23488325863,4,7,1,56.1,127.4,21.0,0,0,0,0,0,0
224,224,12,204.8,0,0,8,118.6,3.57804754614,4,7,1,56.1,128.3,20.4,0,0,0,0,0,0
225,225,12,206.2,0,0,9,141.6,3.41808913478,4,7,1,56.1,129.0,21.1,0,0,0,0,0,0
226,226,12,208.0,0,0,8,122.1,3.57194455147,4,7,1,54.6,131.6,21.8,0,0,0,0,0,0
227,227,12,205.5,0,0,8,120.5,3.42799305187,4,7,1,54.6,130.4,20.5,0,0,0,0,0,0
228,228,11,193.2,0,0,7,109.8,3.14905469221,3,7,1,42.8,130.2,20.2,0,0,0,0,0,0
229,229,11,187.8,0,0,9,146.2,2.8910520262,3,7,1,42.8,125.9,19.1,0,0,0,0,0,0
230,230,11,190.5,0,0,9,146.7,3.22794615253,3,7,1,42.8,127.8,19.9,0,0,0,0,0,0
231,231,11,184.2,0,0,9,142.2,2.8987458103,3,7,1,42.8,122.7,18.7,0,0,0,0,0,0
232,232,11,180.4,0,0,11,180.4,2.60115359024,3,7,1,42.8,118.2,19.4,0,0,0,0,0,0
233,233,11,172.9,0,0,11,172.9,2.25868022607,3,7,1,39.9,113.6,19.4,0,0,0,0,0,0
234,234,11,170.4,0,0,10,149.6,3.02636896146,3,7,1,39.9,114.3,16.2,0,0,0,0,0,0
235,235,11,168.8,0,0,10,147.3,3.59537581801,3,7,1,39.9,110.4,18.5,0,0,0,0,0,0
236,236,10,153.3,0,0,9,132.4,3.8183911679,2,7,1,25.6,109.2,18.5,0,0,0,0,0,0
237,237,10,156.6,0,0,8,114.9,4.1156071511,2,7,1,25.6,112.2,18.8,0,0,0,0,0,0
238,238,10,158.8,0,0,9,137.0,4.12547640347,2,7,1,25.6,114.0,19.2,0,0,0,0,0,0
239,239,10,157.7,0,0,9,135.8,4.04311486082,2,7,1,25.6,112.9,19.2,0,0,0,0,0,0
240,240,11,180.0,0,0,9,136.4,3.69655859612,3,7,1,42.0,119.8,18.2,0,0,0,0,0,0
241,241,11,176.0,0,0,10,154.1,3.32595850846,3,7,1,41.9,115.0,19.1,0,0,0,0,0,0
242,242,11,182.0,0,0,9,139.5,3.48177070938,3,7,1,43.5,118.6,19.9,0,0,0,0,0,0
243,243,11,181.0,0,0,9,138.0,3.64893508749,3,7,1,42.4,118.8,19.8,0,0,0,0,0,0
244,244,11,182.9,0,0,8,118.3,3.87145732486,3,7,1,42.5,120.7,19.7,0,0,0,0,0,0
245,245,11,183.9,0,0,7,100.3,3.74374630065,3,7,1,42.6,121.2,20.1,0,0,0,0,0,0
246,246,11,184.7,0,0,8,121.5,3.64566990976,3,7,1,42.8,121.6,20.3,0,0,0,0,0,0
247,247,11,183.3,0,0,9,139.7,3.67539731928,3,7,1,42.4,122.3,18.6,0,0,0,0,0,0
248,248,11,184.7,0,0,10,162.5,3.44367668211,3,7,1,43.8,121.2,19.7,0,0,0,0,0,0
249,249,11,188.7,0,0,8,124.2,3.78242346555,3,7,1,45.5,122.9,20.3,0,0,0,0,0,0
250,250,11,188.5,0,0,8,124.8,3.81032091228,3,7,1,46.2,121.2,21.1,0,0,0,0,0,0
251,251,11,190.8,0,0,8,126.6,3.7971999253,3,7,1,47.5,121.7,21.6,0,0,0,0,0,0
252,252,11,189.1,0,0,8,123.9,3.76442679447,3,7,1,45.0,122.7,21.4,0,0,0,0,0,0
253,253,10,176.9,0,0,7,112.4,3.15223025104,3,6,1,45.4,110.1,21.4,0,0,0,0,0,0
254,254,10,178.2,0,0,7,114.4,2.98805027475,3,6,1,46.7,109.4,22.1,0,0,0,0,0,0
255,255,10,177.9,0,0,7,113.4,3.03990131419,3,6,1,48.4,106.8,22.7,0,0,0,0,0,0
256,256,10,185.0,0,0,8,140.0,3.00887575904,3,6,1,50.8,110.9,23.3,0,0,0,0,0,0
257,257,10,183.0,0,0,8,138.8,2.74631065654,3,6,1,51.4,108.9,22.7,0,0,0,0,0,0
258,258,10,178.9,0,0,7,114.5,2.96064932818,3,6,1,47.7,107.4,23.8,0,0,0,0,0,0
259,259,9,170.7,0,0,6,105.0,2.62488094968,3,5,1,50.2,96.6,23.9,0,0,0,0,0,0
260,260,9,166.2,0,0,6,100.6,3.11568612026,3,5,1,50.9,91.3,24.0,0,0,0,0,0,0
261,261,9,165.1,0,0,7,120.6,2.93262302006,3,5,1,50.7,90.8,23.6,0,0,0,0,0,0
262,262,10,179.5,0,0,6,93.5,3.5472211346,4,5,1,63.9,92.4,23.2,0,0,0,0,0,0
263,263,10,178.7,0,0,7,112.5,3.5963098371,4,5,1,63.7,91.3,23.7,0,0,0,0,0,0
264,264,10,172.9,0,0,7,109.2,3.37686573944,4,5,1,60.7,89.1,23.1,0,0,0,0,0,0
265,265,10,172.9,0,0,8,128.6,3.45396712331,4,5,1,59.5,89.8,23.6,0,0,0,0,0,0
266,266,10,175.2,0,0,7,109.9,3.63281341846,4,5,1,59.6,92.0,23.6,0,0,0,0,0,0
267,267,10,176.4,0,0,6,90.3,3.75179956821,4,5,1,60.9,91.6,23.9,0,0,0,0,0,0
268,268,11,185.8,0,0,8,121.3,3.48696273151,4,6,1,60.4,103.5,21.9,0,0,0,0,0,0
269,269,11,189.5,0,0,8,124.5,3.51741123814,4,6,1,60.3,106.3,22.9,0,0,0,0,0,0
270,270,11,194.2,0,0,8,130.9,3.14908356077,4,6,1,61.2,111.2,21.8,0,0,0,0,0,0
271,271,11,194.9,0,0,9,149.9,3.36000541125,4,6,1,61.4,109.6,23.9,0,0,0,0,0,0
272,272,11,195.3,0,0,8,129.8,3.33687387726,4,6,1,61.4,110.7,23.2,0,0,0,0,0,0
273,273,11,193.3,0,0,9,147.7,3.33439377071,4,6,1,60.1,109.5,23.7,0,0,0,0,0,0
274,274,11,197.9,0,0,9,152.1,3.20139174281,4,6,1,60.1,114.0,23.8,0,0,0,0,0,0
275,275,11,197.9,0,0,9,151.9,3.13415205293,4,6,1,61.3,113.1,23.5,0,0,0,0,0,0
276,276,12,209.8,0,0,9,144.9,3.26964922593,4,7,1,61.4,125.4,23.0,0,0,0,0,0,0
277,277,12,211.6,0,0,10,165.9,3.34564393403,4,7,1,61.4,126.3,23.9,0,0,0,0,0,0
278,278,12,210.2,0,0,10,165.7,3.13247892929,4,7,1,61.5,126.0,22.7,0,0,0,0,0,0
279,279,12,206.3,0,0,10,162.0,3.06429832791,4,7,1,61.5,122.5,22.3,0,0,0,0,0,0
280,280,12,210.5,0,0,9,144.1,3.47339454957,4,7,1,61.7,125.6,23.2,0,0,0,0,0,0
281,281,12,208.5,0,0,10,160.9,3.65192975139,4,7,1,61.7,122.5,24.3,0,0,0,0,0,0
282,282,13,227.4,0,0,11,179.8,3.4979664422,5,7,1,77.6,126.1,23.7,0,0,0,0,0,0
283,283,13,227.4,0,0,11,179.9,3.50153812356,5,7,1,77.4,125.8,24.2,0,0,0,0,0,0
284,284,12,210.9,0,0,10,163.6,3.40110276234,4,7,1,68.3,118.6,24.0,0,0,0,0,0,0
285,285,12,210.5,0,0,10,162.2,3.52303029,4,7,1,67.6,118.7,24.2,0,0,0,0,0,0
286,286,12,208.0,0,0,10,160.7,3.34319752587,4,7,1,67.9,115.9,24.2,0,0,0,0,0,0
287,287,12,204.8,0,0,10,158.4,3.25054773939,4,7,1,65.5,115.4,23.9,0,0,0,0,0,0
288,288,12,205.9,0,0,10,158.7,3.37085323251,4,7,1,65.6,116.6,23.7,0,0,0,0,0,0
289,289,12,207.1,0,0,10,160.4,3.24218173831,4,7,1,66.7,117.2,23.2,0,0,0,0,0,0
290,290,12,201.7,0,0,10,153.9,3.6445372155,4,7,1,62.1,115.5,24.1,0,0,0,0,0,0
291,291,12,201.9,0,0,10,155.0,3.50457493208,4,7,1,63.2,115.5,23.2,0,0,0,0,0,0
292,292,12,201.4,0,0,9,133.5,3.8872363011,4,7,1,65.8,112.4,23.2,0,0,0,0,0,0
293,293,12,200.2,0,0,10,152.5,4.10251216459,4,7,1,66.9,110.4,22.9,0,0,0,0,0,0
294,294,12,191.1,0,0,10,145.5,4.10036029459,4,7,1,66.5,103.2,21.4,0,0,0,0,0,0
295,295,12,193.3,0,0,10,144.8,4.53761217409,4,7,1,66.8,102.1,24.4,0,0,0,0,0,0
296,296,12,191.9,0,0,10,143.6,4.46734786755,5,6,1,78.3,89.4,24.2,0,0,0,0,0,0
297,297,12,196.0,0,0,10,147.4,4.31600263993,5,6,1,78.7,93.1,24.2,0,0,0,0,0,0
298,298,12,194.8,0,0,10,147.5,4.10660960212,5,6,1,79.0,92.0,23.8,0,0,0,0,0,0
299,299,12,196.5,0,0,10,148.7,4.20262363941,5,6,1,78.5,93.8,24.2,0,0,0,0,0,0
300,300,12,196.9,0,0,10,149.7,3.93248899515,5,6,1,78.0,95.2,23.7,0,0,0,0,0,0
301,301,12,197.6,0,0,10,149.6,4.08107234868,5,6,1,78.0,95.7,23.9,0,0,0,0,0,0
302,302,13,211.8,0,0,11,164.6,3.77170640835,5,7,1,76.9,111.2,23.7,0,0,0,0,0,0
303,303,13,208.8,0,0,11,162.4,3.61167977114,5,7,1,75.2,109.8,23.8,0,0,0,0,0,0
304,304,13,215.5,0,0,10,149.2,3.81600878889,5,7,1,80.6,112.2,22.7,0,0,0,0,0,0
305,305,13,215.8,0,0,10,149.9,3.75788060836,5,7,1,77.5,115.3,23.0,0,0,0,0,0,0
306,306,13,213.7,0,0,11,169.2,3.51841310383,5,7,1,77.4,114.4,21.9,0,0,0,0,0,0
307,307,13,218.2,0,0,10,152.2,3.99037303057,5,7,1,81.1,115.4,21.7,0,0,0,0,0,0
308,308,13,216.8,0,0,10,152.9,3.57518154461,5,7,1,81.6,113.6,21.6,0,0,0,0,0,0
309,309,13,213.7,0,0,11,171.5,3.31801608936,5,7,1,80.1,113.4,20.2,0,0,0,0,0,0
310,310,12,208.8,0,0,8,123.1,3.66233904393,4,7,1,70.3,118.0,20.5,0,0,0,0,0,0
311,311,12,204.4,0,0,10,162.1,3.17757292552,4,7,1,69.6,115.7,19.1,0,0,0,0,0,0
312,312,12,200.2,0,0,10,157.2,3.43956480686,4,7,1,65.5,113.9,20.8,0,0,0,0,0,0
313,313,13,215.2,0,0,9,132.8,3.29965033112,4,8,1,65.5,129.5,20.2,0,0,0,0,0,0
314,314,14,239.9,0,0,11,175.8,3.08908927153,5,8,1,84.5,134.8,20.6,0,0,0,0,0,0
315,315,14,241.7,0,0,10,157.1,3.0583070085,5,8,1,87.1,136.0,18.6,0,0,0,0,0,0
316,316,14,235.3,0,0,11,172.1,3.2815250408,5,8,1,80.0,136.0,19.3,0,0,0,0,0,0
317,317,13,229.3,0,0,10,162.4,3.72883772364,5,7,1,81.7,127.9,19.7,0,0,0,0,0,0
318,318,13,229.1,0,0,10,161.4,3.73299563491,5,7,1,81.6,128.3,19.2,0,0,0,0,0,0
319,319,13,228.4,0,0,9,141.8,3.72477843086,5,7,1,82.2,127.1,19.1,0,0,0,0,0,0
320,320,13,224.6,0,0,9,139.2,3.54639578684,5,7,1,82.0,124.3,18.3,0,0,0,0,0,0
321,321,12,214.4,0,0,8,125.8,3.70143297394,5,6,1,81.5,114.9,18.0,0,0,0,0,0,0
322,322,12,222.4,0,0,6,92.6,3.79912270575,5,6,1,83.2,119.0,20.2,0,0,0,0,0,0
323,323,12,226.2,0,0,6,95.0,3.7196040845,5,6,1,81.1,123.9,21.2,0,0,0,0,0,0
324,324,12,228.2,0,0,6,97.0,3.68234938181,5,6,1,84.5,124.1,19.6,0,0,0,0,0,0
325,325,12,228.7,0,0,7,113.6,3.99623876194,5,6,1,84.2,121.3,23.2,0,0,0,0,0,0
326,326,13,241.1,0,0,8,126.5,4.28011202825,5,7,1,81.8,136.1,23.2,0,0,0,0,0,0
327,327,13,240.6,1,25.0,8,126.0,4.4832022667,5,7,1,84.7,131.6,24.3,0,1,0,0,25.0,0
328,328,13,240.2,0,0,9,144.6,4.53379051239,5,7,1,82.0,134.5,23.7,0,0,0,0,0,0
329,329,13,236.5,0,0,9,141.3,4.55914128217,5,7,1,80.1,132.0,24.4,0,0,0,0,0,0
330,330,13,240.3,1,25.2,9,144.2,4.51291593722,5,7,1,82.4,133.5,24.4,0,1,0,0,25.2,0
331,331,13,243.7,1,25.3,8,127.0,4.3517458919,5,7,1,84.0,135.5,24.2,0,1,0,0,25.3,0
332,332,13,246.1,2,50.5,9,146.9,4.58500901769,5,7,1,82.0,138.9,25.2,0,1,1,0,25.3,25.2
333,333,13,244.3,2,50.7,9,146.3,4.48710402867,5,7,1,82.0,136.7,25.6,0,1,1,0,25.1,25.6
334,334,13,241.5,1,25.7,9,142.9,4.61467836477,5,7,1,77.9,137.9,25.7,0,0,1,0,0,25.7
335,335,13,244.2,2,52.0,9,143.1,4.99930764437,5,7,1,79.2,139.2,25.8,0,1,1,0,26.2,25.8
336,336,12,233.2,2,50.9,8,133.4,4.60243677224,4,7,1,66.7,141.0,25.5,0,1,1,0,25.4,25.5
337,337,12,232.3,2,51.4,8,133.8,4.42625602787,4,7,1,68.8,137.9,25.6,0,1,1,0,25.8,25.6
338,338,12,234.5,3,77.3,8,132.9,4.76339419347,4,7,1,68.8,140.2,25.5,0,2,1,0,51.8,25.5
339,339,12,235.2,3,78.2,8,132.6,4.86677044306,4,7,1,69.0,140.7,25.5,0,2,1,0,52.7,25.5
340,340,13,243.5,3,78.1,8,120.4,5.21494400983,4,8,1,63.5,154.1,25.9,0,2,1,0,52.2,25.9
341,341,13,244.5,2,52.2,9,142.8,4.95655484156,4,8,1,66.5,151.8,26.2,0,1,1,0,26.0,26.2
342,342,13,246.9,2,53.4,8,124.3,5.02567765554,4,8,1,66.8,153.6,26.5,0,1,1,0,26.9,26.5
343,343,13,244.4,2,52.8,9,143.0,4.89897948557,4,8,1,65.8,152.2,26.4,0,1,1,0,26.4,26.4
344,344,13,244.8,3,79.0,9,141.4,5.17950844119,4,8,1,65.7,152.1,27.0,0,2,1,0,52.0,27.0
345,345,13,243.6,2,53.7,9,140.8,5.19447438174,4,8,1,66.7,150.4,26.5,0,1,1,0,27.2,26.5
346,346,13,245.1,3,78.4,8,122.4,5.17439455148,4,8,1,66.7,152.2,26.2,0,2,1,0,52.2,26.2
347,347,13,240.3,3,78.4,9,137.3,5.32241269755,4,8,1,62.6,150.8,26.9,0,2,1,0,51.5,26.9
348,348,13,240.4,3,79.0,8,117.0,5.43100075776,4,8,1,62.6,151.4,26.4,0,2,1,0,52.6,26.4
349,349,13,238.6,2,52.5,8,116.0,5.33395028483,4,8,1,61.6,150.7,26.3,0,1,1,0,26.2,26.3
350,350,13,236.2,2,52.1,8,116.0,5.12500156348,4,8,1,61.6,148.9,25.7,0,1,1,0,26.4,25.7
351,351,13,238.6,3,78.1,9,136.1,5.37302140088,4,8,1,61.8,151.0,25.8,0,2,1,0,52.3,25.8
352,352,12,220.4,2,52.1,8,120.7,5.18990862301,4,7,1,61.2,135.6,23.6,0,2,0,0,52.1,0
353,353,12,218.7,2,51.6,8,118.2,5.40153597684,4,7,1,61.2,133.1,24.4,0,2,0,0,51.6,0
354,354,12,219.2,2,51.6,8,118.2,5.45049344444,4,7,1,61.2,133.2,24.8,0,2,0,0,51.6,0
355,355,12,222.1,3,77.7,7,100.3,5.50395863048,4,7,1,61.9,136.6,23.6,0,3,0,0,77.7,0
356,356,12,224.4,3,76.8,8,124.1,5.0506525231,4,7,1,61.9,139.0,23.5,0,3,0,0,76.8,0
357,357,12,223.1,3,76.2,8,123.9,4.93143134916,4,7,1,61.9,138.2,23.0,0,3,0,0,76.2,0
358,358,12,222.9,1,25.5,8,125.4,4.65893569586,4,7,1,61.9,138.1,22.9,0,1,0,0,25.5,0
359,359,12,216.6,3,77.0,8,117.0,5.4027770637,4,7,1,54.7,139.3,22.6,0,3,0,0,77.0,0
360,360,12,218.0,3,75.9,8,119.0,5.24410202614,4,7,1,54.7,140.2,23.1,0,3,0,0,75.9,0
361,361,12,216.3,2,50.8,8,119.5,5.04869470079,4,7,1,54.7,140.0,21.6,0,2,0,0,50.8,0
362,362,12,213.6,1,25.2,8,116.9,5.12657957919,4,7,1,54.7,135.5,23.4,0,1,0,0,25.2,0
363,363,12,215.4,2,51.1,8,115.6,5.49404636443,4,7,1,54.7,136.9,23.8,0,2,0,0,51.1,0
364,364,12,216.9,2,51.7,8,116.8,5.56043245539,4,7,1,54.7,138.2,24.0,0,2,0,0,51.7,0
365,365,11,207.1,2,53.4,6,84.6,5.76907113998,4,6,1,54.7,128.5,23.9,0,2,0,0,53.4,0
366,366,11,204.7,1,27.0,7,105.7,5.31497028128,4,6,1,54.7,125.4,24.6,0,1,0,0,27.0,0
367,367,11,206.9,2,52.9,7,105.8,5.50190049809,4,6,1,55.4,127.4,24.1,0,2,0,0,52.9,0
368,368,11,203.9,2,52.5,7,103.1,5.51566364589,4,6,1,55.4,124.2,24.3,0,2,0,0,52.5,0
369,369,11,201.8,2,53.6,7,100.4,5.90565214627,4,6,1,52.3,124.8,24.7,0,2,0,0,53.6,0
370,370,11,202.0,2,53.5,7,100.6,5.88833978763,4,6,1,52.3,124.8,24.9,0,2,0,0,53.5,0
371,371,11,204.2,2,54.1,7,101.8,6.01003705933,4,6,1,52.3,127.0,24.9,0,2,0,0,54.1,0
372,372,11,202.3,2,55.3,7,101.3,5.98555837754,4,6,1,52.2,126.3,23.8,0,2,0,0,55.3,0
373,373,11,203.8,2,54.6,6,81.3,6.1291256977,4,6,1,52.2,127.7,23.9,0,2,0,0,54.6,0
374,374,11,206.1,1,29.2,7,103.8,5.89648585638,4,6,1,55.7,125.7,24.7,0,1,0,0,29.2,0
375,375,11,209.1,2,54.1,7,109.3,5.19585499133,4,6,1,57.6,128.7,22.8,0,2,0,0,54.1,0
376,376,11,210.0,2,54.8,7,109.3,5.33018846673,4,6,1,57.6,129.1,23.3,0,2,0,0,54.8,0
377,377,11,208.5,2,54.4,7,107.9,5.33767058488,4,6,1,57.2,128.1,23.2,0,2,0,0,54.4,0
378,378,10,196.4,2,54.6,6,97.0,5.04230987633,3,6,1,44.6,129.8,22.0,0,2,0,0,54.6,0
379,379,10,197.9,2,55.1,6,98.3,5.000099999,3,6,1,46.2,128.6,23.1,0,2,0,0,55.1,0
380,380,10,193.1,2,55.0,5,74.0,5.53382527934,3,6,1,46.2,124.8,22.1,0,2,0,0,55.0,0
381,381,10,192.4,2,56.1,6,93.9,5.63800595167,3,6,1,46.2,124.7,21.5,0,2,0,0,56.1,0
382,382,10,189.8,2,55.0,5,71.3,5.67661871187,3,6,1,43.5,124.8,21.5,0,2,0,0,55.0,0
383,383,10,193.6,2,55.5,6,93.8,5.65708994684,3,6,1,46.4,127.6,19.6,0,2,0,0,55.5,0
384,384,11,205.7,2,55.4,6,86.0,5.80930288417,4,6,1,58.2,126.5,21.0,0,2,0,0,55.4,0
385,385,12,221.1,2,54.6,8,121.6,5.41212863517,5,6,1,71.5,129.8,19.8,0,2,0,0,54.6,0
386,386,12,221.1,2,54.6,8,122.6,5.32457851512,5,6,1,73.1,128.8,19.2,0,2,0,0,54.6,0
387,387,12,216.9,2,54.5,7,100.4,5.44194567478,5,6,1,73.8,122.8,20.3,0,2,0,0,54.5,0
388,388,12,218.3,2,55.2,7,100.5,5.57746412455,5,6,1,73.9,123.3,21.1,0,2,0,0,55.2,0
389,389,12,215.0,1,29.2,8,119.2,5.34871833983,5,6,1,73.3,121.3,20.4,0,1,0,0,29.2,0
390,390,12,220.0,2,55.2,7,101.6,5.58949230632,5,6,1,75.8,123.5,20.7,0,2,0,0,55.2,0
391,391,12,220.0,2,55.5,8,120.2,5.63452560451,5,6,1,74.2,123.6,22.2,0,2,0,0,55.5,0
392,392,12,219.4,2,54.7,8,121.1,5.4459047722,5,6,1,76.3,121.0,22.1,0,2,0,0,54.7,0
393,393,12,206.8,1,26.8,10,157.4,4.32336849592,5,6,1,76.3,111.7,18.8,0,1,0,0,26.8,0
394,394,12,215.0,2,54.4,8,118.5,5.2644318235,5,6,1,73.7,119.6,21.7,0,2,0,0,54.4,0
395,395,12,218.2,2,54.4,8,120.4,5.35856719882,5,6,1,75.6,120.5,22.1,0,2,0,0,54.4,0
396,396,12,217.5,1,29.0,8,120.0,5.30027872337,5,6,1,75.6,118.5,23.4,0,1,0,0,29.0,0
397,397,11,195.4,1,29.2,8,118.8,5.66943960675,4,6,1,59.4,113.3,22.7,0,1,0,0,29.2,0
398,398,11,195.8,1,29.2,8,118.7,5.7215382547,4,6,1,59.0,113.1,23.7,0,1,0,0,29.2,0
399,399,11,196.8,1,29.6,8,120.3,5.62591406715,4,6,1,59.0,115.3,22.5,0,1,0,0,29.6,0
400,400,11,205.0,1,29.4,7,108.8,5.19947549802,4,6,1,64.3,118.4,22.3,0,1,0,0,29.4,0
401,401,11,204.8,1,29.0,7,108.0,5.21072320927,4,6,1,63.5,118.4,22.9,0,1,0,0,29.0,0
402,402,11,203.9,1,29.1,7,107.6,5.14631377343,4,6,1,63.1,118.2,22.6,0,1,0,0,29.1,0
403,403,11,203.1,1,28.7,7,106.1,5.15679604547,4,6,1,63.5,116.1,23.5,0,1,0,0,28.7,0
404,404,11,203.2,1,28.8,7,105.9,5.252254927,4,6,1,63.3,116.0,23.9,0,1,0,0,28.8,0
405,405,11,204.0,1,28.5,7,105.9,5.23514348158,4,6,1,63.3,118.2,22.5,0,1,0,0,28.5,0
406,406,11,204.8,2,53.2,7,107.2,5.00855631531,4,6,1,61.8,119.6,23.4,0,2,0,0,53.2,0
407,407,11,205.0,1,28.0,7,107.2,5.00964524238,4,6,1,61.8,118.9,24.3,0,1,0,0,28.0,0
408,408,11,209.9,1,28.3,7,110.9,4.79475091779,4,6,1,64.4,121.7,23.8,0,1,0,0,28.3,0
409,409,11,209.4,2,53.3,7,110.2,5.06740026587,4,6,1,64.4,119.8,25.2,0,1,1,0,28.1,25.2
410,410,11,207.5,1,28.2,7,107.9,5.3025036968,4,6,1,61.2,121.7,24.6,0,1,0,0,28.2,0
411,411,11,208.5,2,53.4,7,109.1,5.26048736076,4,6,1,61.8,120.9,25.8,0,1,1,0,27.6,25.8
412,412,11,211.1,2,52.8,7,111.4,5.21544907855,4,6,1,61.6,124.0,25.5,0,1,1,0,27.3,25.5
413,413,11,206.9,2,53.4,7,107.0,5.34349221866,4,6,1,61.3,119.7,25.9,0,1,1,0,27.5,25.9
414,414,13,234.1,2,52.5,9,135.3,5.17614102372,6,6,1,89.6,119.4,25.1,0,1,1,0,27.4,25.1
415,415,13,236.5,1,27.6,9,137.8,5.13313769191,6,6,1,89.9,121.9,24.7,0,1,0,0,27.6,0
416,416,13,237.4,3,77.5,9,137.2,5.2460363548,6,6,1,88.7,123.1,25.6,0,2,1,0,51.9,25.6
417,417,13,238.8,2,52.8,9,139.1,5.06990871308,6,6,1,89.0,124.2,25.6,0,1,1,0,27.2,25.6
418,418,13,241.8,2,51.0,9,145.3,4.47604736347,6,6,1,89.5,127.3,25.0,0,1,1,0,26.0,25.0
419,419,13,246.0,2,52.2,8,125.5,4.81493403315,6,6,1,89.5,130.8,25.7,0,1,1,0,26.5,25.7
420,420,13,236.3,2,52.6,9,137.0,5.00185862891,6,6,1,86.4,124.3,25.6,0,1,1,0,27.0,25.6
421,421,13,235.9,2,51.7,9,136.8,4.96011011044,6,6,1,86.3,124.6,25.0,0,1,1,0,26.7,25.0
422,422,13,237.7,2,51.4,9,139.6,4.93268793422,6,6,1,86.5,125.9,25.3,0,1,1,0,26.1,25.3
423,423,13,239.6,2,52.3,8,120.4,5.08861222329,6,6,1,87.0,126.7,25.9,0,1,1,0,26.4,25.9
424,424,13,238.5,1,26.7,9,141.5,4.87076574825,6,6,1,87.5,126.6,24.4,0,1,0,0,26.7,0
425,425,13,239.2,1,25.5,9,141.1,4.83804368177,6,6,1,87.6,127.0,24.6,0,1,0,0,25.5,0
426,426,13,237.1,2,51.1,9,140.5,4.78444327335,6,6,1,88.1,123.4,25.6,0,1,1,0,25.5,25.6
427,427,13,238.7,2,52.0,9,140.8,4.92130376722,6,6,1,89.0,123.3,26.4,0,1,1,0,25.6,26.4
428,428,13,240.6,1,26.7,9,143.4,4.67768844952,6,6,1,90.3,123.6,26.7,0,0,1,0,0,26.7
429,429,13,241.8,2,52.6,9,144.2,4.55942247805,6,6,1,92.9,121.9,27.0,0,1,1,0,25.6,27.0
430,430,13,240.0,1,26.0,9,145.1,4.23468583281,6,6,1,92.1,121.9,26.0,0,0,1,0,0,26.0
431,431,13,238.3,1,27.0,9,143.9,4.29076228958,6,6,1,91.6,119.7,27.0,0,0,1,0,0,27.0
432,432,13,228.2,0,0,10,161.5,3.6532212691,6,6,1,89.8,113.5,24.9,0,0,0,0,0,0
