,e_id,num_sat,sum_snr,num_sat_25,sum_snr_25,snr_std,elev_0_30,elev_30_60,elev_60_90,elev_0_30_25,elev_30_60_25,elev_60_90_25
1,1,12,206.7,0,0,3.47383073854,4,6,2,0,0,0
2,2,12,202.3,0,0,3.22334054087,4,6,2,0,0,0
3,3,12,209.8,1,25.8,3.86401424177,4,6,2,0,1,0
4,4,12,213.9,0,0,4.1085553754,4,6,2,0,0,0
5,5,12,205.6,0,0,3.64450603545,4,6,2,0,0,0
6,6,12,212.9,0,0,4.0797634364,4,6,2,0,0,0
7,7,12,210.4,0,0,4.05358053473,4,6,2,0,0,0
8,8,12,208.3,0,0,3.85001967724,4,6,2,0,0,0
9,9,12,211.1,0,0,3.98256617438,4,6,2,0,0,0
10,10,12,216.6,0,0,4.13906006018,4,6,2,0,0,0
11,11,12,213.8,0,0,4.02465884118,4,6,2,0,0,0
12,12,12,215.9,0,0,4.05046761236,4,6,2,0,0,0
13,13,12,216.4,0,0,4.00598037787,4,6,2,0,0,0
14,14,12,217.6,0,0,4.28556421094,4,6,2,0,0,0
15,15,12,217.2,0,0,4.33736409271,4,6,2,0,0,0
16,16,12,216.9,0,0,4.23365842226,4,6,2,0,0,0
17,17,12,215.0,0,0,4.1767393401,4,6,2,0,0,0
18,18,12,214.9,1,25.4,4.27624693847,4,6,2,0,1,0
19,19,12,211.5,1,25.4,4.11209413582,4,6,2,0,1,0
20,20,11,200.3,0,0,3.73160945048,4,6,1,0,0,0
21,21,11,195.2,0,0,3.50181770981,4,6,1,0,0,0
22,22,11,197.4,0,0,3.6283229284,4,6,1,0,0,0
23,23,11,199.0,1,25.5,3.62779672679,4,6,1,0,1,0
24,24,12,212.0,0,0,3.61696340076,4,6,2,0,0,0
25,25,12,208.6,0,0,3.41888693565,4,6,2,0,0,0
26,26,12,207.8,1,25.7,3.97282435219,4,6,2,0,1,0
27,27,11,201.0,0,0,3.37256309328,3,6,2,0,0,0
28,28,11,205.8,0,0,3.33839918088,3,6,2,0,0,0
29,29,11,205.2,0,0,3.3326756927,3,6,2,0,0,0
30,30,12,216.9,0,0,3.63145976158,4,6,2,0,0,0
31,31,12,216.4,0,0,3.72883928646,4,6,2,0,0,0
32,32,12,218.1,0,0,3.65740220773,4,6,2,0,0,0
33,33,12,217.1,1,25.4,3.99874033196,4,6,2,0,1,0
34,34,12,214.4,1,25.1,3.9099717119,4,6,2,0,1,0
35,35,12,216.8,1,25.5,4.24678131238,4,6,2,0,1,0
36,36,12,214.9,1,25.4,4.0610026378,4,6,2,0,1,0
37,37,12,219.4,1,25.9,4.40574693561,4,6,2,0,1,0
38,38,12,219.6,1,26.3,4.49221548904,4,6,2,0,1,0
39,39,12,219.0,1,26.3,4.43467739936,4,6,2,0,1,0
40,40,12,219.6,1,26.6,4.37949768809,4,6,2,0,1,0
41,41,12,219.9,1,26.8,4.47317763808,4,6,2,0,1,0
42,42,12,221.7,1,26.6,4.37183651861,4,6,2,0,1,0
43,43,11,204.3,1,27.4,4.68189938147,3,6,2,0,1,0
44,44,11,201.6,1,27.1,4.60088924211,3,6,2,0,1,0
45,45,12,212.3,1,27.3,4.62315483259,4,6,2,0,1,0
46,46,12,214.3,2,52.9,4.85806888932,4,6,2,0,1,1
47,47,12,215.6,2,52.9,4.82499803737,4,6,2,0,1,1
48,48,12,213.2,1,27.8,4.75936079232,4,6,2,0,1,0
49,49,12,214.3,2,53.6,4.98697546038,4,6,2,0,1,1
50,50,12,213.0,2,53.7,4.99354128304,4,6,2,0,1,1
51,51,12,209.0,2,52.7,4.88631360087,4,6,2,0,1,1
52,52,11,191.0,1,27.8,5.43438547166,3,6,2,0,1,0
53,53,11,188.2,1,27.6,5.25022943222,3,6,2,0,1,0
54,54,11,188.0,1,27.5,5.22866226591,3,6,2,0,1,0
55,55,12,211.3,1,27.6,4.55640574722,4,6,2,0,1,0
56,56,12,209.7,1,27.9,4.69431474329,4,6,2,0,1,0
57,57,12,208.5,1,28.1,4.69102140458,4,6,2,0,1,0
58,58,12,209.5,1,28.3,4.66173169801,4,6,2,0,1,0
59,59,12,209.3,1,27.7,4.74522886378,4,6,2,0,1,0
60,60,12,206.6,1,27.6,4.66414433999,4,6,2,0,1,0
61,61,12,200.6,1,27.1,4.65048058774,4,6,2,0,1,0
62,62,12,206.4,1,27.9,4.94607282231,4,6,2,0,1,0
63,63,12,203.7,1,28.1,4.8405719046,4,6,2,0,1,0
64,64,12,203.2,1,29.0,5.06257809517,4,6,2,0,1,0
65,65,12,199.6,1,27.8,4.61013376523,4,6,2,0,1,0
66,66,12,202.7,1,28.9,4.82030899299,4,6,2,0,1,0
67,67,12,210.1,1,29.0,4.66407124796,4,6,2,0,1,0
68,68,12,205.6,1,28.3,4.1972574018,4,6,2,0,1,0
69,69,12,207.1,1,29.3,4.52497279416,4,6,2,0,1,0
70,70,12,199.2,1,29.2,4.65891130474,4,6,2,0,1,0
71,71,12,196.0,1,27.3,4.12890769912,4,6,2,0,1,0
72,72,11,183.1,1,28.6,4.90884174452,3,6,2,0,1,0
73,73,11,177.6,1,29.0,5.26618716651,3,6,2,0,1,0
74,74,11,181.7,1,29.1,5.4792003398,3,6,2,0,1,0
75,75,10,164.3,1,29.7,5.76291785663,2,6,2,0,1,0
76,76,10,158.3,1,29.7,5.71723515152,2,6,2,0,1,0
77,77,10,161.2,1,29.5,5.71310384603,2,6,2,0,1,0
78,78,10,163.5,1,29.3,5.6222277119,2,7,1,0,1,0
79,79,10,166.0,1,29.3,5.72266449208,2,7,1,0,1,0
80,80,10,169.2,1,29.9,5.99829605434,2,7,1,0,1,0
81,81,10,164.2,1,29.6,5.81259169581,2,7,1,0,1,0
82,82,10,161.5,1,29.7,5.82127324751,2,7,1,0,1,0
83,83,10,161.3,1,29.5,5.39342191934,2,7,1,0,1,0
84,84,10,164.3,1,29.1,5.29361250313,2,7,1,0,1,0
85,85,10,165.1,1,30.2,5.60246969351,2,7,1,0,1,0
86,86,10,164.1,1,29.8,5.49534146144,2,7,1,0,1,0
87,87,11,178.1,1,29.9,5.43699449061,3,7,1,0,1,0
88,88,11,177.0,1,30.0,5.44544847473,3,7,1,0,1,0
89,89,11,180.4,1,29.7,5.38423625039,3,7,1,0,1,0
90,90,11,180.1,1,29.7,5.42034886499,3,7,1,0,1,0
91,91,10,164.5,1,29.7,5.27830991469,3,6,1,0,1,0
92,92,9,157.4,1,29.3,5.01583603312,3,6,0,0,1,0
93,93,9,159.3,1,29.1,5.05964425627,3,6,0,0,1,0
94,94,9,158.8,1,28.2,4.73738089853,3,6,0,0,1,0
95,95,9,161.1,1,29.0,4.92798133113,3,6,0,0,1,0
96,96,9,159.4,1,28.7,4.77609789589,3,6,0,0,1,0
97,97,9,157.0,1,28.2,4.72046372487,3,6,0,0,1,0
98,98,9,156.4,1,27.9,4.94691261743,3,6,0,0,1,0
99,99,9,159.2,1,28.0,5.12894834358,3,6,0,0,1,0
100,100,10,167.5,1,27.1,4.86603877228,3,6,1,0,1,0
101,101,11,182.7,1,27.2,4.82005280997,3,7,1,0,1,0
102,102,11,183.6,1,27.0,4.75277909132,3,7,1,0,1,0
103,103,11,189.5,1,26.9,4.54402704858,3,7,1,0,1,0
104,104,11,188.0,1,26.7,4.37434670447,3,7,1,0,1,0
105,105,12,201.3,1,25.9,4.10412763402,4,7,1,0,1,0
106,106,12,205.5,1,26.1,4.06159955056,4,7,1,0,1,0
107,107,12,207.4,0,0,3.96434869885,4,7,1,0,0,0
108,108,12,209.7,1,26.0,4.44974463006,4,7,1,0,1,0
109,109,12,206.3,0,0,3.964033376,4,7,1,0,0,0
110,110,12,207.4,0,0,3.8637789635,4,7,1,0,0,0
111,111,12,204.3,0,0,3.53967769462,4,7,1,0,0,0
112,112,12,206.5,0,0,3.3888743997,4,7,1,0,0,0
113,113,12,207.0,0,0,3.43815489629,4,7,1,0,0,0
114,114,11,196.6,0,0,3.9807262928,4,6,1,0,0,0
115,115,11,193.6,0,0,3.7325594436,4,6,1,0,0,0
116,116,11,191.1,0,0,3.44589347168,4,6,1,0,0,0
117,117,10,180.2,0,0,3.43989663927,4,5,1,0,0,0
118,118,10,179.9,0,0,3.25147829627,4,5,1,0,0,0
119,119,10,180.7,0,0,3.2636210292,4,5,1,0,0,0
120,120,10,181.3,0,0,3.24792241287,4,5,1,0,0,0
121,121,10,178.2,0,0,3.11441094841,4,5,1,0,0,0
122,122,10,177.3,0,0,3.05215770672,4,5,1,0,0,0
123,123,10,178.2,0,0,3.35420134558,4,5,1,0,0,0
124,124,10,178.4,0,0,3.38434303489,4,5,1,0,0,0
125,125,10,179.0,0,0,3.52420203734,4,5,1,0,0,0
126,126,10,178.7,0,0,3.33534939033,4,5,1,0,0,0
127,127,10,181.3,0,0,2.93107867895,4,5,1,0,0,0
128,128,10,185.3,0,0,3.05543232075,4,5,1,0,0,0
129,129,10,183.7,0,0,3.059429867,4,5,1,0,0,0
130,130,10,181.2,0,0,3.08249538163,4,5,1,0,0,0
131,131,10,180.5,0,0,3.09847632806,4,5,1,0,0,0
132,132,10,179.5,0,0,3.26641155466,4,5,1,0,0,0
133,133,10,182.5,0,0,3.28878565904,4,5,1,0,0,0
134,134,10,185.5,0,0,3.41377926775,4,5,1,0,0,0
135,135,10,186.8,0,0,3.333266666,4,5,1,0,0,0
136,136,10,187.1,0,0,3.43331715207,4,5,1,0,0,0
137,137,10,188.9,0,0,3.41644714742,4,5,1,0,0,0
138,138,10,184.1,1,25.9,3.76665191738,4,5,1,0,1,0
139,139,10,183.0,1,25.9,3.9471508712,4,5,1,0,1,0
140,140,10,181.3,1,25.3,3.76918794673,4,5,1,0,1,0
141,141,10,184.5,0,0,3.76983642439,4,5,1,0,0,0
142,142,10,184.6,1,25.1,3.76775795401,4,5,1,0,1,0
143,143,10,185.8,0,0,3.53861240853,4,5,1,0,0,0
144,144,10,181.7,0,0,3.26702379,4,5,1,0,0,0
145,145,10,177.7,0,0,3.15983473548,4,5,1,0,0,0
146,146,10,183.1,0,0,3.18867788694,4,5,1,0,0,0
147,147,10,184.4,0,0,3.14437769855,4,5,1,0,0,0
148,148,10,182.9,0,0,3.09711335135,4,5,1,0,0,0
149,149,10,181.9,0,0,3.25489375147,4,5,1,0,0,0
150,150,10,178.3,0,0,2.79922608352,4,5,1,0,0,0
151,151,10,174.1,0,0,3.12958996249,4,5,1,0,0,0
152,152,10,173.3,0,0,3.0463274793,4,5,1,0,0,0
153,153,10,172.1,0,0,2.66768730468,4,5,1,0,0,0
154,154,10,175.0,0,0,3.03790863735,4,5,1,0,0,0
155,155,10,172.4,0,0,2.88990580392,4,5,1,0,0,0
156,156,10,167.7,0,0,2.55823289705,4,5,1,0,0,0
157,157,10,169.4,0,0,2.88143482777,4,5,1,0,0,0
158,158,10,164.1,0,0,2.8980644882,4,5,1,0,0,0
159,159,11,178.7,0,0,2.99244503253,4,6,1,0,0,0
160,160,11,174.1,0,0,3.05715256704,4,6,1,0,0,0
161,161,10,156.6,0,0,2.39592246211,4,5,1,0,0,0
162,162,10,160.8,0,0,2.89934858584,4,5,1,0,0,0
163,163,10,160.1,0,0,2.8799884259,4,5,1,0,0,0
164,164,10,160.4,0,0,2.85781579377,4,5,1,0,0,0
165,165,10,164.1,0,0,2.83684096605,4,5,1,0,0,0
166,166,10,165.6,0,0,3.03834750408,4,5,1,0,0,0
167,167,10,164.1,0,0,2.99609004463,4,5,1,0,0,0
168,168,10,160.9,0,0,2.75819989607,4,5,1,0,0,0
169,169,10,162.9,0,0,3.11035903608,4,5,1,0,0,0
170,170,11,175.9,0,0,3.47028948229,5,5,1,0,0,0
171,171,10,171.5,0,0,3.8283300682,4,5,1,0,0,0
172,172,10,173.0,0,0,4.17425974808,4,5,1,0,0,0
173,173,10,168.2,0,0,3.98184770064,4,5,1,0,0,0
174,174,10,169.4,0,0,3.54250382263,4,5,1,0,0,0
175,175,10,172.0,0,0,3.42571971351,4,5,1,0,0,0
176,176,10,175.2,0,0,3.12793861832,4,5,1,0,0,0
177,177,10,174.3,0,0,2.81979116642,4,5,1,0,0,0
178,178,10,174.3,0,0,2.72072294314,4,5,1,0,0,0
179,179,10,180.5,0,0,3.21774593293,4,5,1,0,0,0
180,180,10,175.2,0,0,2.9802311618,4,5,1,0,0,0
181,181,10,177.8,0,0,3.22862199708,4,5,1,0,0,0
182,182,11,188.0,0,0,3.08656914565,5,5,1,0,0,0
183,183,11,190.8,0,0,3.40891878353,5,5,1,0,0,0
184,184,11,189.8,0,0,3.51122874116,5,5,1,0,0,0
185,185,11,191.3,0,0,3.45643010792,5,5,1,0,0,0
186,186,11,198.2,0,0,3.46520365399,5,5,1,0,0,0
187,187,11,196.4,0,0,3.351526111,5,5,1,0,0,0
188,188,11,199.8,0,0,3.32784396487,5,5,1,0,0,0
189,189,11,199.0,0,0,3.25958725775,5,5,1,0,0,0
190,190,11,195.4,0,0,3.56069451857,5,5,1,0,0,0
191,191,11,190.3,0,0,3.54288018426,5,5,1,0,0,0
192,192,11,192.2,0,0,3.70326637149,5,5,1,0,0,0
193,193,11,191.7,0,0,3.86370053423,5,5,1,0,0,0
194,194,11,188.6,0,0,3.93480968698,5,5,1,0,0,0
195,195,11,188.5,0,0,3.86581756612,5,5,1,0,0,0
196,196,11,190.9,0,0,3.63988011791,5,5,1,0,0,0
197,197,11,193.0,0,0,3.94622950077,5,5,1,0,0,0
198,198,11,187.8,0,0,4.2289693565,5,5,1,0,0,0
199,199,11,185.9,0,0,4.0568460656,5,5,1,0,0,0
200,200,11,190.3,0,0,3.81392186601,5,5,1,0,0,0
201,201,11,189.4,0,0,3.95722584188,5,5,1,0,0,0
202,202,11,193.8,0,0,3.70697131951,5,5,1,0,0,0
203,203,11,199.0,0,0,3.09142509062,5,5,1,0,0,0
204,204,12,214.7,0,0,3.51217579114,5,6,1,0,0,0
205,205,12,212.5,0,0,3.12597863464,5,6,1,0,0,0
206,206,12,213.2,0,0,3.07196511975,5,6,1,0,0,0
207,207,13,226.9,0,0,3.03606526736,5,7,1,0,0,0
208,208,13,225.9,0,0,3.15308152082,5,7,1,0,0,0
209,209,13,220.7,0,0,2.69634130077,5,7,1,0,0,0
210,210,13,225.7,0,0,2.84884141993,5,7,1,0,0,0
211,211,13,226.0,0,0,3.02870878809,5,7,1,0,0,0
212,212,13,229.2,0,0,3.07960620193,5,7,1,0,0,0
213,213,13,218.9,0,0,3.21131812541,5,7,1,0,0,0
214,214,13,222.8,0,0,3.35448417831,5,7,1,0,0,0
215,215,13,220.1,0,0,3.21257545058,5,7,1,0,0,0
216,216,13,223.9,0,0,3.49407924117,5,7,1,0,0,0
217,217,13,223.0,0,0,3.59249573988,5,7,1,0,0,0
218,218,13,223.0,0,0,3.36739646825,5,7,1,0,0,0
219,219,13,222.3,0,0,3.4127212993,5,7,1,0,0,0
220,220,13,221.0,0,0,3.53529819582,5,7,1,0,0,0
221,221,13,217.8,0,0,3.36640643828,5,7,1,0,0,0
222,222,13,222.1,0,0,3.35431218828,5,7,1,0,0,0
223,223,12,204.5,0,0,3.23488325863,4,7,1,0,0,0
224,224,12,204.8,0,0,3.57804754614,4,7,1,0,0,0
225,225,12,206.2,0,0,3.41808913478,4,7,1,0,0,0
226,226,12,208.0,0,0,3.57194455147,4,7,1,0,0,0
227,227,12,205.5,0,0,3.42799305187,4,7,1,0,0,0
228,228,11,193.2,0,0,3.14905469221,3,7,1,0,0,0
229,229,11,187.8,0,0,2.8910520262,3,7,1,0,0,0
230,230,11,190.5,0,0,3.22794615253,3,7,1,0,0,0
231,231,11,184.2,0,0,2.8987458103,3,7,1,0,0,0
232,232,11,180.4,0,0,2.60115359024,3,7,1,0,0,0
233,233,11,172.9,0,0,2.25868022607,3,7,1,0,0,0
234,234,11,170.4,0,0,3.02636896146,3,7,1,0,0,0
235,235,11,168.8,0,0,3.59537581801,3,7,1,0,0,0
236,236,10,153.3,0,0,3.8183911679,2,7,1,0,0,0
237,237,10,156.6,0,0,4.1156071511,2,7,1,0,0,0
238,238,10,158.8,0,0,4.12547640347,2,7,1,0,0,0
239,239,10,157.7,0,0,4.04311486082,2,7,1,0,0,0
240,240,11,180.0,0,0,3.69655859612,3,7,1,0,0,0
241,241,11,176.0,0,0,3.32595850846,3,7,1,0,0,0
242,242,11,182.0,0,0,3.48177070938,3,7,1,0,0,0
243,243,11,181.0,0,0,3.64893508749,3,7,1,0,0,0
244,244,11,182.9,0,0,3.87145732486,3,7,1,0,0,0
245,245,11,183.9,0,0,3.74374630065,3,7,1,0,0,0
246,246,11,184.7,0,0,3.64566990976,3,7,1,0,0,0
247,247,11,183.3,0,0,3.67539731928,3,7,1,0,0,0
248,248,11,184.7,0,0,3.44367668211,3,7,1,0,0,0
249,249,11,188.7,0,0,3.78242346555,3,7,1,0,0,0
250,250,11,188.5,0,0,3.81032091228,3,7,1,0,0,0
251,251,11,190.8,0,0,3.7971999253,3,7,1,0,0,0
252,252,11,189.1,0,0,3.76442679447,3,7,1,0,0,0
253,253,10,176.9,0,0,3.15223025104,3,6,1,0,0,0
254,254,10,178.2,0,0,2.98805027475,3,6,1,0,0,0
255,255,10,177.9,0,0,3.03990131419,3,6,1,0,0,0
256,256,10,185.0,0,0,3.00887575904,3,6,1,0,0,0
257,257,10,183.0,0,0,2.74631065654,3,6,1,0,0,0
258,258,10,178.9,0,0,2.96064932818,3,6,1,0,0,0
259,259,9,170.7,0,0,2.62488094968,3,5,1,0,0,0
260,260,9,166.2,0,0,3.11568612026,3,5,1,0,0,0
261,261,9,165.1,0,0,2.93262302006,3,5,1,0,0,0
262,262,10,179.5,0,0,3.5472211346,4,5,1,0,0,0
263,263,10,178.7,0,0,3.5963098371,4,5,1,0,0,0
264,264,10,172.9,0,0,3.37686573944,4,5,1,0,0,0
265,265,10,172.9,0,0,3.45396712331,4,5,1,0,0,0
266,266,10,175.2,0,0,3.63281341846,4,5,1,0,0,0
267,267,10,176.4,0,0,3.75179956821,4,5,1,0,0,0
268,268,11,185.8,0,0,3.48696273151,4,6,1,0,0,0
269,269,11,189.5,0,0,3.51741123814,4,6,1,0,0,0
270,270,11,194.2,0,0,3.14908356077,4,6,1,0,0,0
271,271,11,194.9,0,0,3.36000541125,4,6,1,0,0,0
272,272,11,195.3,0,0,3.33687387726,4,6,1,0,0,0
273,273,11,193.3,0,0,3.33439377071,4,6,1,0,0,0
274,274,11,197.9,0,0,3.20139174281,4,6,1,0,0,0
275,275,11,197.9,0,0,3.13415205293,4,6,1,0,0,0
276,276,12,209.8,0,0,3.26964922593,4,7,1,0,0,0
277,277,12,211.6,0,0,3.34564393403,4,7,1,0,0,0
278,278,12,210.2,0,0,3.13247892929,4,7,1,0,0,0
279,279,12,206.3,0,0,3.06429832791,4,7,1,0,0,0
280,280,12,210.5,0,0,3.47339454957,4,7,1,0,0,0
281,281,12,208.5,0,0,3.65192975139,4,7,1,0,0,0
282,282,13,227.4,0,0,3.4979664422,5,7,1,0,0,0
283,283,13,227.4,0,0,3.50153812356,5,7,1,0,0,0
284,284,12,210.9,0,0,3.40110276234,4,7,1,0,0,0
285,285,12,210.5,0,0,3.52303029,4,7,1,0,0,0
286,286,12,208.0,0,0,3.34319752587,4,7,1,0,0,0
287,287,12,204.8,0,0,3.25054773939,4,7,1,0,0,0
288,288,12,205.9,0,0,3.37085323251,4,7,1,0,0,0
289,289,12,207.1,0,0,3.24218173831,4,7,1,0,0,0
290,290,12,201.7,0,0,3.6445372155,4,7,1,0,0,0
291,291,12,201.9,0,0,3.50457493208,4,7,1,0,0,0
292,292,12,201.4,0,0,3.8872363011,4,7,1,0,0,0
293,293,12,200.2,0,0,4.10251216459,4,7,1,0,0,0
294,294,12,191.1,0,0,4.10036029459,4,7,1,0,0,0
295,295,12,193.3,0,0,4.53761217409,4,7,1,0,0,0
296,296,12,191.9,0,0,4.46734786755,5,6,1,0,0,0
297,297,12,196.0,0,0,4.31600263993,5,6,1,0,0,0
298,298,12,194.8,0,0,4.10660960212,5,6,1,0,0,0
299,299,12,196.5,0,0,4.20262363941,5,6,1,0,0,0
300,300,12,196.9,0,0,3.93248899515,5,6,1,0,0,0
301,301,12,197.6,0,0,4.08107234868,5,6,1,0,0,0
302,302,13,211.8,0,0,3.77170640835,5,7,1,0,0,0
303,303,13,208.8,0,0,3.61167977114,5,7,1,0,0,0
304,304,13,215.5,0,0,3.81600878889,5,7,1,0,0,0
305,305,13,215.8,0,0,3.75788060836,5,7,1,0,0,0
306,306,13,213.7,0,0,3.51841310383,5,7,1,0,0,0
307,307,13,218.2,0,0,3.99037303057,5,7,1,0,0,0
308,308,13,216.8,0,0,3.57518154461,5,7,1,0,0,0
309,309,13,213.7,0,0,3.31801608936,5,7,1,0,0,0
310,310,12,208.8,0,0,3.66233904393,4,7,1,0,0,0
311,311,12,204.4,0,0,3.17757292552,4,7,1,0,0,0
312,312,12,200.2,0,0,3.43956480686,4,7,1,0,0,0
313,313,13,215.2,0,0,3.29965033112,4,8,1,0,0,0
314,314,14,239.9,0,0,3.08908927153,5,8,1,0,0,0
315,315,14,241.7,0,0,3.0583070085,5,8,1,0,0,0
316,316,14,235.3,0,0,3.2815250408,5,8,1,0,0,0
317,317,13,229.3,0,0,3.72883772364,5,7,1,0,0,0
318,318,13,229.1,0,0,3.73299563491,5,7,1,0,0,0
319,319,13,228.4,0,0,3.72477843086,5,7,1,0,0,0
320,320,13,224.6,0,0,3.54639578684,5,7,1,0,0,0
321,321,12,214.4,0,0,3.70143297394,5,6,1,0,0,0
322,322,12,222.4,0,0,3.79912270575,5,6,1,0,0,0
323,323,12,226.2,0,0,3.7196040845,5,6,1,0,0,0
324,324,12,228.2,0,0,3.68234938181,5,6,1,0,0,0
325,325,12,228.7,0,0,3.99623876194,5,6,1,0,0,0
326,326,13,241.1,0,0,4.28011202825,5,7,1,0,0,0
327,327,13,240.6,0,0,4.4832022667,5,7,1,0,0,0
328,328,13,240.2,0,0,4.53379051239,5,7,1,0,0,0
329,329,13,236.5,0,0,4.55914128217,5,7,1,0,0,0
330,330,13,240.3,1,25.2,4.51291593722,5,7,1,0,1,0
331,331,13,243.7,1,25.3,4.3517458919,5,7,1,0,1,0
332,332,13,246.1,2,50.5,4.58500901769,5,7,1,0,1,1
333,333,13,244.3,2,50.7,4.48710402867,5,7,1,0,1,1
334,334,13,241.5,1,25.7,4.61467836477,5,7,1,0,0,1
335,335,13,244.2,2,52.0,4.99930764437,5,7,1,0,1,1
336,336,12,233.2,2,50.9,4.60243677224,4,7,1,0,1,1
337,337,12,232.3,2,51.4,4.42625602787,4,7,1,0,1,1
338,338,12,234.5,2,52.3,4.76339419347,4,7,1,0,1,1
339,339,12,235.2,3,78.2,4.86677044306,4,7,1,0,2,1
340,340,13,243.5,3,78.1,5.21494400983,4,8,1,0,2,1
341,341,13,244.5,2,52.2,4.95655484156,3,9,1,0,1,1
342,342,13,246.9,2,53.4,5.02567765554,3,9,1,0,1,1
343,343,13,244.4,2,52.8,4.89897948557,3,9,1,0,1,1
344,344,13,244.8,2,54.0,5.17950844119,3,9,1,0,1,1
345,345,13,243.6,2,53.7,5.19447438174,3,9,1,0,1,1
346,346,13,245.1,3,78.4,5.17439455148,3,9,1,0,2,1
347,347,13,240.3,3,78.4,5.32241269755,3,9,1,0,2,1
348,348,13,240.4,3,79.0,5.43100075776,3,9,1,0,2,1
349,349,13,238.6,2,52.5,5.33395028483,3,9,1,0,1,1
350,350,13,236.2,2,52.1,5.12500156348,3,9,1,0,1,1
351,351,13,238.6,3,78.1,5.37302140088,3,9,1,0,2,1
352,352,12,220.4,2,52.1,5.18990862301,3,8,1,0,2,0
353,353,12,218.7,2,51.6,5.40153597684,3,8,1,0,2,0
354,354,12,219.2,2,51.6,5.45049344444,3,8,1,0,2,0
355,355,12,222.1,3,77.7,5.50395863048,3,8,1,0,3,0
356,356,12,224.4,3,76.8,5.0506525231,3,8,1,0,3,0
357,357,12,223.1,3,76.2,4.93143134916,3,8,1,0,3,0
358,358,12,222.9,1,25.5,4.65893569586,3,8,1,0,1,0
359,359,12,216.6,3,77.0,5.4027770637,3,8,1,0,3,0
360,360,12,218.0,2,50.9,5.24410202614,3,8,1,0,2,0
361,361,12,216.3,2,50.8,5.04869470079,3,8,1,0,2,0
362,362,12,213.6,1,25.2,5.12657957919,3,8,1,0,1,0
363,363,12,215.4,2,51.1,5.49404636443,3,8,1,0,2,0
364,364,12,216.9,2,51.7,5.56043245539,3,8,1,0,2,0
365,365,11,207.1,2,53.4,5.76907113998,3,7,1,0,2,0
366,366,11,204.7,1,27.0,5.31497028128,3,7,1,0,1,0
367,367,11,206.9,2,52.9,5.50190049809,3,7,1,0,2,0
368,368,11,203.9,1,27.5,5.51566364589,3,7,1,0,1,0
369,369,11,201.8,2,53.6,5.90565214627,3,7,1,0,2,0
370,370,11,202.0,2,53.5,5.88833978763,3,7,1,0,2,0
371,371,11,204.2,2,54.1,6.01003705933,3,7,1,0,2,0
372,372,11,202.3,2,55.3,5.98555837754,3,7,1,0,2,0
373,373,11,203.8,2,54.6,6.1291256977,3,7,1,0,2,0
374,374,11,206.1,1,29.2,5.89648585638,3,7,1,0,1,0
375,375,11,209.1,2,54.1,5.19585499133,3,7,1,0,2,0
376,376,11,210.0,2,54.8,5.33018846673,3,7,1,0,2,0
377,377,11,208.5,2,54.4,5.33767058488,3,7,1,0,2,0
378,378,10,196.4,2,54.6,5.04230987633,2,7,1,0,2,0
379,379,10,197.9,2,55.1,5.000099999,2,7,1,0,2,0
380,380,10,193.1,2,55.0,5.53382527934,2,7,1,0,2,0
381,381,10,192.4,2,56.1,5.63800595167,2,7,1,0,2,0
382,382,10,189.8,2,55.0,5.67661871187,2,7,1,0,2,0
383,383,10,193.6,2,55.5,5.65708994684,2,7,1,0,2,0
384,384,11,205.7,2,55.4,5.80930288417,3,7,1,0,2,0
385,385,12,221.1,2,54.6,5.41212863517,4,7,1,0,2,0
386,386,12,221.1,2,54.6,5.32457851512,4,7,1,0,2,0
387,387,12,216.9,2,54.5,5.44194567478,4,7,1,0,2,0
388,388,12,218.3,2,55.2,5.57746412455,4,7,1,0,2,0
389,389,12,215.0,1,29.2,5.34871833983,4,7,1,0,1,0
390,390,12,220.0,2,55.2,5.58949230632,4,7,1,0,2,0
391,391,12,220.0,2,55.5,5.63452560451,4,7,1,0,2,0
392,392,12,219.4,2,54.7,5.4459047722,4,7,1,0,2,0
393,393,12,206.8,1,26.8,4.32336849592,4,7,1,0,1,0
394,394,12,215.0,2,54.4,5.2644318235,4,7,1,0,2,0
395,395,12,218.2,2,54.4,5.35856719882,4,7,1,0,2,0
396,396,12,217.5,1,29.0,5.30027872337,4,7,1,0,1,0
397,397,11,195.4,1,29.2,5.66943960675,3,7,1,0,1,0
398,398,11,195.8,1,29.2,5.7215382547,3,7,1,0,1,0
399,399,11,196.8,1,29.6,5.62591406715,3,7,1,0,1,0
400,400,11,205.0,1,29.4,5.19947549802,3,7,1,0,1,0
401,401,11,204.8,1,29.0,5.21072320927,3,7,1,0,1,0
402,402,11,203.9,1,29.1,5.14631377343,3,7,1,0,1,0
403,403,11,203.1,1,28.7,5.15679604547,3,7,1,0,1,0
404,404,11,203.2,1,28.8,5.252254927,3,7,1,0,1,0
405,405,11,204.0,1,28.5,5.23514348158,3,7,1,0,1,0
406,406,11,204.8,2,53.2,5.00855631531,3,7,1,0,2,0
407,407,11,205.0,1,28.0,5.00964524238,3,7,1,0,1,0
408,408,11,209.9,1,28.3,4.79475091779,3,7,1,0,1,0
409,409,11,209.4,2,53.3,5.06740026587,3,7,1,0,1,1
410,410,11,207.5,1,28.2,5.3025036968,3,7,1,0,1,0
411,411,11,208.5,2,53.4,5.26048736076,3,7,1,0,1,1
412,412,11,211.1,2,52.8,5.21544907855,3,7,1,0,1,1
413,413,11,206.9,2,53.4,5.34349221866,3,7,1,0,1,1
414,414,13,234.1,2,52.5,5.17614102372,5,7,1,0,1,1
415,415,13,236.5,1,27.6,5.13313769191,5,7,1,0,1,0
416,416,13,237.4,3,77.5,5.2460363548,5,7,1,0,2,1
417,417,13,238.8,2,52.8,5.06990871308,5,7,1,0,1,1
418,418,13,241.8,1,26.0,4.47604736347,5,7,1,0,1,0
419,419,13,246.0,2,52.2,4.81493403315,5,7,1,0,1,1
420,420,13,236.3,2,52.6,5.00185862891,5,7,1,0,1,1
421,421,13,235.9,1,26.7,4.96011011044,5,7,1,0,1,0
422,422,13,237.7,2,51.4,4.93268793422,5,7,1,0,1,1
423,423,13,239.6,2,52.3,5.08861222329,5,7,1,0,1,1
424,424,13,238.5,1,26.7,4.87076574825,5,7,1,0,1,0
425,425,13,239.2,1,25.5,4.83804368177,5,7,1,0,1,0
426,426,13,237.1,2,51.1,4.78444327335,5,7,1,0,1,1
427,427,13,238.7,2,52.0,4.92130376722,5,7,1,0,1,1
428,428,13,240.6,1,26.7,4.67768844952,5,7,1,0,0,1
429,429,13,241.8,2,52.6,4.55942247805,5,7,1,0,1,1
430,430,13,240.0,1,26.0,4.23468583281,5,7,1,0,0,1
431,431,13,238.3,1,27.0,4.29076228958,5,7,1,0,0,1
432,432,13,228.2,0,0,3.6532212691,5,7,1,0,0,0
