,e_id,num_sat,sum_snr,num_sat_25,sum_snr_25,num_sat_u20,sum_sat_u20,snr_std,elev_0_30,elev_30_60,elev_60_90,sum_elev_0_30,sum_elev_30_60,sum_elev_60_90,elev_0_30_25,elev_30_60_25,elev_60_90_25,sum_elev_0_30_25,sum_elev_30_60_25,sum_elev_60_90_25
1,1,16,510.0,14,462.4,0,0,5.15771267133,9,5,2,287.2,160.4,62.4,8,4,2,262.8,137.2,62.4
2,2,17,535.2,14,463.2,0,0,4.73975675722,9,6,2,276.1,189.9,69.2,7,5,2,229.0,165.0,69.2
3,3,16,513.4,16,513.4,0,0,3.4490336811,8,6,2,260.2,188.7,64.5,8,6,2,260.2,188.7,64.5
4,4,15,486.5,15,486.5,0,0,3.98956973453,8,5,2,259.4,166.8,60.3,8,5,2,259.4,166.8,60.3
5,5,17,532.5,15,485.0,0,0,4.85393260818,9,6,2,286.6,185.6,60.3,8,5,2,262.6,162.1,60.3
6,6,17,543.8,16,520.4,0,0,4.01962099472,9,6,2,292.8,187.1,63.9,8,6,2,269.4,187.1,63.9
7,7,17,540.4,14,467.7,0,0,5.01521215316,9,6,2,300.7,178.0,61.7,8,4,2,276.4,129.6,61.7
8,8,16,514.6,16,514.6,0,0,3.98779387632,9,6,1,289.0,192.6,33.0,9,6,1,289.0,192.6,33.0
9,9,14,447.6,14,447.6,0,0,4.08155863355,8,5,1,259.9,156.6,31.1,8,5,1,259.9,156.6,31.1
10,10,16,491.6,15,468.4,0,0,3.61819476166,8,6,2,261.4,179.4,50.8,8,6,1,261.4,179.4,27.6
11,11,16,504.5,15,480.5,0,0,3.88856764546,8,6,2,269.0,183.5,52.0,8,6,1,269.0,183.5,28.0
12,12,15,465.2,14,440.7,0,0,3.90345390404,7,6,2,232.0,176.7,56.5,7,5,2,232.0,152.2,56.5
13,13,16,476.6,14,428.6,0,0,4.24905871929,8,6,2,256.2,166.5,53.9,7,6,1,231.3,166.5,30.8
14,14,14,455.7,13,433.0,0,0,4.59393412765,8,5,1,268.6,152.2,34.9,7,5,1,245.9,152.2,34.9
15,15,13,431.1,13,431.1,0,0,3.43669862454,7,5,1,241.7,155.4,34.0,7,5,1,241.7,155.4,34.0
16,16,14,456.3,14,456.3,0,0,3.9015705488,8,5,1,265.6,156.2,34.5,8,5,1,265.6,156.2,34.5
17,17,16,508.0,15,483.2,0,0,4.2401257843,9,5,2,292.2,154.3,61.5,8,5,2,267.4,154.3,61.5
18,18,16,500.7,16,500.7,0,0,4.4669853742,9,5,2,287.2,154.8,58.7,9,5,2,287.2,154.8,58.7
19,19,17,530.8,16,506.3,0,0,4.32572673255,9,6,2,282.8,187.4,60.6,8,6,2,258.3,187.4,60.6
20,20,17,526.0,15,478.5,0,0,4.94318455344,9,6,2,277.0,184.3,64.7,8,5,2,253.7,160.1,64.7
21,21,17,520.0,14,448.9,0,0,4.90763211143,9,6,2,274.2,185.0,60.8,7,5,2,226.0,162.1,60.8
22,22,16,499.3,15,476.4,0,0,4.73307070868,9,5,2,279.2,159.9,60.2,8,5,2,256.3,159.9,60.2
23,23,15,477.8,13,430.2,0,0,5.15015487516,8,5,2,264.0,162.8,51.0,7,5,1,240.4,162.8,27.0
24,24,16,504.2,14,457.4,0,0,5.53183212568,9,6,1,286.1,193.6,24.5,8,6,0,263.8,193.6,0
25,25,16,506.0,15,481.4,0,0,5.08560058728,8,6,2,262.9,190.1,53.0,7,6,2,238.3,190.1,53.0
26,26,15,485.2,15,485.2,0,0,4.68277492011,8,5,2,260.0,169.5,55.7,8,5,2,260.0,169.5,55.7
27,27,17,526.3,14,456.1,0,0,5.68287546313,9,6,2,282.2,191.6,52.5,8,5,1,259.5,167.0,29.6
28,28,14,462.3,13,437.9,0,0,4.85642771077,8,5,1,266.5,167.9,27.9,7,5,1,242.1,167.9,27.9
29,29,14,465.2,13,441.0,0,0,4.19256275058,7,6,1,243.5,191.8,29.9,7,5,1,243.5,167.6,29.9
30,30,14,463.4,13,440.6,0,0,4.83862663287,8,5,1,264.2,169.0,30.2,7,5,1,241.4,169.0,30.2
31,31,16,494.3,12,400.4,0,0,5.67385450994,8,6,2,261.7,179.6,53.0,7,4,1,238.9,132.7,28.8
32,32,14,443.4,11,372.4,0,0,6.02653473226,6,6,2,214.1,183.0,46.3,6,5,0,214.1,158.3,0
33,33,16,509.9,14,463.0,0,0,5.37472092299,9,5,2,294.5,163.3,52.1,8,5,1,271.7,163.3,28.0
34,34,16,505.8,15,483.0,0,0,5.12287354259,8,6,2,247.7,202.1,56.0,7,6,2,224.9,202.1,56.0
35,35,15,467.7,15,467.7,0,0,4.23593470879,8,6,1,262.9,178.7,26.1,8,6,1,262.9,178.7,26.1
36,36,15,495.4,15,495.4,0,0,3.81472085979,8,6,1,276.2,189.8,29.4,8,6,1,276.2,189.8,29.4
37,37,16,521.1,16,521.1,0,0,4.11269883005,9,5,2,304.9,161.6,54.6,9,5,2,304.9,161.6,54.6
38,38,16,521.3,15,496.6,0,0,4.43444378323,9,6,1,303.2,188.5,29.6,9,5,1,303.2,163.8,29.6
39,39,17,543.7,14,472.2,0,0,5.21766653952,9,6,2,303.8,188.9,51.0,8,5,1,279.7,164.0,28.5
40,40,16,523.8,16,523.8,0,0,4.13196886081,8,6,2,278.3,188.2,57.3,8,6,2,278.3,188.2,57.3
41,41,15,497.4,15,497.4,0,0,3.85742327023,8,6,1,280.0,189.8,27.6,8,6,1,280.0,189.8,27.6
42,42,17,545.8,17,545.8,0,0,3.70986364106,9,6,2,303.7,178.9,63.2,9,6,2,303.7,178.9,63.2
43,43,17,515.1,15,468.3,0,0,4.59565011723,9,6,2,275.9,183.1,56.1,8,6,1,251.8,183.1,33.4
44,44,17,520.3,16,496.3,0,0,4.18770082925,9,6,2,276.0,186.1,58.2,8,6,2,252.0,186.1,58.2
45,45,17,527.6,16,503.7,0,0,4.39515943631,9,6,2,280.3,188.0,59.3,8,6,2,256.4,188.0,59.3
46,46,16,504.8,15,480.0,0,0,3.90947566817,8,6,2,258.2,188.1,58.5,7,6,2,233.4,188.1,58.5
47,47,16,515.7,16,515.7,0,0,4.28528003752,8,6,2,272.0,186.3,57.4,8,6,2,272.0,186.3,57.4
48,48,15,479.6,14,455.5,0,0,4.15614290052,8,5,2,269.7,156.3,53.6,8,5,1,269.7,156.3,29.5
49,49,14,450.5,14,450.5,0,0,3.46080883641,7,5,2,233.0,155.1,62.4,7,5,2,233.0,155.1,62.4
50,50,15,463.9,13,417.0,0,0,4.52192542219,8,5,2,253.2,149.4,61.3,6,5,2,206.3,149.4,61.3
51,51,16,497.9,16,497.9,0,0,3.96471415531,8,6,2,258.0,180.8,59.1,8,6,2,258.0,180.8,59.1
52,52,16,509.5,16,509.5,0,0,4.27379125212,8,6,2,267.2,182.2,60.1,8,6,2,267.2,182.2,60.1
53,53,14,455.7,14,455.7,0,0,4.62530664264,8,4,2,276.2,125.9,53.6,8,4,2,276.2,125.9,53.6
54,54,17,526.0,15,476.9,0,0,4.18136622761,9,6,2,294.6,178.2,53.2,8,6,1,269.8,178.2,28.9
55,55,16,490.8,13,419.0,0,0,4.3556094101,9,6,1,283.5,182.4,24.9,8,5,0,260.7,158.3,0
56,56,17,505.4,15,457.4,0,0,4.01150917765,9,6,2,274.7,180.7,50.0,8,6,1,251.1,180.7,25.6
57,57,16,499.6,14,453.8,0,0,4.80631528998,9,6,1,294.2,182.9,22.5,8,6,0,270.9,182.9,0
58,58,16,517.4,15,493.5,0,0,4.98449261878,9,6,1,302.7,188.9,25.8,8,6,1,278.8,188.9,25.8
59,59,14,450.6,13,427.1,0,0,4.5874170951,8,5,1,263.7,158.8,28.1,7,5,1,240.2,158.8,28.1
60,60,15,488.5,15,488.5,0,0,4.15497407017,8,6,1,272.4,188.3,27.8,8,6,1,272.4,188.3,27.8
61,61,15,491.9,15,491.9,0,0,4.07176105576,8,6,1,275.7,189.8,26.4,8,6,1,275.7,189.8,26.4
62,62,14,432.2,13,410.1,0,0,4.43108400897,7,6,1,213.4,189.9,28.9,6,6,1,191.3,189.9,28.9
63,63,16,503.5,16,503.5,0,0,3.70759917826,9,6,1,283.9,189.8,29.8,9,6,1,283.9,189.8,29.8
64,64,15,474.3,14,451.3,0,0,4.68130018569,8,6,1,246.7,197.3,30.3,7,6,1,223.7,197.3,30.3
65,65,14,439.9,12,391.7,0,0,4.68273072394,7,5,2,223.9,164.6,51.4,6,5,1,199.2,164.6,27.9
66,66,15,473.5,14,449.8,0,0,4.81555020839,8,5,2,257.9,162.7,52.9,8,4,2,257.9,139.0,52.9
67,67,17,530.8,16,506.9,0,0,4.26636985794,9,6,2,293.0,177.7,60.1,8,6,2,269.1,177.7,60.1
68,68,15,488.3,14,463.5,0,0,4.74173968477,8,6,1,270.6,185.3,32.4,7,6,1,245.8,185.3,32.4
69,69,15,485.6,14,461.3,0,0,4.02979380307,8,5,2,269.0,159.8,56.8,7,5,2,244.7,159.8,56.8
70,70,17,513.9,15,467.3,0,0,4.16064368606,9,6,2,268.7,190.1,55.1,8,6,1,245.4,190.1,31.8
71,71,17,515.1,15,469.7,0,0,4.99699909946,9,6,2,271.7,193.8,49.6,8,6,1,248.9,193.8,27.0
72,72,15,479.7,15,479.7,0,0,3.26894478387,8,6,1,261.7,191.5,26.5,8,6,1,261.7,191.5,26.5
73,73,15,450.8,15,450.8,0,0,2.91519826982,8,6,1,247.9,177.6,25.3,8,6,1,247.9,177.6,25.3
74,74,13,390.1,11,342.0,0,0,4.81931211178,6,6,1,187.5,175.6,27.0,5,5,1,162.7,152.3,27.0
75,75,17,506.1,12,387.0,0,0,4.59983215806,9,6,2,278.8,173.7,53.6,7,4,1,231.0,127.3,28.7
76,76,17,508.6,15,461.9,0,0,4.12101857769,9,6,2,278.3,176.5,53.8,8,5,2,253.9,154.2,53.8
77,77,16,490.2,16,490.2,0,0,4.21930088996,9,5,2,283.2,156.2,50.8,9,5,2,283.2,156.2,50.8
78,78,15,468.2,14,443.9,0,0,4.18430172817,9,5,1,285.1,157.8,25.3,8,5,1,260.8,157.8,25.3
79,79,14,432.2,14,432.2,0,0,3.90432276634,8,5,1,245.3,156.3,30.6,8,5,1,245.3,156.3,30.6
80,80,14,439.9,13,415.8,0,0,3.60878811353,8,5,1,252.7,157.9,29.3,7,5,1,228.6,157.9,29.3
81,81,15,468.6,15,468.6,0,0,3.67924681733,9,5,1,280.9,157.4,30.3,9,5,1,280.9,157.4,30.3
82,82,14,443.3,14,443.3,0,0,3.22719386151,8,5,1,253.2,158.8,31.3,8,5,1,253.2,158.8,31.3
83,83,14,438.7,13,414.7,0,0,3.67959177143,8,5,1,252.9,155.1,30.7,7,5,1,228.9,155.1,30.7
84,84,15,480.1,15,480.1,0,0,3.59671808075,9,5,1,291.8,157.6,30.7,9,5,1,291.8,157.6,30.7
85,85,15,487.8,14,464.0,0,0,3.93104856967,8,6,1,272.9,186.7,28.2,8,5,1,272.9,162.9,28.2
86,86,13,423.1,13,423.1,0,0,2.84769362368,7,5,1,233.0,160.7,29.4,7,5,1,233.0,160.7,29.4
87,87,14,461.7,14,461.7,0,0,3.25202388378,8,5,1,269.6,162.0,30.1,8,5,1,269.6,162.0,30.1
88,88,15,486.5,14,463.5,0,0,4.02646010192,8,5,2,272.5,161.1,52.9,8,5,1,272.5,161.1,29.9
89,89,14,452.5,13,427.8,0,0,3.79841638489,8,5,1,268.9,154.3,29.3,8,4,1,268.9,129.6,29.3
90,90,15,482.8,13,434.9,0,0,4.25220391035,8,5,2,272.0,156.1,54.7,8,4,1,272.0,131.3,31.6
91,91,13,421.6,13,421.6,0,0,2.85930778785,7,5,1,231.7,157.5,32.4,7,5,1,231.7,157.5,32.4
92,92,15,479.8,13,431.6,0,0,4.05337014394,8,5,2,261.3,161.5,57.0,7,5,1,237.2,161.5,32.9
93,93,15,463.2,13,417.5,0,0,4.86902747696,9,5,1,279.9,149.3,34.0,8,4,1,257.5,126.0,34.0
94,94,13,426.2,13,426.2,0,0,3.14585604509,7,5,1,234.5,158.3,33.4,7,5,1,234.5,158.3,33.4
95,95,14,464.4,14,464.4,0,0,3.45841861848,8,4,2,275.3,128.5,60.6,8,4,2,275.3,128.5,60.6
96,96,15,485.5,14,462.5,0,0,3.99833298597,8,5,2,271.1,159.4,55.0,8,5,1,271.1,159.4,32.0
97,97,13,411.0,12,387.8,0,0,3.47415365085,7,5,1,227.5,149.7,33.8,7,4,1,227.5,126.5,33.8
98,98,14,429.3,12,383.2,0,0,4.31929608632,8,5,1,237.3,158.3,33.7,6,5,1,191.2,158.3,33.7
99,99,14,444.8,13,422.6,0,0,5.10933212125,8,5,1,252.4,162.2,30.2,7,5,1,230.2,162.2,30.2
100,100,15,476.3,13,428.1,0,0,5.23380040379,9,5,1,281.6,163.8,30.9,7,5,1,233.4,163.8,30.9
101,101,17,535.7,16,512.5,0,0,4.43394327221,9,6,2,298.7,182.3,54.7,8,6,2,275.5,182.3,54.7
102,102,15,487.7,14,463.7,0,0,4.01637125964,8,5,2,273.0,157.0,57.7,8,4,2,273.0,133.0,57.7
103,103,16,501.3,14,453.5,0,0,4.74520371884,9,6,1,292.5,177.7,31.1,8,5,1,269.4,153.0,31.1
104,104,17,541.9,16,518.7,0,0,4.2189349088,9,6,2,300.4,183.4,58.1,8,6,2,277.2,183.4,58.1
105,105,15,475.2,14,451.1,0,0,3.47895715081,9,5,1,289.3,156.1,29.8,8,5,1,265.2,156.1,29.8
106,106,16,511.7,15,487.7,0,0,3.90490610216,9,6,1,298.6,181.4,31.7,8,6,1,274.6,181.4,31.7
107,107,14,458.0,14,458.0,0,0,2.99020378592,8,4,2,263.7,134.0,60.3,8,4,2,263.7,134.0,60.3
108,108,16,510.8,14,462.2,0,0,3.92589692512,9,5,2,289.8,159.7,61.3,8,4,2,265.0,135.9,61.3
109,109,17,522.3,14,452.4,0,0,4.30487070244,9,6,2,287.5,176.7,58.1,8,4,2,264.1,130.2,58.1
110,110,17,525.3,14,454.2,0,0,4.40113621693,9,6,2,292.7,177.1,55.5,9,4,1,292.7,129.5,32.0
111,111,15,479.0,15,479.0,0,0,3.02080090295,9,4,2,289.8,131.2,58.0,9,4,2,289.8,131.2,58.0
112,112,16,474.6,13,404.7,0,0,4.67259742185,9,5,2,265.7,155.2,53.7,7,5,1,218.1,155.2,31.4
113,113,13,401.0,11,353.1,0,0,4.39898006827,7,5,1,213.9,155.7,31.4,5,5,1,166.0,155.7,31.4
114,114,12,385.2,12,385.2,0,0,3.47667552804,6,5,1,195.7,159.4,30.1,6,5,1,195.7,159.4,30.1
115,115,15,472.3,14,448.0,0,0,3.07451893256,8,6,1,257.2,184.5,30.6,8,5,1,257.2,160.2,30.6
116,116,13,419.1,13,419.1,0,0,3.63055056925,6,6,1,206.8,183.6,28.7,6,6,1,206.8,183.6,28.7
117,117,15,465.5,15,465.5,0,0,3.78807653163,8,6,1,259.8,180.2,25.5,8,6,1,259.8,180.2,25.5
118,118,14,439.3,14,439.3,0,0,2.5392847483,7,6,1,220.2,187.0,32.1,7,6,1,220.2,187.0,32.1
119,119,14,438.7,13,414.3,0,0,4.14684442454,8,4,2,248.4,132.3,58.0,7,4,2,224.0,132.3,58.0
120,120,17,519.2,13,421.6,0,0,4.48916178472,9,6,2,292.0,171.5,55.7,8,4,1,268.0,122.4,31.2
121,121,16,494.0,14,447.5,0,0,4.45398697798,8,6,2,256.4,177.7,59.9,8,4,2,256.4,131.2,59.9
122,122,15,469.3,13,422.7,0,0,4.49775605428,8,5,2,255.4,155.7,58.2,7,4,2,233.4,131.1,58.2
123,123,17,524.4,15,477.1,0,0,4.96338060789,9,6,2,281.6,183.7,59.1,8,5,2,258.2,159.8,59.1
124,124,16,493.5,14,446.0,0,0,4.64671478933,9,5,2,277.5,157.7,58.3,8,4,2,253.1,134.6,58.3
125,125,16,479.9,13,410.0,0,0,4.68038014838,9,6,1,272.3,175.1,32.5,9,3,1,272.3,105.2,32.5
126,126,13,404.3,11,356.9,0,0,4.15611998544,7,5,1,220.7,153.4,30.2,6,4,1,197.3,129.4,30.2
127,127,13,392.2,12,367.9,0,0,3.67726905357,7,5,1,219.0,147.2,26.0,7,4,1,219.0,122.9,26.0
128,128,16,523.1,15,500.1,0,0,4.23941328488,8,6,2,275.3,183.2,64.6,8,5,2,275.3,160.2,64.6
129,129,16,515.6,15,491.9,0,0,4.4112734367,8,6,2,275.7,182.6,57.3,8,5,2,275.7,158.9,57.3
130,130,15,499.2,15,499.2,0,0,3.52241800067,8,5,2,274.3,164.6,60.3,8,5,2,274.3,164.6,60.3
131,131,16,528.6,16,528.6,0,0,3.76136056944,8,6,2,278.3,190.4,59.9,8,6,2,278.3,190.4,59.9
132,132,15,496.2,15,496.2,0,0,4.1918628658,8,5,2,275.4,161.6,59.2,8,5,2,275.4,161.6,59.2
133,133,15,498.0,15,498.0,0,0,4.05445081714,8,5,2,276.2,164.9,56.9,8,5,2,276.2,164.9,56.9
134,134,16,527.3,16,527.3,0,0,3.89648880404,8,6,2,277.4,191.9,58.0,8,6,2,277.4,191.9,58.0
135,135,15,490.3,14,466.5,0,0,4.89385426058,8,5,2,269.0,160.6,60.7,8,4,2,269.0,136.8,60.7
136,136,16,526.0,15,501.8,0,0,4.6830901479,8,6,2,274.1,191.6,60.3,8,5,2,274.1,167.4,60.3
137,137,14,448.4,12,400.7,0,0,5.23044763071,8,4,2,253.5,129.6,65.3,7,3,2,230.5,104.9,65.3
138,138,16,508.6,14,461.5,0,0,4.96653802965,8,6,2,268.1,179.0,61.5,7,5,2,243.7,156.3,61.5
139,139,16,525.4,15,501.4,0,0,4.22356484501,8,6,2,274.8,188.3,62.3,8,5,2,274.8,164.3,62.3
140,140,15,502.2,14,477.5,0,0,3.91174056984,7,6,2,247.3,191.4,63.5,7,5,2,247.3,166.7,63.5
141,141,16,521.9,14,473.7,0,0,4.52477900013,8,6,2,270.9,186.7,64.3,7,5,2,247.1,162.3,64.3
142,142,16,523.0,16,523.0,0,0,4.12857925522,8,6,2,275.1,183.9,64.0,8,6,2,275.1,183.9,64.0
143,143,16,525.5,16,525.5,0,0,4.20237532038,8,6,2,277.4,183.4,64.7,8,6,2,277.4,183.4,64.7
144,144,14,466.6,14,466.6,0,0,3.98505449657,8,4,2,274.6,130.4,61.6,8,4,2,274.6,130.4,61.6
145,145,16,528.8,16,528.8,0,0,3.18098517234,8,6,2,279.5,186.7,62.6,8,6,2,279.5,186.7,62.6
146,146,16,528.7,15,505.1,0,0,4.16460782467,8,6,2,284.9,180.1,63.7,8,5,2,284.9,156.5,63.7
147,147,17,551.1,15,504.0,0,0,4.39491684991,9,6,2,304.7,184.3,62.1,8,5,2,281.5,160.4,62.1
148,148,16,521.9,15,499.1,0,0,4.06008517973,9,5,2,299.6,162.0,60.3,8,5,2,276.8,162.0,60.3
149,149,16,527.8,16,527.8,0,0,3.76118332443,9,5,2,307.7,160.8,59.3,9,5,2,307.7,160.8,59.3
150,150,15,464.7,14,440.9,0,0,3.46434904213,8,5,2,261.7,146.6,56.4,8,4,2,261.7,122.8,56.4
151,151,15,493.2,15,493.2,0,0,3.23114309715,8,5,2,272.7,161.5,59.0,8,5,2,272.7,161.5,59.0
152,152,16,520.3,15,496.6,0,0,4.05795001612,8,6,2,278.5,181.5,60.3,8,5,2,278.5,157.8,60.3
153,153,17,557.2,17,557.2,0,0,4.23785461817,9,6,2,307.4,185.3,64.5,9,6,2,307.4,185.3,64.5
154,154,17,557.6,17,557.6,0,0,3.81739439933,9,6,2,308.7,185.4,63.5,9,6,2,308.7,185.4,63.5
155,155,17,552.3,15,503.0,0,0,4.08960302978,9,6,2,307.2,179.9,65.2,9,4,2,307.2,130.6,65.2
156,156,17,556.5,17,556.5,0,0,3.8866664985,9,6,2,305.6,187.1,63.8,9,6,2,305.6,187.1,63.8
157,157,17,555.9,17,555.9,0,0,3.99358861176,9,6,2,308.9,182.7,64.3,9,6,2,308.9,182.7,64.3
158,158,17,551.5,17,551.5,0,0,3.85471445498,9,6,2,303.9,182.0,65.6,9,6,2,303.9,182.0,65.6
159,159,17,550.3,17,550.3,0,0,3.7619417702,9,6,2,302.5,184.5,63.3,9,6,2,302.5,184.5,63.3
160,160,17,545.0,17,545.0,0,0,3.78517813708,9,6,2,299.1,182.5,63.4,9,6,2,299.1,182.5,63.4
161,161,17,547.1,17,547.1,0,0,3.70122197627,9,6,2,295.2,186.9,65.0,9,6,2,295.2,186.9,65.0
162,162,16,520.1,16,520.1,0,0,3.64736777233,9,5,2,300.5,153.7,65.9,9,5,2,300.5,153.7,65.9
163,163,17,539.1,15,492.5,0,0,4.71352871437,9,6,2,299.4,173.6,66.1,9,4,2,299.4,127.0,66.1
164,164,16,510.0,15,485.4,0,0,4.31006573809,9,5,2,295.5,149.6,64.9,9,4,2,295.5,125.0,64.9
165,165,16,504.7,15,480.3,0,0,4.405749085,9,5,2,291.0,151.5,62.2,9,4,2,291.0,127.1,62.2
166,166,17,532.0,16,509.4,0,0,4.68647930064,9,6,2,296.0,173.0,63.0,9,5,2,296.0,150.4,63.0
167,167,16,511.8,14,463.2,0,0,4.40391870951,8,6,2,268.3,179.3,64.2,7,5,2,244.1,154.9,64.2
168,168,15,483.5,14,460.3,0,0,4.35949975287,8,5,2,265.2,155.1,63.2,7,5,2,242.0,155.1,63.2
169,169,15,491.5,14,467.9,0,0,3.74998412695,8,5,2,266.4,158.7,66.4,7,5,2,242.8,158.7,66.4
170,170,15,488.2,15,488.2,0,0,3.72172515042,8,5,2,267.5,154.2,66.5,8,5,2,267.5,154.2,66.5
171,171,14,463.0,14,463.0,0,0,3.34144799829,7,5,2,242.5,153.5,67.0,7,5,2,242.5,153.5,67.0
172,172,16,513.8,15,489.0,0,0,3.49645058118,8,6,2,265.4,186.5,61.9,7,6,2,240.6,186.5,61.9
173,173,17,527.3,15,479.4,0,0,4.50835825081,9,6,2,284.4,176.9,66.0,8,5,2,260.3,153.1,66.0
174,174,15,490.6,14,467.3,0,0,4.65241360811,9,5,1,305.2,154.9,30.5,9,4,1,305.2,131.6,30.5
175,175,16,518.4,16,518.4,0,0,4.1400483089,9,5,2,295.8,160.8,61.8,9,5,2,295.8,160.8,61.8
176,176,17,534.7,16,510.1,0,0,3.83456608482,9,6,2,291.7,181.9,61.1,9,5,2,291.7,157.3,61.1
177,177,16,511.0,16,511.0,0,0,4.18359892915,9,5,2,288.7,157.5,64.8,9,5,2,288.7,157.5,64.8
178,178,16,501.0,16,501.0,0,0,3.99764514016,9,5,2,293.1,147.7,60.2,9,5,2,293.1,147.7,60.2
179,179,16,504.0,15,481.4,0,0,3.6092473823,9,6,1,294.8,178.5,30.7,9,5,1,294.8,155.9,30.7
180,180,15,491.2,14,468.0,0,0,3.82899962069,9,5,1,288.5,170.0,32.7,8,5,1,265.3,170.0,32.7
181,181,15,488.0,14,464.1,0,0,4.07495252675,9,5,1,286.0,169.9,32.1,8,5,1,262.1,169.9,32.1
182,182,14,460.1,13,436.1,0,0,3.84899730057,8,5,1,264.5,165.7,29.9,7,5,1,240.5,165.7,29.9
183,183,14,470.1,14,470.1,0,0,3.02303428094,8,5,1,268.4,169.6,32.1,8,5,1,268.4,169.6,32.1
184,184,14,467.5,14,467.5,0,0,3.44550192519,8,5,1,267.7,167.0,32.8,8,5,1,267.7,167.0,32.8
185,185,14,473.3,14,473.3,0,0,3.10618843495,8,5,1,272.7,167.3,33.3,8,5,1,272.7,167.3,33.3
186,186,15,485.1,14,461.6,0,0,3.83495203919,8,6,1,261.2,192.0,31.9,8,5,1,261.2,168.5,31.9
187,187,14,455.2,14,455.2,0,0,3.18406057704,7,6,1,231.4,192.0,31.8,7,6,1,231.4,192.0,31.8
188,188,16,508.7,14,461.4,0,0,3.91126045327,9,6,1,284.8,193.3,30.6,8,5,1,262.0,168.8,30.6
189,189,16,507.6,16,507.6,0,0,3.3163232653,8,6,2,255.9,195.0,56.7,8,6,2,255.9,195.0,56.7
190,190,16,504.9,15,482.0,0,0,4.68230267425,9,6,1,276.4,200.4,28.1,8,6,1,253.5,200.4,28.1
191,191,16,497.6,15,473.8,0,0,3.45388669955,8,6,2,253.6,192.0,52.0,8,6,1,253.6,192.0,28.2
192,192,14,410.0,13,385.5,0,0,3.3327875011,9,5,0,260.3,149.7,0,8,5,0,235.8,149.7,0
193,193,14,427.3,14,427.3,0,0,2.71156457006,8,6,0,240.5,186.8,0,8,6,0,240.5,186.8,0
194,194,15,454.3,13,407.6,0,0,4.02791450233,7,6,2,214.9,189.3,50.1,6,6,1,190.7,189.3,27.6
195,195,14,437.0,14,437.0,0,0,4.40434351047,7,6,1,228.1,181.7,27.2,7,6,1,228.1,181.7,27.2
196,196,12,365.6,11,341.1,0,0,4.15020992532,6,5,1,187.6,152.5,25.5,5,5,1,163.1,152.5,25.5
197,197,16,481.0,12,384.7,0,0,5.18573363502,9,6,1,277.8,180.3,22.9,7,5,0,228.7,156.0,0
198,198,14,434.8,12,386.6,0,0,5.02971390618,8,6,0,253.4,181.4,0,6,6,0,205.2,181.4,0
199,199,13,400.4,12,377.4,0,0,5.08133840637,6,5,2,194.2,157.3,48.9,6,5,1,194.2,157.3,25.9
200,200,12,376.6,12,376.6,0,0,4.47921124009,6,5,1,192.0,158.1,26.5,6,5,1,192.0,158.1,26.5
201,201,16,458.8,12,375.3,1,17.1,6.27763225003,8,6,2,230.6,175.6,52.6,5,5,2,164.2,158.5,52.6
202,202,16,454.6,12,374.9,1,17.4,6.7397205679,8,6,2,231.9,175.9,46.8,6,5,1,190.7,158.5,25.7
203,203,16,453.7,12,374.4,1,17.1,6.58411915141,8,6,2,229.7,175.5,48.5,6,5,1,188.6,158.4,27.4
204,204,16,443.8,11,342.6,3,55.5,6.79655550015,8,6,2,221.5,175.1,47.2,5,5,1,160.1,156.4,26.1
205,205,16,446.3,11,343.4,2,36.3,6.3763593322,8,6,2,226.0,175.4,44.9,5,5,1,159.4,156.5,27.5
206,206,16,450.1,12,375.2,3,54.0,6.83029708968,8,6,2,224.4,178.0,47.7,6,5,1,186.5,159.2,29.5
207,207,16,454.0,12,377.0,3,56.5,6.74304580043,8,6,2,227.1,176.4,50.5,6,5,1,189.4,157.6,30.0
208,208,16,450.5,11,351.1,3,54.1,6.99199244374,8,6,2,227.6,173.4,49.5,6,4,1,189.1,132.1,29.9
209,209,16,444.5,11,349.5,4,70.1,7.36706352626,8,6,2,225.2,172.3,47.0,6,4,1,188.6,130.9,30.0
210,210,17,473.4,11,350.2,3,54.3,6.84024100883,9,6,2,250.4,172.5,50.5,6,4,1,188.6,131.4,30.2
211,211,17,469.6,12,371.7,4,73.9,6.87282051015,9,6,2,248.5,172.7,48.4,7,4,1,211.8,130.4,29.5
212,212,18,496.7,12,376.2,4,72.3,6.98632885353,10,6,2,274.8,173.2,48.7,8,3,1,238.9,106.7,30.6
213,213,18,504.2,13,399.4,2,38.2,6.05405929827,10,6,2,282.0,171.5,50.7,8,4,1,238.6,130.3,30.5
214,214,18,500.9,13,399.9,3,53.3,6.45316206627,10,6,2,282.8,169.8,48.3,9,3,1,263.7,105.3,30.9
215,215,18,508.0,13,403.8,2,36.6,6.38330133612,10,6,2,284.2,176.0,47.8,8,4,1,240.6,132.8,30.4
216,216,19,538.0,14,442.0,4,72.9,7.06141811048,11,6,2,320.9,171.9,45.2,9,4,1,278.6,133.6,29.8
217,217,19,534.1,13,413.3,4,71.8,7.17502572484,11,6,2,316.6,172.6,44.9,8,4,1,250.6,133.2,29.5
218,218,19,534.9,14,437.5,4,76.5,6.91137294779,11,6,2,315.5,172.3,47.1,9,4,1,277.2,133.0,27.3
219,219,19,539.1,14,439.8,4,75.4,6.91840075493,11,6,2,316.7,173.1,49.3,9,4,1,275.4,134.9,29.5
220,220,20,556.3,13,412.4,3,51.6,7.04663226767,12,6,2,338.3,170.0,48.0,8,4,1,249.2,135.0,28.2
221,221,20,541.7,12,383.2,4,63.8,7.69649783651,12,6,2,335.1,166.9,39.7,7,4,1,223.0,134.3,25.9
222,222,20,549.5,15,460.5,3,45.6,7.49082772462,12,6,2,340.1,169.2,40.2,10,4,1,300.4,133.7,26.4
223,223,20,554.2,13,412.3,3,47.3,7.25729397155,12,6,2,343.3,172.8,38.1,9,4,0,277.0,135.3,0
224,224,20,551.7,13,409.1,2,31.3,6.99212150623,12,6,2,339.1,178.2,34.4,9,4,0,273.7,135.4,0
225,225,20,548.0,13,410.2,2,27.2,7.35569954454,12,6,2,334.9,177.6,35.5,9,4,0,275.5,134.7,0
226,226,20,554.6,13,414.2,3,44.4,7.39637891489,12,6,2,339.2,173.6,41.8,8,4,1,252.2,135.5,26.5
227,227,20,573.4,14,433.2,0,0,4.84910192445,12,6,2,341.5,178.8,53.1,9,4,1,272.1,130.7,30.4
228,228,19,558.8,16,485.2,0,0,3.87325512498,11,6,2,324.2,179.3,55.3,9,6,1,275.4,179.3,30.5
229,229,19,571.8,16,502.6,0,0,4.60741837622,11,6,2,335.6,177.8,58.4,10,4,2,314.4,129.8,58.4
230,230,19,563.8,16,501.8,0,0,5.20958967304,11,6,2,332.9,172.5,58.4,10,4,2,312.0,131.4,58.4
231,231,19,560.5,16,500.0,1,18.7,5.25378170675,11,6,2,330.3,171.5,58.7,10,4,2,309.2,132.1,58.7
232,232,19,562.6,16,497.5,1,19.8,4.93951130476,11,6,2,332.3,172.9,57.4,10,4,2,311.2,128.9,57.4
233,233,19,565.9,16,495.3,0,0,4.5726558242,11,6,2,327.8,181.0,57.1,9,5,2,282.1,156.1,57.1
234,234,19,550.3,17,503.2,0,0,3.74910515639,11,6,2,314.5,179.2,56.6,10,5,2,290.2,156.4,56.6
235,235,19,539.0,15,448.5,1,18.8,4.4730119894,11,6,2,316.4,175.7,46.9,11,4,0,316.4,132.1,0
236,236,19,540.0,15,447.5,0,0,4.39539897663,11,6,2,314.3,178.5,47.2,11,4,0,314.3,133.2,0
237,237,19,540.9,15,449.0,0,0,4.42644234266,11,6,2,314.9,177.5,48.5,10,4,1,290.7,132.4,25.9
238,238,16,458.6,13,390.3,0,0,4.87864393727,8,6,2,233.3,176.4,48.9,8,4,1,233.3,131.6,25.4
239,239,15,438.7,14,414.8,0,0,3.85743561499,8,5,2,237.2,149.0,52.5,8,4,2,237.2,125.1,52.5
240,240,14,410.3,12,364.3,0,0,4.30285491733,7,6,1,209.3,173.1,27.9,7,4,1,209.3,127.1,27.9
241,241,13,390.0,12,366.8,0,0,4.37435709562,7,5,1,210.9,153.5,25.6,6,5,1,187.7,153.5,25.6
242,242,15,441.4,13,393.2,0,0,4.47827560351,7,6,2,218.4,173.7,49.3,7,5,1,218.4,149.8,25.0
243,243,15,456.5,13,408.0,0,0,3.78071547776,7,6,2,207.4,182.6,66.5,6,5,2,183.4,158.1,66.5
244,244,14,437.7,12,391.2,0,0,5.72573235394,6,6,2,195.7,186.5,55.5,6,5,1,195.7,163.9,31.6
245,245,15,486.1,15,486.1,0,0,4.58093357089,7,6,2,230.2,193.6,62.3,7,6,2,230.2,193.6,62.3
246,246,15,496.4,15,496.4,0,0,4.58716636259,7,6,2,241.8,191.3,63.3,7,6,2,241.8,191.3,63.3
247,247,16,504.5,15,480.7,0,0,4.10507308096,8,6,2,258.7,188.4,57.4,7,6,2,234.9,188.4,57.4
248,248,14,451.0,14,451.0,0,0,3.9438086127,7,6,1,234.5,185.1,31.4,7,6,1,234.5,185.1,31.4
249,249,14,442.4,14,442.4,0,0,4.71723517458,7,6,1,223.8,186.6,32.0,7,6,1,223.8,186.6,32.0
250,250,14,440.0,11,367.6,0,0,5.94221256014,8,4,2,247.4,133.6,59.0,6,3,2,199.9,108.7,59.0
251,251,12,377.5,10,330.9,0,0,5.00389999416,6,5,1,203.2,151.2,23.1,6,4,0,203.2,127.7,0
252,252,13,411.3,13,411.3,0,0,3.84025573401,7,5,1,225.6,158.1,27.6,7,5,1,225.6,158.1,27.6
253,253,14,443.2,14,443.2,0,0,4.06537239958,7,6,1,225.3,188.6,29.3,7,6,1,225.3,188.6,29.3
254,254,14,448.3,12,401.5,0,0,5.12942920373,7,6,1,226.6,190.2,31.5,6,5,1,203.5,166.5,31.5
255,255,15,483.1,13,433.8,0,0,4.93840151505,8,6,1,254.9,197.8,30.4,6,6,1,205.6,197.8,30.4
256,256,15,489.3,14,466.4,0,0,4.91240412484,7,6,2,235.6,200.3,53.4,6,6,2,212.7,200.3,53.4
257,257,13,435.2,13,435.2,0,0,3.48285176404,6,6,1,209.9,197.3,28.0,6,6,1,209.9,197.3,28.0
258,258,14,456.3,13,432.7,0,0,4.40375089873,7,6,1,231.4,192.6,32.3,7,5,1,231.4,169.0,32.3
259,259,14,463.0,13,440.8,0,0,4.28888161349,7,5,2,235.9,171.2,55.9,7,5,1,235.9,171.2,33.7
260,260,14,457.1,13,432.6,0,0,4.72159523238,7,6,1,224.2,199.6,33.3,6,6,1,199.7,199.6,33.3
261,261,16,510.7,14,462.1,0,0,4.95408501475,8,6,2,253.9,197.6,59.2,7,5,2,229.3,173.6,59.2
262,262,14,451.8,13,427.4,0,0,4.56144858426,7,5,2,226.3,168.9,56.6,7,5,1,226.3,168.9,32.2
263,263,13,418.7,12,395.8,0,0,4.93228505841,7,5,1,221.7,165.8,31.2,6,5,1,198.8,165.8,31.2
264,264,15,481.3,15,481.3,0,0,4.5174054922,8,6,1,256.9,192.7,31.7,8,6,1,256.9,192.7,31.7
265,265,15,474.8,14,452.0,0,0,4.52672487514,8,5,2,255.9,159.8,59.1,8,4,2,255.9,137.0,59.1
266,266,16,500.0,14,452.9,0,0,4.83611414257,8,6,2,256.6,185.5,57.9,8,4,2,256.6,138.4,57.9
267,267,16,529.8,16,529.8,0,0,4.26659505148,8,6,2,275.9,194.5,59.4,8,6,2,275.9,194.5,59.4
268,268,15,499.0,15,499.0,0,0,4.60336315979,8,5,2,268.8,169.0,61.2,8,5,2,268.8,169.0,61.2
269,269,15,495.1,14,471.7,0,0,4.97973990524,8,5,2,265.8,166.8,62.5,8,4,2,265.8,143.4,62.5
270,270,16,511.9,16,511.9,0,0,3.59563972055,8,6,2,258.5,191.3,62.1,8,6,2,258.5,191.3,62.1
271,271,16,520.9,15,496.9,0,0,3.81085620301,8,6,2,272.1,187.8,61.0,8,5,2,272.1,163.8,61.0
272,272,15,498.0,15,498.0,0,0,3.42282256124,7,6,2,241.6,194.8,61.6,7,6,2,241.6,194.8,61.6
273,273,16,516.8,14,469.1,0,0,4.56040933835,8,6,2,256.7,195.3,64.8,7,5,2,233.8,170.5,64.8
274,274,16,532.7,16,532.7,0,0,3.57854136952,8,6,2,271.7,194.8,66.2,8,6,2,271.7,194.8,66.2
275,275,16,528.4,16,528.4,0,0,3.20114562826,8,6,2,271.4,191.5,65.5,8,6,2,271.4,191.5,65.5
276,276,16,532.2,16,532.2,0,0,3.57936214057,8,6,2,267.8,198.4,66.0,8,6,2,267.8,198.4,66.0
277,277,16,527.3,16,527.3,0,0,3.79788866784,8,6,2,276.7,191.0,59.6,8,6,2,276.7,191.0,59.6
278,278,16,513.4,13,442.8,0,0,5.36083015959,8,6,2,271.0,174.7,67.7,8,3,2,271.0,104.1,67.7
279,279,16,504.8,14,458.8,0,0,5.1128596043,8,6,2,266.9,171.2,66.7,8,4,2,266.9,125.2,66.7
280,280,15,484.1,14,459.5,0,0,4.56093140028,8,5,2,262.3,162.0,59.8,7,5,2,237.7,162.0,59.8
281,281,14,459.4,14,459.4,0,0,4.42299187687,7,5,2,240.3,157.3,61.8,7,5,2,240.3,157.3,61.8
282,282,15,479.9,14,455.4,0,0,4.57797002216,8,5,2,263.7,153.6,62.6,7,5,2,239.2,153.6,62.6
283,283,15,475.2,13,427.0,0,0,4.89156708749,8,5,2,257.7,157.1,60.4,6,5,2,209.5,157.1,60.4
284,284,15,478.4,13,431.7,0,0,4.96609456596,8,5,2,260.6,154.8,63.0,7,4,2,238.0,130.7,63.0
285,285,15,479.0,13,432.7,0,0,5.11631377719,8,5,2,258.1,160.0,60.9,7,4,2,235.9,135.9,60.9
286,286,14,460.1,13,435.7,0,0,4.01393862642,8,4,2,263.6,137.8,58.7,7,4,2,239.2,137.8,58.7
287,287,15,487.8,15,487.8,0,0,4.00610248781,7,6,2,239.6,184.5,63.7,7,6,2,239.6,184.5,63.7
288,288,15,500.0,15,500.0,0,0,3.68852790355,8,5,2,269.1,169.7,61.2,8,5,2,269.1,169.7,61.2
289,289,16,503.3,15,480.4,0,0,4.76402753281,8,6,2,262.8,182.1,58.4,7,6,2,239.9,182.1,58.4
290,290,15,465.3,13,417.9,0,0,4.68694234778,7,6,2,232.5,171.3,61.5,7,4,2,232.5,123.9,61.5
291,291,14,461.9,14,461.9,0,0,3.53585247815,7,5,2,238.4,158.7,64.8,7,5,2,238.4,158.7,64.8
292,292,15,487.1,14,462.9,0,0,4.3341610931,8,5,2,258.4,163.4,65.3,7,5,2,234.2,163.4,65.3
293,293,15,484.0,14,460.0,0,0,4.00047616213,8,5,2,249.5,166.0,68.5,7,5,2,225.5,166.0,68.5
294,294,13,435.5,13,435.5,0,0,4.52419421923,6,5,2,206.7,158.0,70.8,6,5,2,206.7,158.0,70.8
295,295,14,451.5,12,403.7,0,0,5.20543355174,7,5,2,226.5,156.8,68.2,6,4,2,201.9,133.6,68.2
296,296,14,462.0,14,462.0,0,0,3.57232955668,7,5,2,225.2,170.6,66.2,7,5,2,225.2,170.6,66.2
297,297,16,497.7,14,449.9,0,0,4.4027974062,8,6,2,241.6,195.4,60.7,6,6,2,193.8,195.4,60.7
298,298,16,503.2,14,456.5,0,0,4.75590860579,8,6,2,245.7,200.1,57.4,7,6,1,222.9,200.1,33.5
299,299,16,505.0,14,456.5,0,0,4.93759388096,8,6,2,257.7,193.1,54.2,6,6,2,209.2,193.1,54.2
300,300,16,511.2,16,511.2,0,0,3.72862798716,8,6,2,255.1,189.7,66.4,8,6,2,255.1,189.7,66.4
301,301,13,433.3,12,409.1,0,0,4.23976898258,6,4,3,201.8,143.8,87.7,6,4,2,201.8,143.8,63.5
302,302,14,448.6,14,448.6,0,0,4.85603736611,8,4,2,243.8,142.4,62.4,8,4,2,243.8,142.4,62.4
303,303,14,437.8,14,437.8,0,0,3.12937166744,7,5,2,220.1,159.4,58.3,7,5,2,220.1,159.4,58.3
304,304,9,253.0,6,185.1,0,0,4.57396011254,6,3,0,167.3,85.7,0,4,2,0,123.4,61.7,0
305,305,16,433.8,10,306.2,2,36.7,5.59367201994,9,5,2,230.8,155.6,47.4,6,4,0,173.9,132.3,0
306,306,17,435.9,9,264.0,2,33.8,4.78161306772,9,6,2,221.2,161.6,53.1,4,4,1,112.3,120.4,31.3
307,307,17,432.4,11,306.8,2,35.1,4.40964017473,9,6,2,219.6,161.5,51.3,6,4,1,157.4,122.4,27.0
308,308,17,448.5,10,295.4,2,35.6,4.53930546644,9,6,2,231.7,160.1,56.7,5,4,1,144.8,118.1,32.5
309,309,17,453.9,13,367.8,1,16.6,3.93255642045,9,6,2,231.5,163.9,58.5,5,6,2,145.4,163.9,58.5
310,310,17,459.6,10,303.2,1,16.3,4.78473368858,9,6,2,215.9,182.2,61.5,2,6,2,59.5,182.2,61.5
311,311,17,465.1,12,356.7,1,16.0,4.52797675893,9,6,2,231.7,174.9,58.5,5,5,2,147.0,151.2,58.5
312,312,17,453.9,11,322.9,1,15.6,4.55905692002,9,6,2,220.9,173.5,59.5,4,5,2,112.0,151.4,59.5
313,313,17,465.0,13,384.1,2,35.3,5.01200030515,9,6,2,229.4,178.2,57.4,6,5,2,170.4,156.3,57.4
314,314,17,464.4,11,333.5,1,15.4,5.04780091898,9,6,2,236.4,167.8,60.2,5,4,2,150.9,122.4,60.2
315,315,17,455.1,11,329.6,2,34.4,5.74910478965,9,6,2,223.3,174.7,57.1,5,4,2,143.1,129.4,57.1
316,316,18,492.9,13,395.2,4,73.1,6.37137440155,10,6,2,264.3,175.1,53.5,8,4,1,229.9,136.4,28.9
317,317,17,459.7,11,333.3,2,36.8,6.02402054523,9,6,2,235.0,174.5,50.2,6,3,2,174.2,108.9,50.2
318,318,17,455.0,9,274.8,1,17.7,5.79719125703,9,6,2,230.1,174.8,50.1,4,4,1,115.8,133.8,25.2
