,e_id,num_sat,sum_snr,num_sat_25,sum_snr_25,snr_std,elev_0_30,elev_30_60,elev_60_90,elev_0_30_25,elev_30_60_25,elev_60_90_25
1,1,17,531.3,16,506.5,3.74351399875,8,7,2,8,6,2
2,2,17,536.9,16,512.8,4.27379153886,8,7,2,8,6,2
3,3,17,544.0,16,521.6,3.61991021988,8,7,2,8,6,2
4,4,18,572.0,16,524.5,4.07366803285,9,7,2,8,6,2
5,5,19,596.6,17,555.1,5.1930509123,10,7,2,9,6,2
6,6,18,545.7,16,497.3,3.92791667577,9,7,2,8,6,2
7,7,17,508.3,14,437.5,4.65550749113,9,7,1,8,5,1
8,8,17,519.9,14,447.2,4.16566850789,9,7,1,8,5,1
9,9,17,521.5,15,473.3,4.23372315636,9,6,2,8,6,1
10,10,16,503.7,16,503.7,3.80179234046,8,6,2,8,6,2
11,11,16,509.6,16,509.6,3.32766184179,8,6,2,8,6,2
12,12,17,522.6,16,499.4,4.36320679425,9,6,2,9,5,2
13,13,18,551.3,17,526.7,4.15859217631,9,7,2,8,7,2
14,14,17,529.4,16,504.4,3.8563355053,9,6,2,8,6,2
15,15,17,531.0,16,507.3,4.33011852847,9,6,2,8,6,2
16,16,17,527.3,16,503.2,3.88944650531,9,6,2,9,6,1
17,17,18,563.0,16,515.3,4.01959253943,9,7,2,8,6,2
18,18,17,536.5,16,512.6,4.14473443412,9,6,2,8,6,2
19,19,18,563.4,17,539.3,4.01629035744,9,7,2,8,7,2
20,20,18,560.4,17,536.7,4.11810921776,9,7,2,8,7,2
21,21,18,561.4,17,539.0,4.10693658395,9,7,2,8,7,2
22,22,16,508.3,16,508.3,3.6756348658,8,6,2,8,6,2
23,23,17,540.2,16,515.2,3.82598507116,9,6,2,8,6,2
24,24,17,532.2,16,509.8,4.43275740767,9,6,2,8,6,2
25,25,16,516.0,16,516.0,3.52003787858,8,6,2,8,6,2
26,26,16,512.4,16,512.4,3.79727972809,8,6,2,8,6,2
27,27,16,507.6,16,507.6,3.72710790471,8,6,2,8,6,2
28,28,16,509.2,15,484.4,4.3239642305,8,6,2,7,6,2
29,29,18,560.3,16,512.1,4.575742377,9,7,2,8,6,2
30,30,16,517.5,16,517.5,3.8302251892,8,6,2,8,6,2
31,31,16,520.6,16,520.6,3.72645944564,8,6,2,8,6,2
32,32,15,489.6,15,489.6,4.02399943198,8,5,2,8,5,2
33,33,15,493.1,15,493.1,3.80290615689,8,5,2,8,5,2
34,34,16,515.0,15,492.7,4.63751010781,8,6,2,8,5,2
35,35,16,519.5,16,519.5,4.06591010722,8,6,2,8,6,2
36,36,16,517.1,16,517.1,3.75148304008,8,6,2,8,6,2
37,37,17,531.3,15,483.2,4.06019052002,9,6,2,7,6,2
38,38,17,524.8,15,477.5,4.35427443811,8,7,2,7,6,2
39,39,18,540.5,15,469.9,4.88440562409,9,7,2,9,5,1
40,40,16,494.6,16,494.6,4.45179738982,10,4,2,10,4,2
41,41,18,563.5,17,541.1,4.93266092397,9,7,2,9,6,2
42,42,16,505.0,14,455.5,4.50434974959,9,5,2,8,4,2
43,43,16,504.6,14,456.1,4.51838835575,8,6,2,8,4,2
44,44,15,477.7,14,453.7,4.54514916723,8,5,2,8,4,2
45,45,16,499.7,14,452.0,4.72634019794,9,5,2,8,4,2
46,46,15,479.9,15,479.9,3.96655061855,8,5,2,8,5,2
47,47,16,512.0,16,512.0,3.95946124281,8,6,2,8,6,2
48,48,15,457.7,14,434.9,4.08461690224,8,5,2,8,4,2
49,49,16,502.1,16,502.1,4.08137538092,8,6,2,8,6,2
50,50,17,523.9,15,476.6,4.54522211973,8,7,2,8,5,2
51,51,17,521.3,15,478.0,5.01409777234,8,7,2,8,5,2
52,52,17,520.4,15,475.3,4.70835458958,8,7,2,8,5,2
53,53,17,528.3,17,528.3,4.1881573233,8,7,2,8,7,2
54,54,17,523.8,15,473.8,4.52325689533,8,7,2,7,6,2
55,55,17,527.4,16,502.4,4.55172074766,8,7,2,7,7,2
56,56,17,529.9,17,529.9,4.5612175877,8,7,2,8,7,2
57,57,18,542.4,15,472.4,5.26911087488,9,7,2,8,5,2
58,58,18,545.5,16,498.3,5.11565903088,9,7,2,7,7,2
59,59,17,523.1,15,477.3,5.1527619664,9,6,2,8,5,2
60,60,16,503.0,15,480.5,4.74368000607,8,6,2,8,5,2
61,61,17,514.8,13,422.6,5.28124456143,9,6,2,8,4,1
62,62,16,500.9,15,477.0,4.53011681233,8,6,2,8,6,1
63,63,16,498.9,14,449.5,5.006558199,8,6,2,8,5,1
64,64,16,481.0,12,381.9,4.87071178919,8,6,2,6,5,1
65,65,17,508.9,13,410.6,4.97857172998,9,6,2,7,5,1
66,66,17,509.7,14,438.4,4.5906474617,9,6,2,8,5,1
67,67,17,515.7,15,467.7,4.25454773984,9,6,2,8,5,2
68,68,18,520.6,13,401.7,4.88341196484,9,7,2,8,4,1
69,69,1,23.7,0,0,,0,1,0,0,0,0
70,70,3,84.4,2,60.7,4.17891532976,0,3,0,0,2,0
71,71,14,389.7,8,257.3,5.76015586633,7,5,2,1,5,2
72,72,18,466.1,9,277.8,5.80856084456,9,7,2,1,6,2
73,73,18,477.9,10,308.3,5.6550081916,9,7,2,2,6,2
74,74,18,463.0,11,319.1,4.66546202939,9,7,2,4,5,2
75,75,18,465.7,11,323.6,5.43699804234,9,7,2,4,6,1
76,76,18,479.0,10,304.5,5.31920923899,9,7,2,1,7,2
77,77,19,510.8,13,384.9,5.08650318194,10,7,2,4,7,2
78,78,19,492.5,12,354.8,5.89025362097,10,7,2,3,7,2
79,79,19,498.7,10,310.4,6.19725462703,10,7,2,2,6,2
80,80,19,495.5,10,305.0,5.58386355168,10,7,2,2,6,2
81,81,19,491.8,10,294.7,4.67098171431,10,7,2,2,6,2
82,82,19,469.2,8,237.9,5.35199585661,10,7,2,2,4,2
83,83,19,496.5,11,324.5,5.12824993233,10,7,2,3,6,2
