,e_id,num_sat,sum_snr,num_sat_25,sum_snr_25,snr_std,elev_0_30,elev_30_60,elev_60_90,elev_0_30_25,elev_30_60_25,elev_60_90_25
1,1,19,535.8,13,407.6,5.35215429108,7,9,3,3,7,3
2,2,18,568.9,16,525.6,4.98556412788,6,9,3,6,7,3
3,3,18,613.3,17,588.9,4.04341229737,6,9,3,6,8,3
4,4,18,571.8,15,501.2,6.11584249403,6,9,3,6,7,2
5,5,16,525.6,16,525.6,4.67332857822,5,8,3,5,8,3
6,6,16,511.8,14,463.5,4.69181912126,6,8,2,6,7,1
7,7,17,543.1,17,543.1,4.41745368497,6,8,3,6,8,3
8,8,17,535.0,17,535.0,4.07043681714,6,9,2,6,9,2
9,9,15,478.7,15,478.7,4.75152105972,5,8,2,5,8,2
10,10,15,475.6,14,451.6,5.35556675228,5,8,2,5,8,1
11,11,16,516.4,16,516.4,4.75724009625,6,9,1,6,9,1
12,12,17,524.3,16,499.7,4.64530123129,6,9,2,6,9,1
13,13,18,557.6,15,484.8,4.87074768455,6,9,3,6,7,2
14,14,17,533.8,16,510.4,5.09521834665,6,9,2,6,8,2
15,15,18,564.1,17,540.6,4.83092231955,6,9,3,6,8,3
16,16,17,533.0,16,508.3,5.18545051648,5,9,3,4,9,3
17,17,17,527.4,14,455.6,5.57791733219,6,9,2,4,8,2
18,18,17,524.0,14,452.3,5.61109719794,6,8,3,4,7,3
19,19,17,527.6,15,481.3,5.64423834282,5,9,3,4,9,2
20,20,17,529.2,14,456.0,5.57771959517,6,9,2,4,8,2
21,21,17,541.1,14,469.5,5.61991600314,5,9,3,4,8,2
22,22,18,583.4,18,583.4,4.92471425136,6,9,3,6,9,3
23,23,18,572.6,16,522.7,4.80598755095,6,8,4,6,8,2
24,24,18,584.3,18,584.3,4.48725500906,7,8,3,7,8,3
25,25,17,575.2,16,550.4,5.16550350601,5,9,3,5,8,3
26,26,18,626.8,18,626.8,4.77820487527,6,9,3,6,9,3
27,27,18,622.4,18,622.4,4.53892388847,6,8,4,6,8,4
28,28,18,614.4,18,614.4,4.69116817259,6,8,4,6,8,4
29,29,17,574.8,17,574.8,4.82608567487,6,8,3,6,8,3
30,30,18,631.1,18,631.1,4.54068391958,6,9,3,6,9,3
31,31,18,607.5,18,607.5,5.02455734076,5,9,4,5,9,4
32,32,19,630.7,18,607.3,4.65181848363,7,8,4,6,8,4
33,33,18,595.3,15,525.2,6.02190174726,7,8,3,6,7,2
34,34,16,573.4,16,573.4,4.30935029906,5,9,2,5,9,2
35,35,15,538.5,15,538.5,5.01070283066,5,8,2,5,8,2
36,36,15,527.2,15,527.2,5.70223849111,4,8,3,4,8,3
37,37,16,545.6,16,545.6,4.82894053253,5,9,2,5,9,2
38,38,14,491.6,14,491.6,4.48756523721,5,8,1,5,8,1
39,39,15,516.5,15,516.5,4.06143301006,4,8,3,4,8,3
40,40,17,543.6,14,472.4,5.50619303736,5,9,3,4,7,3
41,41,18,580.7,16,533.1,5.47219053771,6,9,3,5,8,3
42,42,15,513.9,15,513.9,4.3929814152,4,8,3,4,8,3
43,43,14,482.1,14,482.1,4.0089528928,4,7,3,4,7,3
44,44,16,549.3,16,549.3,4.63806263433,5,8,3,5,8,3
45,45,16,544.9,15,521.2,4.8394171481,5,8,3,4,8,3
46,46,16,558.7,16,558.7,4.82026537997,5,8,3,5,8,3
47,47,16,558.3,16,558.3,4.62795401158,6,8,2,6,8,2
48,48,18,606.9,18,606.9,4.65292444408,7,8,3,7,8,3
49,49,18,607.7,16,560.5,5.24361111414,7,8,3,6,7,3
50,50,17,595.1,17,595.1,4.01364400954,6,7,4,6,7,4
51,51,17,580.6,17,580.6,5.0986662039,5,9,3,5,9,3
52,52,15,538.0,15,538.0,3.8791874456,5,7,3,5,7,3
53,53,18,629.5,18,629.5,4.99197067718,6,9,3,6,9,3
54,54,19,649.8,19,649.8,4.99977777284,7,9,3,7,9,3
55,55,19,650.9,19,650.9,4.35779197268,6,9,4,6,9,4
56,56,19,640.6,17,591.2,5.27839023839,7,9,3,5,9,3
57,57,19,615.1,16,542.6,5.04863481055,7,8,4,5,8,3
58,58,19,640.7,18,616.3,4.36686754594,6,9,4,5,9,4
59,59,18,613.9,18,613.9,4.22547905007,6,9,3,6,9,3
60,60,17,600.4,17,600.4,3.91091985569,5,9,3,5,9,3
61,61,17,592.2,17,592.2,4.61220407946,5,9,3,5,9,3
62,62,17,591.7,17,591.7,4.79172080106,6,8,3,6,8,3
63,63,17,597.4,17,597.4,4.11568020252,5,9,3,5,9,3
64,64,18,591.2,17,567.4,4.91841942835,6,9,3,6,8,3
65,65,18,601.4,16,552.3,5.15727799715,6,9,3,5,8,3
66,66,18,613.4,17,590.9,5.07282906978,6,9,3,6,8,3
67,67,18,624.4,17,600.2,4.87477165545,6,9,3,5,9,3
68,68,17,607.8,17,607.8,4.03176723768,5,8,4,5,8,4
69,69,16,574.2,16,574.2,3.96011363473,5,8,3,5,8,3
70,70,16,564.4,16,564.4,4.28400124494,4,9,3,4,9,3
71,71,18,601.6,18,601.6,3.60710989992,6,9,3,6,9,3
72,72,18,617.2,18,617.2,4.54854713571,5,9,4,5,9,4
73,73,18,614.4,18,614.4,4.60855981077,6,9,3,6,9,3
74,74,18,611.0,18,611.0,4.49237553066,6,9,3,6,9,3
75,75,18,621.5,18,621.5,4.12407644642,5,9,4,5,9,4
76,76,17,588.3,17,588.3,4.4355764265,5,9,3,5,9,3
77,77,19,633.9,19,633.9,4.27605874171,7,9,3,7,9,3
78,78,19,641.6,19,641.6,4.81248984202,7,9,3,7,9,3
79,79,19,661.2,19,661.2,4.60265623792,6,9,4,6,9,4
80,80,19,661.2,19,661.2,5.29874198906,6,9,4,6,9,4
81,81,19,665.3,19,665.3,4.76762964141,7,9,3,7,9,3
82,82,19,666.4,19,666.4,4.84571312322,6,9,4,6,9,4
83,83,19,676.5,19,676.5,4.70997448498,6,9,4,6,9,4
84,84,19,614.2,18,590.3,4.49565742384,6,9,4,5,9,4
85,85,17,554.6,17,554.6,4.31704896483,4,9,4,4,9,4
86,86,15,472.6,15,472.6,3.95139517253,3,9,3,3,9,3
87,87,16,507.5,14,459.7,4.325,4,9,3,4,8,2
88,88,15,477.9,14,453.7,4.0637421178,4,7,4,4,7,3
89,89,15,483.3,14,458.7,3.49616116006,4,8,3,4,8,2
90,90,16,498.6,15,476.0,4.20077373825,4,9,3,4,8,3
91,91,16,504.5,15,480.7,4.40374367253,4,9,3,4,8,3
92,92,16,504.3,15,481.2,4.17551892983,4,9,3,4,8,3
93,93,15,484.5,15,484.5,3.70867708412,4,8,3,4,8,3
94,94,16,515.0,16,515.0,3.56742203839,4,9,3,4,9,3
95,95,15,479.7,14,456.1,3.78043837216,4,9,2,4,8,2
96,96,15,489.3,15,489.3,3.44138676367,4,9,2,4,9,2
97,97,16,520.2,16,520.2,3.63664222418,4,9,3,4,9,3
98,98,17,537.1,15,491.1,4.56993853737,5,9,3,4,9,2
99,99,16,505.9,14,459.3,4.91504069159,4,9,3,4,8,2
100,100,17,540.2,16,516.1,4.20721544073,5,9,3,4,9,3
101,101,16,515.3,16,515.3,3.81496505008,4,9,3,4,9,3
102,102,15,496.2,15,496.2,3.17921823275,4,9,2,4,9,2
103,103,16,497.7,13,427.4,4.99178909143,5,9,2,4,8,1
104,104,14,458.3,13,435.3,4.27759946031,4,8,2,4,8,1
105,105,16,518.3,15,494.7,4.63054622408,4,9,3,3,9,3
106,106,17,532.9,14,461.5,5.04630033379,5,9,3,4,9,1
107,107,16,523.1,16,523.1,4.28477440091,4,9,3,4,9,3
108,108,16,532.8,16,532.8,4.11695680489,4,9,3,4,9,3
109,109,15,504.1,14,479.9,4.42807063221,4,8,3,4,7,3
110,110,16,525.6,14,478.0,5.01570865714,5,8,3,4,7,3
111,111,17,556.8,16,534.3,4.02618269069,5,9,3,4,9,3
112,112,18,580.9,17,557.7,3.90592394064,6,9,3,5,9,3
113,113,18,584.0,17,559.9,3.65436438864,5,9,4,4,9,4
114,114,17,552.4,17,552.4,4.04991829983,5,9,3,5,9,3
115,115,17,548.2,15,500.6,4.43707640895,5,9,3,4,9,2
116,116,15,503.2,15,503.2,4.3848548871,4,9,2,4,9,2
117,117,16,506.3,13,437.3,5.27471563215,6,8,2,4,8,1
118,118,19,581.1,13,439.5,5.28354501762,6,9,4,4,8,1
119,119,18,577.0,16,529.1,4.69858830141,5,9,4,4,9,3
120,120,18,566.8,16,521.4,5.00950730099,6,9,3,4,9,3
121,121,17,556.5,15,507.4,5.13175666518,4,9,4,3,9,3
122,122,16,533.8,16,533.8,5.10919106448,4,8,4,4,8,4
123,123,15,507.0,15,507.0,5.03345947493,3,8,4,3,8,4
124,124,16,521.8,13,450.3,5.80802605596,4,9,3,3,7,3
125,125,16,533.7,16,533.7,4.56581044285,4,9,3,4,9,3
126,126,17,552.9,16,529.2,4.61756556691,5,9,3,4,9,3
127,127,17,503.2,15,456.8,3.94588393139,5,9,3,4,9,2
128,128,16,457.4,11,338.6,4.17147056404,4,9,3,3,8,0
129,129,15,425.8,12,355.7,3.38291224215,4,8,3,3,7,2
130,130,15,475.5,14,451.4,4.82064014718,4,8,3,4,7,3
131,131,13,410.0,10,336.9,4.71920516993,5,6,2,4,6,0
132,132,17,506.6,12,391.3,5.91766423515,6,9,2,3,9,0
133,133,16,494.8,15,470.8,4.66954673032,4,10,2,3,10,2
134,134,15,461.7,11,363.5,5.18971510366,4,9,2,3,8,0
135,135,17,512.3,12,392.0,5.37679518585,6,8,3,3,8,1
136,136,16,513.0,16,513.0,4.74859628382,4,10,2,4,10,2
137,137,15,424.1,9,280.4,4.39243939167,4,9,2,3,6,0
138,138,16,479.4,12,383.9,5.27318689219,5,9,2,3,8,1
139,139,16,487.3,13,416.6,5.12587797358,5,9,2,5,8,0
140,140,16,497.7,14,449.3,4.82610522748,5,9,2,4,9,1
141,141,16,493.4,13,423.2,4.71492311708,4,9,3,3,9,1
142,142,14,429.8,12,383.8,4.91215133818,4,8,2,3,8,1
143,143,14,436.8,13,413.1,4.80896598513,4,8,2,4,8,1
144,144,15,466.6,13,418.3,4.8787391033,4,9,2,4,8,1
145,145,16,480.9,13,410.9,5.25191631693,5,9,2,4,8,1
146,146,15,480.8,15,480.8,4.12030974333,4,9,2,4,9,2
147,147,17,499.0,14,428.3,5.32178513836,6,9,2,4,8,2
148,148,17,507.3,12,384.4,4.79205838126,6,9,2,4,7,1
149,149,16,487.4,14,439.6,5.17904431338,6,8,2,5,8,1
150,150,15,463.9,15,463.9,4.45540869805,6,9,0,6,9,0
151,151,15,456.0,13,406.8,4.56226760661,6,8,1,5,8,0
152,152,14,435.2,14,435.2,4.21441795285,6,8,0,6,8,0
153,153,15,459.4,14,437.2,4.45524837638,7,8,0,6,8,0
154,154,15,459.6,14,435.3,4.21575277128,7,8,0,6,8,0
155,155,16,483.4,15,459.9,4.2809461571,7,8,1,6,8,1
156,156,16,480.0,14,430.2,4.5423929083,6,9,1,5,8,1
157,157,16,480.3,12,386.0,5.24012961036,7,9,0,5,7,0
158,158,16,477.0,14,431.6,4.90698481758,6,9,1,6,8,0
159,159,15,452.4,14,429.0,4.51692056921,7,8,0,6,8,0
160,160,15,436.2,12,364.4,4.53229680027,6,9,0,4,8,0
161,161,16,457.6,13,388.3,4.44986891193,6,8,2,4,8,1
162,162,16,460.6,13,390.8,4.31970292188,5,8,3,4,8,1
163,163,15,454.3,11,361.1,5.47681694139,3,9,3,3,7,1
164,164,15,467.1,12,396.7,5.13973317818,5,9,1,3,8,1
165,165,18,569.3,16,522.5,4.80083394172,6,9,3,5,8,3
166,166,17,564.9,17,564.9,3.26166458765,5,8,4,5,8,4
167,167,17,570.6,17,570.6,3.26380551973,5,9,3,5,9,3
168,168,18,582.3,17,558.9,4.52148465987,6,9,3,5,9,3
169,169,18,584.3,16,536.1,4.49197177835,6,9,3,5,8,3
170,170,17,551.4,16,528.4,4.55012928065,6,8,3,5,8,3
171,171,17,565.1,17,565.1,4.09558585912,5,9,3,5,9,3
172,172,18,589.0,18,589.0,4.57082249717,6,9,3,6,9,3
173,173,17,561.8,17,561.8,4.07049100955,5,9,3,5,9,3
174,174,17,563.8,17,563.8,4.1442642858,5,9,3,5,9,3
175,175,17,564.6,17,564.6,4.1309627136,5,9,3,5,9,3
176,176,17,564.5,17,564.5,3.7721795073,5,9,3,5,9,3
177,177,17,565.4,17,565.4,3.99484962538,5,9,3,5,9,3
178,178,17,570.3,17,570.3,3.70744481534,5,9,3,5,9,3
179,179,17,567.5,17,567.5,4.37981667626,5,9,3,5,9,3
180,180,18,589.9,17,565.8,4.77256936049,6,9,3,6,8,3
181,181,18,592.3,18,592.3,4.40901112325,6,9,3,6,9,3
182,182,17,562.7,17,562.7,4.40766378028,5,8,4,5,8,4
183,183,18,587.5,16,538.7,5.02805527707,6,9,3,5,8,3
184,184,19,606.1,17,557.6,4.63860611247,7,9,3,5,9,3
185,185,19,602.4,16,530.4,4.68905032842,7,9,3,5,8,3
186,186,19,611.8,16,541.1,4.77981868554,7,8,4,4,8,4
187,187,18,588.2,18,588.2,3.58420645997,6,8,4,6,8,4
188,188,17,561.8,17,561.8,3.40699971512,5,8,4,5,8,4
189,189,16,542.6,16,542.6,3.25348531066,5,8,3,5,8,3
190,190,18,576.1,17,553.7,4.08317526705,7,8,3,6,8,3
191,191,18,589.8,18,589.8,3.47410589429,6,8,4,6,8,4
192,192,18,576.4,17,553.9,4.31475656127,6,8,4,6,7,4
193,193,18,583.4,18,583.4,3.39721146702,6,9,3,6,9,3
194,194,18,582.5,18,582.5,3.37589010291,6,9,3,6,9,3
195,195,19,606.0,18,582.7,4.32941793422,7,9,3,6,9,3
196,196,19,606.4,18,583.8,4.20875584122,6,9,4,6,8,4
197,197,18,578.9,18,578.9,3.95550827981,6,9,3,6,9,3
198,198,18,568.8,17,544.6,4.30102586942,6,9,3,6,8,3
199,199,18,581.2,18,581.2,3.55376997648,6,8,4,6,8,4
200,200,18,578.4,17,554.6,4.32285308836,7,8,3,6,8,3
201,201,19,606.4,19,606.4,3.81098750077,6,9,4,6,9,4
202,202,19,587.3,18,563.4,5.16471949726,7,9,3,6,9,3
203,203,19,599.2,17,554.3,5.197243984,6,9,4,4,9,4
204,204,17,550.2,15,503.2,5.35863102579,5,8,4,4,8,3
205,205,16,532.6,16,532.6,4.121144663,3,9,4,3,9,4
206,206,17,554.1,16,529.4,4.33091655834,5,9,3,5,8,3
207,207,17,557.9,16,533.5,3.8226684551,5,8,4,4,8,4
208,208,17,559.7,14,488.8,4.94653027532,5,9,3,3,8,3
209,209,17,570.2,17,570.2,3.86313648858,4,10,3,4,10,3
210,210,17,553.1,15,505.8,4.27243214933,5,9,3,4,8,3
211,211,18,586.5,17,562.3,4.01442252825,6,8,4,5,8,4
212,212,18,584.7,17,560.6,3.86739766586,5,9,4,5,8,4
213,213,17,552.0,17,552.0,3.99042051448,5,9,3,5,9,3
214,214,18,584.4,17,559.6,4.36200169917,6,9,3,5,9,3
215,215,18,585.1,18,585.1,3.91369724733,5,9,4,5,9,4
216,216,17,549.2,17,549.2,4.33971061654,5,9,3,5,9,3
217,217,16,526.0,16,526.0,3.53204378984,4,9,3,4,9,3
218,218,17,551.1,16,527.0,4.33607473617,6,8,3,5,8,3
219,219,17,547.7,16,522.9,4.765925316,5,9,3,5,9,2
220,220,17,528.1,16,505.4,4.98133280063,6,9,2,5,9,2
221,221,16,502.6,16,502.6,4.70076234952,6,8,2,6,8,2
222,222,17,532.5,16,510.1,4.92665320118,6,9,2,6,9,1
223,223,16,516.6,15,493.6,5.22530700852,5,9,2,5,9,1
224,224,18,584.3,16,538.1,4.86876465657,7,8,3,5,8,3
225,225,15,456.5,12,386.4,5.37821885899,5,7,3,2,7,3
226,226,14,441.8,12,395.6,5.26727404111,3,7,4,2,6,4
227,227,16,502.9,13,432.6,5.44312639941,5,8,3,3,7,3
228,228,17,519.5,13,427.0,5.58312847151,6,8,3,3,7,3
229,229,2,75.5,2,75.5,4.171930009,0,1,1,0,1,1
230,230,2,64.9,2,64.9,3.0405591591,0,1,1,0,1,1
231,231,16,415.1,9,262.4,4.52135212077,6,6,4,2,4,3
232,232,17,426.0,9,258.2,4.84072035232,7,6,4,2,5,2
233,233,17,422.7,8,229.3,4.72902489638,7,6,4,3,4,1
234,234,18,440.3,8,232.4,5.39740012456,8,6,4,3,5,0
235,235,18,442.9,9,259.7,5.44453014472,8,6,4,4,4,1
236,236,18,430.1,7,205.5,5.77972849171,8,6,4,2,4,1
237,237,18,436.9,8,230.7,5.30369522187,8,6,4,2,5,1
238,238,18,432.1,8,228.8,5.30509990173,8,6,4,3,4,1
239,239,18,419.0,7,200.4,5.23130346546,8,6,4,1,3,3
240,240,18,436.4,9,257.7,5.43000619892,8,6,4,2,5,2
241,241,18,417.0,8,233.0,6.04619471968,8,6,4,2,5,1
242,242,18,451.2,9,280.6,6.85359502056,8,6,4,2,5,2
243,243,18,448.1,10,295.0,6.2594373194,8,6,4,3,5,2
244,244,18,467.0,12,352.7,5.90057048311,8,6,4,3,5,4
245,245,19,474.9,8,248.9,6.02591382505,9,6,4,2,3,3
246,246,18,461.0,9,270.7,5.57334928227,8,6,4,2,3,4
247,247,19,482.5,8,245.9,5.35490156401,9,6,4,1,3,4
248,248,18,470.0,10,293.8,4.77959989574,8,6,4,4,3,3
249,249,18,469.1,11,319.4,4.84672586743,8,6,4,2,5,4
250,250,18,487.0,11,347.5,6.82359420749,8,6,4,3,5,3
251,251,18,482.0,11,342.5,6.71780387395,7,6,5,2,5,4
