,e_id,num_sat,sum_snr,num_sat_25,sum_snr_25,num_sat_u20,sum_sat_u20,snr_std,elev_0_30,elev_30_60,elev_60_90,sum_elev_0_30,sum_elev_30_60,sum_elev_60_90,elev_0_30_25,elev_30_60_25,elev_60_90_25,sum_elev_0_30_25,sum_elev_30_60_25,sum_elev_60_90_25
1,1,19,535.8,13,407.6,1,17.5,5.35215429108,7,9,3,179.4,263.9,92.5,3,7,3,96.4,218.7,92.5
2,2,18,568.9,16,525.6,1,18.5,4.98556412788,6,9,3,202.6,276.4,89.9,6,7,3,202.6,233.1,89.9
3,3,18,613.3,17,588.9,0,0,4.04341229737,6,9,3,210.8,302.3,100.2,6,8,3,210.8,277.9,100.2
4,4,18,571.8,15,501.2,0,0,6.11584249403,6,9,3,219.8,267.2,84.8,6,7,2,219.8,219.1,62.3
5,5,16,525.6,16,525.6,0,0,4.67332857822,5,8,3,178.9,259.8,86.9,5,8,3,178.9,259.8,86.9
6,6,16,511.8,14,463.5,0,0,4.69181912126,6,8,2,195.5,258.5,57.8,6,7,1,195.5,234.9,33.1
7,7,17,543.1,17,543.1,0,0,4.41745368497,6,8,3,199.4,261.3,82.4,6,8,3,199.4,261.3,82.4
8,8,17,535.0,17,535.0,0,0,4.07043681714,6,9,2,194.3,281.3,59.4,6,9,2,194.3,281.3,59.4
9,9,15,478.7,15,478.7,0,0,4.75152105972,5,8,2,163.2,257.0,58.5,5,8,2,163.2,257.0,58.5
10,10,15,475.6,14,451.6,0,0,5.35556675228,5,8,2,164.0,261.1,50.5,5,8,1,164.0,261.1,26.5
11,11,16,516.4,16,516.4,0,0,4.75724009625,6,9,1,196.1,295.2,25.1,6,9,1,196.1,295.2,25.1
12,12,17,524.3,16,499.7,0,0,4.64530123129,6,9,2,194.9,276.9,52.5,6,9,1,194.9,276.9,27.9
13,13,18,557.6,15,484.8,0,0,4.87074768455,6,9,3,199.1,273.4,85.1,6,7,2,199.1,224.2,61.5
14,14,17,533.8,16,510.4,0,0,5.09521834665,6,9,2,198.7,278.8,56.3,6,8,2,198.7,255.4,56.3
15,15,18,564.1,17,540.6,0,0,4.83092231955,6,9,3,190.6,287.0,86.5,6,8,3,190.6,263.5,86.5
16,16,17,533.0,16,508.3,0,0,5.18545051648,5,9,3,164.0,285.5,83.5,4,9,3,139.3,285.5,83.5
17,17,17,527.4,15,480.6,0,0,5.57791733219,6,9,2,183.0,287.6,56.8,4,9,2,136.2,287.6,56.8
18,18,17,524.0,14,452.3,0,0,5.61109719794,6,8,3,182.5,257.8,83.7,4,7,3,134.8,233.8,83.7
19,19,17,527.6,15,481.3,0,0,5.64423834282,5,9,3,159.6,288.7,79.3,4,9,2,135.6,288.7,57.0
20,20,17,529.2,15,481.0,0,0,5.57771959517,6,9,2,185.3,289.1,54.8,5,8,2,161.8,264.4,54.8
21,21,17,541.1,14,469.5,0,0,5.61991600314,5,9,3,164.5,294.6,82.0,4,8,2,140.4,271.5,57.6
22,22,18,583.4,18,583.4,0,0,4.92471425136,6,9,3,206.6,296.0,80.8,6,9,3,206.6,296.0,80.8
23,23,18,572.6,17,547.7,0,0,4.80598755095,6,8,4,204.5,263.7,104.4,6,8,3,204.5,263.7,79.5
24,24,18,584.3,18,584.3,0,0,4.48725500906,7,8,3,223.6,277.1,83.6,7,8,3,223.6,277.1,83.6
25,25,17,575.2,16,550.4,0,0,5.16550350601,5,9,3,191.5,292.1,91.6,5,8,3,191.5,267.3,91.6
26,26,18,626.8,18,626.8,0,0,4.77820487527,6,9,3,216.1,314.6,96.1,6,9,3,216.1,314.6,96.1
27,27,18,622.4,18,622.4,0,0,4.53892388847,6,8,4,208.5,287.5,126.4,6,8,4,208.5,287.5,126.4
28,28,18,614.4,18,614.4,0,0,4.69116817259,6,8,4,212.7,274.7,127.0,6,8,4,212.7,274.7,127.0
29,29,17,574.8,17,574.8,0,0,4.82608567487,6,8,3,210.2,275.7,88.9,6,8,3,210.2,275.7,88.9
30,30,18,631.1,18,631.1,0,0,4.54068391958,6,9,3,219.0,319.2,92.9,6,9,3,219.0,319.2,92.9
31,31,18,607.5,18,607.5,0,0,5.02455734076,5,9,4,188.9,299.5,119.1,5,9,4,188.9,299.5,119.1
32,32,19,630.7,18,607.3,0,0,4.65181848363,7,8,4,224.7,288.2,117.8,6,8,4,201.3,288.2,117.8
33,33,18,595.3,15,525.2,0,0,6.02190174726,7,8,3,226.7,286.4,82.2,6,7,2,202.0,263.4,59.8
34,34,16,573.4,16,573.4,0,0,4.30935029906,5,9,2,183.9,331.7,57.8,5,9,2,183.9,331.7,57.8
35,35,15,538.5,15,538.5,0,0,5.01070283066,5,8,2,182.3,296.5,59.7,5,8,2,182.3,296.5,59.7
36,36,15,527.2,15,527.2,0,0,5.70223849111,4,8,3,139.6,299.1,88.5,4,8,3,139.6,299.1,88.5
37,37,16,545.6,16,545.6,0,0,4.82894053253,5,9,2,171.9,314.4,59.3,5,9,2,171.9,314.4,59.3
38,38,14,491.6,14,491.6,0,0,4.48756523721,5,8,1,171.3,290.0,30.3,5,8,1,171.3,290.0,30.3
39,39,15,516.5,15,516.5,0,0,4.06143301006,4,8,3,145.9,281.7,88.9,4,8,3,145.9,281.7,88.9
40,40,17,543.6,14,472.4,0,0,5.50619303736,5,9,3,168.0,287.8,87.8,4,7,3,144.9,239.7,87.8
41,41,18,580.7,16,533.1,0,0,5.47219053771,6,9,3,199.6,292.3,88.8,5,8,3,176.8,267.5,88.8
42,42,15,513.9,15,513.9,0,0,4.3929814152,4,8,3,148.2,273.2,92.5,4,8,3,148.2,273.2,92.5
43,43,14,482.1,14,482.1,0,0,4.0089528928,4,7,3,144.8,245.0,92.3,4,7,3,144.8,245.0,92.3
44,44,16,549.3,16,549.3,0,0,4.63806263433,5,8,3,171.5,284.1,93.7,5,8,3,171.5,284.1,93.7
45,45,16,544.9,15,521.2,0,0,4.8394171481,5,8,3,165.5,286.9,92.5,4,8,3,141.8,286.9,92.5
46,46,16,558.7,16,558.7,0,0,4.82026537997,5,8,3,172.7,299.3,86.7,5,8,3,172.7,299.3,86.7
47,47,16,558.3,16,558.3,0,0,4.62795401158,6,8,2,201.1,296.7,60.5,6,8,2,201.1,296.7,60.5
48,48,18,606.9,18,606.9,0,0,4.65292444408,7,8,3,222.9,293.4,90.6,7,8,3,222.9,293.4,90.6
49,49,18,607.7,16,560.5,0,0,5.24361111414,7,8,3,224.7,291.0,92.0,6,7,3,200.5,268.0,92.0
50,50,17,595.1,17,595.1,0,0,4.01364400954,6,7,4,209.4,259.3,126.4,6,7,4,209.4,259.3,126.4
51,51,17,580.6,17,580.6,0,0,5.0986662039,5,9,3,175.9,308.1,96.6,5,9,3,175.9,308.1,96.6
52,52,15,538.0,15,538.0,0,0,3.8791874456,5,7,3,178.9,265.5,93.6,5,7,3,178.9,265.5,93.6
53,53,18,629.5,18,629.5,0,0,4.99197067718,6,9,3,190.3,339.4,99.8,6,9,3,190.3,339.4,99.8
54,54,19,649.8,19,649.8,0,0,4.99977777284,7,9,3,218.0,333.9,97.9,7,9,3,218.0,333.9,97.9
55,55,19,650.9,19,650.9,0,0,4.35779197268,6,9,4,192.5,327.1,131.3,6,9,4,192.5,327.1,131.3
56,56,19,640.6,17,591.2,0,0,5.27839023839,7,9,3,221.0,323.6,96.0,5,9,3,171.6,323.6,96.0
57,57,19,615.1,16,542.6,0,0,5.04863481055,7,8,4,205.9,289.2,120.0,5,8,3,158.2,289.2,95.2
58,58,19,640.7,18,616.3,0,0,4.36686754594,6,9,4,196.4,317.9,126.4,5,9,4,172.0,317.9,126.4
59,59,18,613.9,18,613.9,0,0,4.22547905007,6,9,3,198.5,322.9,92.5,6,9,3,198.5,322.9,92.5
60,60,17,600.4,17,600.4,0,0,3.91091985569,5,9,3,175.8,325.9,98.7,5,9,3,175.8,325.9,98.7
61,61,17,592.2,17,592.2,0,0,4.61220407946,5,9,3,180.8,316.0,95.4,5,9,3,180.8,316.0,95.4
62,62,17,591.7,17,591.7,0,0,4.79172080106,6,8,3,204.8,292.6,94.3,6,8,3,204.8,292.6,94.3
63,63,17,597.4,17,597.4,0,0,4.11568020252,5,9,3,176.3,326.5,94.6,5,9,3,176.3,326.5,94.6
64,64,18,591.2,17,567.4,0,0,4.91841942835,6,9,3,175.0,322.2,94.0,6,8,3,175.0,298.4,94.0
65,65,18,601.4,17,577.3,0,0,5.15727799715,6,9,3,178.6,324.6,98.2,6,8,3,178.6,300.5,98.2
66,66,18,613.4,17,590.9,0,0,5.07282906978,6,9,3,184.3,328.9,100.2,6,8,3,184.3,306.4,100.2
67,67,18,624.4,17,600.2,0,0,4.87477165545,6,9,3,184.2,338.5,101.7,5,9,3,160.0,338.5,101.7
68,68,17,607.8,17,607.8,0,0,4.03176723768,5,8,4,159.6,308.5,139.7,5,8,4,159.6,308.5,139.7
69,69,16,574.2,16,574.2,0,0,3.96011363473,5,8,3,163.8,309.1,101.3,5,8,3,163.8,309.1,101.3
70,70,16,564.4,16,564.4,0,0,4.28400124494,4,9,3,128.3,338.4,97.7,4,9,3,128.3,338.4,97.7
71,71,18,601.6,18,601.6,0,0,3.60710989992,6,9,3,188.5,313.2,99.9,6,9,3,188.5,313.2,99.9
72,72,18,617.2,18,617.2,0,0,4.54854713571,5,9,4,174.2,317.0,126.0,5,9,4,174.2,317.0,126.0
73,73,18,614.4,18,614.4,0,0,4.60855981077,6,9,3,189.4,330.3,94.7,6,9,3,189.4,330.3,94.7
74,74,18,611.0,18,611.0,0,0,4.49237553066,6,9,3,185.1,327.3,98.6,6,9,3,185.1,327.3,98.6
75,75,18,621.5,18,621.5,0,0,4.12407644642,5,9,4,167.9,325.9,127.7,5,9,4,167.9,325.9,127.7
76,76,17,588.3,17,588.3,0,0,4.4355764265,5,9,3,169.8,318.7,99.8,5,9,3,169.8,318.7,99.8
77,77,19,633.9,19,633.9,0,0,4.27605874171,7,9,3,214.2,320.4,99.3,7,9,3,214.2,320.4,99.3
78,78,19,641.6,19,641.6,0,0,4.81248984202,7,9,3,211.3,334.4,95.9,7,9,3,211.3,334.4,95.9
79,79,19,661.2,19,661.2,0,0,4.60265623792,6,9,4,198.7,329.6,132.9,6,9,4,198.7,329.6,132.9
80,80,19,661.2,19,661.2,0,0,5.29874198906,6,9,4,199.4,326.8,135.0,6,9,4,199.4,326.8,135.0
81,81,19,665.3,19,665.3,0,0,4.76762964141,7,9,3,229.4,330.7,105.2,7,9,3,229.4,330.7,105.2
82,82,19,666.4,19,666.4,0,0,4.84571312322,6,9,4,196.8,331.0,138.6,6,9,4,196.8,331.0,138.6
83,83,19,676.5,19,676.5,0,0,4.70997448498,6,9,4,210.6,325.8,140.1,6,9,4,210.6,325.8,140.1
84,84,19,614.2,18,590.3,0,0,4.49565742384,6,9,4,189.3,299.2,125.7,5,9,4,165.4,299.2,125.7
85,85,17,554.6,17,554.6,0,0,4.31704896483,4,9,4,138.9,297.7,118.0,4,9,4,138.9,297.7,118.0
86,86,15,472.6,15,472.6,0,0,3.95139517253,3,9,3,107.8,277.9,86.9,3,9,3,107.8,277.9,86.9
87,87,16,507.5,14,459.7,0,0,4.325,4,9,3,142.2,278.9,86.4,4,8,2,142.2,255.3,62.2
88,88,15,477.9,14,453.7,0,0,4.0637421178,4,7,4,142.8,225.9,109.2,4,7,3,142.8,225.9,85.0
89,89,15,483.3,14,458.7,0,0,3.49616116006,4,8,3,141.1,258.5,83.7,4,8,2,141.1,258.5,59.1
90,90,16,498.6,15,476.0,0,0,4.20077373825,4,9,3,140.2,275.8,82.6,4,8,3,140.2,253.2,82.6
91,91,16,504.5,15,480.7,0,0,4.40374367253,4,9,3,143.3,277.2,84.0,4,8,3,143.3,253.4,84.0
92,92,16,504.3,15,481.2,0,0,4.17551892983,4,9,3,138.3,280.9,85.1,4,8,3,138.3,257.8,85.1
93,93,15,484.5,15,484.5,0,0,3.70867708412,4,8,3,138.5,263.4,82.6,4,8,3,138.5,263.4,82.6
94,94,16,515.0,16,515.0,0,0,3.56742203839,4,9,3,136.8,293.2,85.0,4,9,3,136.8,293.2,85.0
95,95,15,479.7,14,456.1,0,0,3.78043837216,4,9,2,136.9,283.1,59.7,4,8,2,136.9,259.5,59.7
96,96,15,489.3,15,489.3,0,0,3.44138676367,4,9,2,138.5,289.2,61.6,4,9,2,138.5,289.2,61.6
97,97,16,520.2,16,520.2,0,0,3.63664222418,4,9,3,141.5,290.3,88.4,4,9,3,141.5,290.3,88.4
98,98,17,537.1,15,491.1,0,0,4.56993853737,5,9,3,160.7,292.4,84.0,4,9,2,137.9,292.4,60.8
99,99,16,505.9,14,459.3,0,0,4.91504069159,4,9,3,140.6,283.4,81.9,4,8,2,140.6,261.1,57.6
100,100,17,540.2,16,516.1,0,0,4.20721544073,5,9,3,168.9,283.7,87.6,4,9,3,144.8,283.7,87.6
101,101,16,515.3,16,515.3,0,0,3.81496505008,4,9,3,144.0,286.7,84.6,4,9,3,144.0,286.7,84.6
102,102,15,496.2,15,496.2,0,0,3.17921823275,4,9,2,144.4,291.6,60.2,4,9,2,144.4,291.6,60.2
103,103,16,497.7,13,427.4,0,0,4.99178909143,5,9,2,168.9,276.8,52.0,4,8,1,144.7,253.7,29.0
104,104,14,458.3,13,435.3,0,0,4.27759946031,4,8,2,135.3,270.9,52.1,4,8,1,135.3,270.9,29.1
105,105,16,518.3,15,494.7,0,0,4.63054622408,4,9,3,130.7,301.6,86.0,3,9,3,107.1,301.6,86.0
106,106,17,532.9,14,461.5,0,0,5.04630033379,5,9,3,155.3,295.3,82.3,4,9,1,132.8,295.3,33.4
107,107,16,523.1,16,523.1,0,0,4.28477440091,4,9,3,136.4,297.7,89.0,4,9,3,136.4,297.7,89.0
108,108,16,532.8,16,532.8,0,0,4.11695680489,4,9,3,141.3,301.8,89.7,4,9,3,141.3,301.8,89.7
109,109,15,504.1,14,479.9,0,0,4.42807063221,4,8,3,141.7,270.5,91.9,4,7,3,141.7,246.3,91.9
110,110,16,525.6,14,478.0,0,0,5.01570865714,5,8,3,169.2,267.8,88.6,4,7,3,144.6,244.8,88.6
111,111,17,556.8,16,534.3,0,0,4.02618269069,5,9,3,163.9,300.7,92.2,4,9,3,141.4,300.7,92.2
112,112,18,580.9,17,557.7,0,0,3.90592394064,6,9,3,192.5,296.6,91.8,5,9,3,169.3,296.6,91.8
113,113,18,584.0,17,559.9,0,0,3.65436438864,6,8,4,201.4,261.8,120.8,5,8,4,177.3,261.8,120.8
114,114,17,552.4,17,552.4,0,0,4.04991829983,6,8,3,203.8,259.5,89.1,6,8,3,203.8,259.5,89.1
115,115,17,548.2,15,500.6,0,0,4.43707640895,6,8,3,201.0,262.2,85.0,5,8,2,177.5,262.2,60.9
116,116,15,503.2,15,503.2,0,0,4.3848548871,5,8,2,174.9,268.8,59.5,5,8,2,174.9,268.8,59.5
117,117,16,506.3,13,437.3,0,0,5.27471563215,7,7,2,215.9,235.6,54.8,5,7,1,171.0,235.6,30.7
118,118,19,581.1,13,439.5,0,0,5.28354501762,7,8,4,218.6,260.4,102.1,5,7,1,172.9,236.0,30.6
119,119,18,577.0,16,529.1,0,0,4.69858830141,6,8,4,208.4,259.9,108.7,5,8,3,184.6,259.9,84.6
120,120,18,566.8,16,521.4,0,0,5.00950730099,7,8,3,228.9,256.6,81.3,5,8,3,183.5,256.6,81.3
121,121,17,556.5,15,507.4,0,0,5.13175666518,5,8,4,171.0,272.1,113.4,4,8,3,146.7,272.1,88.6
122,122,16,533.8,16,533.8,0,0,5.10919106448,5,7,4,173.1,245.4,115.3,5,7,4,173.1,245.4,115.3
123,123,15,507.0,15,507.0,0,0,5.03345947493,4,7,4,149.3,244.7,113.0,4,7,4,149.3,244.7,113.0
124,124,16,521.8,13,450.3,0,0,5.80802605596,5,8,3,172.8,259.0,90.0,4,6,3,149.9,210.4,90.0
125,125,16,533.7,16,533.7,0,0,4.56581044285,5,8,3,176.2,263.2,94.3,5,8,3,176.2,263.2,94.3
126,126,17,552.9,16,529.2,0,0,4.61756556691,6,8,3,198.7,259.8,94.4,5,8,3,175.0,259.8,94.4
127,127,17,503.2,15,456.8,0,0,3.94588393139,6,8,3,177.6,249.3,76.3,5,8,2,154.8,249.3,52.7
128,128,16,457.4,13,388.6,0,0,4.17147056404,5,8,3,138.5,248.0,70.9,4,8,1,115.6,248.0,25.0
129,129,15,425.8,12,355.7,0,0,3.38291224215,5,7,3,138.7,205.4,81.7,4,6,2,116.1,182.3,57.3
130,130,15,475.5,14,451.4,0,0,4.82064014718,5,7,3,178.4,212.5,84.6,5,6,3,178.4,188.4,84.6
131,131,13,410.0,11,361.9,0,0,4.71920516993,6,5,2,192.5,167.6,49.9,5,5,1,169.3,167.6,25.0
132,132,17,506.6,12,391.3,0,0,5.91766423515,7,8,2,211.0,248.5,47.1,4,8,0,142.8,248.5,0
133,133,16,494.8,15,470.8,0,0,4.66954673032,5,9,2,162.0,277.9,54.9,4,9,2,138.0,277.9,54.9
134,134,15,461.7,11,363.5,0,0,5.18971510366,5,8,2,165.0,247.9,48.8,4,7,0,140.3,223.2,0
135,135,17,512.3,13,417.0,0,0,5.37679518585,7,7,3,211.4,224.8,76.1,5,7,1,164.9,224.8,27.3
136,136,16,513.0,16,513.0,0,0,4.74859628382,5,9,2,166.5,293.2,53.3,5,9,2,166.5,293.2,53.3
137,137,15,424.1,9,280.4,0,0,4.39243939167,5,8,2,149.2,228.3,46.6,4,5,0,125.3,155.1,0
138,138,16,479.4,12,383.9,0,0,5.27318689219,6,8,2,180.6,248.7,50.1,4,7,1,132.7,224.8,26.4
139,139,16,487.3,13,416.6,0,0,5.12587797358,6,8,2,189.8,250.8,46.7,6,7,0,189.8,226.8,0
140,140,16,497.7,14,449.3,0,0,4.82610522748,6,8,2,193.2,255.3,49.2,5,8,1,168.5,255.3,25.5
141,141,16,493.4,13,423.2,0,0,4.71492311708,5,8,3,159.4,257.1,76.9,4,8,1,136.0,257.1,30.1
142,142,14,429.8,12,383.8,0,0,4.91215133818,5,7,2,152.5,224.3,53.0,4,7,1,129.6,224.3,29.9
143,143,14,436.8,13,413.1,0,0,4.80896598513,5,7,2,157.9,226.8,52.1,5,7,1,157.9,226.8,28.4
144,144,15,466.6,13,418.3,0,0,4.8787391033,5,8,2,159.3,254.1,53.2,5,7,1,159.3,230.4,28.6
145,145,16,480.9,13,410.9,0,0,5.25191631693,6,8,2,181.5,247.9,51.5,5,7,1,158.8,224.1,28.0
146,146,15,480.8,15,480.8,0,0,4.12030974333,5,8,2,166.6,257.4,56.8,5,8,2,166.6,257.4,56.8
147,147,17,499.0,14,428.3,0,0,5.32178513836,7,8,2,209.2,236.4,53.4,4,8,2,138.5,236.4,53.4
148,148,17,507.3,12,384.4,0,0,4.79205838126,7,8,2,215.4,239.9,52.0,5,6,1,166.1,190.9,27.4
149,149,16,487.4,14,439.6,0,0,5.17904431338,7,7,2,215.5,220.9,51.0,6,7,1,191.3,220.9,27.4
150,150,15,463.9,15,463.9,0,0,4.45540869805,7,8,0,216.2,247.7,0,7,8,0,216.2,247.7,0
151,151,15,456.0,13,406.8,0,0,4.56226760661,7,7,1,216.7,215.0,24.3,6,7,0,191.8,215.0,0
152,152,14,435.2,14,435.2,0,0,4.21441795285,7,7,0,221.6,213.6,0,7,7,0,221.6,213.6,0
153,153,15,459.4,14,437.2,0,0,4.45524837638,8,7,0,242.4,217.0,0,7,7,0,220.2,217.0,0
154,154,15,459.6,14,435.3,0,0,4.21575277128,8,7,0,243.2,216.4,0,7,7,0,218.9,216.4,0
155,155,16,483.4,15,459.9,0,0,4.2809461571,8,7,1,244.1,212.5,26.8,7,7,1,220.6,212.5,26.8
156,156,16,480.0,15,455.2,0,0,4.5423929083,7,8,1,217.9,236.8,25.3,7,7,1,217.9,212.0,25.3
157,157,16,480.3,12,386.0,0,0,5.24012961036,8,8,0,237.9,242.4,0,5,7,0,166.5,219.5,0
158,158,16,477.0,14,431.6,0,0,4.90698481758,7,8,1,218.1,235.8,23.1,7,7,0,218.1,213.5,0
159,159,15,452.4,14,429.0,0,0,4.51692056921,8,7,0,243.5,208.9,0,7,7,0,220.1,208.9,0
160,160,15,436.2,12,364.4,0,0,4.53229680027,7,8,0,210.6,225.6,0,5,7,0,161.8,202.6,0
161,161,16,457.6,13,388.3,0,0,4.44986891193,7,7,2,202.9,207.3,47.4,5,7,1,155.9,207.3,25.1
162,162,16,460.6,13,390.8,0,0,4.31970292188,6,7,3,185.8,203.9,70.9,5,7,1,161.4,203.9,25.5
163,163,15,454.3,11,361.1,0,0,5.47681694139,4,8,3,140.2,241.5,72.6,4,6,1,140.2,195.4,25.5
164,164,15,467.1,12,396.7,0,0,5.13973317818,6,8,1,188.3,247.7,31.1,4,7,1,142.2,223.4,31.1
165,165,18,569.3,16,522.5,0,0,4.80083394172,7,8,3,220.4,260.1,88.8,6,7,3,196.6,237.1,88.8
166,166,17,564.9,17,564.9,0,0,3.26166458765,6,7,4,203.5,236.9,124.5,6,7,4,203.5,236.9,124.5
167,167,17,570.6,17,570.6,0,0,3.26380551973,6,8,3,196.0,279.4,95.2,6,8,3,196.0,279.4,95.2
168,168,18,582.3,17,558.9,0,0,4.52148465987,7,8,3,221.3,270.4,90.6,6,8,3,197.9,270.4,90.6
169,169,18,584.3,16,536.1,0,0,4.49197177835,7,8,3,221.9,267.5,94.9,6,7,3,197.5,243.7,94.9
170,170,17,551.4,16,528.4,0,0,4.55012928065,7,7,3,221.9,236.5,93.0,6,7,3,198.9,236.5,93.0
171,171,17,565.1,17,565.1,0,0,4.09558585912,6,8,3,204.0,269.2,91.9,6,8,3,204.0,269.2,91.9
172,172,18,589.0,18,589.0,0,0,4.57082249717,7,8,3,232.0,268.4,88.6,7,8,3,232.0,268.4,88.6
173,173,17,561.8,17,561.8,0,0,4.07049100955,6,8,3,201.6,266.2,94.0,6,8,3,201.6,266.2,94.0
174,174,17,563.8,17,563.8,0,0,4.1442642858,6,8,3,201.5,269.8,92.5,6,8,3,201.5,269.8,92.5
175,175,17,564.6,17,564.6,0,0,4.1309627136,6,8,3,203.2,266.1,95.3,6,8,3,203.2,266.1,95.3
176,176,17,564.5,17,564.5,0,0,3.7721795073,6,8,3,205.4,264.4,94.7,6,8,3,205.4,264.4,94.7
177,177,17,565.4,17,565.4,0,0,3.99484962538,6,8,3,207.7,264.8,92.9,6,8,3,207.7,264.8,92.9
178,178,17,570.3,17,570.3,0,0,3.70744481534,6,8,3,206.5,269.9,93.9,6,8,3,206.5,269.9,93.9
179,179,17,567.5,17,567.5,0,0,4.37981667626,6,8,3,205.3,269.4,92.8,6,8,3,205.3,269.4,92.8
180,180,18,589.9,17,565.8,0,0,4.77256936049,7,8,3,232.1,265.7,92.1,7,7,3,232.1,241.6,92.1
181,181,18,592.3,18,592.3,0,0,4.40901112325,7,8,3,232.2,272.0,88.1,7,8,3,232.2,272.0,88.1
182,182,17,562.7,17,562.7,0,0,4.40766378028,6,7,4,202.2,244.8,115.7,6,7,4,202.2,244.8,115.7
183,183,18,587.5,17,563.7,0,0,5.02805527707,7,8,3,229.3,266.5,91.7,7,7,3,229.3,242.7,91.7
184,184,19,606.1,17,557.6,0,0,4.63860611247,8,8,3,244.1,266.4,95.6,6,8,3,195.6,266.4,95.6
185,185,19,602.4,16,530.4,0,0,4.68905032842,8,8,3,244.3,263.4,94.7,6,7,3,196.8,238.9,94.7
186,186,19,611.8,16,541.1,0,0,4.77981868554,8,7,4,247.2,239.5,125.1,5,7,4,176.5,239.5,125.1
187,187,18,588.2,18,588.2,0,0,3.58420645997,7,7,4,224.8,237.3,126.1,7,7,4,224.8,237.3,126.1
188,188,17,561.8,17,561.8,0,0,3.40699971512,6,7,4,199.4,238.9,123.5,6,7,4,199.4,238.9,123.5
189,189,16,542.6,16,542.6,0,0,3.25348531066,6,7,3,203.3,240.4,98.9,6,7,3,203.3,240.4,98.9
190,190,18,576.1,17,553.7,0,0,4.08317526705,8,7,3,249.2,231.0,95.9,7,7,3,226.8,231.0,95.9
191,191,18,589.8,18,589.8,0,0,3.47410589429,7,7,4,228.6,234.4,126.8,7,7,4,228.6,234.4,126.8
192,192,18,576.4,17,553.9,0,0,4.31475656127,7,7,4,223.6,225.7,127.1,7,6,4,223.6,203.2,127.1
193,193,18,583.4,18,583.4,0,0,3.39721146702,7,8,3,226.6,261.6,95.2,7,8,3,226.6,261.6,95.2
194,194,18,582.5,18,582.5,0,0,3.37589010291,7,8,3,225.3,264.1,93.1,7,8,3,225.3,264.1,93.1
195,195,19,606.0,18,582.7,0,0,4.32941793422,8,8,3,255.3,259.8,90.9,7,8,3,232.0,259.8,90.9
196,196,19,606.4,18,583.8,0,0,4.20875584122,7,8,4,230.8,253.8,121.8,7,7,4,230.8,231.2,121.8
197,197,18,578.9,18,578.9,0,0,3.95550827981,7,8,3,231.8,256.5,90.6,7,8,3,231.8,256.5,90.6
198,198,18,568.8,17,544.6,0,0,4.30102586942,7,8,3,226.3,251.8,90.7,7,7,3,226.3,227.6,90.7
199,199,18,581.2,18,581.2,0,0,3.55376997648,7,7,4,229.6,229.4,122.2,7,7,4,229.6,229.4,122.2
200,200,18,578.4,17,554.6,0,0,4.32285308836,8,7,3,252.7,232.9,92.8,7,7,3,228.9,232.9,92.8
201,201,19,606.4,19,606.4,0,0,3.81098750077,7,8,4,219.2,262.9,124.3,7,8,4,219.2,262.9,124.3
202,202,19,587.3,18,563.4,0,0,5.16471949726,8,8,3,241.5,261.3,84.5,7,8,3,217.6,261.3,84.5
203,203,19,599.2,17,554.3,0,0,5.197243984,7,8,4,214.8,270.3,114.1,5,8,4,169.9,270.3,114.1
204,204,17,550.2,15,503.2,0,0,5.35863102579,6,7,4,188.2,252.5,109.5,5,7,3,164.7,252.5,86.0
205,205,16,532.6,16,532.6,0,0,4.121144663,4,8,4,144.4,268.0,120.2,4,8,4,144.4,268.0,120.2
206,206,17,554.1,16,529.4,0,0,4.33091655834,6,8,3,196.0,271.6,86.5,6,7,3,196.0,246.9,86.5
207,207,17,557.9,16,533.5,0,0,3.8226684551,6,7,4,187.9,245.5,124.5,5,7,4,163.5,245.5,124.5
208,208,17,559.7,14,488.8,0,0,4.94653027532,6,8,3,192.5,269.7,97.5,4,7,3,145.6,245.7,97.5
209,209,17,570.2,17,570.2,0,0,3.86313648858,5,9,3,167.5,306.2,96.5,5,9,3,167.5,306.2,96.5
210,210,17,553.1,15,505.8,0,0,4.27243214933,6,8,3,187.6,267.0,98.5,5,7,3,163.8,243.5,98.5
211,211,18,586.5,17,562.3,0,0,4.01442252825,7,7,4,213.5,243.1,129.9,6,7,4,189.3,243.1,129.9
212,212,18,584.7,17,560.6,0,0,3.86739766586,6,8,4,191.0,262.4,131.3,6,7,4,191.0,238.3,131.3
213,213,17,552.0,17,552.0,0,0,3.99042051448,6,8,3,192.4,267.2,92.4,6,8,3,192.4,267.2,92.4
214,214,18,584.4,17,559.6,0,0,4.36200169917,7,8,3,222.1,274.0,88.3,6,8,3,197.3,274.0,88.3
215,215,18,585.1,18,585.1,0,0,3.91369724733,6,8,4,192.8,274.6,117.7,6,8,4,192.8,274.6,117.7
216,216,17,549.2,17,549.2,0,0,4.33971061654,6,8,3,193.9,267.1,88.2,6,8,3,193.9,267.1,88.2
217,217,16,526.0,16,526.0,0,0,3.53204378984,5,8,3,172.6,265.0,88.4,5,8,3,172.6,265.0,88.4
218,218,17,551.1,16,527.0,0,0,4.33607473617,7,7,3,219.4,237.1,94.6,6,7,3,195.3,237.1,94.6
219,219,17,547.7,16,522.9,0,0,4.765925316,6,8,3,194.0,267.9,85.8,6,8,2,194.0,267.9,61.0
220,220,17,528.1,16,505.4,0,0,4.98133280063,7,8,2,222.3,251.0,54.8,6,8,2,199.6,251.0,54.8
221,221,16,502.6,16,502.6,0,0,4.70076234952,7,7,2,223.4,223.9,55.3,7,7,2,223.4,223.9,55.3
222,222,17,532.5,16,510.1,0,0,4.92665320118,7,8,2,225.6,256.0,50.9,7,8,1,225.6,256.0,28.5
223,223,16,516.6,15,493.6,0,0,5.22530700852,6,8,2,189.4,274.0,53.2,6,8,1,189.4,274.0,30.2
224,224,18,584.3,16,538.1,0,0,4.86876465657,8,7,3,236.3,249.5,98.5,6,7,3,190.1,249.5,98.5
225,225,15,456.5,12,386.4,0,0,5.37821885899,6,6,3,171.0,192.6,92.9,3,6,3,100.9,192.6,92.9
226,226,14,441.8,12,395.6,0,0,5.26727404111,4,6,4,124.8,193.2,123.8,3,5,4,101.7,170.1,123.8
227,227,16,502.9,13,432.6,0,0,5.44312639941,6,7,3,176.4,229.8,96.7,4,6,3,130.1,205.8,96.7
228,228,17,519.5,13,427.0,0,0,5.58312847151,7,7,3,200.7,223.7,95.1,4,6,3,130.5,201.4,95.1
229,229,2,75.5,2,75.5,0,0,4.171930009,0,1,1,0,40.7,34.8,0,1,1,0,40.7,34.8
230,230,2,64.9,2,64.9,0,0,3.0405591591,0,1,1,0,34.6,30.3,0,1,1,0,34.6,30.3
231,231,16,415.1,9,262.4,1,19.0,4.52135212077,6,6,4,143.5,165.1,106.5,2,4,3,58.6,120.4,83.4
232,232,17,426.0,9,258.2,5,95.6,4.84072035232,7,6,4,158.4,170.7,96.9,2,5,2,57.3,146.2,54.7
233,233,17,422.7,8,229.3,4,72.9,4.72902489638,7,6,4,163.1,167.4,92.2,3,4,1,84.0,119.3,26.0
234,234,18,440.3,9,257.4,5,87.6,5.39740012456,8,6,4,174.6,174.0,91.7,3,5,1,82.2,150.2,25.0
235,235,18,442.9,9,259.7,5,87.2,5.44453014472,8,6,4,178.3,173.7,90.9,4,4,1,109.1,124.4,26.2
236,236,18,430.1,7,205.5,5,82.6,5.77972849171,8,6,4,172.8,169.0,88.3,2,4,1,56.2,120.7,28.6
237,237,18,436.9,9,255.7,4,67.7,5.30369522187,8,6,4,173.0,168.1,95.8,3,5,1,81.6,145.5,28.6
238,238,18,432.1,8,228.8,5,86.6,5.30509990173,8,6,4,173.7,166.6,91.8,3,4,1,82.4,118.4,28.0
239,239,18,419.0,7,200.4,4,65.9,5.23130346546,8,6,4,162.5,147.0,109.5,1,3,3,30.2,84.9,85.3
240,240,18,436.4,9,257.7,4,66.2,5.43000619892,8,6,4,168.7,163.5,104.2,2,5,2,59.0,142.4,56.3
241,241,18,417.0,8,233.0,6,99.0,6.04619471968,8,6,4,163.9,162.6,90.5,2,5,1,60.5,144.0,28.5
242,242,18,451.2,9,280.6,5,82.8,6.85359502056,8,6,4,167.9,180.6,102.7,2,5,2,59.7,162.0,58.9
243,243,18,448.1,10,295.0,5,87.2,6.2594373194,8,6,4,172.0,168.1,108.0,3,5,2,81.6,149.8,63.6
244,244,18,467.0,12,352.7,4,69.6,5.90057048311,8,6,4,181.0,166.1,119.9,3,5,4,86.4,146.4,119.9
245,245,19,474.9,8,248.9,4,70.0,6.02591382505,9,6,4,190.9,165.0,119.0,2,3,3,55.9,96.9,96.1
246,246,18,461.0,9,270.7,2,32.4,5.57334928227,8,6,4,175.0,166.9,119.1,2,3,4,53.3,98.3,119.1
247,247,19,482.5,8,245.9,3,55.8,5.35490156401,9,6,4,198.9,164.1,119.5,1,3,4,28.3,98.1,119.5
248,248,18,470.0,10,293.8,2,35.4,4.77959989574,8,6,4,189.2,166.0,114.8,4,3,3,106.1,96.4,91.3
249,249,18,469.1,12,344.4,2,34.0,4.84672586743,8,6,4,184.9,168.2,116.0,3,5,4,77.5,150.9,116.0
250,250,18,487.0,11,347.5,3,45.9,6.82359420749,8,6,4,187.7,181.5,117.8,3,5,3,88.6,164.2,94.7
251,251,18,482.0,11,342.5,3,45.9,6.71780387395,7,6,5,159.2,169.2,153.6,2,5,4,60.1,151.9,130.5
