,e_id,num_sat,sum_snr,num_sat_25,sum_snr_25,snr_std,elev_0_30,elev_30_60,elev_60_90,elev_0_30_25,elev_30_60_25,elev_60_90_25
1,1,15,521.8,15,521.8,4.99640823373,8,6,1,8,6,1
2,2,18,558.4,18,558.4,4.05006253482,11,6,1,11,6,1
3,3,17,498.1,14,425.9,4.14698685795,11,6,0,8,6,0
4,4,17,522.3,15,473.5,4.37771764333,10,6,1,8,6,1
5,5,17,517.1,15,469.9,4.45747059639,10,6,1,8,6,1
6,6,17,535.9,16,512.8,4.37514705635,10,6,1,9,6,1
7,7,17,528.7,15,481.9,4.77571984103,10,6,1,8,6,1
8,8,17,524.3,16,500.0,4.73999720774,10,6,1,9,6,1
9,9,16,506.5,16,506.5,4.05166118195,9,6,1,9,6,1
10,10,15,483.3,15,483.3,3.99556897432,8,6,1,8,6,1
11,11,19,575.8,16,503.9,4.98703582459,12,6,1,9,6,1
12,12,17,533.8,15,486.0,4.76064596457,10,6,1,8,6,1
13,13,19,581.9,17,536.2,5.07333356387,12,6,1,10,6,1
14,14,19,589.5,18,566.9,4.69962671157,12,6,1,11,6,1
15,15,19,583.6,15,489.0,5.14136418969,12,6,1,8,6,1
16,16,18,560.9,15,488.3,4.98033059249,11,6,1,8,6,1
17,17,18,560.6,16,512.9,4.81446621832,11,6,1,9,6,1
18,18,17,541.5,15,491.7,4.21368568581,10,6,1,8,6,1
19,19,18,563.3,15,494.1,5.05202023915,11,6,1,8,6,1
20,20,16,510.3,15,486.0,4.19673980609,9,6,1,8,6,1
21,21,17,535.8,15,488.8,4.64007479656,10,6,1,8,6,1
22,22,18,555.8,15,485.5,4.85332579185,11,6,1,8,6,1
23,23,18,573.5,17,549.3,3.72402989956,11,6,1,10,6,1
24,24,16,526.1,16,526.1,2.64983490052,9,6,1,9,6,1
25,25,17,545.2,16,522.6,3.95928729475,10,6,1,9,6,1
26,26,17,543.6,16,521.2,3.92707419903,10,6,1,9,6,1
27,27,18,561.6,15,490.7,4.45341904344,11,6,1,8,6,1
28,28,16,523.5,16,523.5,3.56206283867,9,6,1,9,6,1
29,29,17,543.8,15,495.4,4.24556862401,10,6,1,8,6,1
30,30,18,551.4,15,481.5,4.95829667147,11,6,1,8,6,1
31,31,17,509.9,13,415.4,5.26432220094,10,6,1,7,5,1
32,32,16,500.3,14,450.6,4.60329139493,9,6,1,7,6,1
33,33,16,504.1,15,479.1,4.24899497921,9,6,1,8,6,1
34,34,16,505.6,15,481.8,4.73750989445,9,6,1,8,6,1
35,35,18,554.2,15,484.5,5.01772023332,11,6,1,8,6,1
36,36,18,554.4,15,483.7,4.74292042076,11,6,1,8,6,1
37,37,19,581.7,16,511.7,4.75899886273,12,6,1,9,6,1
38,38,18,557.1,16,508.6,4.26948819084,11,6,1,9,6,1
39,39,18,558.6,16,511.4,4.48172760807,11,6,1,9,6,1
40,40,18,557.2,17,533.5,4.22015085069,11,6,1,10,6,1
41,41,19,576.5,15,482.3,4.93066547114,12,6,1,8,6,1
42,42,19,576.7,15,483.8,4.88380184568,12,6,1,8,6,1
43,43,17,502.3,14,433.1,4.09773072063,10,6,1,7,6,1
44,44,16,495.4,15,471.7,3.81258879678,9,6,1,8,6,1
45,45,17,519.0,17,519.0,3.87552652969,10,6,1,10,6,1
46,46,18,555.6,16,507.0,4.50803204749,11,6,1,9,6,1
47,47,17,530.9,15,483.0,4.40876466625,10,6,1,8,6,1
48,48,17,531.8,16,508.3,4.11494764458,10,6,1,9,6,1
49,49,19,574.4,15,478.7,4.58512724064,12,6,1,8,6,1
50,50,17,532.2,16,508.4,4.11133655096,10,6,1,9,6,1
51,51,18,553.7,16,508.1,4.6554381722,11,6,1,9,6,1
52,52,17,532.4,16,509.6,4.08797555248,10,6,1,9,6,1
53,53,16,521.3,16,521.3,3.65334892028,9,6,1,9,6,1
54,54,17,542.0,16,518.3,4.15033662703,10,6,1,9,6,1
55,55,16,508.9,16,508.9,3.9124534076,9,6,1,9,6,1
56,56,16,527.6,16,527.6,3.56809940071,9,6,1,9,6,1
57,57,16,529.8,16,529.8,3.42089169662,9,6,1,9,6,1
58,58,17,532.8,16,507.8,4.13083811465,10,6,1,9,6,1
59,59,16,525.2,16,525.2,3.51159982534,9,6,1,9,6,1
60,60,16,529.3,16,529.3,3.99536710871,9,6,1,9,6,1
61,61,16,532.6,16,532.6,3.74857750798,9,6,1,9,6,1
62,62,17,552.1,16,527.4,4.22293283924,10,6,1,9,6,1
63,63,16,511.7,15,487.4,4.24958331291,9,6,1,9,5,1
64,64,18,569.2,17,544.5,4.48022525111,11,6,1,11,5,1
65,65,16,519.1,16,519.1,4.25268052723,9,6,1,9,6,1
66,66,16,525.9,15,501.6,4.30901670918,9,6,1,9,5,1
67,67,18,569.2,16,521.2,4.96346126331,11,6,1,9,6,1
68,68,17,540.2,16,517.5,4.56816831615,10,6,1,9,6,1
69,69,17,540.7,16,518.2,4.29919623131,10,6,1,9,6,1
70,70,3,96.2,3,96.2,3.47898452617,1,2,0,1,2,0
71,71,11,325.2,8,253.6,4.54890596238,5,5,1,3,4,1
72,72,16,419.5,8,241.1,5.25841785458,8,6,2,3,4,1
73,73,17,423.9,8,229.9,4.56658258116,9,6,2,2,5,1
74,74,17,424.7,8,234.5,4.86893665164,9,6,2,2,5,1
75,75,18,441.3,9,258.3,4.92200939359,10,6,2,3,4,2
76,76,17,436.6,8,239.1,5.13727010363,9,6,2,3,4,1
77,77,17,422.2,8,233.7,5.56539993806,9,6,2,3,4,1
78,78,17,422.9,8,231.4,4.65893354371,9,6,2,1,5,2
79,79,17,438.5,9,267.6,5.04820148521,9,6,2,2,5,2
80,80,19,469.4,9,268.8,5.79956642864,11,6,2,3,5,1
