,e_id,num_sat,sum_snr,num_sat_25,sum_snr_25,snr_std,elev_0_30,elev_30_60,elev_60_90,elev_0_30_25,elev_30_60_25,elev_60_90_25
1,1,16,510.0,14,462.4,5.15771267133,9,5,2,8,4,2
2,2,17,535.2,14,463.2,4.73975675722,9,6,2,7,5,2
3,3,16,513.4,16,513.4,3.4490336811,8,6,2,8,6,2
4,4,15,486.5,15,486.5,3.98956973453,8,5,2,8,5,2
5,5,17,532.5,15,485.0,4.85393260818,9,6,2,8,5,2
6,6,17,543.8,16,520.4,4.01962099472,9,6,2,8,6,2
7,7,17,540.4,14,467.7,5.01521215316,9,6,2,8,4,2
8,8,16,514.6,16,514.6,3.98779387632,9,6,1,9,6,1
9,9,14,447.6,14,447.6,4.08155863355,8,5,1,8,5,1
10,10,16,491.6,15,468.4,3.61819476166,8,6,2,8,6,1
11,11,16,504.5,15,480.5,3.88856764546,8,6,2,8,6,1
12,12,15,465.2,14,440.7,3.90345390404,7,6,2,7,5,2
13,13,16,476.6,14,428.6,4.24905871929,8,6,2,7,6,1
14,14,14,455.7,13,433.0,4.59393412765,8,5,1,7,5,1
15,15,13,431.1,13,431.1,3.43669862454,7,5,1,7,5,1
16,16,14,456.3,13,431.3,3.9015705488,8,5,1,7,5,1
17,17,16,508.0,15,483.2,4.2401257843,9,5,2,8,5,2
18,18,16,500.7,16,500.7,4.4669853742,9,5,2,9,5,2
19,19,17,530.8,16,506.3,4.32572673255,9,6,2,8,6,2
20,20,17,526.0,14,453.5,4.94318455344,9,6,2,7,5,2
21,21,17,520.0,14,448.9,4.90763211143,9,6,2,7,5,2
22,22,16,499.3,15,476.4,4.73307070868,9,5,2,8,5,2
23,23,15,477.8,13,430.2,5.15015487516,8,5,2,7,5,1
24,24,16,504.2,14,457.4,5.53183212568,9,6,1,8,6,0
25,25,16,506.0,15,481.4,5.08560058728,8,6,2,7,6,2
26,26,15,485.2,15,485.2,4.68277492011,8,5,2,8,5,2
27,27,17,526.3,14,456.1,5.68287546313,9,6,2,8,5,1
28,28,14,462.3,13,437.9,4.85642771077,8,5,1,7,5,1
29,29,14,465.2,13,441.0,4.19256275058,7,6,1,7,5,1
30,30,14,463.4,13,440.6,4.83862663287,8,5,1,7,5,1
31,31,16,494.3,12,400.4,5.67385450994,8,6,2,7,4,1
32,32,14,443.4,10,347.4,6.02653473226,6,6,2,6,4,0
33,33,16,509.9,14,463.0,5.37472092299,9,5,2,8,5,1
34,34,16,505.8,15,483.0,5.12287354259,8,6,2,7,6,2
35,35,15,467.7,15,467.7,4.23593470879,8,6,1,8,6,1
36,36,15,495.4,15,495.4,3.81472085979,8,6,1,8,6,1
37,37,16,521.1,16,521.1,4.11269883005,9,5,2,9,5,2
38,38,16,521.3,15,496.6,4.43444378323,9,6,1,9,5,1
39,39,17,543.7,14,472.2,5.21766653952,9,6,2,8,5,1
40,40,16,523.8,16,523.8,4.13196886081,8,6,2,8,6,2
41,41,15,497.4,15,497.4,3.85742327023,8,6,1,8,6,1
42,42,17,545.8,17,545.8,3.70986364106,9,6,2,9,6,2
43,43,17,515.1,15,468.3,4.59565011723,9,6,2,8,6,1
44,44,17,520.3,16,496.3,4.18770082925,9,6,2,8,6,2
45,45,17,527.6,15,478.7,4.39515943631,9,6,2,7,6,2
46,46,16,504.8,15,480.0,3.90947566817,8,6,2,7,6,2
47,47,16,515.7,16,515.7,4.28528003752,8,6,2,8,6,2
48,48,15,479.6,14,455.5,4.15614290052,8,5,2,8,5,1
49,49,14,450.5,14,450.5,3.46080883641,7,5,2,7,5,2
50,50,15,463.9,13,417.0,4.52192542219,8,5,2,6,5,2
51,51,16,497.9,16,497.9,3.96471415531,8,6,2,8,6,2
52,52,16,509.5,15,484.5,4.27379125212,8,6,2,7,6,2
53,53,14,455.7,14,455.7,4.62530664264,8,4,2,8,4,2
54,54,17,526.0,15,476.9,4.18136622761,9,6,2,8,6,1
55,55,16,490.8,13,419.0,4.3556094101,9,6,1,8,5,0
56,56,17,505.4,15,457.4,4.01150917765,9,6,2,8,6,1
57,57,16,499.6,14,453.8,4.80631528998,9,6,1,8,6,0
58,58,16,517.4,15,493.5,4.98449261878,9,6,1,8,6,1
59,59,14,450.6,13,427.1,4.5874170951,8,5,1,7,5,1
60,60,15,488.5,15,488.5,4.15497407017,8,6,1,8,6,1
61,61,15,491.9,15,491.9,4.07176105576,8,6,1,8,6,1
62,62,14,432.2,13,410.1,4.43108400897,7,6,1,6,6,1
63,63,16,503.5,16,503.5,3.70759917826,9,6,1,9,6,1
64,64,15,474.3,14,451.3,4.68130018569,8,6,1,7,6,1
65,65,14,439.9,12,391.7,4.68273072394,7,5,2,6,5,1
66,66,15,473.5,14,449.8,4.81555020839,8,5,2,8,4,2
67,67,17,530.8,16,506.9,4.26636985794,9,6,2,8,6,2
68,68,15,488.3,13,438.5,4.74173968477,8,6,1,7,5,1
69,69,15,485.6,14,461.3,4.02979380307,8,5,2,7,5,2
70,70,17,513.9,15,467.3,4.16064368606,9,6,2,8,6,1
71,71,17,515.1,15,469.7,4.99699909946,9,6,2,8,6,1
72,72,15,479.7,15,479.7,3.26894478387,8,6,1,8,6,1
73,73,15,450.8,15,450.8,2.91519826982,8,6,1,8,6,1
74,74,13,390.1,11,342.0,4.81931211178,6,6,1,5,5,1
75,75,17,506.1,12,387.0,4.59983215806,9,6,2,7,4,1
76,76,17,508.6,15,461.9,4.12101857769,9,6,2,8,5,2
77,77,16,490.2,16,490.2,4.21930088996,9,5,2,9,5,2
78,78,15,468.2,14,443.9,4.18430172817,9,5,1,8,5,1
79,79,14,432.2,14,432.2,3.90432276634,8,5,1,8,5,1
80,80,14,439.9,13,415.8,3.60878811353,8,5,1,7,5,1
81,81,15,468.6,15,468.6,3.67924681733,9,5,1,9,5,1
82,82,14,443.3,14,443.3,3.22719386151,8,5,1,8,5,1
83,83,14,438.7,13,414.7,3.67959177143,8,5,1,7,5,1
84,84,15,480.1,15,480.1,3.59671808075,9,5,1,9,5,1
85,85,15,487.8,14,464.0,3.93104856967,8,6,1,8,5,1
86,86,13,423.1,13,423.1,2.84769362368,7,5,1,7,5,1
87,87,14,461.7,14,461.7,3.25202388378,8,5,1,8,5,1
88,88,15,486.5,14,463.5,4.02646010192,8,5,2,8,5,1
89,89,14,452.5,13,427.8,3.79841638489,8,5,1,8,4,1
90,90,15,482.8,13,434.9,4.25220391035,8,5,2,8,4,1
91,91,13,421.6,13,421.6,2.85930778785,7,5,1,7,5,1
92,92,15,479.8,13,431.6,4.05337014394,8,5,2,7,5,1
93,93,15,463.2,13,417.5,4.86902747696,9,5,1,8,4,1
94,94,13,426.2,13,426.2,3.14585604509,7,5,1,7,5,1
95,95,14,464.4,14,464.4,3.45841861848,8,4,2,8,4,2
96,96,15,485.5,14,462.5,3.99833298597,8,5,2,8,5,1
97,97,13,411.0,12,387.8,3.47415365085,7,5,1,7,4,1
98,98,14,429.3,12,383.2,4.31929608632,8,5,1,6,5,1
99,99,14,444.8,13,422.6,5.10933212125,8,5,1,7,5,1
100,100,15,476.3,13,428.1,5.23380040379,9,5,1,7,5,1
101,101,17,535.7,16,512.5,4.43394327221,9,6,2,8,6,2
102,102,15,487.7,14,463.7,4.01637125964,8,5,2,8,4,2
103,103,16,501.3,14,453.5,4.74520371884,9,6,1,8,5,1
104,104,17,541.9,16,518.7,4.2189349088,9,6,2,8,6,2
105,105,15,475.2,14,451.1,3.47895715081,9,5,1,8,5,1
106,106,16,511.7,15,487.7,3.90490610216,9,6,1,8,6,1
107,107,14,458.0,14,458.0,2.99020378592,8,4,2,8,4,2
108,108,16,510.8,14,462.2,3.92589692512,9,5,2,8,4,2
109,109,17,522.3,14,452.4,4.30487070244,9,6,2,8,4,2
110,110,17,525.3,14,454.2,4.40113621693,9,6,2,9,4,1
111,111,15,479.0,15,479.0,3.02080090295,9,4,2,9,4,2
112,112,16,474.6,13,404.7,4.67259742185,9,5,2,7,5,1
113,113,13,401.0,11,353.1,4.39898006827,7,5,1,5,5,1
114,114,12,385.2,12,385.2,3.47667552804,6,5,1,6,5,1
115,115,15,472.3,14,448.0,3.07451893256,8,6,1,8,5,1
116,116,13,419.1,13,419.1,3.63055056925,6,6,1,6,6,1
117,117,15,465.5,15,465.5,3.78807653163,8,6,1,8,6,1
118,118,14,439.3,14,439.3,2.5392847483,7,6,1,7,6,1
119,119,14,438.7,13,414.3,4.14684442454,8,4,2,7,4,2
120,120,17,519.2,13,421.6,4.48916178472,9,6,2,8,4,1
121,121,16,494.0,14,447.5,4.45398697798,8,6,2,8,4,2
122,122,15,469.3,13,422.7,4.49775605428,8,5,2,7,4,2
123,123,17,524.4,15,477.1,4.96338060789,9,6,2,8,5,2
124,124,16,493.5,14,446.0,4.64671478933,9,5,2,8,4,2
125,125,16,479.9,13,410.0,4.68038014838,9,6,1,9,3,1
126,126,13,404.3,11,356.9,4.15611998544,7,5,1,6,4,1
127,127,13,392.2,12,367.9,3.67726905357,7,5,1,7,4,1
128,128,16,523.1,15,500.1,4.23941328488,8,6,2,8,5,2
129,129,16,515.6,15,491.9,4.4112734367,8,6,2,8,5,2
130,130,15,499.2,15,499.2,3.52241800067,8,5,2,8,5,2
131,131,16,528.6,16,528.6,3.76136056944,8,6,2,8,6,2
132,132,15,496.2,15,496.2,4.1918628658,8,5,2,8,5,2
133,133,15,498.0,15,498.0,4.05445081714,8,5,2,8,5,2
134,134,16,527.3,16,527.3,3.89648880404,8,6,2,8,6,2
135,135,15,490.3,14,466.5,4.89385426058,8,5,2,8,4,2
136,136,16,526.0,15,501.8,4.6830901479,8,6,2,8,5,2
137,137,14,448.4,12,400.7,5.23044763071,8,4,2,7,3,2
138,138,16,508.6,14,461.5,4.96653802965,8,6,2,7,5,2
139,139,16,525.4,15,501.4,4.22356484501,8,6,2,8,5,2
140,140,15,502.2,14,477.5,3.91174056984,7,6,2,7,5,2
141,141,16,521.9,14,473.7,4.52477900013,8,6,2,7,5,2
142,142,16,523.0,16,523.0,4.12857925522,8,6,2,8,6,2
143,143,16,525.5,16,525.5,4.20237532038,8,6,2,8,6,2
144,144,14,466.6,14,466.6,3.98505449657,8,4,2,8,4,2
145,145,16,528.8,16,528.8,3.18098517234,8,6,2,8,6,2
146,146,16,528.7,15,505.1,4.16460782467,8,6,2,8,5,2
147,147,17,551.1,15,504.0,4.39491684991,9,6,2,8,5,2
148,148,16,521.9,15,499.1,4.06008517973,9,5,2,8,5,2
149,149,16,527.8,16,527.8,3.76118332443,9,5,2,9,5,2
150,150,15,464.7,14,440.9,3.46434904213,8,5,2,8,4,2
151,151,15,493.2,15,493.2,3.23114309715,8,5,2,8,5,2
152,152,16,520.3,15,496.6,4.05795001612,8,6,2,8,5,2
153,153,17,557.2,17,557.2,4.23785461817,9,6,2,9,6,2
154,154,17,557.6,17,557.6,3.81739439933,9,6,2,9,6,2
155,155,17,552.3,15,503.0,4.08960302978,9,6,2,9,4,2
156,156,17,556.5,17,556.5,3.8866664985,9,6,2,9,6,2
157,157,17,555.9,17,555.9,3.99358861176,9,6,2,9,6,2
158,158,17,551.5,17,551.5,3.85471445498,9,6,2,9,6,2
159,159,17,550.3,17,550.3,3.7619417702,9,6,2,9,6,2
160,160,17,545.0,17,545.0,3.78517813708,9,6,2,9,6,2
161,161,17,547.1,17,547.1,3.70122197627,9,6,2,9,6,2
162,162,16,520.1,16,520.1,3.64736777233,9,5,2,9,5,2
163,163,17,539.1,15,492.5,4.71352871437,9,6,2,9,4,2
164,164,16,510.0,14,460.4,4.31006573809,9,5,2,8,4,2
165,165,16,504.7,15,480.3,4.405749085,9,5,2,9,4,2
166,166,17,532.0,16,509.4,4.68647930064,9,6,2,9,5,2
167,167,16,511.8,14,463.2,4.40391870951,8,6,2,7,5,2
168,168,15,483.5,14,460.3,4.35949975287,8,5,2,7,5,2
169,169,15,491.5,14,467.9,3.74998412695,8,5,2,7,5,2
170,170,15,488.2,15,488.2,3.72172515042,8,5,2,8,5,2
171,171,14,463.0,14,463.0,3.34144799829,7,5,2,7,5,2
172,172,16,513.8,15,489.0,3.49645058118,8,6,2,7,6,2
173,173,17,527.3,15,479.4,4.50835825081,9,6,2,8,5,2
174,174,15,490.6,14,467.3,4.65241360811,9,5,1,9,4,1
175,175,16,518.4,15,493.4,4.1400483089,9,5,2,8,5,2
176,176,17,534.7,16,510.1,3.83456608482,9,6,2,9,5,2
177,177,16,511.0,16,511.0,4.18359892915,9,5,2,9,5,2
178,178,16,501.0,16,501.0,3.99764514016,9,5,2,9,5,2
179,179,16,504.0,15,481.4,3.6092473823,9,6,1,9,5,1
180,180,15,491.2,14,468.0,3.82899962069,9,5,1,8,5,1
181,181,15,488.0,14,464.1,4.07495252675,9,5,1,8,5,1
182,182,14,460.1,13,436.1,3.84899730057,8,5,1,7,5,1
183,183,14,470.1,14,470.1,3.02303428094,8,5,1,8,5,1
184,184,14,467.5,14,467.5,3.44550192519,8,5,1,8,5,1
185,185,14,473.3,14,473.3,3.10618843495,8,5,1,8,5,1
186,186,15,485.1,14,461.6,3.83495203919,8,6,1,8,5,1
187,187,14,455.2,14,455.2,3.18406057704,7,6,1,7,6,1
188,188,16,508.7,14,461.4,3.91126045327,9,6,1,8,5,1
189,189,16,507.6,16,507.6,3.3163232653,8,6,2,8,6,2
190,190,16,504.9,15,482.0,4.68230267425,9,6,1,8,6,1
191,191,16,497.6,15,473.8,3.45388669955,8,6,2,8,6,1
192,192,14,410.0,13,385.5,3.3327875011,9,5,0,8,5,0
193,193,14,427.3,14,427.3,2.71156457006,8,6,0,8,6,0
194,194,15,454.3,13,407.6,4.02791450233,7,6,2,6,6,1
195,195,14,437.0,14,437.0,4.40434351047,7,6,1,7,6,1
196,196,12,365.6,11,341.1,4.15020992532,6,5,1,5,5,1
197,197,16,481.0,12,384.7,5.18573363502,9,6,1,7,5,0
198,198,14,434.8,12,386.6,5.02971390618,8,6,0,6,6,0
199,199,13,400.4,12,377.4,5.08133840637,6,5,2,6,5,1
200,200,12,376.6,12,376.6,4.47921124009,6,5,1,6,5,1
201,201,16,458.8,12,375.3,6.27763225003,8,6,2,5,5,2
202,202,16,454.6,12,374.9,6.7397205679,8,6,2,6,5,1
203,203,16,453.7,12,374.4,6.58411915141,8,6,2,6,5,1
204,204,16,443.8,11,342.6,6.79655550015,8,6,2,5,5,1
205,205,16,446.3,11,343.4,6.3763593322,8,6,2,5,5,1
206,206,16,450.1,12,375.2,6.83029708968,8,6,2,6,5,1
207,207,16,454.0,12,377.0,6.74304580043,8,6,2,6,5,1
208,208,16,450.5,11,351.1,6.99199244374,8,6,2,6,4,1
209,209,16,444.5,11,349.5,7.36706352626,8,6,2,6,4,1
210,210,17,473.4,11,350.2,6.84024100883,9,6,2,6,4,1
211,211,17,469.6,12,371.7,6.87282051015,9,6,2,7,4,1
212,212,18,496.7,12,376.2,6.98632885353,10,6,2,8,3,1
213,213,18,504.2,13,399.4,6.05405929827,10,6,2,8,4,1
214,214,18,500.9,12,374.9,6.45316206627,10,6,2,8,3,1
215,215,18,508.0,13,403.8,6.38330133612,10,6,2,8,4,1
216,216,19,538.0,14,442.0,7.06141811048,11,6,2,9,4,1
217,217,19,534.1,13,413.3,7.17502572484,11,6,2,8,4,1
218,218,19,534.9,14,437.5,6.91137294779,11,6,2,9,4,1
219,219,19,539.1,13,414.8,6.91840075493,11,6,2,8,4,1
220,220,20,556.3,13,412.4,7.04663226767,12,6,2,8,4,1
221,221,20,541.7,12,383.2,7.69649783651,12,6,2,7,4,1
222,222,20,549.5,15,460.5,7.49082772462,12,6,2,10,4,1
223,223,20,554.2,13,412.3,7.25729397155,12,6,2,9,4,0
224,224,20,551.7,13,409.1,6.99212150623,12,6,2,9,4,0
225,225,20,548.0,12,385.2,7.35569954454,12,6,2,8,4,0
226,226,20,554.6,13,414.2,7.39637891489,12,6,2,8,4,1
227,227,20,573.4,14,433.2,4.84910192445,12,6,2,9,4,1
228,228,19,558.8,16,485.2,3.87325512498,11,6,2,9,6,1
229,229,19,571.8,16,502.6,4.60741837622,11,6,2,10,4,2
230,230,19,563.8,16,501.8,5.20958967304,11,6,2,10,4,2
231,231,19,560.5,16,500.0,5.25378170675,11,6,2,10,4,2
232,232,19,562.6,16,497.5,4.93951130476,11,6,2,10,4,2
233,233,19,565.9,15,470.3,4.5726558242,11,6,2,9,5,1
234,234,19,550.3,17,503.2,3.74910515639,11,6,2,10,5,2
235,235,19,539.0,15,448.5,4.4730119894,11,6,2,11,4,0
236,236,19,540.0,15,447.5,4.39539897663,11,6,2,11,4,0
237,237,19,540.9,15,449.0,4.42644234266,11,6,2,10,4,1
238,238,16,458.6,13,390.3,4.87864393727,8,6,2,8,4,1
239,239,15,438.7,13,389.8,3.85743561499,8,5,2,8,4,1
240,240,14,410.3,12,364.3,4.30285491733,7,6,1,7,4,1
241,241,13,390.0,12,366.8,4.37435709562,7,5,1,6,5,1
242,242,15,441.4,12,368.2,4.47827560351,7,6,2,7,5,0
243,243,15,456.5,13,408.0,3.78071547776,7,6,2,6,5,2
244,244,14,437.7,12,391.2,5.72573235394,6,6,2,6,5,1
245,245,15,486.1,15,486.1,4.58093357089,7,6,2,7,6,2
246,246,15,496.4,15,496.4,4.58716636259,7,6,2,7,6,2
247,247,16,504.5,15,480.7,4.10507308096,8,6,2,7,6,2
248,248,14,451.0,14,451.0,3.9438086127,7,6,1,7,6,1
249,249,14,442.4,14,442.4,4.71723517458,7,6,1,7,6,1
250,250,14,440.0,11,367.6,5.94221256014,8,4,2,6,3,2
251,251,12,377.5,10,330.9,5.00389999416,6,5,1,6,4,0
252,252,13,411.3,13,411.3,3.84025573401,7,5,1,7,5,1
253,253,14,443.2,14,443.2,4.06537239958,7,6,1,7,6,1
254,254,14,448.3,12,401.5,5.12942920373,7,6,1,6,5,1
255,255,15,483.1,13,433.8,4.93840151505,8,6,1,6,6,1
256,256,15,489.3,14,466.4,4.91240412484,7,6,2,6,6,2
257,257,13,435.2,13,435.2,3.48285176404,6,6,1,6,6,1
258,258,14,456.3,13,432.7,4.40375089873,7,6,1,7,5,1
259,259,14,463.0,13,440.8,4.28888161349,7,5,2,7,5,1
260,260,14,457.1,12,407.6,4.72159523238,7,6,1,6,5,1
261,261,16,510.7,14,462.1,4.95408501475,8,6,2,7,5,2
262,262,14,451.8,13,427.4,4.56144858426,7,5,2,7,5,1
263,263,13,418.7,12,395.8,4.93228505841,7,5,1,6,5,1
264,264,15,481.3,15,481.3,4.5174054922,8,6,1,8,6,1
265,265,15,474.8,14,452.0,4.52672487514,8,5,2,8,4,2
266,266,16,500.0,14,452.9,4.83611414257,8,6,2,8,4,2
267,267,16,529.8,16,529.8,4.26659505148,8,6,2,8,6,2
268,268,15,499.0,15,499.0,4.60336315979,8,5,2,8,5,2
269,269,15,495.1,14,471.7,4.97973990524,8,5,2,8,4,2
270,270,16,511.9,16,511.9,3.59563972055,8,6,2,8,6,2
271,271,16,520.9,15,496.9,3.81085620301,8,6,2,8,5,2
272,272,15,498.0,15,498.0,3.42282256124,7,6,2,7,6,2
273,273,16,516.8,14,469.1,4.56040933835,8,6,2,7,5,2
274,274,16,532.7,16,532.7,3.57854136952,8,6,2,8,6,2
275,275,16,528.4,16,528.4,3.20114562826,8,6,2,8,6,2
276,276,16,532.2,16,532.2,3.57936214057,8,6,2,8,6,2
277,277,16,527.3,16,527.3,3.79788866784,8,6,2,8,6,2
278,278,16,513.4,13,442.8,5.36083015959,8,6,2,8,3,2
279,279,16,504.8,14,458.8,5.1128596043,8,6,2,8,4,2
280,280,15,484.1,14,459.5,4.56093140028,8,5,2,7,5,2
281,281,14,459.4,14,459.4,4.42299187687,7,5,2,7,5,2
282,282,15,479.9,13,430.4,4.57797002216,8,5,2,7,4,2
283,283,15,475.2,13,427.0,4.89156708749,8,5,2,6,5,2
284,284,15,478.4,13,431.7,4.96609456596,8,5,2,7,4,2
285,285,15,479.0,13,432.7,5.11631377719,8,5,2,7,4,2
286,286,14,460.1,13,435.7,4.01393862642,8,4,2,7,4,2
287,287,15,487.8,15,487.8,4.00610248781,7,6,2,7,6,2
288,288,15,500.0,15,500.0,3.68852790355,8,5,2,8,5,2
289,289,16,503.3,15,480.4,4.76402753281,8,6,2,7,6,2
290,290,15,465.3,13,417.9,4.68694234778,7,6,2,7,4,2
291,291,14,461.9,14,461.9,3.53585247815,7,5,2,7,5,2
292,292,15,487.1,14,462.9,4.3341610931,8,5,2,7,5,2
293,293,15,484.0,14,460.0,4.00047616213,8,5,2,7,5,2
294,294,13,435.5,13,435.5,4.52419421923,6,5,2,6,5,2
295,295,14,451.5,12,403.7,5.20543355174,7,5,2,6,4,2
296,296,14,462.0,14,462.0,3.57232955668,7,5,2,7,5,2
297,297,16,497.7,14,449.9,4.4027974062,8,6,2,6,6,2
298,298,16,503.2,14,456.5,4.75590860579,8,6,2,7,6,1
299,299,16,505.0,14,456.5,4.93759388096,8,6,2,6,6,2
300,300,16,511.2,16,511.2,3.72862798716,8,6,2,8,6,2
301,301,13,433.3,12,409.1,4.23976898258,6,4,3,6,4,2
302,302,14,448.6,14,448.6,4.85603736611,8,4,2,8,4,2
303,303,14,437.8,14,437.8,3.12937166744,7,5,2,7,5,2
304,304,9,253.0,6,185.1,4.57396011254,6,3,0,4,2,0
305,305,16,433.8,10,306.2,5.59367201994,9,5,2,6,4,0
306,306,17,435.9,9,264.0,4.78161306772,9,6,2,4,4,1
307,307,17,432.4,11,306.8,4.40964017473,9,6,2,6,4,1
308,308,17,448.5,10,295.4,4.53930546644,9,6,2,5,4,1
309,309,17,453.9,12,342.8,3.93255642045,9,6,2,5,5,2
310,310,17,459.6,10,303.2,4.78473368858,9,6,2,2,6,2
311,311,17,465.1,12,356.7,4.52797675893,9,6,2,5,5,2
312,312,17,453.9,11,322.9,4.55905692002,9,6,2,4,5,2
313,313,17,465.0,13,384.1,5.01200030515,9,6,2,6,5,2
314,314,17,464.4,11,333.5,5.04780091898,9,6,2,5,4,2
315,315,17,455.1,11,329.6,5.74910478965,9,6,2,5,4,2
316,316,18,492.9,13,395.2,6.37137440155,10,6,2,8,4,1
317,317,17,459.7,11,333.3,6.02402054523,9,6,2,6,3,2
318,318,17,455.0,9,274.8,5.79719125703,9,6,2,4,4,1
