,e_id,num_sat,sum_snr,num_sat_25,sum_snr_25,num_sat_u20,sum_sat_u20,snr_std,elev_0_30,elev_30_60,elev_60_90,sum_elev_0_30,sum_elev_30_60,sum_elev_60_90,elev_0_30_25,elev_30_60_25,elev_60_90_25,sum_elev_0_30_25,sum_elev_30_60_25,sum_elev_60_90_25
1,1,17,590.7,17,590.7,0,0,3.8663803562,11,2,4,380.6,68.5,141.6,11,2,4,380.6,68.5,141.6
2,2,17,591.2,17,591.2,0,0,3.6622277052,11,2,4,383.6,67.4,140.2,11,2,4,383.6,67.4,140.2
3,3,17,595.5,17,595.5,0,0,3.91515719766,11,2,4,386.6,73.8,135.1,11,2,4,386.6,73.8,135.1
4,4,16,572.1,16,572.1,0,0,3.28612613878,10,2,4,360.5,72.8,138.8,10,2,4,360.5,72.8,138.8
5,5,17,602.8,17,602.8,0,0,3.88314608654,11,2,4,390.9,74.0,137.9,11,2,4,390.9,74.0,137.9
6,6,18,630.0,18,630.0,0,0,3.90414560963,11,3,4,393.5,101.4,135.1,11,3,4,393.5,101.4,135.1
7,7,18,625.9,18,625.9,0,0,3.66394283855,12,2,4,414.9,73.7,137.3,12,2,4,414.9,73.7,137.3
8,8,18,629.0,18,629.0,0,0,3.9409199019,11,3,4,390.9,101.8,136.3,11,3,4,390.9,101.8,136.3
9,9,18,615.3,17,590.7,0,0,4.85607563659,11,3,4,383.6,97.2,134.5,11,2,4,383.6,72.6,134.5
10,10,19,644.2,18,620.6,0,0,3.98001586879,12,3,4,409.3,102.9,132.0,11,3,4,385.7,102.9,132.0
11,11,18,612.2,18,612.2,0,0,4.16905813723,11,3,4,382.2,101.1,128.9,11,3,4,382.2,101.1,128.9
12,12,19,627.1,18,604.3,0,0,5.03559261482,12,3,4,386.5,111.4,129.2,11,3,4,363.7,111.4,129.2
13,13,18,600.4,18,600.4,0,0,4.51158276938,11,3,4,358.7,112.4,129.3,11,3,4,358.7,112.4,129.3
14,14,18,596.8,18,596.8,0,0,4.55182215902,11,3,4,357.7,112.8,126.3,11,3,4,357.7,112.8,126.3
15,15,17,573.0,17,573.0,0,0,5.0584669847,10,3,4,329.4,113.9,129.7,10,3,4,329.4,113.9,129.7
16,16,18,626.9,18,626.9,0,0,4.56673464956,11,3,4,376.9,107.6,142.4,11,3,4,376.9,107.6,142.4
17,17,17,569.1,17,569.1,0,0,4.1481214742,10,3,4,326.8,108.1,134.2,10,3,4,326.8,108.1,134.2
18,18,18,603.9,18,603.9,0,0,3.5816936513,11,3,4,360.4,105.5,138.0,11,3,4,360.4,105.5,138.0
19,19,18,590.2,18,590.2,0,0,3.38975773712,11,3,4,354.5,102.1,133.6,11,3,4,354.5,102.1,133.6
20,20,18,606.9,18,606.9,0,0,3.52858078453,11,3,4,367.6,110.9,128.4,11,3,4,367.6,110.9,128.4
21,21,16,538.5,16,538.5,0,0,3.67767476358,9,3,4,293.1,100.0,145.4,9,3,4,293.1,100.0,145.4
22,22,15,516.6,15,516.6,0,0,3.3079557779,8,3,4,261.5,105.8,149.3,8,3,4,261.5,105.8,149.3
23,23,17,573.9,17,573.9,0,0,3.76746911459,10,3,4,319.3,105.6,149.0,10,3,4,319.3,105.6,149.0
24,24,17,573.5,17,573.5,0,0,3.77474190781,10,3,4,320.9,104.2,148.4,10,3,4,320.9,104.2,148.4
25,25,16,552.7,16,552.7,0,0,3.08652312481,9,3,4,299.0,105.7,148.0,9,3,4,299.0,105.7,148.0
26,26,16,552.6,16,552.6,0,0,3.83890175267,9,3,4,300.1,105.4,147.1,9,3,4,300.1,105.4,147.1
27,27,16,564.5,16,564.5,0,0,3.87353735837,9,3,4,309.8,107.5,147.2,9,3,4,309.8,107.5,147.2
28,28,16,557.2,16,557.2,0,0,3.78690726935,9,3,4,303.3,111.4,142.5,9,3,4,303.3,111.4,142.5
29,29,15,525.5,15,525.5,0,0,3.05325743303,8,3,4,274.9,108.6,142.0,8,3,4,274.9,108.6,142.0
30,30,17,594.2,17,594.2,0,0,3.96864549422,10,3,4,341.6,109.8,142.8,10,3,4,341.6,109.8,142.8
31,31,17,578.9,17,578.9,0,0,3.48785708693,10,3,4,331.7,103.2,144.0,10,3,4,331.7,103.2,144.0
32,32,16,555.7,16,555.7,0,0,3.15102496552,9,3,4,307.6,105.6,142.5,9,3,4,307.6,105.6,142.5
33,33,17,567.2,17,567.2,0,0,3.56316944175,10,3,4,326.3,101.7,139.2,10,3,4,326.3,101.7,139.2
34,34,17,569.9,17,569.9,0,0,2.89493726438,10,3,4,326.1,104.7,139.1,10,3,4,326.1,104.7,139.1
35,35,17,576.8,17,576.8,0,0,3.42978948076,10,3,4,327.7,104.6,144.5,10,3,4,327.7,104.6,144.5
36,36,16,549.2,16,549.2,0,0,3.12676616757,9,3,4,303.8,101.5,143.9,9,3,4,303.8,101.5,143.9
37,37,18,603.4,18,603.4,0,0,3.78550727902,11,3,4,356.8,103.3,143.3,11,3,4,356.8,103.3,143.3
38,38,17,574.8,17,574.8,0,0,3.19782784733,10,3,4,330.9,102.2,141.7,10,3,4,330.9,102.2,141.7
39,39,17,583.2,17,583.2,0,0,3.14572539095,10,3,4,333.1,105.4,144.7,10,3,4,333.1,105.4,144.7
40,40,17,595.4,17,595.4,0,0,2.74693679663,10,3,4,342.2,107.1,146.1,10,3,4,342.2,107.1,146.1
41,41,17,587.7,17,587.7,0,0,3.36911796801,10,3,4,335.4,104.9,147.4,10,3,4,335.4,104.9,147.4
42,42,17,581.1,17,581.1,0,0,3.03258043878,10,3,4,334.2,104.5,142.4,10,3,4,334.2,104.5,142.4
43,43,17,577.6,17,577.6,0,0,3.32801168338,10,3,4,329.4,107.1,141.1,10,3,4,329.4,107.1,141.1
44,44,18,608.2,18,608.2,0,0,3.64609200763,11,3,4,358.5,107.2,142.5,11,3,4,358.5,107.2,142.5
45,45,18,605.0,18,605.0,0,0,3.60618568066,11,3,4,356.3,106.8,141.9,11,3,4,356.3,106.8,141.9
46,46,18,614.0,18,614.0,0,0,3.63672265013,11,3,4,362.9,108.0,143.1,11,3,4,362.9,108.0,143.1
47,47,16,551.3,16,551.3,0,0,3.06027640364,9,3,4,300.1,107.2,144.0,9,3,4,300.1,107.2,144.0
48,48,17,567.5,17,567.5,0,0,3.74587027507,10,3,4,322.8,105.4,139.3,10,3,4,322.8,105.4,139.3
49,49,17,564.9,17,564.9,0,0,4.2477589247,10,3,4,320.7,105.9,138.3,10,3,4,320.7,105.9,138.3
50,50,16,554.1,16,554.1,0,0,3.69985923156,9,3,4,308.1,105.1,140.9,9,3,4,308.1,105.1,140.9
51,51,16,550.5,16,550.5,0,0,3.1590016883,9,3,4,306.9,103.7,139.9,9,3,4,306.9,103.7,139.9
52,52,17,571.7,17,571.7,0,0,2.97736559434,10,3,4,326.0,106.8,138.9,10,3,4,326.0,106.8,138.9
53,53,17,571.0,16,546.4,0,0,3.70774229703,10,3,4,326.7,102.8,141.5,9,3,4,302.1,102.8,141.5
54,54,16,555.3,16,555.3,0,0,3.21899958579,9,3,4,302.1,107.9,145.3,9,3,4,302.1,107.9,145.3
55,55,16,549.6,16,549.6,0,0,3.05112001294,9,3,4,309.5,101.0,139.1,9,3,4,309.5,101.0,139.1
56,56,16,536.8,16,536.8,0,0,3.04127166385,9,3,4,297.3,103.5,136.0,9,3,4,297.3,103.5,136.0
57,57,16,554.8,16,554.8,0,0,2.02928558858,9,3,4,312.0,103.3,139.5,9,3,4,312.0,103.3,139.5
58,58,16,538.8,16,538.8,0,0,3.02974146312,8,3,5,264.5,100.1,174.2,8,3,5,264.5,100.1,174.2
59,59,15,499.1,15,499.1,0,0,3.3556916823,8,3,4,260.4,100.4,138.3,8,3,4,260.4,100.4,138.3
60,60,17,556.1,17,556.1,0,0,3.10541509966,10,3,4,316.6,98.7,140.8,10,3,4,316.6,98.7,140.8
61,61,17,564.3,17,564.3,0,0,2.98861811466,10,3,4,321.5,104.0,138.8,10,3,4,321.5,104.0,138.8
62,62,16,550.7,16,550.7,0,0,2.77542038858,10,2,4,338.7,72.1,139.9,10,2,4,338.7,72.1,139.9
63,63,20,656.6,19,633.8,0,0,4.31741881952,13,3,4,415.6,99.8,141.2,12,3,4,392.8,99.8,141.2
64,64,18,608.3,18,608.3,0,0,3.89078431867,11,3,4,364.9,106.8,136.6,11,3,4,364.9,106.8,136.6
65,65,15,513.1,15,513.1,0,0,3.73161525093,8,3,4,269.7,107.0,136.4,8,3,4,269.7,107.0,136.4
66,66,15,515.3,15,515.3,0,0,2.95752470505,8,3,4,270.3,107.0,138.0,8,3,4,270.3,107.0,138.0
67,67,16,544.9,16,544.9,0,0,3.83909168945,9,3,4,295.4,110.0,139.5,9,3,4,295.4,110.0,139.5
68,68,16,547.4,16,547.4,0,0,3.27228258763,9,3,4,298.6,110.5,138.3,9,3,4,298.6,110.5,138.3
69,69,16,545.0,16,545.0,0,0,3.5057809401,9,3,4,297.9,107.3,139.8,9,3,4,297.9,107.3,139.8
70,70,17,571.9,17,571.9,0,0,3.99750841518,10,3,4,326.2,105.1,140.6,10,3,4,326.2,105.1,140.6
71,71,17,571.7,17,571.7,0,0,4.02969674819,10,3,4,322.4,107.0,142.3,10,3,4,322.4,107.0,142.3
72,72,18,595.7,17,571.7,0,0,4.30040657753,11,3,4,348.3,105.7,141.7,10,3,4,324.3,105.7,141.7
73,73,18,593.8,17,570.7,0,0,4.40973373731,11,3,4,347.4,107.4,139.0,10,3,4,324.3,107.4,139.0
74,74,17,569.0,17,569.0,0,0,3.86486815847,10,3,4,320.8,107.0,141.2,10,3,4,320.8,107.0,141.2
75,75,18,582.4,17,557.8,0,0,4.89372013217,11,3,4,335.3,106.7,140.4,10,3,4,310.7,106.7,140.4
76,76,17,573.2,17,573.2,0,0,4.02495889639,10,3,4,326.8,106.6,139.8,10,3,4,326.8,106.6,139.8
77,77,17,584.3,17,584.3,0,0,3.173476939,10,3,4,332.4,107.0,144.9,10,3,4,332.4,107.0,144.9
78,78,18,582.8,16,534.7,0,0,4.99830036472,11,3,4,343.4,97.1,142.3,9,3,4,295.3,97.1,142.3
79,79,18,580.7,16,533.8,0,0,4.82141532661,11,3,4,343.3,97.5,139.9,9,3,4,296.4,97.5,139.9
80,80,17,557.8,17,557.8,0,0,3.84640779705,10,3,4,322.8,97.7,137.3,10,3,4,322.8,97.7,137.3
81,81,18,603.1,18,603.1,0,0,3.52361315601,11,3,4,361.7,102.3,139.1,11,3,4,361.7,102.3,139.1
82,82,17,566.8,17,566.8,0,0,3.6879972247,10,3,4,322.2,102.5,142.1,10,3,4,322.2,102.5,142.1
83,83,19,617.4,19,617.4,0,0,4.20416112444,12,3,4,371.4,103.7,142.3,12,3,4,371.4,103.7,142.3
84,84,19,613.4,19,613.4,0,0,4.41427773857,12,3,4,366.2,103.6,143.6,12,3,4,366.2,103.6,143.6
85,85,17,556.8,17,556.8,0,0,3.94305047632,10,3,4,312.6,99.6,144.6,10,3,4,312.6,99.6,144.6
86,86,18,587.8,17,563.9,0,0,4.31839052565,11,3,4,340.0,100.1,147.7,10,3,4,316.1,100.1,147.7
87,87,18,569.1,16,521.4,0,0,5.00367511994,11,3,4,326.3,98.3,144.5,9,3,4,278.6,98.3,144.5
88,88,17,556.1,17,556.1,0,0,3.92346822864,10,3,4,309.9,101.0,145.2,10,3,4,309.9,101.0,145.2
89,89,17,557.2,17,557.2,0,0,3.94897604003,10,3,4,309.4,105.3,142.5,10,3,4,309.4,105.3,142.5
90,90,17,558.9,17,558.9,0,0,3.93708798031,11,2,4,348.8,68.9,141.2,11,2,4,348.8,68.9,141.2
91,91,17,569.8,17,569.8,0,0,3.45619648134,10,3,4,329.8,96.9,143.1,10,3,4,329.8,96.9,143.1
92,92,16,561.7,16,561.7,0,0,2.21283189601,9,3,4,308.2,109.3,144.2,9,3,4,308.2,109.3,144.2
93,93,16,557.4,16,557.4,0,0,2.18262074886,9,3,4,302.7,110.8,143.9,9,3,4,302.7,110.8,143.9
94,94,17,586.1,17,586.1,0,0,2.93183590344,10,3,4,332.0,109.2,144.9,10,3,4,332.0,109.2,144.9
95,95,17,589.2,17,589.2,0,0,3.09658255653,10,3,4,335.6,110.5,143.1,10,3,4,335.6,110.5,143.1
96,96,17,591.5,17,591.5,0,0,3.08453209341,10,3,4,335.6,111.2,144.7,10,3,4,335.6,111.2,144.7
97,97,16,568.2,16,568.2,0,0,2.02282805333,9,3,4,313.2,111.6,143.4,9,3,4,313.2,111.6,143.4
98,98,18,622.3,18,622.3,0,0,3.45829021943,11,3,4,368.0,110.9,143.4,11,3,4,368.0,110.9,143.4
99,99,17,602.6,17,602.6,0,0,2.16538612234,10,3,4,348.5,111.1,143.0,10,3,4,348.5,111.1,143.0
100,100,18,619.8,18,619.8,0,0,3.63835774201,11,3,4,367.6,110.0,142.2,11,3,4,367.6,110.0,142.2
101,101,17,597.3,17,597.3,0,0,2.40570706251,10,3,4,348.5,107.4,141.4,10,3,4,348.5,107.4,141.4
102,102,17,592.0,17,592.0,0,0,3.43302516226,10,3,4,341.3,109.6,141.1,10,3,4,341.3,109.6,141.1
103,103,17,589.5,17,589.5,0,0,3.49437573319,10,3,4,340.4,111.2,137.9,10,3,4,340.4,111.2,137.9
104,104,17,588.5,17,588.5,0,0,3.32024759885,10,3,4,343.1,109.5,135.9,10,3,4,343.1,109.5,135.9
105,105,18,624.8,18,624.8,0,0,3.30292007862,11,3,4,373.4,111.1,140.3,11,3,4,373.4,111.1,140.3
106,106,16,559.3,16,559.3,0,0,2.61201550531,9,3,4,309.4,110.3,139.6,9,3,4,309.4,110.3,139.6
107,107,16,550.2,16,550.2,0,0,2.86772267371,9,3,4,300.0,111.5,138.7,9,3,4,300.0,111.5,138.7
108,108,17,575.4,17,575.4,0,0,2.57126370853,10,3,4,332.6,103.3,139.5,10,3,4,332.6,103.3,139.5
109,109,16,522.9,16,522.9,0,0,3.21438822588,9,3,4,285.7,97.1,140.1,9,3,4,285.7,97.1,140.1
110,110,18,593.3,18,593.3,0,0,3.87315631873,11,3,4,344.3,105.4,143.6,11,3,4,344.3,105.4,143.6
111,111,18,595.8,18,595.8,0,0,4.27991203868,11,3,4,345.4,107.1,143.3,11,3,4,345.4,107.1,143.3
112,112,19,629.8,19,629.8,0,0,4.52712423081,12,3,4,372.2,113.8,143.8,12,3,4,372.2,113.8,143.8
113,113,18,604.4,18,604.4,0,0,3.61118451409,11,3,4,352.4,105.8,146.2,11,3,4,352.4,105.8,146.2
114,114,18,602.7,18,602.7,0,0,3.45989629222,11,3,4,356.3,103.6,142.8,11,3,4,356.3,103.6,142.8
115,115,18,598.5,18,598.5,0,0,4.4403563715,11,3,4,343.3,111.4,143.8,11,3,4,343.3,111.4,143.8
116,116,19,624.2,17,575.0,0,0,4.68785291069,12,3,4,368.9,110.1,145.2,10,3,4,319.7,110.1,145.2
117,117,19,621.2,17,571.8,0,0,4.54465176324,12,3,4,372.4,107.6,141.2,10,3,4,323.0,107.6,141.2
118,118,18,596.4,18,596.4,0,0,4.18076829416,11,3,4,350.2,104.3,141.9,11,3,4,350.2,104.3,141.9
119,119,19,621.1,18,597.4,0,0,4.42592046131,12,3,4,372.7,106.8,141.6,11,3,4,349.0,106.8,141.6
120,120,18,606.8,18,606.8,0,0,3.9507093762,11,3,4,357.0,107.2,142.6,11,3,4,357.0,107.2,142.6
121,121,16,536.5,16,536.5,0,0,4.08602802242,9,3,4,293.1,106.2,137.2,9,3,4,293.1,106.2,137.2
122,122,17,566.6,17,566.6,0,0,4.207398945,10,3,4,322.9,105.7,138.0,10,3,4,322.9,105.7,138.0
123,123,16,536.6,16,536.6,0,0,4.04967076851,9,3,4,294.0,104.4,138.2,9,3,4,294.0,104.4,138.2
124,124,18,591.6,18,591.6,0,0,4.61225987738,11,3,4,342.4,107.2,142.0,11,3,4,342.4,107.2,142.0
125,125,17,580.6,17,580.6,0,0,4.07448120119,10,3,4,327.8,111.7,141.1,10,3,4,327.8,111.7,141.1
126,126,19,626.8,19,626.8,0,0,4.90848412183,10,5,4,302.4,186.5,137.9,10,5,4,302.4,186.5,137.9
127,127,18,611.6,18,611.6,0,0,4.0127085697,8,6,4,246.5,221.2,143.9,8,6,4,246.5,221.2,143.9
128,128,18,605.6,18,605.6,0,0,3.99782620671,8,6,4,255.8,208.2,141.6,8,6,4,255.8,208.2,141.6
129,129,17,582.9,17,582.9,0,0,3.37043809336,8,5,4,259.9,182.0,141.0,8,5,4,259.9,182.0,141.0
130,130,17,574.5,17,574.5,0,0,3.90983864569,9,4,4,288.5,145.7,140.3,9,4,4,288.5,145.7,140.3
131,131,18,605.8,18,605.8,0,0,3.85230598965,9,5,4,292.7,172.6,140.5,9,5,4,292.7,172.6,140.5
132,132,18,609.1,18,609.1,0,0,4.02611166802,9,5,4,286.6,178.8,143.7,9,5,4,286.6,178.8,143.7
133,133,17,590.3,17,590.3,0,0,3.28224949763,8,5,4,263.3,181.9,145.1,8,5,4,263.3,181.9,145.1
134,134,17,591.3,17,591.3,0,0,3.37180131645,8,5,4,264.9,181.8,144.6,8,5,4,264.9,181.8,144.6
135,135,17,592.5,17,592.5,0,0,3.6888544372,8,5,4,262.0,184.1,146.4,8,5,4,262.0,184.1,146.4
136,136,17,592.5,17,592.5,0,0,2.9127130066,8,5,4,268.0,183.0,141.5,8,5,4,268.0,183.0,141.5
137,137,17,586.7,17,586.7,0,0,3.09553758517,8,5,4,263.0,181.9,141.8,8,5,4,263.0,181.9,141.8
138,138,16,540.9,16,540.9,0,0,4.49347211705,7,5,4,214.3,179.0,147.6,7,5,4,214.3,179.0,147.6
139,139,18,600.1,18,600.1,0,0,3.8641853093,9,5,4,279.8,177.0,143.3,9,5,4,279.8,177.0,143.3
140,140,17,572.2,17,572.2,0,0,3.35374022986,8,5,4,258.2,175.1,138.9,8,5,4,258.2,175.1,138.9
141,141,18,603.0,17,578.5,0,0,4.08929736522,9,5,4,287.3,175.4,140.3,8,5,4,262.8,175.4,140.3
142,142,19,624.3,16,553.2,0,0,4.81632822219,10,5,4,306.2,177.2,140.9,7,5,4,235.1,177.2,140.9
143,143,16,554.6,16,554.6,0,0,3.14534046912,7,5,4,232.8,180.4,141.4,7,5,4,232.8,180.4,141.4
144,144,16,557.3,16,557.3,0,0,3.41403353821,7,5,4,234.7,181.8,140.8,7,5,4,234.7,181.8,140.8
145,145,17,585.5,17,585.5,0,0,3.91839552999,8,5,4,263.2,179.9,142.4,8,5,4,263.2,179.9,142.4
146,146,18,609.4,18,609.4,0,0,4.26769289129,9,5,4,289.4,181.3,138.7,9,5,4,289.4,181.3,138.7
147,147,17,579.7,17,579.7,0,0,3.88538929838,8,5,4,265.0,179.8,134.9,8,5,4,265.0,179.8,134.9
148,148,17,582.1,17,582.1,0,0,3.97084040594,8,5,4,266.2,178.6,137.3,8,5,4,266.2,178.6,137.3
149,149,17,578.4,17,578.4,0,0,3.98772012116,8,5,4,262.5,177.9,138.0,8,5,4,262.5,177.9,138.0
150,150,18,610.5,18,610.5,0,0,4.20591320433,9,5,4,291.4,178.8,140.3,9,5,4,291.4,178.8,140.3
151,151,17,589.6,17,589.6,0,0,3.76849361385,8,5,4,266.5,179.7,143.4,8,5,4,266.5,179.7,143.4
152,152,19,639.4,19,639.4,0,0,3.84192781774,10,5,4,320.9,174.5,144.0,10,5,4,320.9,174.5,144.0
153,153,18,621.2,18,621.2,0,0,2.72567075153,8,6,4,266.6,212.8,141.8,8,6,4,266.6,212.8,141.8
154,154,19,635.7,19,635.7,0,0,3.26042188638,10,5,4,322.6,171.8,141.3,10,5,4,322.6,171.8,141.3
155,155,20,649.3,19,626.0,0,0,3.83615418712,11,5,4,341.4,167.1,140.8,10,5,4,318.1,167.1,140.8
156,156,19,627.7,19,627.7,0,0,3.44322370369,10,5,4,317.7,169.0,141.0,10,5,4,317.7,169.0,141.0
157,157,19,626.4,19,626.4,0,0,3.54715106836,10,5,4,315.6,168.5,142.3,10,5,4,315.6,168.5,142.3
158,158,18,605.3,18,605.3,0,0,3.0485880156,8,6,4,261.7,200.5,143.1,8,6,4,261.7,200.5,143.1
159,159,19,624.9,19,624.9,0,0,3.77372417541,10,5,4,312.0,171.0,141.9,10,5,4,312.0,171.0,141.9
160,160,18,623.6,18,623.6,0,0,2.8355354764,8,6,4,271.8,209.9,141.9,8,6,4,271.8,209.9,141.9
161,161,16,570.0,16,570.0,0,0,2.55747271084,7,5,4,248.4,176.6,145.0,7,5,4,248.4,176.6,145.0
162,162,17,584.7,17,584.7,0,0,3.42700134743,8,5,4,265.9,173.7,145.1,8,5,4,265.9,173.7,145.1
163,163,17,600.7,17,600.7,0,0,3.34401352727,8,5,4,282.4,172.5,145.8,8,5,4,282.4,172.5,145.8
164,164,17,559.1,17,559.1,0,0,4.71750494872,8,5,4,244.4,168.7,146.0,8,5,4,244.4,168.7,146.0
165,165,18,575.1,18,575.1,0,0,3.92791667577,9,5,4,271.3,165.1,138.7,9,5,4,271.3,165.1,138.7
166,166,19,610.1,18,585.3,0,0,4.83102183082,10,5,4,296.4,168.2,145.5,9,5,4,271.6,168.2,145.5
167,167,19,631.2,19,631.2,0,0,3.37137936614,9,6,4,284.3,208.6,138.3,9,6,4,284.3,208.6,138.3
168,168,18,561.9,16,514.0,0,0,4.5113256171,9,5,4,270.6,159.7,131.6,8,4,4,247.1,135.3,131.6
169,169,19,606.5,19,606.5,0,0,3.97737754855,10,5,4,301.5,167.9,137.1,10,5,4,301.5,167.9,137.1
170,170,20,649.1,19,625.6,0,0,4.31807401024,11,5,4,330.4,176.2,142.5,10,5,4,306.9,176.2,142.5
171,171,19,640.1,19,640.1,0,0,4.28445442356,9,6,4,278.5,217.2,144.4,9,6,4,278.5,217.2,144.4
172,172,17,573.1,17,573.1,0,0,4.19581374005,8,5,4,247.6,182.9,142.6,8,5,4,247.6,182.9,142.6
173,173,17,568.6,17,568.6,0,0,4.39362004033,8,5,4,248.4,177.9,142.3,8,5,4,248.4,177.9,142.3
174,174,17,563.6,17,563.6,0,0,4.50487481056,8,5,4,241.5,179.2,142.9,8,5,4,241.5,179.2,142.9
175,175,17,567.6,17,567.6,0,0,4.12187493032,8,5,4,246.7,179.1,141.8,8,5,4,246.7,179.1,141.8
176,176,17,566.3,17,566.3,0,0,4.23185573256,8,5,4,247.6,176.8,141.9,8,5,4,247.6,176.8,141.9
177,177,16,536.7,16,536.7,0,0,4.10381428267,7,5,4,220.1,175.8,140.8,7,5,4,220.1,175.8,140.8
178,178,17,563.1,17,563.1,0,0,4.54154838846,8,5,4,245.2,176.3,141.6,8,5,4,245.2,176.3,141.6
179,179,17,570.1,17,570.1,0,0,4.24292663978,8,5,4,246.9,180.5,142.7,8,5,4,246.9,180.5,142.7
180,180,17,568.3,17,568.3,0,0,4.37189385534,8,5,4,245.5,175.3,147.5,8,5,4,245.5,175.3,147.5
181,181,16,527.4,16,527.4,0,0,4.40285891969,8,4,4,246.9,145.5,135.0,8,4,4,246.9,145.5,135.0
182,182,19,619.5,19,619.5,0,0,4.25120553937,10,5,4,301.7,180.2,137.6,10,5,4,301.7,180.2,137.6
183,183,18,594.4,18,594.4,0,0,4.32265653009,9,5,4,271.4,182.9,140.1,9,5,4,271.4,182.9,140.1
184,184,19,614.6,19,614.6,0,0,4.63409687007,10,5,4,292.2,180.3,142.1,10,5,4,292.2,180.3,142.1
185,185,19,628.6,19,628.6,0,0,4.64617682233,10,5,4,302.4,183.4,142.8,10,5,4,302.4,183.4,142.8
186,186,19,608.6,18,584.3,0,0,4.14930417615,10,5,4,298.6,171.3,138.7,9,5,4,274.3,171.3,138.7
187,187,19,625.4,19,625.4,0,0,4.78913853978,10,5,4,294.0,183.3,148.1,10,5,4,294.0,183.3,148.1
188,188,20,658.8,20,658.8,0,0,4.06517948073,11,5,4,335.4,179.1,144.3,11,5,4,335.4,179.1,144.3
189,189,19,622.6,19,622.6,0,0,3.86250532277,10,5,4,308.0,173.5,141.1,10,5,4,308.0,173.5,141.1
190,190,19,626.8,19,626.8,0,0,4.00012426708,10,5,4,307.1,177.5,142.2,10,5,4,307.1,177.5,142.2
191,191,20,655.4,20,655.4,0,0,4.11775360322,11,5,4,333.3,177.6,144.5,11,5,4,333.3,177.6,144.5
192,192,20,657.1,20,657.1,0,0,3.82862831009,11,5,4,334.3,181.7,141.1,11,5,4,334.3,181.7,141.1
193,193,19,645.2,19,645.2,0,0,3.45548128011,9,6,4,280.6,220.4,144.2,9,6,4,280.6,220.4,144.2
194,194,17,587.3,17,587.3,0,0,2.88273256804,8,5,4,261.0,183.3,143.0,8,5,4,261.0,183.3,143.0
195,195,19,638.5,19,638.5,0,0,3.58290287092,10,5,4,318.6,181.9,138.0,10,5,4,318.6,181.9,138.0
196,196,18,598.7,18,598.7,0,0,3.90296100098,9,5,4,286.9,169.7,142.1,9,5,4,286.9,169.7,142.1
197,197,18,603.3,18,603.3,0,0,3.88378984105,9,5,4,288.6,173.6,141.1,9,5,4,288.6,173.6,141.1
198,198,17,576.0,17,576.0,0,0,3.16508990672,8,5,4,259.9,173.5,142.6,8,5,4,259.9,173.5,142.6
199,199,19,607.6,18,584.0,0,0,4.17513525361,10,5,4,303.1,165.4,139.1,9,5,4,279.5,165.4,139.1
200,200,20,656.0,20,656.0,0,0,3.28297041364,11,5,4,338.8,176.7,140.5,11,5,4,338.8,176.7,140.5
201,201,20,642.7,19,618.3,0,0,4.16606276325,11,5,4,325.2,179.8,137.7,10,5,4,300.8,179.8,137.7
202,202,16,549.3,16,549.3,0,0,3.76452188199,7,5,4,229.6,181.9,137.8,7,5,4,229.6,181.9,137.8
203,203,19,636.1,19,636.1,0,0,4.49562490371,10,5,4,316.7,182.3,137.1,10,5,4,316.7,182.3,137.1
204,204,19,615.4,18,592.6,0,0,4.13358799442,10,5,4,313.6,162.4,139.4,9,5,4,290.8,162.4,139.4
205,205,18,604.8,18,604.8,0,0,3.0601806944,9,5,4,294.9,168.2,141.7,9,5,4,294.9,168.2,141.7
206,206,18,599.9,18,599.9,0,0,3.62066057599,9,5,4,289.4,170.6,139.9,9,5,4,289.4,170.6,139.9
207,207,19,629.8,19,629.8,0,0,3.78055969123,10,5,4,319.1,170.8,139.9,10,5,4,319.1,170.8,139.9
208,208,19,629.4,19,629.4,0,0,3.84792037704,10,5,4,315.5,175.5,138.4,10,5,4,315.5,175.5,138.4
209,209,19,631.9,18,607.6,0,0,3.47024107223,9,6,4,288.7,203.1,140.1,8,6,4,264.4,203.1,140.1
210,210,17,575.6,17,575.6,0,0,2.96691313142,8,5,4,261.7,171.4,142.5,8,5,4,261.7,171.4,142.5
211,211,19,611.4,18,586.8,0,0,4.19120493777,10,5,4,305.8,167.3,138.3,9,5,4,281.2,167.3,138.3
212,212,18,609.1,18,609.1,0,0,3.23094211154,8,6,4,264.3,200.5,144.3,8,6,4,264.3,200.5,144.3
213,213,17,570.6,17,570.6,0,0,3.19705747064,8,5,4,253.7,174.9,142.0,8,5,4,253.7,174.9,142.0
214,214,18,597.7,18,597.7,0,0,3.58402866031,9,5,4,280.5,177.1,140.1,9,5,4,280.5,177.1,140.1
215,215,18,600.3,18,600.3,0,0,3.55482273902,9,5,4,279.8,180.2,140.3,9,5,4,279.8,180.2,140.3
216,216,17,576.7,17,576.7,0,0,3.73756762677,8,5,4,255.6,180.8,140.3,8,5,4,255.6,180.8,140.3
217,217,18,593.7,18,593.7,0,0,4.09235298345,9,5,4,269.6,180.3,143.8,9,5,4,269.6,180.3,143.8
218,218,18,595.0,18,595.0,0,0,3.4253762734,9,5,4,277.1,175.9,142.0,9,5,4,277.1,175.9,142.0
219,219,18,594.4,18,594.4,0,0,4.22200893854,9,5,4,274.0,177.2,143.2,9,5,4,274.0,177.2,143.2
220,220,18,602.2,18,602.2,0,0,4.21708321588,9,5,4,279.9,179.4,142.9,9,5,4,279.9,179.4,142.9
221,221,18,597.7,18,597.7,0,0,3.73654011435,9,5,4,279.0,177.5,141.2,9,5,4,279.0,177.5,141.2
222,222,17,579.6,17,579.6,0,0,3.38497979836,8,5,4,257.1,180.7,141.8,8,5,4,257.1,180.7,141.8
223,223,18,606.8,18,606.8,0,0,3.75748490489,9,5,4,285.1,181.6,140.1,9,5,4,285.1,181.6,140.1
224,224,17,565.1,17,565.1,0,0,4.41532258498,8,5,4,255.2,175.2,134.7,8,5,4,255.2,175.2,134.7
225,225,19,626.1,19,626.1,0,0,4.3126903721,10,5,4,308.0,178.8,139.3,10,5,4,308.0,178.8,139.3
226,226,17,573.0,17,573.0,0,0,3.33437973772,8,5,4,257.6,177.3,138.1,8,5,4,257.6,177.3,138.1
227,227,18,602.1,18,602.1,0,0,3.70139083557,9,5,4,284.8,178.1,139.2,9,5,4,284.8,178.1,139.2
228,228,18,589.8,18,589.8,0,0,4.1377743378,9,5,4,280.1,169.3,140.4,9,5,4,280.1,169.3,140.4
229,229,17,583.8,17,583.8,0,0,2.84430545642,8,5,4,262.8,176.0,145.0,8,5,4,262.8,176.0,145.0
230,230,19,630.6,19,630.6,0,0,3.38196109066,10,5,4,314.5,175.1,141.0,10,5,4,314.5,175.1,141.0
231,231,19,623.9,19,623.9,0,0,3.42705097169,10,5,4,313.7,172.6,137.6,10,5,4,313.7,172.6,137.6
232,232,19,631.2,19,631.2,0,0,3.52980625017,10,5,4,318.0,174.2,139.0,10,5,4,318.0,174.2,139.0
233,233,17,558.5,17,558.5,0,0,4.07816098981,8,5,4,268.5,154.3,135.7,8,5,4,268.5,154.3,135.7
234,234,17,521.0,14,449.7,0,0,4.53295125264,9,5,3,288.5,154.5,78.0,8,5,1,265.0,154.5,30.2
235,235,18,523.2,15,451.3,0,0,4.04547677696,9,5,4,282.9,137.6,102.7,8,4,3,258.5,114.4,78.4
236,236,17,519.5,17,519.5,0,0,3.21598717805,9,5,3,286.8,150.2,82.5,9,5,3,286.8,150.2,82.5
237,237,18,544.4,17,521.8,0,0,3.82456798363,9,5,4,288.7,149.8,105.9,9,5,3,288.7,149.8,83.3
238,238,18,546.2,16,497.8,0,0,3.94703495897,9,5,4,289.3,145.6,111.3,9,4,3,289.3,121.8,86.7
239,239,17,526.5,17,526.5,0,0,3.21009437281,9,4,4,290.1,121.6,114.8,9,4,4,290.1,121.6,114.8
