,e_id,num_sat,sum_snr,num_sat_25,sum_snr_25,num_sat_u20,sum_sat_u20,snr_std,elev_0_30,elev_30_60,elev_60_90,sum_elev_0_30,sum_elev_30_60,sum_elev_60_90,elev_0_30_25,elev_30_60_25,elev_60_90_25,sum_elev_0_30_25,sum_elev_30_60_25,sum_elev_60_90_25
1,1,16,524.3,14,478.2,0,0,5.41955948394,9,3,4,289.1,105.8,129.4,8,3,3,266.0,105.8,106.4
2,2,16,518.6,13,448.4,0,0,5.19151551412,9,3,4,285.6,109.0,124.0,7,3,3,238.4,109.0,101.0
3,3,17,532.5,16,509.5,0,0,4.86743379664,9,4,4,271.8,137.7,123.0,9,4,3,271.8,137.7,100.0
4,4,17,533.3,16,510.4,0,0,4.40876466625,9,4,4,270.3,137.7,125.3,8,4,4,247.4,137.7,125.3
5,5,17,541.7,16,517.2,0,0,4.0584697203,9,4,4,275.2,137.3,129.2,8,4,4,250.7,137.3,129.2
6,6,17,539.8,16,516.4,0,0,4.28020409079,9,4,4,274.6,137.3,127.9,8,4,4,251.2,137.3,127.9
7,7,18,562.2,16,514.5,0,0,4.25648294474,10,4,4,295.6,139.4,127.2,8,4,4,247.9,139.4,127.2
8,8,20,613.1,17,546.8,1,17.1,5.07848661668,12,4,4,340.5,137.6,135.0,9,4,4,274.2,137.6,135.0
9,9,20,625.1,19,605.1,1,20.0,4.5574086589,12,4,4,350.5,133.9,140.7,11,4,4,330.5,133.9,140.7
10,10,5,159.7,5,159.7,0,0,4.23355642457,3,1,1,92.1,34.3,33.3,3,1,1,92.1,34.3,33.3
11,11,19,616.6,16,551.8,1,18.6,5.43613102011,11,4,4,345.5,143.2,127.9,9,4,3,303.4,143.2,105.2
12,12,20,626.7,19,605.0,0,0,4.2478818251,12,4,4,367.2,131.0,128.5,11,4,4,345.5,131.0,128.5
13,13,19,604.9,18,581.6,0,0,3.95266584111,11,4,4,349.7,122.2,133.0,10,4,4,326.4,122.2,133.0
14,14,20,616.5,19,593.3,0,0,4.27894170389,12,4,4,370.8,114.6,131.1,11,4,4,347.6,114.6,131.1
15,15,19,564.6,17,524.2,1,17.7,4.85995692229,11,4,4,335.6,103.8,125.2,11,2,4,335.6,63.4,125.2
16,16,18,528.3,15,460.6,0,0,4.80701081143,10,4,4,294.5,112.5,121.3,8,4,3,249.6,112.5,98.5
17,17,20,583.4,16,496.6,1,18.5,5.14905203335,12,4,4,344.1,112.8,126.5,9,3,4,282.1,88.0,126.5
18,18,19,560.3,15,469.9,0,0,5.15265786182,11,4,4,328.4,106.8,125.1,9,3,3,285.2,83.9,100.8
19,19,19,565.6,16,499.9,1,17.7,4.8402310128,11,4,4,328.6,116.1,120.9,10,3,3,310.9,91.5,97.5
20,20,20,592.9,17,526.2,1,17.8,4.19404025782,12,4,4,351.1,118.3,123.5,10,4,3,309.3,118.3,98.6
21,21,22,644.4,18,554.6,0,0,4.44853203084,14,4,4,405.4,122.8,116.2,10,4,4,315.6,122.8,116.2
22,22,22,661.7,18,571.6,1,20.0,4.60661344654,14,4,4,423.1,125.5,113.1,12,4,2,381.4,125.5,64.7
23,23,23,663.0,17,533.5,1,16.7,5.47043436794,15,4,4,429.5,126.9,106.6,11,4,2,344.6,126.9,62.0
24,24,23,669.1,17,535.7,1,18.4,5.1924694636,15,4,4,431.7,127.9,109.5,11,4,2,344.4,127.9,63.4
25,25,22,648.8,17,538.9,1,18.4,5.34254345446,15,4,3,434.2,122.8,91.8,11,4,2,347.1,122.8,69.0
26,26,23,670.9,19,591.5,2,36.3,6.09727471033,15,4,4,427.6,120.5,122.8,11,4,4,348.2,120.5,122.8
27,27,22,654.3,17,544.2,1,19.3,5.84022660119,14,4,4,414.5,117.4,122.4,10,3,4,326.3,95.5,122.4
28,28,22,640.0,16,509.4,2,38.1,5.88532550307,14,4,4,397.6,124.2,118.2,10,3,3,312.4,100.9,96.1
29,29,23,662.2,17,538.9,3,55.9,6.30064304391,15,4,4,410.0,130.5,121.7,10,4,3,309.6,130.5,98.8
30,30,23,670.9,18,563.2,1,19.2,5.79148550441,15,4,4,422.3,130.3,118.3,11,4,3,336.4,130.3,96.5
31,31,23,674.5,16,518.4,1,19.1,5.89539245292,15,4,4,426.5,129.1,118.9,9,4,3,293.2,129.1,96.1
32,32,23,672.3,16,518.3,0,0,5.91503744571,15,4,4,427.0,128.3,117.0,9,4,3,294.7,128.3,95.3
33,33,23,688.8,19,601.8,0,0,5.55925678201,15,4,4,442.2,130.0,116.6,12,4,3,377.9,130.0,93.9
34,34,23,701.9,19,611.2,0,0,5.25077069442,15,4,4,452.4,130.7,118.8,12,4,3,385.8,130.7,94.7
35,35,23,694.2,19,604.3,0,0,5.10086019251,15,4,4,451.4,128.5,114.3,12,4,3,383.3,128.5,92.5
36,36,23,691.4,19,604.0,0,0,5.55728343793,15,4,4,441.2,131.5,118.7,12,4,3,374.3,131.5,98.2
37,37,23,691.7,18,580.2,1,19.1,5.45620725674,15,4,4,441.0,130.6,120.1,11,4,3,352.6,130.6,97.0
38,38,23,694.3,19,601.0,0,0,4.67783014459,15,4,4,448.0,125.4,120.9,12,4,3,379.1,125.4,96.5
39,39,23,704.5,21,655.9,0,0,4.22378920602,15,4,4,455.7,125.3,123.5,13,4,4,407.1,125.3,123.5
40,40,23,702.8,21,654.5,0,0,4.23608160353,15,4,4,457.0,122.1,123.7,13,4,4,408.7,122.1,123.7
41,41,23,698.2,19,602.6,0,0,4.59147689519,15,4,4,456.7,121.1,120.4,13,3,3,408.5,96.4,97.7
42,42,23,689.8,19,597.8,0,0,4.89878584619,15,4,4,453.0,117.4,119.4,12,4,3,382.1,117.4,98.3
43,43,23,685.4,18,568.4,0,0,5.00563319035,15,4,4,452.4,112.2,120.8,12,3,3,380.2,90.7,97.5
44,44,23,692.2,19,596.5,0,0,4.98802914813,15,4,4,452.9,115.8,123.5,13,3,3,405.3,92.4,98.8
45,45,22,674.3,20,629.2,0,0,4.66197893807,14,4,4,424.5,116.2,133.6,13,3,4,403.9,91.7,133.6
46,46,23,704.7,21,654.9,0,0,4.02206856892,15,4,4,458.8,113.7,132.2,13,4,4,409.0,113.7,132.2
47,47,23,693.4,20,624.8,0,0,4.62717954199,15,4,4,446.1,118.7,128.6,13,3,4,400.2,96.0,128.6
48,48,24,703.2,17,539.6,0,0,5.13597710953,16,4,4,457.7,120.6,124.9,10,3,4,318.2,96.5,124.9
49,49,24,731.7,20,643.5,1,19.5,5.27053437601,16,4,4,469.6,127.4,134.7,13,3,4,403.7,105.1,134.7
50,50,24,716.6,20,630.8,1,19.6,5.42329249158,16,4,4,447.3,132.3,137.0,13,3,4,385.8,108.0,137.0
51,51,24,732.6,20,645.3,2,39.3,5.47033501875,16,4,4,462.5,134.2,135.9,12,4,4,375.2,134.2,135.9
52,52,19,569.9,17,525.6,1,19.6,4.56173379371,12,3,4,352.0,91.4,126.5,10,3,4,307.7,91.4,126.5
53,53,17,520.5,14,447.9,0,0,5.07767605482,10,3,4,296.2,97.5,126.8,7,3,4,223.6,97.5,126.8
54,54,17,528.9,16,505.0,0,0,4.59059940979,11,4,2,335.6,125.8,67.5,10,4,2,311.7,125.8,67.5
55,55,20,604.2,17,531.9,0,0,4.59815752575,12,4,4,362.1,116.4,125.7,11,3,3,339.2,91.9,100.8
56,56,18,569.2,18,569.2,0,0,4.90636508025,10,4,4,299.7,135.5,134.0,10,4,4,299.7,135.5,134.0
57,57,17,529.1,16,504.3,0,0,4.39666484562,9,4,4,279.7,118.5,130.9,8,4,4,254.9,118.5,130.9
58,58,16,494.9,14,446.4,0,0,4.9560358823,9,3,4,288.4,87.8,118.7,8,3,3,263.5,87.8,95.1
59,59,19,585.5,18,561.0,0,0,4.40533302536,11,4,4,340.3,115.9,129.3,10,4,4,315.8,115.9,129.3
60,60,19,589.7,19,589.7,0,0,4.08264763308,11,4,4,344.3,114.6,130.8,11,4,4,344.3,114.6,130.8
61,61,15,482.7,14,458.8,0,0,4.31031984229,8,4,3,255.4,124.0,103.3,7,4,3,231.5,124.0,103.3
62,62,17,524.1,16,501.4,0,0,5.01395112485,9,4,4,283.0,120.3,120.8,9,4,3,283.0,120.3,98.1
63,63,15,475.8,14,451.9,0,0,4.43656881578,8,4,3,257.1,116.6,102.1,8,3,3,257.1,92.7,102.1
64,64,17,539.4,14,465.1,0,0,4.17683563028,9,4,4,292.7,122.9,123.8,8,3,3,268.1,98.0,99.0
65,65,16,509.5,14,463.9,0,0,5.04842797314,9,3,4,295.4,91.5,122.6,9,2,3,295.4,68.8,99.7
66,66,14,455.7,14,455.7,0,0,4.14594333703,8,2,4,258.6,71.0,126.1,8,2,4,258.6,71.0,126.1
67,67,15,485.3,14,460.5,0,0,4.05495581562,9,2,4,284.1,71.7,129.5,8,2,4,259.3,71.7,129.5
68,68,15,484.5,15,484.5,0,0,4.16481863779,9,2,4,282.1,72.3,130.1,9,2,4,282.1,72.3,130.1
69,69,16,509.5,14,461.8,0,0,4.69935722555,9,3,4,282.2,97.0,130.3,8,2,4,258.6,72.9,130.3
70,70,16,513.1,15,489.0,0,0,4.5905291997,9,3,4,283.0,100.0,130.1,8,3,4,258.9,100.0,130.1
71,71,17,539.6,16,515.6,0,0,4.5447853117,9,4,4,285.6,126.3,127.7,8,4,4,261.6,126.3,127.7
72,72,18,558.3,16,514.2,0,0,5.34253189591,10,4,4,309.1,121.1,128.1,9,3,4,285.9,100.2,128.1
73,73,19,563.0,14,452.6,1,17.8,5.90640449301,11,4,4,319.1,122.2,121.7,7,3,4,229.6,101.3,121.7
74,74,19,573.4,17,534.0,1,18.5,5.19439644097,11,4,4,329.6,121.8,122.0,10,3,4,311.1,100.9,122.0
75,75,20,603.7,16,515.5,1,19.1,5.69036813165,12,4,4,365.8,119.8,118.1,10,3,3,324.0,98.3,93.2
76,76,20,597.2,16,515.6,2,37.1,6.13706598851,12,4,4,367.9,116.0,113.3,10,3,3,330.8,95.9,88.9
77,77,20,583.7,16,503.9,2,37.4,5.96377441417,12,4,4,363.1,118.6,102.0,10,4,2,325.7,118.6,59.6
78,78,20,626.0,16,532.5,0,0,5.2502631513,12,4,4,370.3,132.8,122.9,9,4,3,300.8,132.8,98.9
79,79,21,654.5,19,616.2,1,18.0,6.07966556098,13,4,4,385.9,139.0,129.6,11,4,4,347.6,139.0,129.6
80,80,19,592.1,15,510.1,2,37.5,6.71368507241,11,4,4,319.4,146.8,125.9,8,4,3,259.4,146.8,103.9
81,81,21,637.0,16,529.0,0,0,5.73343992149,13,4,4,397.3,122.4,117.3,10,3,3,332.3,101.4,95.3
82,82,20,600.0,14,473.1,2,38.6,6.49128971047,13,4,3,387.8,125.2,87.0,9,3,2,300.0,106.5,66.6
83,83,21,628.2,16,525.1,2,38.2,6.45192108711,14,4,3,410.5,127.1,90.6,10,3,3,327.9,106.6,90.6
84,84,20,622.2,18,578.1,0,0,5.15485463576,13,4,3,403.7,125.6,92.9,11,4,3,359.6,125.6,92.9
85,85,20,621.8,17,554.1,0,0,5.09467213965,13,4,3,399.5,127.1,95.2,10,4,3,331.8,127.1,95.2
86,86,20,623.5,18,581.0,1,18.0,5.11261340114,13,4,3,400.3,126.8,96.4,11,4,3,357.8,126.8,96.4
87,87,20,626.7,17,559.5,1,18.0,5.16855624756,13,4,3,403.0,125.0,98.7,10,4,3,335.8,125.0,98.7
88,88,19,606.3,17,559.0,0,0,4.57686145942,12,4,3,382.7,124.2,99.4,10,4,3,335.4,124.2,99.4
89,89,20,635.1,18,587.5,0,0,4.94096464053,12,4,4,392.2,117.8,125.1,12,3,3,392.2,93.8,101.5
90,90,20,620.2,17,550.0,0,0,5.14545277022,12,4,4,384.2,113.1,122.9,11,3,3,360.8,88.4,100.8
91,91,21,660.3,18,594.1,0,0,5.69759347695,13,4,4,419.5,118.7,122.1,11,3,4,373.9,98.1,122.1
92,92,21,656.4,18,593.3,1,19.0,5.6511566452,13,4,4,409.0,121.1,126.3,11,3,4,367.5,99.5,126.3
93,93,21,647.4,16,534.6,2,39.4,6.05608312832,13,4,4,401.7,113.9,131.8,10,2,4,333.2,69.6,131.8
94,94,21,633.7,16,526.7,2,39.8,6.64213104071,13,4,4,389.6,113.2,130.9,9,3,4,305.4,90.4,130.9
95,95,20,580.0,14,454.7,3,58.3,6.45005099939,13,4,3,373.9,113.1,93.0,9,3,2,289.7,94.6,70.4
96,96,22,651.5,17,542.9,0,0,5.69806111172,15,4,3,439.9,120.4,91.2,11,4,2,352.5,120.4,70.0
97,97,23,677.5,16,530.0,2,37.0,6.67763064179,15,4,4,443.9,120.9,112.7,11,3,2,361.3,99.1,69.6
98,98,23,686.2,16,535.4,2,37.0,6.69386480943,15,4,4,443.5,122.6,120.1,10,3,3,339.1,100.5,95.8
99,99,22,658.4,15,508.8,3,52.6,6.98127985389,14,4,4,413.6,124.6,120.2,10,3,2,337.3,101.0,70.5
100,100,22,683.1,19,625.8,2,33.7,6.36506462018,14,4,4,423.4,129.9,129.8,11,4,4,366.1,129.9,129.8
101,101,23,710.7,20,653.8,2,33.7,6.3945999946,15,4,4,439.1,140.4,131.2,12,4,4,382.2,140.4,131.2
102,102,23,714.3,19,633.6,2,37.9,6.1812639254,15,4,4,449.7,131.1,133.5,12,3,4,389.9,110.2,133.5
103,103,22,701.5,19,634.6,1,19.8,5.3218592754,14,4,4,432.0,135.5,134.0,12,3,4,388.0,112.6,134.0
104,104,22,712.1,19,647.8,1,18.6,5.57839252863,14,4,4,437.1,139.6,135.4,11,4,4,372.8,139.6,135.4
105,105,18,596.2,16,554.9,1,18.6,5.10415696278,12,3,3,380.0,107.8,108.4,10,3,3,338.7,107.8,108.4
106,106,17,572.7,17,572.7,0,0,3.7314344348,9,4,4,301.4,135.0,136.3,9,4,4,301.4,135.0,136.3
107,107,17,578.7,17,578.7,0,0,3.63198616867,9,4,4,306.3,133.9,138.5,9,4,4,306.3,133.9,138.5
108,108,17,578.6,17,578.6,0,0,3.73429062482,9,4,4,309.8,132.7,136.1,9,4,4,309.8,132.7,136.1
109,109,15,515.9,15,515.9,0,0,3.00368028227,8,3,4,268.8,108.0,139.1,8,3,4,268.8,108.0,139.1
110,110,17,573.4,17,573.4,0,0,3.75395869481,9,4,4,302.3,135.6,135.5,9,4,4,302.3,135.6,135.5
111,111,17,580.1,17,580.1,0,0,4.01412029774,9,4,4,307.3,136.2,136.6,9,4,4,307.3,136.2,136.6
112,112,16,553.0,16,553.0,0,0,3.74377260705,8,4,4,276.0,135.1,141.9,8,4,4,276.0,135.1,141.9
113,113,16,550.8,16,550.8,0,0,3.9739988257,8,4,4,271.1,138.7,141.0,8,4,4,271.1,138.7,141.0
114,114,16,549.1,16,549.1,0,0,4.00453388881,8,4,4,271.8,137.2,140.1,8,4,4,271.8,137.2,140.1
115,115,16,545.8,16,545.8,0,0,4.31275240807,8,4,4,267.8,136.8,141.2,8,4,4,267.8,136.8,141.2
116,116,16,550.8,16,550.8,0,0,4.1661332992,8,4,4,272.1,136.0,142.7,8,4,4,272.1,136.0,142.7
117,117,16,534.1,16,534.1,0,0,3.83148687413,9,4,3,290.6,135.5,108.0,9,4,3,290.6,135.5,108.0
118,118,17,554.6,17,554.6,0,0,4.02702269235,9,4,4,289.0,131.7,133.9,9,4,4,289.0,131.7,133.9
119,119,17,557.2,17,557.2,0,0,4.02220856803,9,4,4,283.6,136.8,136.8,9,4,4,283.6,136.8,136.8
120,120,17,551.0,16,527.7,0,0,4.46064490194,9,4,4,273.7,139.7,137.6,8,4,4,250.4,139.7,137.6
121,121,16,522.2,16,522.2,0,0,3.93478080711,8,4,4,249.3,139.1,133.8,8,4,4,249.3,139.1,133.8
122,122,15,493.4,15,493.4,0,0,3.4270909502,7,4,4,224.8,136.2,132.4,7,4,4,224.8,136.2,132.4
123,123,14,461.3,14,461.3,0,0,3.71933616906,6,4,4,189.4,137.5,134.4,6,4,4,189.4,137.5,134.4
124,124,15,492.8,14,468.0,0,0,3.97669400861,7,4,4,221.4,137.2,134.2,6,4,4,196.6,137.2,134.2
125,125,17,540.9,14,469.5,0,0,4.80848667646,9,4,4,269.9,137.5,133.5,6,4,4,198.5,137.5,133.5
126,126,17,546.5,16,522.8,0,0,4.69176374712,9,4,4,272.8,139.3,134.4,8,4,4,249.1,139.3,134.4
127,127,16,550.3,16,550.3,0,0,3.60249334952,9,3,4,303.1,108.5,138.7,9,3,4,303.1,108.5,138.7
128,128,17,577.6,17,577.6,0,0,4.08740893045,10,3,4,340.5,107.7,129.4,10,3,4,340.5,107.7,129.4
129,129,15,523.5,15,523.5,0,0,2.97633523457,9,3,3,314.2,105.8,103.5,9,3,3,314.2,105.8,103.5
130,130,14,484.2,14,484.2,0,0,3.22963611736,7,3,4,245.3,102.9,136.0,7,3,4,245.3,102.9,136.0
131,131,17,569.5,17,569.5,0,0,3.38175250425,9,4,4,306.9,131.7,130.9,9,4,4,306.9,131.7,130.9
132,132,15,500.8,15,500.8,0,0,4.03924792623,8,3,4,268.1,99.8,132.9,8,3,4,268.1,99.8,132.9
133,133,18,577.9,17,553.8,0,0,4.73267393916,10,4,4,327.0,121.5,129.4,9,4,4,302.9,121.5,129.4
134,134,18,577.8,17,553.9,0,0,4.80906007693,10,4,4,326.0,120.9,130.9,9,4,4,302.1,120.9,130.9
135,135,17,567.3,17,567.3,0,0,3.91850811947,9,4,4,298.6,129.9,138.8,9,4,4,298.6,129.9,138.8
136,136,17,567.5,17,567.5,0,0,3.93815237359,10,3,4,332.5,100.5,134.5,10,3,4,332.5,100.5,134.5
137,137,15,503.0,15,503.0,0,0,3.210844719,9,2,4,301.1,69.7,132.2,9,2,4,301.1,69.7,132.2
138,138,17,567.6,17,567.6,0,0,4.25483289227,9,4,4,301.7,130.7,135.2,9,4,4,301.7,130.7,135.2
139,139,16,555.3,16,555.3,0,0,3.79112450336,8,4,4,278.3,136.1,140.9,8,4,4,278.3,136.1,140.9
140,140,17,579.8,17,579.8,0,0,3.9492832559,9,4,4,305.8,134.3,139.7,9,4,4,305.8,134.3,139.7
141,141,18,608.0,18,608.0,0,0,4.17084496384,10,4,4,329.5,137.8,140.7,10,4,4,329.5,137.8,140.7
142,142,17,579.0,17,579.0,0,0,4.27069356538,9,4,4,303.6,134.9,140.5,9,4,4,303.6,134.9,140.5
143,143,17,580.6,17,580.6,0,0,4.21635471217,9,4,4,311.1,138.5,131.0,9,4,4,311.1,138.5,131.0
144,144,16,557.3,16,557.3,0,0,3.34837647226,10,3,3,344.5,110.8,102.0,10,3,3,344.5,110.8,102.0
145,145,18,622.7,18,622.7,0,0,2.96934776404,10,4,4,345.1,144.2,133.4,10,4,4,345.1,144.2,133.4
146,146,18,613.5,18,613.5,0,0,3.59235298934,10,4,4,341.8,136.2,135.5,10,4,4,341.8,136.2,135.5
147,147,17,586.0,17,586.0,0,0,2.86700294425,10,4,3,340.7,138.2,107.1,10,4,3,340.7,138.2,107.1
148,148,18,613.4,18,613.4,0,0,4.20007780818,10,4,4,339.8,136.6,137.0,10,4,4,339.8,136.6,137.0
149,149,18,608.7,18,608.7,0,0,4.41364861737,10,4,4,336.4,137.2,135.1,10,4,4,336.4,137.2,135.1
150,150,18,612.8,18,612.8,0,0,3.59136582608,10,4,4,336.8,137.7,138.3,10,4,4,336.8,137.7,138.3
151,151,18,601.0,18,601.0,0,0,4.30798013116,10,4,4,327.4,132.1,141.5,10,4,4,327.4,132.1,141.5
152,152,17,573.7,17,573.7,0,0,3.94336747702,9,4,4,300.7,134.2,138.8,9,4,4,300.7,134.2,138.8
153,153,17,571.8,17,571.8,0,0,4.35831693095,9,4,4,296.3,138.3,137.2,9,4,4,296.3,138.3,137.2
154,154,18,602.3,18,602.3,0,0,3.84893245534,10,4,4,325.8,136.7,139.8,10,4,4,325.8,136.7,139.8
155,155,18,600.8,18,600.8,0,0,4.34586423485,10,4,4,324.8,139.6,136.4,10,4,4,324.8,139.6,136.4
156,156,18,593.2,18,593.2,0,0,4.644822826,10,4,4,324.2,136.1,132.9,10,4,4,324.2,136.1,132.9
157,157,18,614.5,18,614.5,0,0,3.45953735242,10,4,4,344.1,132.7,137.7,10,4,4,344.1,132.7,137.7
158,158,19,640.9,19,640.9,0,0,3.4312376503,11,4,4,365.2,137.1,138.6,11,4,4,365.2,137.1,138.6
159,159,18,614.7,18,614.7,0,0,3.51655747438,10,4,4,340.1,135.8,138.8,10,4,4,340.1,135.8,138.8
160,160,18,598.5,18,598.5,0,0,2.91794649792,10,4,4,344.0,127.8,126.7,10,4,4,344.0,127.8,126.7
161,161,17,558.2,17,558.2,0,0,4.33934631835,9,4,4,306.1,123.0,129.1,9,4,4,306.1,123.0,129.1
162,162,16,542.6,16,542.6,0,0,3.95657680325,8,4,4,277.5,127.4,137.7,8,4,4,277.5,127.4,137.7
163,163,17,567.0,17,567.0,0,0,3.59724159028,9,4,4,304.2,126.0,136.8,9,4,4,304.2,126.0,136.8
164,164,17,578.5,17,578.5,0,0,3.81522684546,9,4,4,304.3,136.0,138.2,9,4,4,304.3,136.0,138.2
165,165,18,592.2,18,592.2,0,0,4.38915776458,10,4,4,319.0,133.8,139.4,10,4,4,319.0,133.8,139.4
166,166,17,561.5,17,561.5,0,0,4.43759009851,9,4,4,291.2,132.3,138.0,9,4,4,291.2,132.3,138.0
167,167,18,589.1,18,589.1,0,0,4.55099285296,10,4,4,317.0,132.7,139.4,10,4,4,317.0,132.7,139.4
168,168,17,581.6,17,581.6,0,0,4.41359863843,10,3,4,335.3,105.2,141.1,10,3,4,335.3,105.2,141.1
169,169,17,579.2,17,579.2,0,0,4.33052605146,9,4,4,302.4,133.0,143.8,9,4,4,302.4,133.0,143.8
170,170,17,571.7,17,571.7,0,0,3.71815893721,9,4,4,306.5,129.3,135.9,9,4,4,306.5,129.3,135.9
171,171,17,562.5,17,562.5,0,0,4.36719050892,9,4,4,303.2,124.6,134.7,9,4,4,303.2,124.6,134.7
172,172,16,532.9,16,532.9,0,0,4.09853124099,8,4,4,261.5,127.4,144.0,8,4,4,261.5,127.4,144.0
173,173,15,518.8,15,518.8,0,0,3.68701711931,7,3,5,244.0,100.7,174.1,7,3,5,244.0,100.7,174.1
174,174,13,452.1,13,452.1,0,0,3.57518154461,6,3,4,210.9,107.1,134.1,6,3,4,210.9,107.1,134.1
175,175,14,483.6,14,483.6,0,0,4.07350053313,7,3,4,236.2,110.6,136.8,7,3,4,236.2,110.6,136.8
176,176,15,508.8,15,508.8,0,0,3.71429670328,8,3,4,263.5,109.8,135.5,8,3,4,263.5,109.8,135.5
177,177,15,509.0,15,509.0,0,0,4.02006870351,8,3,4,261.5,108.0,139.5,8,3,4,261.5,108.0,139.5
178,178,15,501.1,15,501.1,0,0,4.27692590982,7,4,4,229.2,131.8,140.1,7,4,4,229.2,131.8,140.1
179,179,16,518.3,16,518.3,0,0,4.15555351307,8,4,4,253.8,132.0,132.5,8,4,4,253.8,132.0,132.5
180,180,16,512.9,16,512.9,0,0,4.31971739045,8,4,4,251.2,131.2,130.5,8,4,4,251.2,131.2,130.5
181,181,16,532.3,16,532.3,0,0,4.45671310123,8,4,4,260.0,132.7,139.6,8,4,4,260.0,132.7,139.6
182,182,17,551.4,17,551.4,0,0,4.08823635209,10,3,4,320.1,104.3,127.0,10,3,4,320.1,104.3,127.0
183,183,15,498.9,15,498.9,0,0,5.0891761893,9,2,4,294.2,76.3,128.4,9,2,4,294.2,76.3,128.4
184,184,15,493.7,15,493.7,0,0,3.91076657934,9,3,3,293.1,106.1,94.5,9,3,3,293.1,106.1,94.5
185,185,16,514.5,14,465.6,0,0,5.15078877455,9,3,4,280.9,104.7,128.9,8,3,3,256.3,104.7,104.6
186,186,15,508.3,15,508.3,0,0,4.13104391281,8,3,4,259.8,115.3,133.2,8,3,4,259.8,115.3,133.2
187,187,16,532.5,16,532.5,0,0,4.05877136582,8,4,4,259.3,138.1,135.1,8,4,4,259.3,138.1,135.1
188,188,17,556.5,17,556.5,0,0,3.70674068025,10,3,4,319.2,99.5,137.8,10,3,4,319.2,99.5,137.8
189,189,18,585.3,18,585.3,0,0,3.0498312393,10,4,4,327.7,124.2,133.4,10,4,4,327.7,124.2,133.4
190,190,18,580.2,18,580.2,0,0,3.41880612117,10,4,4,322.2,124.9,133.1,10,4,4,322.2,124.9,133.1
191,191,17,560.0,17,560.0,0,0,3.11850501513,9,4,4,301.3,124.2,134.5,9,4,4,301.3,124.2,134.5
192,192,17,559.9,17,559.9,0,0,3.2233408865,9,4,4,300.9,124.8,134.2,9,4,4,300.9,124.8,134.2
193,193,17,561.4,17,561.4,0,0,3.25931921798,9,4,4,301.7,125.4,134.3,9,4,4,301.7,125.4,134.3
194,194,17,561.0,17,561.0,0,0,4.31422067122,9,4,4,300.8,123.0,137.2,9,4,4,300.8,123.0,137.2
195,195,18,591.6,18,591.6,0,0,4.40654593291,10,4,4,330.5,124.9,136.2,10,4,4,330.5,124.9,136.2
196,196,15,513.2,15,513.2,0,0,3.01990223746,7,4,4,241.2,136.2,135.8,7,4,4,241.2,136.2,135.8
197,197,17,570.3,17,570.3,0,0,3.51392189139,10,4,3,330.0,132.2,108.1,10,4,3,330.0,132.2,108.1
198,198,17,571.5,17,571.5,0,0,3.53504513658,10,4,3,326.9,136.0,108.6,10,4,3,326.9,136.0,108.6
199,199,16,540.0,16,540.0,0,0,2.91456114478,10,3,3,325.5,107.2,107.3,10,3,3,325.5,107.2,107.3
200,200,16,537.1,16,537.1,0,0,3.47116094892,9,4,3,297.7,131.7,107.7,9,4,3,297.7,131.7,107.7
201,201,15,509.1,15,509.1,0,0,2.89008156089,8,4,3,269.7,131.8,107.6,8,4,3,269.7,131.8,107.6
202,202,16,542.3,16,542.3,0,0,3.24560600402,9,4,3,300.2,133.7,108.4,9,4,3,300.2,133.7,108.4
203,203,16,544.6,16,544.6,0,0,3.13748837979,9,4,3,302.5,132.8,109.3,9,4,3,302.5,132.8,109.3
204,204,16,545.8,16,545.8,0,0,3.02608107404,9,4,3,300.2,136.2,109.4,9,4,3,300.2,136.2,109.4
205,205,16,545.0,16,545.0,0,0,3.85294259841,9,4,3,298.7,135.6,110.7,9,4,3,298.7,135.6,110.7
206,206,15,512.7,15,512.7,0,0,2.93335497828,8,4,3,266.1,135.8,110.8,8,4,3,266.1,135.8,110.8
207,207,17,575.1,17,575.1,0,0,3.56033086698,9,4,4,300.4,135.7,139.0,9,4,4,300.4,135.7,139.0
208,208,16,559.6,16,559.6,0,0,2.9932145485,9,4,3,313.2,135.2,111.2,9,4,3,313.2,135.2,111.2
209,209,17,571.4,17,571.4,0,0,4.01495366613,9,4,4,303.1,131.5,136.8,9,4,4,303.1,131.5,136.8
210,210,16,541.3,16,541.3,0,0,4.11140182906,8,4,4,274.7,130.8,135.8,8,4,4,274.7,130.8,135.8
211,211,16,542.0,16,542.0,0,0,4.60470773593,8,4,4,277.8,131.6,132.6,8,4,4,277.8,131.6,132.6
212,212,16,539.6,16,539.6,0,0,4.84444699286,8,4,4,275.5,130.9,133.2,8,4,4,275.5,130.9,133.2
213,213,15,510.5,15,510.5,0,0,4.20928678497,8,3,4,274.4,103.9,132.2,8,3,4,274.4,103.9,132.2
214,214,15,513.0,15,513.0,0,0,4.28085438735,8,3,4,275.4,103.9,133.7,8,3,4,275.4,103.9,133.7
215,215,18,598.1,18,598.1,0,0,4.55021726121,10,4,4,335.5,123.9,138.7,10,4,4,335.5,123.9,138.7
216,216,17,566.7,17,566.7,0,0,3.42051552702,9,4,4,302.7,131.0,133.0,9,4,4,302.7,131.0,133.0
217,217,17,558.9,17,558.9,0,0,4.23076964212,9,4,4,296.5,130.1,132.3,9,4,4,296.5,130.1,132.3
218,218,18,597.7,18,597.7,0,0,4.04685385748,10,4,4,330.4,130.7,136.6,10,4,4,330.4,130.7,136.6
219,219,17,561.8,17,561.8,0,0,4.29536343734,11,2,4,344.1,75.8,141.9,11,2,4,344.1,75.8,141.9
220,220,18,574.8,16,527.4,0,0,4.64150077149,10,4,4,323.9,123.6,127.3,9,3,4,301.0,99.1,127.3
221,221,17,567.2,17,567.2,0,0,3.48334271506,10,4,3,335.8,128.9,102.5,10,4,3,335.8,128.9,102.5
222,222,17,554.2,17,554.2,0,0,4.18763059498,10,4,3,327.0,127.2,100.0,10,4,3,327.0,127.2,100.0
223,223,16,539.1,16,539.1,0,0,3.80376458262,9,4,3,303.4,131.5,104.2,9,4,3,303.4,131.5,104.2
224,224,15,504.9,15,504.9,0,0,3.83141152654,8,4,3,271.1,132.2,101.6,8,4,3,271.1,132.2,101.6
225,225,18,578.8,16,532.0,0,0,4.70346833508,10,4,4,322.3,126.0,130.5,9,3,4,299.4,102.1,130.5
226,226,17,569.7,17,569.7,0,0,4.14455702593,10,3,4,325.1,108.5,136.1,10,3,4,325.1,108.5,136.1
227,227,13,435.2,13,435.2,0,0,4.53783242054,8,3,2,266.4,105.8,63.0,8,3,2,266.4,105.8,63.0
228,228,15,513.5,15,513.5,0,0,4.92467064405,8,4,3,271.4,132.2,109.9,8,4,3,271.4,132.2,109.9
229,229,14,464.5,14,464.5,0,0,4.47096247966,7,3,4,230.2,106.8,127.5,7,3,4,230.2,106.8,127.5
230,230,16,522.5,16,522.5,0,0,4.70304422688,9,3,4,291.1,104.0,127.4,9,3,4,291.1,104.0,127.4
231,231,17,562.5,17,562.5,0,0,4.61178955951,10,4,3,326.0,136.3,100.2,10,4,3,326.0,136.3,100.2
232,232,17,569.6,17,569.6,0,0,4.30166691357,10,4,3,330.9,137.2,101.5,10,4,3,330.9,137.2,101.5
233,233,18,599.9,18,599.9,0,0,4.29497730673,10,4,4,335.7,136.5,127.7,10,4,4,335.7,136.5,127.7
234,234,17,563.7,17,563.7,0,0,4.25985017687,9,3,5,291.4,103.4,168.9,9,3,5,291.4,103.4,168.9
235,235,15,495.6,15,495.6,0,0,4.21558333533,8,3,4,258.9,105.0,131.7,8,3,4,258.9,105.0,131.7
236,236,16,528.2,16,528.2,0,0,3.83090502797,9,3,4,288.3,104.5,135.4,9,3,4,288.3,104.5,135.4
237,237,16,488.8,15,465.1,0,0,4.41074445719,9,3,4,262.6,102.6,123.6,8,3,4,238.9,102.6,123.6
238,238,14,443.0,13,418.1,0,0,4.341696635,8,3,3,247.4,103.7,91.9,7,3,3,222.5,103.7,91.9
239,239,16,494.5,14,446.9,0,0,4.98564188445,9,3,4,282.1,95.7,116.7,8,3,3,257.3,95.7,93.9
240,240,14,465.6,14,465.6,0,0,3.1136706722,9,3,2,296.6,99.1,69.9,9,3,2,296.6,99.1,69.9
241,241,16,510.7,15,486.3,0,0,4.4511000513,9,3,4,291.8,98.0,120.9,9,3,3,291.8,98.0,96.5
242,242,16,507.7,16,507.7,0,0,4.52441064302,9,3,4,288.4,98.4,120.9,9,3,4,288.4,98.4,120.9
243,243,16,507.8,16,507.8,0,0,4.17019184211,9,3,4,285.8,98.2,123.8,9,3,4,285.8,98.2,123.8
244,244,16,505.1,15,481.7,0,0,4.2557754875,9,3,4,281.7,98.4,125.0,8,3,4,258.3,98.4,125.0
245,245,16,508.7,16,508.7,0,0,4.1523437157,9,3,4,287.2,97.6,123.9,9,3,4,287.2,97.6,123.9
246,246,16,509.5,16,509.5,0,0,4.07365008316,9,3,4,285.4,97.4,126.7,9,3,4,285.4,97.4,126.7
247,247,16,505.8,16,505.8,0,0,4.13680633662,9,3,4,284.4,96.3,125.1,9,3,4,284.4,96.3,125.1
248,248,16,507.2,16,507.2,0,0,4.31648004745,9,3,4,281.4,94.2,131.6,9,3,4,281.4,94.2,131.6
249,249,16,508.8,15,484.7,0,0,4.4173898779,9,3,4,285.1,94.0,129.7,8,3,4,261.0,94.0,129.7
250,250,16,508.9,16,508.9,0,0,4.27652019754,9,3,4,283.3,94.7,130.9,9,3,4,283.3,94.7,130.9
251,251,16,498.8,14,449.7,0,0,4.86285238655,9,3,4,283.8,85.5,129.5,8,2,4,259.2,61.0,129.5
252,252,16,504.0,15,479.6,0,0,4.3245038251,9,3,4,287.3,90.3,126.4,9,3,3,287.3,90.3,102.0
253,253,16,512.2,14,464.3,0,0,4.6874122214,10,3,3,311.1,101.4,99.7,8,3,3,263.2,101.4,99.7
254,254,15,489.2,15,489.2,0,0,4.51281772394,9,3,3,293.6,104.5,91.1,9,3,3,293.6,104.5,91.1
255,255,13,447.1,13,447.1,0,0,3.26890948648,8,3,2,274.0,103.6,69.5,8,3,2,274.0,103.6,69.5
256,256,16,519.3,15,494.7,0,0,4.45704965943,8,4,4,243.7,133.9,141.7,7,4,4,219.1,133.9,141.7
257,257,16,518.5,16,518.5,0,0,3.16068953447,8,4,4,246.9,136.8,134.8,8,4,4,246.9,136.8,134.8
258,258,16,509.4,16,509.4,0,0,2.61938287897,8,4,4,244.5,130.2,134.7,8,4,4,244.5,130.2,134.7
259,259,17,519.3,13,421.8,0,0,4.6960246016,9,4,4,281.2,118.3,119.8,7,2,4,232.3,69.7,119.8
260,260,15,464.7,14,440.0,0,0,3.13532864534,7,4,4,225.1,124.3,115.3,7,4,3,225.1,124.3,90.6
261,261,12,371.5,9,298.9,0,0,5.151250216,7,2,3,220.5,69.1,81.9,5,2,2,172.8,69.1,57.0
262,262,17,499.3,13,403.8,0,0,4.61014705648,10,4,3,295.9,120.1,83.3,7,3,3,224.0,96.5,83.3
263,263,14,423.6,12,375.2,0,0,4.41164791916,7,4,3,224.6,118.6,80.4,7,3,2,224.6,95.0,55.6
264,264,8,271.6,8,271.6,0,0,2.56292243905,2,5,1,70.2,172.0,29.4,2,5,1,70.2,172.0,29.4
265,265,13,427.0,13,427.0,0,0,2.32687751598,4,7,2,130.5,232.1,64.4,4,7,2,130.5,232.1,64.4
266,266,5,164.9,5,164.9,0,0,1.028105053,1,4,0,33.5,131.4,0,1,4,0,33.5,131.4,0
267,267,18,541.6,14,453.6,0,0,5.09335078531,9,7,2,269.5,214.9,57.2,6,6,2,203.5,192.9,57.2
268,268,18,534.6,14,446.5,1,19.5,5.04683943031,9,7,2,267.8,210.2,56.6,6,6,2,201.4,188.5,56.6
269,269,18,538.9,14,456.6,2,37.8,5.7333019835,9,7,2,267.5,214.0,57.4,6,6,2,204.3,194.9,57.4
270,270,18,535.0,14,450.9,1,17.8,5.55957632279,9,7,2,266.4,213.0,55.6,6,6,2,202.5,192.8,55.6
271,271,18,539.8,14,455.9,1,17.5,5.61959689667,9,7,2,266.2,216.8,56.8,6,6,2,203.8,195.3,56.8
272,272,18,540.2,14,453.9,1,17.2,5.43505927116,9,7,2,267.0,217.2,56.0,6,6,2,202.8,195.1,56.0
273,273,19,551.8,14,455.2,2,31.3,6.79969899575,10,7,2,277.7,218.6,55.5,6,6,2,201.9,197.8,55.5
274,274,19,554.0,14,453.4,2,31.5,6.43879869657,10,7,2,277.5,220.0,56.5,6,6,2,200.7,196.2,56.5
275,275,19,519.9,13,399.5,2,31.3,5.91929148597,10,7,2,258.9,208.0,53.0,6,6,1,185.1,185.8,28.6
276,276,19,534.4,14,436.6,2,31.3,6.25884637092,10,7,2,266.3,213.0,55.1,6,6,2,191.8,189.7,55.1
277,277,20,544.9,14,431.0,3,46.5,6.41072087251,11,7,2,280.4,208.9,55.6,6,6,2,189.6,185.8,55.6
278,278,21,578.6,14,436.2,2,31.0,6.27874342903,12,7,2,310.3,212.3,56.0,6,6,2,191.8,188.4,56.0
279,279,21,583.3,14,439.7,3,50.5,6.37831519775,12,7,2,312.7,213.2,57.4,6,6,2,194.0,188.3,57.4
280,280,21,602.1,14,455.1,2,33.9,6.29262607002,12,7,2,323.9,219.7,58.5,6,6,2,201.8,194.8,58.5
281,281,21,606.7,15,479.7,1,15.2,5.98271717215,12,7,2,328.4,220.2,58.1,6,7,2,201.4,220.2,58.1
282,282,21,585.8,14,447.6,2,30.3,6.50826214826,12,7,2,316.5,212.4,56.9,6,6,2,199.5,191.2,56.9
283,283,21,561.7,14,423.8,3,50.3,6.0695649801,12,7,2,310.5,199.1,52.1,6,6,2,193.4,178.3,52.1
284,284,21,630.2,16,529.5,2,36.5,6.30903358383,12,7,2,335.4,233.7,61.1,7,7,2,234.7,233.7,61.1
285,285,21,647.1,18,580.7,0,0,5.09374967134,12,7,2,347.0,235.9,64.2,10,6,2,303.9,212.6,64.2
286,286,19,609.3,18,585.9,0,0,3.70495953368,10,7,2,300.5,242.1,66.7,9,7,2,277.1,242.1,66.7
287,287,19,607.8,19,607.8,0,0,3.75986033086,10,7,2,315.6,232.9,59.3,10,7,2,315.6,232.9,59.3
