,e_id,num_sat,sum_snr,num_sat_25,sum_snr_25,num_sat_u20,sum_sat_u20,snr_std,elev_0_30,elev_30_60,elev_60_90,sum_elev_0_30,sum_elev_30_60,sum_elev_60_90,elev_0_30_25,elev_30_60_25,elev_60_90_25,sum_elev_0_30_25,sum_elev_30_60_25,sum_elev_60_90_25
1,1,7,205.2,6,191.7,1,13.5,7.65167270851,1,4,2,13.5,131.7,60.0,0,4,2,0,131.7,60.0
2,2,8,231.3,6,194.3,1,13.5,7.64375328525,1,5,2,13.5,154.5,63.3,0,4,2,0,131.0,63.3
3,3,8,236.4,7,222.9,1,13.5,7.08660708661,1,5,2,13.5,158.4,64.5,0,5,2,0,158.4,64.5
4,4,9,250.9,7,221.0,2,29.9,7.90882067343,2,5,2,29.9,157.7,63.3,0,5,2,0,157.7,63.3
5,5,8,236.7,7,223.2,1,13.5,7.48645204925,1,5,2,13.5,158.1,65.1,0,5,2,0,158.1,65.1
6,6,8,238.4,6,201.0,1,13.5,7.88089915102,1,5,2,13.5,157.9,67.0,0,4,2,0,134.0,67.0
7,7,9,238.3,6,185.2,2,30.5,7.2877942098,2,5,2,30.5,143.3,64.5,0,4,2,0,120.7,64.5
8,8,10,259.3,6,185.7,3,51.2,7.06604557019,3,5,2,51.2,142.4,65.7,0,4,2,0,120.0,65.7
9,9,11,274.7,6,189.4,4,62.7,8.37950964068,4,5,2,62.7,145.4,66.6,0,4,2,0,122.8,66.6
10,10,10,264.0,7,219.4,3,44.6,8.7220028281,3,5,2,44.6,157.3,62.1,0,5,2,0,157.3,62.1
11,11,11,283.6,7,221.1,4,62.5,8.93664569979,4,5,2,62.5,159.8,61.3,0,5,2,0,159.8,61.3
12,12,9,242.7,6,187.4,2,30.4,7.90015822626,2,5,2,30.4,156.5,55.8,0,4,2,0,131.6,55.8
13,13,9,249.2,6,194.3,2,30.1,8.72273529984,2,5,2,30.1,160.8,58.3,0,4,2,0,136.0,58.3
14,14,9,249.4,6,193.1,2,31.9,8.27563357762,2,5,2,31.9,159.4,58.1,0,4,2,0,135.0,58.1
15,15,9,249.6,6,193.6,2,31.9,8.01716907643,2,5,2,31.9,156.6,61.1,0,4,2,0,132.5,61.1
16,16,9,246.0,6,189.7,2,31.8,7.99171445936,2,5,2,31.8,154.7,59.5,0,4,2,0,130.2,59.5
17,17,10,255.9,6,184.8,3,46.8,8.46843157458,3,5,2,46.8,151.8,57.3,0,4,2,0,127.5,57.3
18,18,10,254.9,5,161.1,3,46.5,8.44333399131,3,5,2,46.5,147.0,61.4,0,3,2,0,99.7,61.4
19,19,10,252.5,5,162.4,3,44.5,8.94007829943,3,5,2,44.5,147.5,60.5,0,3,2,0,101.9,60.5
20,20,9,233.0,6,189.0,3,44.0,9.7248964576,3,4,2,44.0,131.8,57.2,0,4,2,0,131.8,57.2
21,21,9,231.2,5,165.3,3,43.7,9.64033770732,3,4,2,43.7,126.7,60.8,0,3,2,0,104.5,60.8
22,22,10,255.0,6,188.5,3,43.7,8.84081444212,3,5,2,43.7,149.5,61.8,0,4,2,0,126.7,61.8
23,23,10,258.1,6,189.8,3,46.3,8.62495732679,3,5,2,46.3,148.9,62.9,0,4,2,0,126.9,62.9
24,24,10,256.9,5,162.0,3,46.3,8.56497389242,3,5,2,46.3,152.8,57.8,0,4,1,0,129.0,33.0
25,25,10,260.8,7,213.0,3,47.8,8.26892442287,3,5,2,47.8,153.0,60.0,0,5,2,0,153.0,60.0
26,26,10,257.4,6,186.3,3,46.4,8.39870360367,3,5,2,46.4,151.9,59.1,0,5,1,0,151.9,34.4
27,27,10,252.8,5,160.9,3,45.5,8.69224430807,3,5,2,45.5,149.6,57.7,0,4,1,0,126.4,34.5
28,28,11,262.8,5,161.7,4,58.3,9.14707106624,4,5,2,58.3,149.2,55.3,0,4,1,0,126.9,34.8
29,29,11,269.9,5,163.1,4,62.5,8.642253494,4,5,2,62.5,151.2,56.2,0,4,1,0,127.9,35.2
30,30,11,264.9,5,160.5,5,82.1,8.45941111211,4,5,2,62.4,144.4,58.1,0,4,1,0,124.7,35.8
31,31,11,269.4,5,160.5,4,63.0,8.21650224189,4,5,2,63.0,147.5,58.9,0,4,1,0,125.1,35.4
32,32,11,271.1,6,187.3,4,61.3,8.38813014162,4,5,2,61.3,148.5,61.3,0,4,2,0,126.0,61.3
33,33,11,269.2,6,186.2,4,61.1,8.33739658516,4,5,2,61.1,145.6,62.5,0,4,2,0,123.7,62.5
34,34,11,272.8,6,183.3,4,65.6,7.66981094943,4,5,2,65.6,147.7,59.5,0,5,1,0,147.7,35.6
35,35,11,274.9,6,184.4,4,65.8,7.67026134437,4,5,2,65.8,148.7,60.4,0,5,1,0,148.7,35.7
36,36,11,277.2,6,187.1,4,65.8,7.77483118788,4,5,2,65.8,151.4,60.0,0,5,1,0,151.4,35.7
37,37,11,277.2,6,190.2,4,65.4,8.15573417909,4,5,2,65.4,153.6,58.2,0,5,1,0,153.6,36.6
38,38,11,274.5,7,209.1,4,65.4,7.57645875543,4,5,2,65.4,148.9,60.2,0,5,2,0,148.9,60.2
39,39,12,291.4,7,214.2,5,77.2,8.34253431446,5,5,2,77.2,152.4,61.8,0,5,2,0,152.4,61.8
40,40,12,284.1,7,206.9,5,77.2,7.82410320159,5,5,2,77.2,146.8,60.1,0,5,2,0,146.8,60.1
41,41,12,288.5,7,211.3,5,77.2,8.11109883076,5,5,2,77.2,149.5,61.8,0,5,2,0,149.5,61.8
42,42,12,285.7,7,208.5,5,77.2,7.96531781405,5,5,2,77.2,149.6,58.9,0,5,2,0,149.6,58.9
43,43,12,282.0,7,208.5,5,73.5,8.47370263602,5,5,2,73.5,151.1,57.4,0,5,2,0,151.1,57.4
44,44,12,283.1,6,184.7,5,73.5,8.66691287529,5,5,2,73.5,151.8,57.8,0,5,1,0,151.8,32.9
45,45,13,306.7,6,187.1,6,94.9,8.37490910781,6,5,2,94.9,152.9,58.9,0,4,2,0,128.2,58.9
46,46,13,305.8,5,160.5,6,96.4,8.2374302067,6,5,2,96.4,152.1,57.3,0,4,1,0,127.8,32.7
47,47,13,305.3,5,161.0,6,97.1,8.23142820271,6,5,2,97.1,151.1,57.1,0,4,1,0,128.5,32.5
48,48,13,309.0,5,161.4,5,78.0,8.26230240464,6,5,2,99.1,152.7,57.2,0,4,1,0,128.3,33.1
49,49,13,309.6,7,214.3,6,95.3,8.54866911219,6,5,2,95.3,155.2,59.1,0,5,2,0,155.2,59.1
50,50,13,310.5,7,216.0,6,94.5,8.52660993145,6,5,2,94.5,156.4,59.6,0,5,2,0,156.4,59.6
51,51,13,307.9,7,215.6,6,92.3,8.60298844916,6,5,2,92.3,157.3,58.3,0,5,2,0,157.3,58.3
52,52,12,294.2,7,213.7,5,80.5,8.13173729993,5,5,2,80.5,155.7,58.0,0,5,2,0,155.7,58.0
53,53,11,281.2,7,216.8,4,64.4,8.26235713671,4,5,2,64.4,156.8,60.0,0,5,2,0,156.8,60.0
54,54,11,279.6,7,218.4,4,61.2,8.78268958598,4,5,2,61.2,156.9,61.5,0,5,2,0,156.9,61.5
55,55,10,255.6,6,194.7,4,60.9,9.25012912823,3,5,2,43.2,149.2,63.2,0,4,2,0,131.5,63.2
56,56,10,256.2,6,192.0,4,64.2,8.9017850894,3,5,2,44.4,152.4,59.4,0,4,2,0,132.6,59.4
57,57,10,256.9,6,191.9,4,65.0,8.82665785498,3,5,2,46.0,152.7,58.2,0,4,2,0,133.7,58.2
58,58,12,290.5,6,194.0,5,76.0,9.06666805927,5,5,2,79.8,152.5,58.2,0,4,2,0,135.8,58.2
59,59,11,275.6,6,193.6,4,60.0,8.97823631192,5,4,2,82.0,135.4,58.2,0,4,2,0,135.4,58.2
60,60,10,265.6,6,195.3,3,48.4,8.4058445276,4,4,2,70.3,136.2,59.1,0,4,2,0,136.2,59.1
61,61,10,263.4,6,193.9,3,47.4,8.3768463968,4,4,2,69.5,136.1,57.8,0,4,2,0,136.1,57.8
62,62,11,280.1,6,195.5,4,64.4,8.68542143218,4,5,2,67.1,154.2,58.8,0,4,2,0,136.7,58.8
63,63,11,281.3,6,195.7,4,65.4,8.67191915427,4,5,2,66.9,155.4,59.0,0,4,2,0,136.7,59.0
64,64,11,276.9,5,168.3,5,83.8,8.66338166181,4,5,2,64.4,154.5,58.0,0,4,1,0,135.1,33.2
65,65,11,279.9,6,196.7,5,83.2,8.84017688017,4,5,2,64.8,154.4,60.7,0,4,2,0,136.0,60.7
66,66,10,266.6,6,194.5,3,51.0,8.16757818042,3,5,2,51.0,157.6,58.0,0,4,2,0,136.5,58.0
67,67,9,248.7,6,196.2,2,31.2,8.16026960339,2,5,2,31.2,157.9,59.6,0,4,2,0,136.6,59.6
68,68,10,269.7,6,195.9,2,31.2,7.90331154222,3,5,2,52.0,157.8,59.9,0,4,2,0,136.0,59.9
69,69,11,286.7,6,196.4,3,49.6,7.95729510918,4,5,2,69.8,154.7,62.2,0,4,2,0,134.2,62.2
70,70,10,270.0,6,195.6,2,32.3,7.6092049519,3,5,2,52.5,155.4,62.1,0,4,2,0,133.5,62.1
71,71,10,266.6,6,189.1,3,56.4,6.88189250457,3,5,2,56.4,150.0,60.2,0,4,2,0,128.9,60.2
72,72,9,259.5,7,220.8,2,38.7,5.98414572015,2,5,2,38.7,158.4,62.4,0,5,2,0,158.4,62.4
73,73,9,260.9,7,221.6,1,19.0,5.89776322949,2,5,2,39.3,159.6,62.0,0,5,2,0,159.6,62.0
74,74,9,256.5,7,220.5,2,36.0,6.43855573867,2,5,2,36.0,158.9,61.6,0,5,2,0,158.9,61.6
75,75,8,240.3,7,220.3,1,20.0,5.07344275897,1,5,2,20.0,160.0,60.3,0,5,2,0,160.0,60.3
76,76,9,253.5,7,215.9,2,37.6,6.18829540342,2,5,2,37.6,158.1,57.8,0,5,2,0,158.1,57.8
77,77,9,251.5,7,215.2,2,36.3,6.41621210511,2,5,2,36.3,157.3,57.9,0,5,2,0,157.3,57.9
78,78,9,253.5,7,216.2,1,17.0,6.19979838382,2,5,2,37.3,158.3,57.9,0,5,2,0,158.3,57.9
79,79,9,250.5,6,190.0,1,16.4,6.39550623485,2,5,2,37.9,158.1,54.5,0,5,1,0,158.1,31.9
80,80,9,252.3,6,190.1,1,16.2,6.34034699366,2,5,2,38.0,159.2,55.1,0,5,1,0,159.2,30.9
81,81,9,248.0,6,190.4,2,34.9,6.85822701416,2,5,2,34.9,160.1,53.0,0,5,1,0,160.1,30.3
82,82,10,257.5,6,187.8,2,27.7,7.97847799465,3,5,2,47.8,157.0,52.7,0,5,1,0,157.0,30.8
83,83,10,261.0,6,190.2,3,46.1,8.16809511317,3,5,2,46.1,158.4,56.5,0,5,1,0,158.4,31.8
84,84,10,258.3,7,212.6,3,45.7,8.02039760721,3,5,2,45.7,155.0,57.6,0,5,2,0,155.0,57.6
85,85,10,261.8,6,192.1,3,46.8,8.31181221048,3,5,2,46.8,160.0,55.0,0,5,1,0,160.0,32.1
86,86,10,263.6,6,191.9,3,46.8,8.23936351371,3,5,2,46.8,160.8,56.0,0,5,1,0,160.8,31.1
87,87,10,262.5,6,192.7,3,44.9,8.52150873444,3,5,2,44.9,161.9,55.7,0,5,1,0,161.9,30.8
88,88,10,266.7,7,219.9,3,46.8,8.39947749698,3,5,2,46.8,161.8,58.1,0,5,2,0,161.8,58.1
89,89,10,262.7,7,216.9,3,45.8,8.46955987312,3,5,2,45.8,159.8,57.1,0,5,2,0,159.8,57.1
90,90,10,263.0,7,215.7,3,47.3,8.1114459596,3,5,2,47.3,157.9,57.8,0,5,2,0,157.9,57.8
91,91,10,266.7,7,219.4,3,47.3,8.23502681639,3,5,2,47.3,160.8,58.6,0,5,2,0,160.8,58.6
92,92,10,265.3,7,219.3,3,46.0,8.36248899684,3,5,2,46.0,158.9,60.4,0,5,2,0,158.9,60.4
93,93,10,266.8,7,220.8,3,46.0,8.32703762184,3,5,2,46.0,156.3,64.5,0,5,2,0,156.3,64.5
94,94,10,266.0,7,218.0,3,48.0,7.98679465674,3,5,2,48.0,157.1,60.9,0,5,2,0,157.1,60.9
95,95,11,288.6,7,222.5,4,66.1,8.3314191741,4,5,2,66.1,156.9,65.6,0,5,2,0,156.9,65.6
96,96,11,289.9,7,227.2,4,62.7,8.86514113101,4,5,2,62.7,161.1,66.1,0,5,2,0,161.1,66.1
97,97,11,285.7,7,225.1,4,60.6,9.00245421084,4,5,2,60.6,159.3,65.8,0,5,2,0,159.3,65.8
98,98,11,283.0,7,222.7,4,60.3,8.95389199277,4,5,2,60.3,159.9,62.8,0,5,2,0,159.9,62.8
99,99,12,293.1,6,196.2,5,75.0,9.27108162759,5,5,2,75.0,160.3,57.8,0,5,1,0,160.3,35.9
100,100,12,290.6,6,197.4,6,93.2,9.40046742874,5,5,2,74.2,162.9,53.5,0,5,1,0,162.9,34.5
101,101,12,298.8,6,197.3,5,77.9,8.99221885855,5,5,2,77.9,162.1,58.8,0,5,1,0,162.1,35.2
102,102,12,304.1,7,222.8,4,59.8,8.68859841541,5,5,2,81.3,159.6,63.2,0,5,2,0,159.6,63.2
103,103,11,282.1,7,215.4,3,46.1,7.96471765179,4,5,2,66.7,155.2,60.2,0,5,2,0,155.2,60.2
104,104,11,284.7,7,217.4,3,46.4,7.83808882086,4,5,2,67.3,156.1,61.3,0,5,2,0,156.1,61.3
105,105,11,294.9,7,229.2,3,45.4,8.77159672414,4,5,2,65.7,165.8,63.4,0,5,2,0,165.8,63.4
106,106,11,292.3,6,202.0,3,46.3,8.89056701331,4,5,2,66.8,166.9,58.6,0,5,1,0,166.9,35.1
107,107,11,289.4,6,198.6,3,46.2,8.471889346,4,5,2,67.4,164.5,57.5,0,5,1,0,164.5,34.1
108,108,11,293.9,6,204.8,4,65.4,9.05790463428,4,5,2,65.4,170.1,58.4,0,5,1,0,170.1,34.7
109,109,11,292.6,7,227.3,4,65.3,8.68815285317,4,5,2,65.3,166.5,60.8,0,5,2,0,166.5,60.8
110,110,11,293.6,7,228.9,3,43.7,8.9404087765,4,5,2,64.7,168.5,60.4,0,5,2,0,168.5,60.4
111,111,10,285.1,7,233.6,2,29.9,8.34445258174,3,5,2,51.5,170.0,63.6,0,5,2,0,170.0,63.6
112,112,10,284.9,7,233.4,2,29.9,8.29088522281,3,5,2,51.5,169.4,64.0,0,5,2,0,169.4,64.0
113,113,11,297.6,7,235.0,3,42.0,9.54016390177,4,5,2,62.6,170.7,64.3,0,5,2,0,170.7,64.3
114,114,12,310.3,7,233.1,4,56.2,9.64105410432,5,5,2,77.2,169.7,63.4,0,5,2,0,169.7,63.4
115,115,12,306.8,7,229.0,4,55.9,9.40950518778,5,5,2,77.8,166.7,62.3,0,5,2,0,166.7,62.3
116,116,12,302.8,7,225.1,4,54.7,9.24104808433,5,5,2,77.7,164.1,61.0,0,5,2,0,164.1,61.0
117,117,12,304.7,7,227.8,4,54.6,9.54162729911,5,5,2,76.9,161.4,66.4,0,5,2,0,161.4,66.4
118,118,12,300.7,7,224.9,4,54.2,9.65386953349,5,5,2,75.8,164.5,60.4,0,5,2,0,164.5,60.4
119,119,12,302.8,6,201.6,4,54.2,9.78749975812,5,5,2,76.6,165.6,60.6,0,5,1,0,165.6,36.0
120,120,12,299.3,7,224.6,4,53.9,9.73292988994,5,5,2,74.7,163.2,61.4,0,5,2,0,163.2,61.4
121,121,10,268.4,7,223.2,2,24.1,9.10472404854,3,5,2,45.2,162.1,61.1,0,5,2,0,162.1,61.1
122,122,11,288.6,7,226.4,3,41.6,9.30733825831,4,5,2,62.2,163.8,62.6,0,5,2,0,163.8,62.6
123,123,11,283.6,7,222.8,4,60.8,9.21757215126,4,5,2,60.8,159.7,63.1,0,5,2,0,159.7,63.1
124,124,12,299.7,6,196.1,5,79.6,8.98059777318,5,5,2,79.6,155.5,64.6,0,4,2,0,131.5,64.6
125,125,12,296.8,7,218.1,5,78.7,8.65377829551,5,5,2,78.7,155.5,62.6,0,5,2,0,155.5,62.6
126,126,12,296.0,7,217.7,5,78.3,8.69329243344,5,5,2,78.3,157.6,60.1,0,5,2,0,157.6,60.1
127,127,12,301.3,7,224.4,5,76.9,9.08950026963,5,5,2,76.9,159.9,64.5,0,5,2,0,159.9,64.5
128,128,12,301.7,7,223.2,4,58.4,8.8267628508,5,5,2,78.5,160.8,62.4,0,5,2,0,160.8,62.4
129,129,12,300.8,7,222.3,4,58.4,8.75622722133,5,5,2,78.5,157.8,64.5,0,5,2,0,157.8,64.5
130,130,11,276.8,7,218.0,4,58.8,8.74634469104,4,5,2,58.8,156.5,61.5,0,5,2,0,156.5,61.5
131,131,11,284.3,7,224.1,4,60.2,9.09322425066,4,5,2,60.2,161.5,62.6,0,5,2,0,161.5,62.6
132,132,11,275.6,7,215.0,4,60.6,8.49721879633,4,5,2,60.6,156.4,58.6,0,5,2,0,156.4,58.6
133,133,11,273.8,7,213.7,4,60.1,8.3364806178,4,5,2,60.1,154.5,59.2,0,5,2,0,154.5,59.2
134,134,11,275.9,7,216.0,4,59.9,8.51819443096,4,5,2,59.9,153.4,62.6,0,5,2,0,153.4,62.6
135,135,10,272.0,7,223.7,3,48.3,8.04818820191,3,5,2,48.3,159.4,64.3,0,5,2,0,159.4,64.3
136,136,10,257.1,6,185.4,3,48.3,7.36122725275,3,5,2,48.3,155.1,53.7,0,5,1,0,155.1,30.3
137,137,10,257.2,6,188.0,3,48.3,7.7325861708,3,5,2,48.3,154.5,54.4,0,5,1,0,154.5,33.5
138,138,10,253.6,6,182.8,3,48.3,7.44001194742,3,5,2,48.3,148.6,56.7,0,5,1,0,148.6,34.2
139,139,10,254.2,6,190.3,3,42.4,8.69365030097,3,5,2,42.4,155.3,56.5,0,5,1,0,155.3,35.0
140,140,9,228.8,6,180.5,3,48.3,7.73624226899,2,5,2,29.9,146.4,52.5,0,5,1,0,146.4,34.1
141,141,9,238.9,6,187.4,2,29.9,7.52846450332,2,5,2,29.9,154.1,54.9,0,5,1,0,154.1,33.3
142,142,9,237.5,6,182.9,2,29.9,7.12678827461,2,5,2,29.9,149.2,58.4,0,5,1,0,149.2,33.7
143,143,10,235.6,6,174.9,4,60.7,7.82037225599,3,5,2,42.9,140.3,52.4,0,5,1,0,140.3,34.6
144,144,10,258.4,7,215.0,3,43.4,8.29607671667,3,5,2,43.4,154.3,60.7,0,5,2,0,154.3,60.7
145,145,10,243.3,6,175.9,3,43.2,7.57364582689,3,5,2,43.2,142.9,57.2,0,5,1,0,142.9,33.0
146,146,10,252.3,7,209.3,3,43.0,7.960604388,3,5,2,43.0,150.7,58.6,0,5,2,0,150.7,58.6
147,147,10,249.4,7,205.0,3,44.4,7.69071590368,3,5,2,44.4,144.4,60.6,0,5,2,0,144.4,60.6
148,148,10,260.2,7,215.5,3,44.7,8.2190564476,3,5,2,44.7,152.3,63.2,0,5,2,0,152.3,63.2
149,149,10,255.7,6,187.2,3,44.7,8.15489627974,3,5,2,44.7,149.7,61.3,0,4,2,0,125.9,61.3
150,150,10,256.6,7,211.1,3,45.5,7.97443136252,3,5,2,45.5,148.4,62.7,0,5,2,0,148.4,62.7
151,151,10,260.3,6,188.4,3,48.5,7.96534856599,3,5,2,48.5,150.6,61.2,0,4,2,0,127.2,61.2
152,152,10,255.5,6,185.6,3,46.7,7.85412135265,3,5,2,46.7,151.2,57.6,0,5,1,0,151.2,34.4
153,153,9,228.0,6,174.3,2,30.4,6.54312616415,2,5,2,30.4,139.8,57.8,0,4,2,0,116.5,57.8
154,154,9,242.2,7,212.5,2,29.7,7.59826369055,2,5,2,29.7,150.9,61.6,0,5,2,0,150.9,61.6
155,155,9,244.6,6,188.0,2,32.0,7.14873726223,2,5,2,32.0,152.8,59.8,0,5,1,0,152.8,35.2
156,156,9,246.4,6,191.1,2,32.0,7.61097526237,2,5,2,32.0,149.9,64.5,0,4,2,0,126.6,64.5
157,157,9,257.9,7,225.9,2,32.0,7.69953101025,2,5,2,32.0,161.9,64.0,0,5,2,0,161.9,64.0
158,158,9,256.6,7,224.5,2,32.1,7.61863577756,2,5,2,32.1,160.0,64.5,0,5,2,0,160.0,64.5
159,159,9,253.7,7,221.4,2,32.3,7.38265610137,2,5,2,32.3,155.0,66.4,0,5,2,0,155.0,66.4
160,160,9,254.9,7,223.7,2,31.2,7.65714989043,2,5,2,31.2,158.1,65.6,0,5,2,0,158.1,65.6
161,161,10,277.0,7,230.1,2,26.2,8.73536871956,3,5,2,46.9,163.8,66.3,0,5,2,0,163.8,66.3
162,162,10,278.8,7,230.9,2,26.7,8.89591666628,3,5,2,47.9,166.7,64.2,0,5,2,0,166.7,64.2
163,163,10,281.1,7,230.6,2,26.6,8.80308657991,3,5,2,50.5,166.6,64.0,0,5,2,0,166.6,64.0
164,164,10,274.9,6,200.5,2,26.7,8.46541329305,3,5,2,50.0,165.6,59.3,0,5,1,0,165.6,34.9
165,165,10,272.7,6,198.3,2,26.4,8.41982449012,3,5,2,49.7,164.6,58.4,0,5,1,0,164.6,33.7
166,166,10,283.3,7,233.2,2,26.3,9.07720588434,3,5,2,50.1,168.6,64.6,0,5,2,0,168.6,64.6
167,167,9,265.4,7,227.8,1,13.6,6.84204728945,2,5,2,37.6,162.4,65.4,0,5,2,0,162.4,65.4
168,168,10,276.5,7,225.3,2,28.2,7.83329787226,3,5,2,51.2,162.7,62.6,0,5,2,0,162.7,62.6
169,169,10,270.8,7,220.7,2,28.3,7.63337700133,3,5,2,50.1,158.4,62.3,0,5,2,0,158.4,62.3
170,170,10,269.7,7,220.7,2,27.9,7.84857382657,3,5,2,49.0,160.0,60.7,0,5,2,0,160.0,60.7
171,171,10,270.3,7,218.5,2,27.8,7.49711796478,3,5,2,51.8,158.8,59.7,0,5,2,0,158.8,59.7
172,172,10,275.7,7,222.8,2,28.0,7.55293173395,3,5,2,52.9,158.7,64.1,0,5,2,0,158.7,64.1
173,173,10,270.9,7,219.1,2,27.8,7.53516939277,3,5,2,51.8,154.7,64.4,0,5,2,0,154.7,64.4
174,174,10,267.1,7,217.0,2,27.4,7.54577880525,3,5,2,50.1,151.6,65.4,0,5,2,0,151.6,65.4
175,175,10,261.5,7,211.8,2,27.2,7.43105346203,3,5,2,49.7,150.3,61.5,0,5,2,0,150.3,61.5
176,176,10,265.8,7,215.5,2,27.2,7.51617515023,3,5,2,50.3,149.0,66.5,0,5,2,0,149.0,66.5
177,177,10,259.3,6,182.9,2,27.2,7.15713319392,3,5,2,51.6,145.4,62.3,0,4,2,0,120.6,62.3
178,178,10,265.2,8,238.8,2,26.4,7.52149512324,3,5,2,51.8,146.7,66.7,1,5,2,25.4,146.7,66.7
179,179,10,267.3,7,216.0,2,26.4,7.74095170721,3,5,2,51.3,148.0,68.0,0,5,2,0,148.0,68.0
180,180,10,265.0,8,238.6,2,26.4,7.52152466813,3,5,2,51.5,147.3,66.2,1,5,2,25.1,147.3,66.2
181,181,11,279.0,7,217.1,4,61.9,8.38323001322,4,5,2,68.5,144.2,66.3,1,4,2,26.0,124.8,66.3
182,182,10,266.8,7,218.9,2,26.4,8.21594655398,3,5,2,51.4,149.5,65.9,1,4,2,25.0,128.0,65.9
183,183,10,270.6,6,196.8,2,26.4,8.48936589701,3,5,2,50.8,149.5,70.3,0,4,2,0,126.5,70.3
184,184,10,270.8,6,199.0,2,26.4,8.76099943563,3,5,2,51.1,149.1,70.6,0,4,2,0,128.4,70.6
185,185,10,273.6,7,224.0,2,26.4,8.53401038981,3,5,2,51.7,151.9,70.0,1,4,2,25.3,128.7,70.0
186,186,10,268.3,6,195.8,2,26.4,8.41005350756,3,5,2,50.0,151.8,66.5,0,4,2,0,129.3,66.5
187,187,10,270.8,6,196.9,2,26.4,8.36551120839,3,5,2,51.2,152.2,67.4,0,4,2,0,129.5,67.4
188,188,10,274.3,6,198.9,2,26.4,8.62773950052,3,5,2,50.5,155.0,68.8,0,4,2,0,130.1,68.8
189,189,10,268.4,7,218.9,2,26.4,8.2834775306,3,5,2,49.5,154.0,64.9,0,5,2,0,154.0,64.9
190,190,10,265.8,6,192.7,2,26.4,8.16303320532,3,5,2,50.1,151.6,64.1,0,4,2,0,128.6,64.1
191,191,10,260.6,6,188.8,2,26.4,8.00197197918,3,5,2,48.8,148.8,63.0,0,4,2,0,125.8,63.0
192,192,10,250.9,5,162.8,3,43.8,8.58350485266,3,5,2,49.6,137.4,63.9,0,3,2,0,98.9,63.9
193,193,10,269.3,7,216.3,2,29.9,7.51872477367,3,5,2,55.0,150.9,63.4,1,4,2,25.1,127.8,63.4
194,194,10,268.2,7,214.7,2,29.9,7.43786110235,3,5,2,53.5,151.5,63.2,0,5,2,0,151.5,63.2
195,195,10,272.4,7,217.4,2,31.0,7.23513034514,3,5,2,55.0,152.0,65.4,0,5,2,0,152.0,65.4
196,196,10,271.7,7,216.3,2,31.0,7.22265725186,3,5,2,55.4,151.8,64.5,0,5,2,0,151.8,64.5
197,197,10,277.7,8,246.7,2,31.0,7.22957659741,3,5,2,56.3,156.8,64.6,1,5,2,25.3,156.8,64.6
198,198,10,277.2,7,222.8,2,31.0,7.48001782529,3,5,2,54.4,158.8,64.0,0,5,2,0,158.8,64.0
199,199,10,268.4,7,215.3,2,30.1,7.48111696948,3,5,2,53.1,151.2,64.1,0,5,2,0,151.2,64.1
200,200,10,274.4,7,224.1,2,30.1,8.00766299657,3,5,2,50.3,159.7,64.4,0,5,2,0,159.7,64.4
201,201,10,268.2,7,220.5,3,47.7,8.23364371885,3,5,2,47.7,156.1,64.4,0,5,2,0,156.1,64.4
202,202,10,262.8,6,191.2,3,47.7,8.20782824165,3,5,2,47.7,149.5,65.6,0,4,2,0,125.6,65.6
203,203,10,273.3,6,201.0,3,47.7,8.85551303489,3,5,2,47.7,155.3,70.3,0,4,2,0,130.7,70.3
204,204,10,268.9,6,196.4,3,50.3,8.47171109569,3,5,2,50.3,153.2,65.4,0,4,2,0,131.0,65.4
205,205,10,274.4,7,221.6,3,52.8,7.55751281838,3,5,2,52.8,156.1,65.5,0,5,2,0,156.1,65.5
206,206,10,280.2,7,227.4,3,52.8,8.04180742537,3,5,2,52.8,163.8,63.6,0,5,2,0,163.8,63.6
207,207,10,274.1,7,222.8,3,51.3,8.10794534872,3,5,2,51.3,160.6,62.2,0,5,2,0,160.6,62.2
208,208,10,266.0,7,218.8,3,47.2,8.29069089736,3,5,2,47.2,155.5,63.3,0,5,2,0,155.5,63.3
209,209,10,268.8,7,221.6,3,47.2,8.53226555819,3,5,2,47.2,156.9,64.7,0,5,2,0,156.9,64.7
210,210,10,271.4,7,223.8,3,47.6,8.47154714979,3,5,2,47.6,159.8,64.0,0,5,2,0,159.8,64.0
211,211,10,273.5,7,225.9,3,47.6,8.25728634466,3,5,2,47.6,161.5,64.4,0,5,2,0,161.5,64.4
212,212,10,273.6,7,224.7,3,48.9,8.15804987591,3,5,2,48.9,160.2,64.5,0,5,2,0,160.2,64.5
213,213,10,273.3,7,223.8,3,49.5,8.01540877172,3,5,2,49.5,158.0,65.8,0,5,2,0,158.0,65.8
214,214,10,272.9,6,199.1,3,49.3,8.32712435358,3,5,2,49.3,154.7,68.9,0,4,2,0,130.2,68.9
215,215,10,272.8,6,199.1,3,49.3,8.22972930566,3,5,2,49.3,157.0,66.5,0,4,2,0,132.6,66.5
216,216,10,277.6,7,228.1,3,49.5,8.30624932071,3,5,2,49.5,161.6,66.5,0,5,2,0,161.6,66.5
217,217,10,281.4,7,229.6,3,51.8,8.12064584186,3,5,2,51.8,162.8,66.8,0,5,2,0,162.8,66.8
218,218,10,281.2,7,232.0,2,28.8,8.70412418212,3,5,2,49.2,167.0,65.0,0,5,2,0,167.0,65.0
219,219,10,278.9,7,229.8,2,28.8,8.56419549312,3,5,2,49.1,165.3,64.5,0,5,2,0,165.3,64.5
220,220,10,267.3,7,218.2,2,28.8,7.64737427705,3,5,2,49.1,155.6,62.6,0,5,2,0,155.6,62.6
221,221,11,282.4,7,220.0,3,42.2,8.40881572031,4,5,2,62.4,157.7,62.3,0,5,2,0,157.7,62.3
222,222,11,281.2,7,219.0,4,62.2,8.37678610534,4,5,2,62.2,156.9,62.1,0,5,2,0,156.9,62.1
223,223,11,286.4,7,222.6,3,42.8,8.47977272423,4,5,2,63.8,156.5,66.1,0,5,2,0,156.5,66.1
224,224,11,281.2,7,218.4,3,42.3,8.33465928845,4,5,2,62.8,150.8,67.6,0,5,2,0,150.8,67.6
225,225,11,280.0,7,217.5,3,42.0,8.2862975612,4,5,2,62.5,150.0,67.5,0,5,2,0,150.0,67.5
226,226,11,272.1,7,212.4,4,59.7,8.31712362867,4,5,2,59.7,146.2,66.2,0,5,2,0,146.2,66.2
227,227,11,279.9,7,220.5,4,59.4,8.89116006338,4,5,2,59.4,152.8,67.7,0,5,2,0,152.8,67.7
228,228,11,271.8,7,212.7,4,59.1,8.09079162325,4,5,2,59.1,149.7,63.0,0,5,2,0,149.7,63.0
229,229,10,263.3,7,217.8,3,45.5,8.09335118065,3,5,2,45.5,158.6,59.2,0,5,2,0,158.6,59.2
230,230,10,266.7,7,221.8,3,44.9,8.54999025341,3,5,2,44.9,162.5,59.3,0,5,2,0,162.5,59.3
231,231,10,268.5,6,198.6,3,45.5,8.94778060626,3,5,2,45.5,158.6,64.4,0,4,2,0,134.2,64.4
232,232,10,268.4,7,222.9,3,45.5,8.60557958536,3,5,2,45.5,163.5,59.4,0,5,2,0,163.5,59.4
233,233,10,264.5,7,219.4,3,45.1,8.60778071798,3,5,2,45.1,161.5,57.9,0,5,2,0,161.5,57.9
234,234,10,266.7,7,221.6,3,45.1,8.62786828313,3,5,2,45.1,161.3,60.3,0,5,2,0,161.3,60.3
235,235,11,278.1,7,221.1,4,57.0,9.38400961016,4,5,2,57.0,162.9,58.2,0,5,2,0,162.9,58.2
236,236,11,277.1,6,195.8,4,56.5,9.42533336763,4,5,2,56.5,160.8,59.8,0,4,2,0,136.0,59.8
237,237,11,276.6,6,197.0,4,56.5,9.57531865124,4,5,2,56.5,159.8,60.3,0,4,2,0,136.7,60.3
238,238,11,274.7,6,194.6,4,57.1,9.52429429502,4,5,2,57.1,158.1,59.5,0,4,2,0,135.1,59.5
239,239,11,275.6,7,218.5,4,57.1,9.28852664704,4,5,2,57.1,160.9,57.6,0,5,2,0,160.9,57.6
240,240,11,276.7,7,218.9,4,57.8,9.3654005399,4,5,2,57.8,161.0,57.9,0,5,2,0,161.0,57.9
241,241,9,246.2,6,191.0,2,31.3,8.12374776675,2,5,2,31.3,159.5,55.4,0,5,1,0,159.5,31.5
242,242,9,249.7,7,218.9,2,30.8,8.31791907738,2,5,2,30.8,161.7,57.2,0,5,2,0,161.7,57.2
243,243,9,245.6,6,191.4,2,30.4,8.45790228787,2,5,2,30.4,157.7,57.5,0,4,2,0,133.9,57.5
244,244,9,246.0,5,165.9,1,11.9,8.04005596995,2,5,2,33.6,157.3,55.1,0,4,1,0,135.0,30.9
245,245,9,244.3,6,190.7,1,11.9,8.13819868139,2,5,2,32.2,154.2,57.9,0,4,2,0,132.8,57.9
246,246,9,250.7,7,219.0,2,31.7,8.07869282606,2,5,2,31.7,159.1,59.9,0,5,2,0,159.1,59.9
247,247,10,265.5,7,220.1,3,45.4,8.80470202663,3,5,2,45.4,160.4,59.7,0,5,2,0,160.4,59.7
248,248,10,264.5,7,219.2,3,45.3,8.74391852153,3,5,2,45.3,160.5,58.7,0,5,2,0,160.5,58.7
249,249,10,264.1,6,192.2,2,26.2,8.50365280989,3,5,2,47.1,159.8,57.2,0,5,1,0,159.8,32.4
250,250,10,266.7,7,222.4,3,44.3,9.30651504174,3,5,2,44.3,161.4,61.0,0,5,2,0,161.4,61.0
251,251,10,265.9,7,221.8,3,44.1,8.69501134112,3,5,2,44.1,159.0,62.8,0,5,2,0,159.0,62.8
252,252,10,258.7,7,214.6,3,44.1,8.46654199383,3,5,2,44.1,160.5,54.1,0,5,2,0,160.5,54.1
253,253,10,245.9,5,156.3,3,44.1,8.18636400092,3,5,2,44.1,149.2,52.6,0,4,1,0,124.8,31.5
254,254,9,240.1,6,187.3,2,32.2,7.44173665514,2,5,2,32.2,158.8,49.1,0,5,1,0,158.8,28.5
255,255,9,265.1,7,232.9,2,32.2,8.57687459263,2,5,2,32.2,166.1,66.8,0,5,2,0,166.1,66.8
256,256,10,284.7,7,234.4,3,50.3,8.9776326996,3,5,2,50.3,169.1,65.3,0,5,2,0,169.1,65.3
257,257,10,282.5,7,232.5,3,50.0,8.84147423605,3,5,2,50.0,171.0,61.5,0,5,2,0,171.0,61.5
258,258,10,284.2,7,233.5,3,50.7,8.66446125786,3,5,2,50.7,168.5,65.0,0,5,2,0,168.5,65.0
259,259,10,271.0,7,225.0,3,46.0,8.8541264705,3,5,2,46.0,164.2,60.8,0,5,2,0,164.2,60.8
260,260,10,269.6,6,199.8,3,46.1,9.07244913644,3,5,2,46.1,161.0,62.5,0,4,2,0,137.3,62.5
261,261,10,269.9,5,172.2,3,49.9,8.38390654104,3,5,2,49.9,161.0,59.0,0,4,1,0,137.3,34.9
262,262,11,287.4,6,200.5,4,63.5,9.0732674279,4,5,2,63.5,165.6,58.3,0,5,1,0,165.6,34.9
263,263,10,267.6,6,199.2,3,44.4,8.9431786544,3,5,2,44.4,165.1,58.1,0,5,1,0,165.1,34.1
264,264,10,267.8,6,200.3,3,44.1,9.09441831259,3,5,2,44.1,165.9,57.8,0,5,1,0,165.9,34.4
265,265,11,284.3,6,202.2,4,57.2,9.79309589827,4,5,2,57.2,167.9,59.2,0,5,1,0,167.9,34.3
266,266,11,281.1,6,199.8,4,57.4,9.7786874003,4,5,2,57.4,165.2,58.5,0,5,1,0,165.2,34.6
267,267,11,280.2,6,197.8,3,38.7,9.60865140476,4,5,2,59.2,161.0,60.0,0,4,2,0,137.8,60.0
268,268,11,277.2,6,197.3,4,57.3,9.69422508507,4,5,2,57.3,159.6,60.3,0,4,2,0,137.0,60.3
269,269,11,277.6,6,198.2,4,57.1,9.67969759107,4,5,2,57.1,163.6,56.9,0,5,1,0,163.6,34.6
270,270,11,282.1,7,225.0,4,57.1,9.67443679357,4,5,2,57.1,164.4,60.6,0,5,2,0,164.4,60.6
271,271,10,269.4,6,201.4,3,43.2,9.43329799758,3,5,2,43.2,166.2,60.0,0,5,1,0,166.2,35.2
272,272,10,270.3,7,227.1,3,43.2,9.48473041847,3,5,2,43.2,165.0,62.1,0,5,2,0,165.0,62.1
273,273,11,289.3,7,228.4,4,60.9,9.56901248824,4,5,2,60.9,165.2,63.2,0,5,2,0,165.2,63.2
274,274,11,292.4,7,234.1,4,58.3,10.0581129624,4,5,2,58.3,167.7,66.4,0,5,2,0,167.7,66.4
275,275,11,287.1,7,229.0,4,58.1,9.64230262956,4,5,2,58.1,164.5,64.5,0,5,2,0,164.5,64.5
276,276,11,282.1,6,199.6,4,57.6,9.49898559177,4,5,2,57.6,162.9,61.6,0,5,1,0,162.9,36.7
277,277,11,275.8,6,196.0,4,58.3,9.31655418157,4,5,2,58.3,160.6,56.9,0,5,1,0,160.6,35.4
278,278,11,279.9,6,198.4,4,59.8,9.4107771875,4,5,2,59.8,162.4,57.7,0,5,1,0,162.4,36.0
279,279,11,289.8,6,205.5,4,59.7,9.73132710748,4,5,2,59.7,169.5,60.6,0,5,1,0,169.5,36.0
280,280,11,295.8,7,236.4,4,59.4,10.0711920392,4,5,2,59.4,168.0,68.4,0,5,2,0,168.0,68.4
281,281,11,295.4,7,236.2,4,59.2,10.1482376437,4,5,2,59.2,169.2,67.0,0,5,2,0,169.2,67.0
282,282,11,289.4,7,230.3,4,59.1,9.92889264173,4,5,2,59.1,163.6,66.7,0,5,2,0,163.6,66.7
283,283,11,287.6,7,226.5,4,61.1,9.66585367532,4,5,2,61.1,161.6,64.9,0,5,2,0,161.6,64.9
284,284,11,288.1,7,227.2,4,60.9,9.78268414551,4,5,2,60.9,163.0,64.2,0,5,2,0,163.0,64.2
285,285,11,294.0,6,208.0,4,61.5,9.92794952738,4,5,2,61.5,169.3,63.2,0,5,1,0,169.3,38.7
286,286,11,283.9,6,204.4,4,57.5,10.2396732902,4,5,2,57.5,165.8,60.6,0,5,1,0,165.8,38.6
287,287,11,286.3,7,228.8,4,57.5,10.0307617766,4,5,2,57.5,164.4,64.4,0,5,2,0,164.4,64.4
288,288,12,304.7,7,232.1,5,72.6,10.2521357716,5,5,2,72.6,167.7,64.4,0,5,2,0,167.7,64.4
289,289,12,292.7,7,218.4,5,74.3,9.08990032282,5,5,2,74.3,156.4,62.0,0,5,2,0,156.4,62.0
290,290,12,288.9,6,192.1,5,73.3,8.95413820025,5,5,2,73.3,157.3,58.3,0,5,1,0,157.3,34.8
291,291,12,295.3,6,196.9,5,74.0,9.31484234321,5,5,2,74.0,161.5,59.8,0,5,1,0,161.5,35.4
292,292,12,289.4,6,191.6,4,56.3,8.76302493781,5,5,2,77.1,157.5,54.8,0,5,1,0,157.5,34.1
293,293,11,273.4,6,190.8,4,61.6,8.57337315604,4,5,2,64.2,156.6,52.6,0,5,1,0,156.6,34.2
294,294,11,276.4,6,192.4,4,61.7,8.8236150085,4,5,2,65.5,156.5,54.4,0,5,1,0,156.5,35.9
295,295,11,273.7,6,192.3,4,60.3,8.95196271013,4,5,2,64.3,156.0,53.4,0,5,1,0,156.0,36.3
296,296,11,271.2,6,191.0,5,80.2,8.81684338484,4,5,2,62.7,154.7,53.8,0,5,1,0,154.7,36.3
297,297,11,281.7,6,195.0,3,43.2,8.6728835511,4,5,2,63.5,158.8,59.4,0,5,1,0,158.8,36.2
298,298,11,271.6,6,189.9,5,81.7,8.70016718753,4,5,2,63.0,154.0,54.6,0,5,1,0,154.0,35.9
299,299,11,272.7,6,188.1,4,61.8,8.46090474423,4,5,2,61.8,151.9,59.0,0,5,1,0,151.9,36.2
300,300,11,275.6,7,213.5,4,62.1,8.44338363885,4,5,2,62.1,153.2,60.3,0,5,2,0,153.2,60.3
301,301,11,271.9,6,186.9,4,62.5,8.47122401803,4,5,2,62.5,151.7,57.7,0,5,1,0,151.7,35.2
302,302,11,267.5,5,161.2,5,82.2,8.58426679243,4,5,2,62.5,149.9,55.1,0,4,1,0,125.8,35.4
303,303,10,252.3,5,162.9,3,44.0,8.79381727251,3,5,2,44.0,150.1,58.2,0,4,1,0,127.5,35.4
304,304,10,250.3,5,163.1,4,64.0,8.79912243099,3,5,2,44.0,148.6,57.7,0,4,1,0,128.6,34.5
305,305,10,266.3,7,222.3,3,44.0,8.59509550073,3,5,2,44.0,161.2,61.1,0,5,2,0,161.2,61.1
306,306,11,278.5,7,218.1,4,60.4,8.80565933725,4,5,2,60.4,155.7,62.4,0,5,2,0,155.7,62.4
307,307,11,277.8,7,216.6,4,61.2,8.78047420546,4,5,2,61.2,152.4,64.2,0,5,2,0,152.4,64.2
308,308,11,277.3,7,217.0,4,60.3,8.81038643255,4,5,2,60.3,155.0,62.0,0,5,2,0,155.0,62.0
309,309,11,280.2,6,194.9,4,60.6,8.9702944109,4,5,2,60.6,157.9,61.7,0,4,2,0,133.2,61.7
310,310,11,282.9,7,223.5,4,59.4,9.12905451641,4,5,2,59.4,163.0,60.5,0,5,2,0,163.0,60.5
311,311,10,272.5,7,231.1,3,41.4,9.73906794537,3,5,2,41.4,166.5,64.6,0,5,2,0,166.5,64.6
312,312,10,275.8,7,233.9,3,41.9,9.90968101292,3,5,2,41.9,168.7,65.2,0,5,2,0,168.7,65.2
313,313,10,274.1,7,231.5,3,42.6,9.68050159398,3,5,2,42.6,166.8,64.7,0,5,2,0,166.8,64.7
314,314,10,269.3,7,223.9,3,45.4,9.02441749428,3,5,2,45.4,160.9,63.0,0,5,2,0,160.9,63.0
315,315,10,269.5,6,199.5,3,45.4,9.07025051718,3,5,2,45.4,159.8,64.3,0,4,2,0,135.2,64.3
316,316,10,270.9,7,225.2,3,45.7,9.05912063429,3,5,2,45.7,162.2,63.0,0,5,2,0,162.2,63.0
317,317,10,270.9,7,225.2,3,45.7,8.91010038602,3,5,2,45.7,163.0,62.2,0,5,2,0,163.0,62.2
318,318,10,272.4,7,225.8,3,46.6,8.77043011741,3,5,2,46.6,162.7,63.1,0,5,2,0,162.7,63.1
319,319,10,269.1,6,196.8,3,47.7,8.61103297456,3,5,2,47.7,157.1,64.3,0,4,2,0,132.5,64.3
320,320,10,270.6,6,197.7,2,29.1,8.49891496343,3,5,2,50.2,157.6,62.8,0,4,2,0,134.9,62.8
321,321,10,269.5,6,196.4,2,27.6,8.58981955573,3,5,2,48.3,159.9,61.3,0,4,2,0,135.1,61.3
322,322,10,276.6,7,220.9,2,33.1,7.56397896466,3,5,2,55.7,159.3,61.6,0,5,2,0,159.3,61.6
323,323,10,281.6,7,225.6,2,33.1,7.76347573936,3,5,2,56.0,161.8,63.8,0,5,2,0,161.8,63.8
324,324,10,279.8,7,225.8,2,31.1,8.02507182384,3,5,2,54.0,161.6,64.2,0,5,2,0,161.6,64.2
325,325,10,275.2,7,221.9,2,31.1,7.93638596732,3,5,2,53.3,158.4,63.5,0,5,2,0,158.4,63.5
326,326,10,272.1,6,194.9,2,31.1,7.81202065196,3,5,2,54.4,155.3,62.4,0,4,2,0,132.5,62.4
327,327,10,275.0,7,220.5,2,31.1,7.62262713534,3,5,2,54.5,159.6,60.9,0,5,2,0,159.6,60.9
328,328,10,277.6,7,222.9,2,31.1,7.63474513873,3,5,2,54.7,162.2,60.7,0,5,2,0,162.2,60.7
329,329,10,278.5,7,224.2,2,31.1,7.66264387213,3,5,2,54.3,161.4,62.8,0,5,2,0,161.4,62.8
330,330,10,275.2,7,221.2,2,30.9,7.50197011161,3,5,2,54.0,157.8,63.4,0,5,2,0,157.8,63.4
331,331,10,278.5,7,221.7,2,34.5,7.14208964131,3,5,2,56.8,157.0,64.7,0,5,2,0,157.0,64.7
332,332,10,267.2,6,190.4,2,34.5,7.28968830305,3,5,2,55.0,149.9,62.3,0,4,2,0,128.1,62.3
333,333,10,266.0,6,189.4,2,34.5,7.53466065003,3,5,2,54.8,151.1,60.1,0,4,2,0,129.3,60.1
334,334,10,263.2,6,188.8,3,51.5,7.60552430803,3,5,2,57.4,145.0,60.8,0,4,2,0,128.0,60.8
335,335,10,267.2,6,192.9,3,51.5,7.69527993859,3,5,2,57.3,147.3,62.6,0,4,2,0,130.3,62.6
336,336,10,271.0,6,193.0,2,34.5,7.27430790904,3,5,2,57.9,150.1,63.0,0,4,2,0,130.0,63.0
337,337,10,265.2,6,189.1,2,29.4,7.63643314062,3,5,2,52.3,151.1,61.8,0,4,2,0,127.3,61.8
338,338,10,267.8,7,215.7,2,29.4,7.67257743164,3,5,2,52.1,154.2,61.5,0,5,2,0,154.2,61.5
339,339,10,266.5,6,189.9,2,33.5,7.47622156499,3,5,2,56.3,152.4,57.8,0,4,2,0,132.1,57.8
340,340,10,268.1,6,187.0,2,33.5,6.92699229263,3,5,2,56.2,154.9,57.0,0,4,2,0,130.0,57.0
341,341,10,261.3,6,187.1,2,28.8,7.79501977761,3,5,2,51.0,153.1,57.2,0,4,2,0,129.9,57.2
342,342,10,259.9,6,189.7,2,28.8,8.04466006464,3,5,2,49.4,151.3,59.2,0,4,2,0,130.5,59.2
343,343,10,255.9,6,186.4,3,48.7,7.99853458801,3,5,2,48.7,150.3,56.9,0,4,2,0,129.5,56.9
344,344,10,250.9,6,187.2,4,63.7,8.72868196745,3,5,2,48.7,143.3,58.9,0,4,2,0,128.3,58.9
345,345,11,262.6,5,162.1,5,78.2,8.79569109384,4,5,2,63.2,140.7,58.7,0,3,2,0,103.4,58.7
346,346,11,264.3,5,161.4,5,78.6,8.6932262031,4,5,2,63.6,142.4,58.3,0,3,2,0,103.1,58.3
347,347,11,265.6,5,162.8,5,79.2,8.7755756092,4,5,2,64.2,142.6,58.8,0,3,2,0,104.0,58.8
348,348,10,250.0,5,161.1,4,64.9,8.53788940872,4,4,2,64.9,127.8,57.3,0,3,2,0,103.8,57.3
349,349,9,228.8,4,130.8,3,48.8,8.05213912227,3,4,2,48.8,125.2,54.8,0,3,1,0,100.8,30.0
350,350,11,263.7,6,182.9,5,80.8,8.17032323829,4,5,2,61.3,145.6,56.8,0,4,2,0,126.1,56.8
351,351,11,266.2,6,181.6,4,63.1,7.8462730006,4,5,2,65.1,145.0,56.1,0,4,2,0,125.5,56.1
352,352,11,265.0,5,158.1,5,82.9,7.95103195132,4,5,2,63.4,142.0,59.6,0,3,2,0,98.5,59.6
353,353,11,265.8,5,158.5,4,63.1,7.9911542004,4,5,2,65.1,141.4,59.3,0,3,2,0,99.2,59.3
354,354,11,266.2,5,159.5,4,62.6,8.08121278027,4,5,2,64.6,141.3,60.3,0,3,2,0,99.2,60.3
355,355,11,267.8,5,160.3,4,62.3,8.16962222338,4,5,2,65.4,142.1,60.3,0,3,2,0,100.0,60.3
356,356,11,268.5,5,160.9,3,42.8,8.20749103508,4,5,2,63.3,144.8,60.4,0,3,2,0,100.5,60.4
357,357,11,278.6,7,214.4,3,42.8,8.17289311188,4,5,2,64.2,152.9,61.5,0,5,2,0,152.9,61.5
358,358,12,288.6,6,186.0,4,57.9,8.19617427385,5,5,2,78.9,148.9,60.8,0,4,2,0,125.2,60.8
359,359,12,283.6,5,156.3,4,58.7,7.83376530079,5,5,2,79.6,148.0,56.0,0,4,1,0,124.3,32.0
360,360,12,277.5,5,158.0,6,95.2,8.21972406084,5,5,2,78.5,140.2,58.8,0,3,2,0,99.2,58.8
361,361,11,273.5,6,186.3,4,66.2,7.68885852741,4,5,2,66.2,147.2,60.1,0,4,2,0,126.2,60.1
362,362,11,267.8,5,157.5,4,66.4,7.5694601705,4,5,2,66.4,142.5,58.9,0,3,2,0,98.6,58.9
363,363,11,268.9,5,159.2,4,65.1,7.87291097833,4,5,2,65.1,144.5,59.3,0,3,2,0,99.9,59.3
364,364,11,270.6,5,159.3,3,47.5,7.74867730648,4,5,2,67.6,143.2,59.8,0,3,2,0,99.5,59.8
365,365,11,260.7,5,159.1,5,81.2,8.67698104181,4,5,2,64.2,136.9,59.6,0,3,2,0,99.5,59.6
366,366,11,270.3,4,136.4,4,64.3,8.53874591601,4,5,2,65.8,145.9,58.6,0,3,1,0,102.1,34.3
367,367,11,271.7,6,187.8,4,63.7,8.48810933012,4,5,2,64.9,147.7,59.1,0,4,2,0,128.7,59.1
368,368,11,269.4,6,188.2,5,81.2,8.71727647209,4,5,2,62.2,148.1,59.1,0,4,2,0,129.1,59.1
369,369,11,272.1,5,161.3,3,44.2,8.45059438469,4,5,2,66.9,145.6,59.6,0,3,2,0,101.7,59.6
370,370,11,273.6,6,189.5,4,63.8,8.61093385285,4,5,2,65.1,147.1,61.4,0,4,2,0,128.1,61.4
371,371,11,272.2,6,188.8,5,83.4,8.6279039907,4,5,2,64.4,146.4,61.4,0,4,2,0,127.4,61.4
372,372,11,271.1,5,162.8,4,64.3,8.4493033602,4,5,2,66.6,146.9,57.6,0,4,1,0,127.9,34.9
373,373,11,265.3,4,133.5,5,83.7,8.23769605919,4,5,2,64.7,142.5,58.1,0,3,1,0,99.0,34.5
374,374,11,265.6,5,158.5,4,62.5,8.23011101218,4,5,2,65.5,140.3,59.8,0,3,2,0,98.7,59.8
375,375,11,272.7,6,184.4,3,45.1,8.0011817309,4,5,2,65.6,148.1,59.0,0,4,2,0,125.4,59.0
376,376,11,276.0,6,189.5,3,45.1,8.25402381211,4,5,2,65.5,150.2,60.3,0,4,2,0,129.2,60.3
377,377,10,262.5,5,163.5,3,51.2,7.67018035425,3,5,2,51.2,154.1,57.2,0,4,1,0,130.8,32.7
378,378,10,263.3,6,189.4,3,52.1,7.63064727122,3,5,2,52.1,153.1,58.1,0,4,2,0,131.3,58.1
379,379,10,265.5,6,192.2,2,31.0,7.85143299023,3,5,2,51.5,154.4,59.6,0,4,2,0,132.6,59.6
380,380,10,266.7,6,195.6,3,50.5,8.3457307782,3,5,2,52.3,151.8,62.6,0,4,2,0,133.0,62.6
381,381,10,273.1,7,220.0,2,31.7,7.97655592624,3,5,2,53.1,157.3,62.7,0,5,2,0,157.3,62.7
382,382,10,270.6,7,219.3,2,29.3,7.94931164036,3,5,2,51.3,156.7,62.6,0,5,2,0,156.7,62.6
383,383,10,273.3,7,217.8,1,12.8,7.40451063729,3,5,2,55.5,154.8,63.0,0,5,2,0,154.8,63.0
384,384,11,286.4,7,216.7,3,46.9,7.98264025586,4,5,2,69.7,153.1,63.6,0,5,2,0,153.1,63.6
385,385,11,278.0,5,162.0,3,47.3,7.89342649413,4,5,2,70.3,147.4,60.3,0,3,2,0,101.7,60.3
386,386,11,281.2,5,163.4,2,28.6,7.83585001481,4,5,2,72.4,147.3,61.5,0,3,2,0,101.9,61.5
387,387,11,280.9,6,186.8,2,28.6,7.5383383749,4,5,2,72.1,146.3,62.5,0,4,2,0,124.3,62.5
388,388,11,280.3,6,188.9,3,47.9,7.91426789815,4,5,2,71.3,146.1,62.9,0,4,2,0,126.0,62.9
389,389,11,284.7,6,188.8,2,28.6,7.71554511124,4,5,2,72.1,149.9,62.7,0,4,2,0,126.1,62.7
390,390,11,281.1,5,160.5,2,28.6,7.58490126981,4,5,2,73.0,143.9,64.2,0,3,2,0,96.3,64.2
391,391,11,271.5,4,133.5,4,68.0,7.76888900446,4,5,2,70.7,138.1,62.7,0,2,2,0,70.8,62.7
392,392,11,266.4,5,157.5,4,67.7,7.93017253051,4,5,2,69.8,135.6,61.0,0,3,2,0,96.5,61.0
393,393,11,269.9,5,157.3,4,67.6,7.90522266951,4,5,2,68.4,140.4,61.1,0,3,2,0,96.2,61.1
394,394,11,272.2,6,186.4,4,65.3,8.04690793241,4,5,2,66.4,146.4,59.4,0,4,2,0,127.0,59.4
395,395,12,284.9,6,186.6,5,77.4,8.45302079768,5,5,2,82.2,142.6,60.1,0,4,2,0,126.5,60.1
396,396,12,277.3,5,157.7,6,95.9,8.223188757,5,5,2,79.8,137.6,59.9,0,3,2,0,97.8,59.9
397,397,12,278.3,5,161.2,6,96.0,8.47514637399,5,5,2,79.9,137.5,60.9,0,3,2,0,100.3,60.9
398,398,12,279.8,5,159.2,5,77.8,8.30715281422,5,5,2,82.3,138.0,59.5,0,3,2,0,99.7,59.5
399,399,12,285.5,6,185.3,6,100.2,8.27630333964,5,5,2,82.8,142.2,60.5,0,4,2,0,124.8,60.5
400,400,12,291.4,5,160.4,4,64.7,7.8972760935,5,5,2,85.6,146.1,59.7,0,3,2,0,100.7,59.7
401,401,12,267.3,4,121.7,6,102.2,6.63367785005,5,5,2,82.6,132.5,52.2,0,3,1,0,92.1,29.6
402,402,12,278.7,4,129.7,4,63.0,7.52524539014,5,5,2,84.5,140.4,53.8,0,3,1,0,98.3,31.4
403,403,12,279.4,5,157.0,5,79.3,8.01099623056,5,5,2,83.3,141.3,54.8,0,4,1,0,125.0,32.0
404,404,12,289.0,6,189.5,5,79.3,8.57362057109,5,5,2,83.2,146.5,59.3,0,4,2,0,130.2,59.3
405,405,12,297.1,6,194.1,6,103.0,8.57570122586,5,5,2,84.3,153.9,58.9,0,4,2,0,135.2,58.9
406,406,12,300.7,6,192.1,4,64.6,8.15112466678,5,5,2,85.0,155.0,60.7,0,4,2,0,131.4,60.7
407,407,12,305.3,6,195.6,4,64.6,8.45549400023,5,5,2,84.8,158.9,61.6,0,4,2,0,134.0,61.6
408,408,12,302.4,7,221.1,4,61.0,8.88891035351,5,5,2,81.3,161.7,59.4,0,5,2,0,161.7,59.4
409,409,12,307.2,6,199.4,4,61.0,9.09475373248,5,5,2,83.1,164.8,59.3,0,5,1,0,164.8,34.6
410,410,12,308.4,6,198.7,4,61.0,9.08215032608,5,5,2,85.4,164.1,58.9,0,5,1,0,164.1,34.6
411,411,12,306.7,6,197.1,4,61.0,8.86489074263,5,5,2,86.8,161.2,58.7,1,4,1,25.8,136.7,34.6
412,412,12,300.6,5,171.2,4,60.4,9.0348315877,5,5,2,83.7,157.7,59.2,0,4,1,0,136.4,34.8
413,413,12,302.0,5,171.8,4,60.4,9.09328756764,5,5,2,84.1,159.0,58.9,0,4,1,0,137.7,34.1
414,414,12,297.9,5,170.5,4,60.4,9.10874953997,5,5,2,82.5,156.2,59.2,0,4,1,0,136.0,34.5
415,415,12,305.1,7,222.0,4,60.4,8.86813755173,5,5,2,83.1,160.6,61.4,0,5,2,0,160.6,61.4
416,416,12,303.7,6,198.0,4,60.4,9.01619334444,5,5,2,81.4,163.1,59.2,0,5,1,0,163.1,34.9
417,417,12,305.5,7,224.7,4,59.7,8.97323883286,5,5,2,80.8,163.9,60.8,0,5,2,0,163.9,60.8
418,418,12,301.9,7,222.1,4,59.7,8.95539028471,5,5,2,79.8,162.2,59.9,0,5,2,0,162.2,59.9
419,419,12,304.6,6,203.3,5,78.6,9.52230236992,5,5,2,78.6,160.7,65.3,0,4,2,0,138.0,65.3
420,420,12,308.9,6,205.1,4,59.7,9.62548306541,5,5,2,81.1,160.9,66.9,0,4,2,0,138.2,66.9
421,421,12,307.0,6,201.7,4,59.7,9.34712725273,5,5,2,80.9,164.1,62.0,0,4,2,0,139.7,62.0
422,422,11,286.2,7,220.0,3,44.6,8.56128707401,4,5,2,66.2,159.8,60.2,0,5,2,0,159.8,60.2
423,423,10,267.7,6,194.8,2,27.9,8.63211703144,3,5,2,48.0,158.7,61.0,0,4,2,0,133.8,61.0
424,424,10,270.7,7,221.0,3,49.7,8.50111757359,3,5,2,49.7,159.8,61.2,0,5,2,0,159.8,61.2
425,425,10,270.3,7,219.9,2,30.1,8.26519476143,3,5,2,50.4,158.2,61.7,0,5,2,0,158.2,61.7
426,426,10,269.1,6,195.1,3,49.7,8.31577483528,3,5,2,49.7,159.5,59.9,0,5,1,0,159.5,35.6
427,427,10,264.7,6,193.7,3,48.2,8.51639595134,3,5,2,48.2,158.4,58.1,0,5,1,0,158.4,35.3
428,428,10,266.1,6,192.5,2,29.0,8.37900153161,3,5,2,49.1,156.9,60.1,0,5,1,0,156.9,35.6
429,429,9,247.8,5,165.5,2,35.4,7.66730069842,2,5,2,35.4,154.7,57.7,0,4,1,0,130.1,35.4
430,430,9,250.2,5,168.8,1,15.9,7.76144316477,2,5,2,36.7,158.0,55.5,0,4,1,0,133.4,35.4
431,431,9,242.7,4,137.8,2,35.8,7.61495239644,2,5,2,36.6,151.0,55.1,0,3,1,0,102.6,35.2
432,432,9,242.3,4,136.7,1,15.9,7.4346785031,2,5,2,37.2,147.0,58.1,0,3,1,0,100.8,35.9
433,433,9,241.0,5,161.0,2,35.1,7.56369251387,2,5,2,38.1,147.7,55.2,0,4,1,0,125.0,36.0
434,434,9,240.1,5,159.6,2,35.3,7.38779022743,2,5,2,39.2,145.5,55.4,0,4,1,0,123.6,36.0
435,435,9,241.0,5,160.0,2,35.9,7.26511833658,2,5,2,38.3,146.9,55.8,0,4,1,0,124.2,35.8
436,436,9,240.4,4,135.7,1,13.5,7.81448085999,2,5,2,37.7,146.3,56.4,0,3,1,0,100.5,35.2
437,437,10,254.0,4,135.3,2,27.7,8.30247620359,3,5,2,48.7,148.3,57.0,0,3,1,0,100.2,35.1
438,438,11,270.0,5,160.9,3,40.5,8.61769849047,4,5,2,62.4,149.6,58.0,0,4,1,0,126.3,34.6
439,439,11,271.0,5,160.7,3,40.8,8.64202206978,4,5,2,63.9,148.6,58.5,0,4,1,0,126.2,34.5
440,440,11,266.9,4,137.2,3,42.3,8.7897978051,4,5,2,65.2,143.2,58.5,0,3,1,0,102.1,35.1
441,441,11,261.6,4,131.3,4,61.1,8.38484563744,4,5,2,64.7,139.1,57.8,0,3,1,0,97.3,34.0
442,442,11,268.6,5,159.8,3,42.3,8.34419776633,4,5,2,63.2,150.4,55.0,0,4,1,0,127.3,32.5
443,443,11,268.3,6,183.4,3,42.3,8.2468726855,4,5,2,62.4,150.6,55.3,0,5,1,0,150.6,32.8
444,444,11,264.6,5,158.6,4,60.5,8.41110737494,4,5,2,64.2,149.6,50.8,0,4,1,0,126.0,32.6
445,445,11,260.7,5,156.5,4,61.4,8.25614922346,4,5,2,64.1,145.0,51.6,0,4,1,0,125.3,31.2
446,446,11,257.7,5,155.8,4,60.6,8.34279220754,4,5,2,62.6,143.7,51.4,0,4,1,0,124.8,31.0
447,447,11,255.3,4,128.7,4,61.9,7.93617723409,4,5,2,65.2,139.6,50.5,0,3,1,0,98.6,30.1
448,448,11,250.5,4,129.2,5,79.0,8.16628323157,4,5,2,64.8,138.7,47.0,0,3,1,0,99.3,29.9
449,449,11,253.4,4,130.8,5,77.4,8.41763300783,4,5,2,66.0,140.5,46.9,0,3,1,0,101.0,29.8
450,450,11,247.6,4,126.8,5,76.7,8.04281723595,4,5,2,67.1,135.7,44.8,0,3,1,0,98.4,28.4
451,451,11,254.1,4,129.2,5,80.4,7.96580190565,4,5,2,66.3,141.0,46.8,0,3,1,0,98.8,30.4
452,452,11,251.8,4,128.7,4,58.9,8.10166088471,4,5,2,64.1,141.6,46.1,0,3,1,0,99.0,29.7
453,453,11,249.2,4,130.3,5,75.5,8.5164973594,4,5,2,64.3,139.5,45.4,0,3,1,0,99.1,31.2
454,454,11,257.3,4,130.3,5,81.9,7.98579420539,4,5,2,68.1,142.2,47.0,0,3,1,0,100.0,30.3
455,455,11,261.3,4,127.2,3,45.5,7.42271697377,4,5,2,67.6,141.6,52.1,0,3,1,0,97.7,29.5
456,456,11,263.4,4,126.1,3,45.6,7.21752916674,4,5,2,68.2,145.5,49.7,0,3,1,0,97.4,28.7
457,457,11,262.5,4,128.7,4,65.2,7.49870291814,4,5,2,69.0,142.7,50.8,0,3,1,0,99.4,29.3
458,458,11,260.9,4,127.1,4,65.4,7.35524549989,4,5,2,69.7,138.9,52.3,0,3,1,0,97.5,29.6
459,459,10,250.5,4,125.3,1,14.6,6.25979232882,3,5,2,58.5,139.3,52.7,0,3,1,0,95.9,29.4
460,460,10,248.8,4,125.1,2,33.0,6.37892362916,3,5,2,57.4,139.7,51.7,0,3,1,0,95.5,29.6
461,461,9,214.4,4,115.0,3,56.2,5.16981087125,2,5,2,40.9,126.2,47.3,0,3,1,0,88.4,26.6
462,462,9,229.5,5,149.8,2,37.4,5.86515131945,2,5,2,40.3,140.7,48.5,0,4,1,0,120.6,29.2
463,463,9,234.6,5,150.2,1,18.2,5.29716905526,2,5,2,42.4,141.8,50.4,0,4,1,0,120.3,29.9
464,464,9,246.9,6,182.6,1,19.1,5.23975190252,2,5,2,44.5,148.9,53.5,1,4,1,25.4,125.7,31.5
465,465,9,248.2,6,185.3,0,0,5.64972959038,2,5,2,46.1,148.5,53.6,1,4,1,25.3,127.5,32.5
466,466,9,243.1,5,156.3,0,0,5.53498971192,2,5,2,43.4,145.8,53.9,0,4,1,0,123.8,32.5
467,467,11,270.1,5,156.2,2,27.0,7.40707278705,4,5,2,70.7,145.3,54.1,0,4,1,0,123.2,33.0
468,468,11,270.9,5,154.8,2,27.2,7.30918475743,4,5,2,71.3,146.1,53.5,0,4,1,0,121.8,33.0
469,469,11,260.5,5,155.0,4,63.2,7.86648818493,4,5,2,68.4,141.8,50.3,0,4,1,0,121.9,33.1
470,470,11,261.5,5,153.3,3,43.2,7.80424127114,4,5,2,68.3,142.7,50.5,0,4,1,0,120.0,33.3
471,471,11,259.2,4,127.2,4,62.8,7.85776975067,4,5,2,66.5,142.4,50.3,0,3,1,0,94.1,33.1
472,472,11,263.0,5,156.2,3,42.8,8.07520334672,4,5,2,67.2,146.3,49.5,0,4,1,0,123.3,32.9
473,473,11,265.3,5,158.8,3,42.4,8.34839124404,4,5,2,67.0,148.4,49.9,0,4,1,0,125.5,33.3
474,474,11,265.4,5,157.5,4,62.8,8.18658547981,4,5,2,65.3,148.5,51.6,0,4,1,0,124.3,33.2
475,475,11,273.6,5,160.1,2,25.5,8.0120023601,4,5,2,68.2,151.0,54.4,0,4,1,0,126.5,33.6
476,476,11,276.1,6,185.2,3,45.3,8.02869852467,4,5,2,67.1,150.8,58.2,0,5,1,0,150.8,34.4
477,477,11,274.2,6,183.5,2,25.5,7.84475505151,4,5,2,66.4,147.7,60.1,0,4,2,0,123.4,60.1
478,478,12,283.6,6,179.2,3,40.8,7.90964122084,5,5,2,81.6,145.3,56.7,0,4,2,0,122.5,56.7
479,479,12,282.2,5,156.9,4,58.8,8.23593383051,5,5,2,79.1,146.5,56.6,0,3,2,0,100.3,56.6
480,480,12,286.0,5,160.0,4,60.1,8.66123372834,5,5,2,80.5,145.4,60.1,0,4,1,0,124.0,36.0
481,481,12,289.2,6,189.1,5,77.5,8.56058621612,5,5,2,77.5,155.0,56.7,0,5,1,0,155.0,34.1
482,482,12,268.0,5,146.7,5,76.9,7.19789531528,5,5,2,76.9,139.8,51.3,0,4,1,0,117.7,29.0
483,483,12,269.4,6,175.4,5,73.7,7.74942813139,5,5,2,73.7,139.9,55.8,0,4,2,0,119.6,55.8
484,484,12,265.0,4,122.2,5,73.5,7.43784344763,5,5,2,73.5,140.1,51.4,0,3,1,0,93.8,28.4
485,485,12,251.2,3,87.0,6,92.3,6.52217662125,5,5,2,73.5,128.1,49.6,0,3,0,0,87.0,0
486,486,12,240.2,2,57.5,6,91.6,5.7139117843,5,5,2,72.9,119.0,48.3,0,2,0,0,57.5,0
