,e_id,num_sat,sum_snr,num_sat_25,sum_snr_25,snr_std,elev_0_30,elev_30_60,elev_60_90,elev_0_30_25,elev_30_60_25,elev_60_90_25
1,1,7,205.2,6,191.7,7.65167270851,1,4,2,0,4,2
2,2,8,231.3,6,194.3,7.64375328525,1,5,2,0,4,2
3,3,8,236.4,7,222.9,7.08660708661,1,5,2,0,5,2
4,4,9,250.9,7,221.0,7.90882067343,2,5,2,0,5,2
5,5,8,236.7,7,223.2,7.48645204925,1,5,2,0,5,2
6,6,8,238.4,6,201.0,7.88089915102,1,5,2,0,4,2
7,7,9,238.3,6,185.2,7.2877942098,2,5,2,0,4,2
8,8,10,259.3,6,185.7,7.06604557019,3,5,2,0,4,2
9,9,11,274.7,6,189.4,8.37950964068,4,5,2,0,4,2
10,10,10,264.0,7,219.4,8.7220028281,3,5,2,0,5,2
11,11,11,283.6,7,221.1,8.93664569979,4,5,2,0,5,2
12,12,9,242.7,6,187.4,7.90015822626,2,5,2,0,4,2
13,13,9,249.2,6,194.3,8.72273529984,2,5,2,0,4,2
14,14,9,249.4,6,193.1,8.27563357762,2,5,2,0,4,2
15,15,9,249.6,6,193.6,8.01716907643,2,5,2,0,4,2
16,16,9,246.0,6,189.7,7.99171445936,2,5,2,0,4,2
17,17,10,255.9,6,184.8,8.46843157458,3,5,2,0,4,2
18,18,10,254.9,5,161.1,8.44333399131,3,5,2,0,3,2
19,19,10,252.5,5,162.4,8.94007829943,3,5,2,0,3,2
20,20,9,233.0,6,189.0,9.7248964576,3,4,2,0,4,2
21,21,9,231.2,5,165.3,9.64033770732,3,4,2,0,3,2
22,22,10,255.0,6,188.5,8.84081444212,3,5,2,0,4,2
23,23,10,258.1,6,189.8,8.62495732679,3,5,2,0,4,2
24,24,10,256.9,5,162.0,8.56497389242,3,5,2,0,4,1
25,25,10,260.8,7,213.0,8.26892442287,3,5,2,0,5,2
26,26,10,257.4,6,186.3,8.39870360367,3,5,2,0,5,1
27,27,10,252.8,5,160.9,8.69224430807,3,5,2,0,4,1
28,28,11,262.8,5,161.7,9.14707106624,4,5,2,0,4,1
29,29,11,269.9,5,163.1,8.642253494,4,5,2,0,4,1
30,30,11,264.9,5,160.5,8.45941111211,4,5,2,0,4,1
31,31,11,269.4,5,160.5,8.21650224189,4,5,2,0,4,1
32,32,11,271.1,6,187.3,8.38813014162,4,5,2,0,4,2
33,33,11,269.2,6,186.2,8.33739658516,4,5,2,0,4,2
34,34,11,272.8,6,183.3,7.66981094943,4,5,2,0,5,1
35,35,11,274.9,6,184.4,7.67026134437,4,5,2,0,5,1
36,36,11,277.2,6,187.1,7.77483118788,4,5,2,0,5,1
37,37,11,277.2,6,190.2,8.15573417909,4,5,2,0,5,1
38,38,11,274.5,7,209.1,7.57645875543,4,5,2,0,5,2
39,39,12,291.4,7,214.2,8.34253431446,5,5,2,0,5,2
40,40,12,284.1,7,206.9,7.82410320159,5,5,2,0,5,2
41,41,12,288.5,7,211.3,8.11109883076,5,5,2,0,5,2
42,42,12,285.7,7,208.5,7.96531781405,5,5,2,0,5,2
43,43,12,282.0,6,183.5,8.47370263602,5,5,2,0,5,1
44,44,12,283.1,6,184.7,8.66691287529,5,5,2,0,5,1
45,45,13,306.7,6,187.1,8.37490910781,6,5,2,0,4,2
46,46,13,305.8,5,160.5,8.2374302067,6,5,2,0,4,1
47,47,13,305.3,5,161.0,8.23142820271,6,5,2,0,4,1
48,48,13,309.0,5,161.4,8.26230240464,6,5,2,0,4,1
49,49,13,309.6,7,214.3,8.54866911219,6,5,2,0,5,2
50,50,13,310.5,7,216.0,8.52660993145,6,5,2,0,5,2
51,51,13,307.9,7,215.6,8.60298844916,6,5,2,0,5,2
52,52,12,294.2,7,213.7,8.13173729993,5,5,2,0,5,2
53,53,11,281.2,7,216.8,8.26235713671,4,5,2,0,5,2
54,54,11,279.6,7,218.4,8.78268958598,4,5,2,0,5,2
55,55,10,255.6,6,194.7,9.25012912823,3,5,2,0,4,2
56,56,10,256.2,6,192.0,8.9017850894,3,5,2,0,4,2
57,57,10,256.9,6,191.9,8.82665785498,3,5,2,0,4,2
58,58,12,290.5,6,194.0,9.06666805927,5,5,2,0,4,2
59,59,11,275.6,6,193.6,8.97823631192,5,4,2,0,4,2
60,60,10,265.6,6,195.3,8.4058445276,4,4,2,0,4,2
61,61,10,263.4,6,193.9,8.3768463968,4,4,2,0,4,2
62,62,11,280.1,6,195.5,8.68542143218,4,5,2,0,4,2
63,63,11,281.3,6,195.7,8.67191915427,4,5,2,0,4,2
64,64,11,276.9,5,168.3,8.66338166181,4,5,2,0,4,1
65,65,11,279.9,6,196.7,8.84017688017,4,5,2,0,4,2
66,66,10,266.6,5,169.5,8.16757818042,3,5,2,0,4,1
67,67,9,248.7,6,196.2,8.16026960339,2,5,2,0,4,2
68,68,10,269.7,6,195.9,7.90331154222,3,5,2,0,4,2
69,69,11,286.7,6,196.4,7.95729510918,4,5,2,0,4,2
70,70,10,270.0,6,195.6,7.6092049519,3,5,2,0,4,2
71,71,10,266.6,6,189.1,6.88189250457,3,5,2,0,4,2
72,72,9,259.5,7,220.8,5.98414572015,2,5,2,0,5,2
73,73,9,260.9,7,221.6,5.89776322949,2,5,2,0,5,2
74,74,9,256.5,7,220.5,6.43855573867,2,5,2,0,5,2
75,75,8,240.3,7,220.3,5.07344275897,1,5,2,0,5,2
76,76,9,253.5,7,215.9,6.18829540342,2,5,2,0,5,2
77,77,9,251.5,7,215.2,6.41621210511,2,5,2,0,5,2
78,78,9,253.5,7,216.2,6.19979838382,2,5,2,0,5,2
79,79,9,250.5,6,190.0,6.39550623485,2,5,2,0,5,1
80,80,9,252.3,6,190.1,6.34034699366,2,5,2,0,5,1
81,81,9,248.0,6,190.4,6.85822701416,2,5,2,0,5,1
82,82,10,257.5,6,187.8,7.97847799465,3,5,2,0,5,1
83,83,10,261.0,6,190.2,8.16809511317,3,5,2,0,5,1
84,84,10,258.3,7,212.6,8.02039760721,3,5,2,0,5,2
85,85,10,261.8,6,192.1,8.31181221048,3,5,2,0,5,1
86,86,10,263.6,6,191.9,8.23936351371,3,5,2,0,5,1
87,87,10,262.5,6,192.7,8.52150873444,3,5,2,0,5,1
88,88,10,266.7,7,219.9,8.39947749698,3,5,2,0,5,2
89,89,10,262.7,7,216.9,8.46955987312,3,5,2,0,5,2
90,90,10,263.0,7,215.7,8.1114459596,3,5,2,0,5,2
91,91,10,266.7,7,219.4,8.23502681639,3,5,2,0,5,2
92,92,10,265.3,7,219.3,8.36248899684,3,5,2,0,5,2
93,93,10,266.8,7,220.8,8.32703762184,3,5,2,0,5,2
94,94,10,266.0,7,218.0,7.98679465674,3,5,2,0,5,2
95,95,11,288.6,7,222.5,8.3314191741,4,5,2,0,5,2
96,96,11,289.9,7,227.2,8.86514113101,4,5,2,0,5,2
97,97,11,285.7,7,225.1,9.00245421084,4,5,2,0,5,2
98,98,11,283.0,7,222.7,8.95389199277,4,5,2,0,5,2
99,99,12,293.1,6,196.2,9.27108162759,5,5,2,0,5,1
100,100,12,290.6,6,197.4,9.40046742874,5,5,2,0,5,1
101,101,12,298.8,6,197.3,8.99221885855,5,5,2,0,5,1
102,102,12,304.1,7,222.8,8.68859841541,5,5,2,0,5,2
103,103,11,282.1,7,215.4,7.96471765179,4,5,2,0,5,2
104,104,11,284.7,7,217.4,7.83808882086,4,5,2,0,5,2
105,105,11,294.9,7,229.2,8.77159672414,4,5,2,0,5,2
106,106,11,292.3,6,202.0,8.89056701331,4,5,2,0,5,1
107,107,11,289.4,6,198.6,8.471889346,4,5,2,0,5,1
108,108,11,293.9,6,204.8,9.05790463428,4,5,2,0,5,1
109,109,11,292.6,7,227.3,8.68815285317,4,5,2,0,5,2
110,110,11,293.6,7,228.9,8.9404087765,4,5,2,0,5,2
111,111,10,285.1,7,233.6,8.34445258174,3,5,2,0,5,2
112,112,10,284.9,7,233.4,8.29088522281,3,5,2,0,5,2
113,113,11,297.6,7,235.0,9.54016390177,4,5,2,0,5,2
114,114,12,310.3,7,233.1,9.64105410432,5,5,2,0,5,2
115,115,12,306.8,7,229.0,9.40950518778,5,5,2,0,5,2
116,116,12,302.8,7,225.1,9.24104808433,5,5,2,0,5,2
117,117,12,304.7,7,227.8,9.54162729911,5,5,2,0,5,2
118,118,12,300.7,7,224.9,9.65386953349,5,5,2,0,5,2
119,119,12,302.8,6,201.6,9.78749975812,5,5,2,0,5,1
120,120,12,299.3,7,224.6,9.73292988994,5,5,2,0,5,2
121,121,10,268.4,7,223.2,9.10472404854,3,5,2,0,5,2
122,122,11,288.6,7,226.4,9.30733825831,4,5,2,0,5,2
123,123,11,283.6,7,222.8,9.21757215126,4,5,2,0,5,2
124,124,12,299.7,6,196.1,8.98059777318,5,5,2,0,4,2
125,125,12,296.8,7,218.1,8.65377829551,5,5,2,0,5,2
126,126,12,296.0,7,217.7,8.69329243344,5,5,2,0,5,2
127,127,12,301.3,7,224.4,9.08950026963,5,5,2,0,5,2
128,128,12,301.7,7,223.2,8.8267628508,5,5,2,0,5,2
129,129,12,300.8,7,222.3,8.75622722133,5,5,2,0,5,2
130,130,11,276.8,7,218.0,8.74634469104,4,5,2,0,5,2
131,131,11,284.3,7,224.1,9.09322425066,4,5,2,0,5,2
132,132,11,275.6,7,215.0,8.49721879633,4,5,2,0,5,2
133,133,11,273.8,7,213.7,8.3364806178,4,5,2,0,5,2
134,134,11,275.9,7,216.0,8.51819443096,4,5,2,0,5,2
135,135,10,272.0,7,223.7,8.04818820191,3,5,2,0,5,2
136,136,10,257.1,6,185.4,7.36122725275,3,5,2,0,5,1
137,137,10,257.2,6,188.0,7.7325861708,3,5,2,0,5,1
138,138,10,253.6,6,182.8,7.44001194742,3,5,2,0,5,1
139,139,10,254.2,6,190.3,8.69365030097,3,5,2,0,5,1
140,140,9,228.8,5,155.5,7.73624226899,2,5,2,0,4,1
141,141,9,238.9,6,187.4,7.52846450332,2,5,2,0,5,1
142,142,9,237.5,6,182.9,7.12678827461,2,5,2,0,5,1
143,143,10,235.6,6,174.9,7.82037225599,3,5,2,0,5,1
144,144,10,258.4,7,215.0,8.29607671667,3,5,2,0,5,2
145,145,10,243.3,6,175.9,7.57364582689,3,5,2,0,5,1
146,146,10,252.3,7,209.3,7.960604388,3,5,2,0,5,2
147,147,10,249.4,7,205.0,7.69071590368,3,5,2,0,5,2
148,148,10,260.2,7,215.5,8.2190564476,3,5,2,0,5,2
149,149,10,255.7,6,187.2,8.15489627974,3,5,2,0,4,2
150,150,10,256.6,7,211.1,7.97443136252,3,5,2,0,5,2
151,151,10,260.3,6,188.4,7.96534856599,3,5,2,0,4,2
152,152,10,255.5,6,185.6,7.85412135265,3,5,2,0,5,1
153,153,9,228.0,5,149.3,6.54312616415,2,5,2,0,4,1
154,154,9,242.2,7,212.5,7.59826369055,2,5,2,0,5,2
155,155,9,244.6,6,188.0,7.14873726223,2,5,2,0,5,1
156,156,9,246.4,6,191.1,7.61097526237,2,5,2,0,4,2
157,157,9,257.9,7,225.9,7.69953101025,2,5,2,0,5,2
158,158,9,256.6,7,224.5,7.61863577756,2,5,2,0,5,2
159,159,9,253.7,7,221.4,7.38265610137,2,5,2,0,5,2
160,160,9,254.9,7,223.7,7.65714989043,2,5,2,0,5,2
161,161,10,277.0,7,230.1,8.73536871956,3,5,2,0,5,2
162,162,10,278.8,7,230.9,8.89591666628,3,5,2,0,5,2
163,163,10,281.1,7,230.6,8.80308657991,3,5,2,0,5,2
164,164,10,274.9,6,200.5,8.46541329305,3,5,2,0,5,1
165,165,10,272.7,6,198.3,8.41982449012,3,5,2,0,5,1
166,166,10,283.3,7,233.2,9.07720588434,3,5,2,0,5,2
167,167,9,265.4,7,227.8,6.84204728945,2,5,2,0,5,2
168,168,10,276.5,7,225.3,7.83329787226,3,5,2,0,5,2
169,169,10,270.8,7,220.7,7.63337700133,3,5,2,0,5,2
170,170,10,269.7,7,220.7,7.84857382657,3,5,2,0,5,2
171,171,10,270.3,7,218.5,7.49711796478,3,5,2,0,5,2
172,172,10,275.7,7,222.8,7.55293173395,3,5,2,0,5,2
173,173,10,270.9,7,219.1,7.53516939277,3,5,2,0,5,2
174,174,10,267.1,7,217.0,7.54577880525,3,5,2,0,5,2
175,175,10,261.5,7,211.8,7.43105346203,3,5,2,0,5,2
176,176,10,265.8,7,215.5,7.51617515023,3,5,2,0,5,2
177,177,10,259.3,6,182.9,7.15713319392,3,5,2,0,4,2
178,178,10,265.2,8,238.8,7.52149512324,3,5,2,1,5,2
179,179,10,267.3,7,216.0,7.74095170721,3,5,2,0,5,2
180,180,10,265.0,8,238.6,7.52152466813,3,5,2,1,5,2
181,181,11,279.0,7,217.1,8.38323001322,4,5,2,1,4,2
182,182,10,266.8,6,193.9,8.21594655398,3,5,2,0,4,2
183,183,10,270.6,6,196.8,8.48936589701,3,5,2,0,4,2
184,184,10,270.8,6,199.0,8.76099943563,3,5,2,0,4,2
185,185,10,273.6,7,224.0,8.53401038981,3,5,2,1,4,2
186,186,10,268.3,6,195.8,8.41005350756,3,5,2,0,4,2
187,187,10,270.8,6,196.9,8.36551120839,3,5,2,0,4,2
188,188,10,274.3,6,198.9,8.62773950052,3,5,2,0,4,2
189,189,10,268.4,7,218.9,8.2834775306,3,5,2,0,5,2
190,190,10,265.8,6,192.7,8.16303320532,3,5,2,0,4,2
191,191,10,260.6,6,188.8,8.00197197918,3,5,2,0,4,2
192,192,10,250.9,5,162.8,8.58350485266,3,5,2,0,3,2
193,193,10,269.3,7,216.3,7.51872477367,3,5,2,1,4,2
194,194,10,268.2,7,214.7,7.43786110235,3,5,2,0,5,2
195,195,10,272.4,7,217.4,7.23513034514,3,5,2,0,5,2
196,196,10,271.7,7,216.3,7.22265725186,3,5,2,0,5,2
197,197,10,277.7,8,246.7,7.22957659741,3,5,2,1,5,2
198,198,10,277.2,7,222.8,7.48001782529,3,5,2,0,5,2
199,199,10,268.4,7,215.3,7.48111696948,3,5,2,0,5,2
200,200,10,274.4,7,224.1,8.00766299657,3,5,2,0,5,2
201,201,10,268.2,7,220.5,8.23364371885,3,5,2,0,5,2
202,202,10,262.8,5,166.2,8.20782824165,3,5,2,0,3,2
203,203,10,273.3,6,201.0,8.85551303489,3,5,2,0,4,2
204,204,10,268.9,6,196.4,8.47171109569,3,5,2,0,4,2
205,205,10,274.4,7,221.6,7.55751281838,3,5,2,0,5,2
206,206,10,280.2,7,227.4,8.04180742537,3,5,2,0,5,2
207,207,10,274.1,7,222.8,8.10794534872,3,5,2,0,5,2
208,208,10,266.0,7,218.8,8.29069089736,3,5,2,0,5,2
209,209,10,268.8,7,221.6,8.53226555819,3,5,2,0,5,2
210,210,10,271.4,7,223.8,8.47154714979,3,5,2,0,5,2
211,211,10,273.5,7,225.9,8.25728634466,3,5,2,0,5,2
212,212,10,273.6,7,224.7,8.15804987591,3,5,2,0,5,2
213,213,10,273.3,7,223.8,8.01540877172,3,5,2,0,5,2
214,214,10,272.9,6,199.1,8.32712435358,3,5,2,0,4,2
215,215,10,272.8,6,199.1,8.22972930566,3,5,2,0,4,2
216,216,10,277.6,7,228.1,8.30624932071,3,5,2,0,5,2
217,217,10,281.4,7,229.6,8.12064584186,3,5,2,0,5,2
218,218,10,281.2,7,232.0,8.70412418212,3,5,2,0,5,2
219,219,10,278.9,7,229.8,8.56419549312,3,5,2,0,5,2
220,220,10,267.3,7,218.2,7.64737427705,3,5,2,0,5,2
221,221,11,282.4,7,220.0,8.40881572031,4,5,2,0,5,2
222,222,11,281.2,7,219.0,8.37678610534,4,5,2,0,5,2
223,223,11,286.4,7,222.6,8.47977272423,4,5,2,0,5,2
224,224,11,281.2,7,218.4,8.33465928845,4,5,2,0,5,2
225,225,11,280.0,7,217.5,8.2862975612,4,5,2,0,5,2
226,226,11,272.1,7,212.4,8.31712362867,4,5,2,0,5,2
227,227,11,279.9,7,220.5,8.89116006338,4,5,2,0,5,2
228,228,11,271.8,7,212.7,8.09079162325,4,5,2,0,5,2
229,229,10,263.3,7,217.8,8.09335118065,3,5,2,0,5,2
230,230,10,266.7,7,221.8,8.54999025341,3,5,2,0,5,2
231,231,10,268.5,6,198.6,8.94778060626,3,5,2,0,4,2
232,232,10,268.4,7,222.9,8.60557958536,3,5,2,0,5,2
233,233,10,264.5,7,219.4,8.60778071798,3,5,2,0,5,2
234,234,10,266.7,7,221.6,8.62786828313,3,5,2,0,5,2
235,235,11,278.1,7,221.1,9.38400961016,4,5,2,0,5,2
236,236,11,277.1,6,195.8,9.42533336763,4,5,2,0,4,2
237,237,11,276.6,6,197.0,9.57531865124,4,5,2,0,4,2
238,238,11,274.7,6,194.6,9.52429429502,4,5,2,0,4,2
239,239,11,275.6,7,218.5,9.28852664704,4,5,2,0,5,2
240,240,11,276.7,7,218.9,9.3654005399,4,5,2,0,5,2
241,241,9,246.2,6,191.0,8.12374776675,2,5,2,0,5,1
242,242,9,249.7,7,218.9,8.31791907738,2,5,2,0,5,2
243,243,9,245.6,6,191.4,8.45790228787,2,5,2,0,4,2
244,244,9,246.0,5,165.9,8.04005596995,2,5,2,0,4,1
245,245,9,244.3,6,190.7,8.13819868139,2,5,2,0,4,2
246,246,9,250.7,7,219.0,8.07869282606,2,5,2,0,5,2
247,247,10,265.5,7,220.1,8.80470202663,3,5,2,0,5,2
248,248,10,264.5,7,219.2,8.74391852153,3,5,2,0,5,2
249,249,10,264.1,6,192.2,8.50365280989,3,5,2,0,5,1
250,250,10,266.7,6,197.4,9.30651504174,3,5,2,0,4,2
251,251,10,265.9,7,221.8,8.69501134112,3,5,2,0,5,2
252,252,10,258.7,7,214.6,8.46654199383,3,5,2,0,5,2
253,253,10,245.9,5,156.3,8.18636400092,3,5,2,0,4,1
254,254,9,240.1,6,187.3,7.44173665514,2,5,2,0,5,1
255,255,9,265.1,7,232.9,8.57687459263,2,5,2,0,5,2
256,256,10,284.7,7,234.4,8.9776326996,3,5,2,0,5,2
257,257,10,282.5,7,232.5,8.84147423605,3,5,2,0,5,2
258,258,10,284.2,7,233.5,8.66446125786,3,5,2,0,5,2
259,259,10,271.0,7,225.0,8.8541264705,3,5,2,0,5,2
260,260,10,269.6,6,199.8,9.07244913644,3,5,2,0,4,2
261,261,10,269.9,5,172.2,8.38390654104,3,5,2,0,4,1
262,262,11,287.4,6,200.5,9.0732674279,4,5,2,0,5,1
263,263,10,267.6,6,199.2,8.9431786544,3,5,2,0,5,1
264,264,10,267.8,6,200.3,9.09441831259,3,5,2,0,5,1
265,265,11,284.3,6,202.2,9.79309589827,4,5,2,0,5,1
266,266,11,281.1,6,199.8,9.7786874003,4,5,2,0,5,1
267,267,11,280.2,6,197.8,9.60865140476,4,5,2,0,4,2
268,268,11,277.2,6,197.3,9.69422508507,4,5,2,0,4,2
269,269,11,277.6,6,198.2,9.67969759107,4,5,2,0,5,1
270,270,11,282.1,7,225.0,9.67443679357,4,5,2,0,5,2
271,271,10,269.4,6,201.4,9.43329799758,3,5,2,0,5,1
272,272,10,270.3,7,227.1,9.48473041847,3,5,2,0,5,2
273,273,11,289.3,7,228.4,9.56901248824,4,5,2,0,5,2
274,274,11,292.4,7,234.1,10.0581129624,4,5,2,0,5,2
275,275,11,287.1,7,229.0,9.64230262956,4,5,2,0,5,2
276,276,11,282.1,6,199.6,9.49898559177,4,5,2,0,5,1
277,277,11,275.8,6,196.0,9.31655418157,4,5,2,0,5,1
278,278,11,279.9,6,198.4,9.4107771875,4,5,2,0,5,1
279,279,11,289.8,6,205.5,9.73132710748,4,5,2,0,5,1
280,280,11,295.8,7,236.4,10.0711920392,4,5,2,0,5,2
281,281,11,295.4,7,236.2,10.1482376437,4,5,2,0,5,2
282,282,11,289.4,7,230.3,9.92889264173,4,5,2,0,5,2
283,283,11,287.6,7,226.5,9.66585367532,4,5,2,0,5,2
284,284,11,288.1,7,227.2,9.78268414551,4,5,2,0,5,2
285,285,11,294.0,6,208.0,9.92794952738,4,5,2,0,5,1
286,286,11,283.9,6,204.4,10.2396732902,4,5,2,0,5,1
287,287,11,286.3,7,228.8,10.0307617766,4,5,2,0,5,2
288,288,12,304.7,7,232.1,10.2521357716,5,5,2,0,5,2
289,289,12,292.7,7,218.4,9.08990032282,5,5,2,0,5,2
290,290,12,288.9,6,192.1,8.95413820025,5,5,2,0,5,1
291,291,12,295.3,6,196.9,9.31484234321,5,5,2,0,5,1
292,292,12,289.4,6,191.6,8.76302493781,5,5,2,0,5,1
293,293,11,273.4,6,190.8,8.57337315604,4,5,2,0,5,1
294,294,11,276.4,6,192.4,8.8236150085,4,5,2,0,5,1
295,295,11,273.7,6,192.3,8.95196271013,4,5,2,0,5,1
296,296,11,271.2,6,191.0,8.81684338484,4,5,2,0,5,1
297,297,11,281.7,6,195.0,8.6728835511,4,5,2,0,5,1
298,298,11,271.6,6,189.9,8.70016718753,4,5,2,0,5,1
299,299,11,272.7,6,188.1,8.46090474423,4,5,2,0,5,1
300,300,11,275.6,7,213.5,8.44338363885,4,5,2,0,5,2
301,301,11,271.9,6,186.9,8.47122401803,4,5,2,0,5,1
302,302,11,267.5,5,161.2,8.58426679243,4,5,2,0,4,1
303,303,10,252.3,5,162.9,8.79381727251,3,5,2,0,4,1
304,304,10,250.3,5,163.1,8.79912243099,3,5,2,0,4,1
305,305,10,266.3,7,222.3,8.59509550073,3,5,2,0,5,2
306,306,11,278.5,7,218.1,8.80565933725,4,5,2,0,5,2
307,307,11,277.8,7,216.6,8.78047420546,4,5,2,0,5,2
308,308,11,277.3,6,192.0,8.81038643255,4,5,2,0,4,2
309,309,11,280.2,6,194.9,8.9702944109,4,5,2,0,4,2
310,310,11,282.9,7,223.5,9.12905451641,4,5,2,0,5,2
311,311,10,272.5,7,231.1,9.73906794537,3,5,2,0,5,2
312,312,10,275.8,7,233.9,9.90968101292,3,5,2,0,5,2
313,313,10,274.1,7,231.5,9.68050159398,3,5,2,0,5,2
314,314,10,269.3,6,198.9,9.02441749428,3,5,2,0,4,2
315,315,10,269.5,6,199.5,9.07025051718,3,5,2,0,4,2
316,316,10,270.9,7,225.2,9.05912063429,3,5,2,0,5,2
317,317,10,270.9,7,225.2,8.91010038602,3,5,2,0,5,2
318,318,10,272.4,7,225.8,8.77043011741,3,5,2,0,5,2
319,319,10,269.1,6,196.8,8.61103297456,3,5,2,0,4,2
320,320,10,270.6,6,197.7,8.49891496343,3,5,2,0,4,2
321,321,10,269.5,6,196.4,8.58981955573,3,5,2,0,4,2
322,322,10,276.6,7,220.9,7.56397896466,3,5,2,0,5,2
323,323,10,281.6,7,225.6,7.76347573936,3,5,2,0,5,2
324,324,10,279.8,7,225.8,8.02507182384,3,5,2,0,5,2
325,325,10,275.2,7,221.9,7.93638596732,3,5,2,0,5,2
326,326,10,272.1,6,194.9,7.81202065196,3,5,2,0,4,2
327,327,10,275.0,7,220.5,7.62262713534,3,5,2,0,5,2
328,328,10,277.6,7,222.9,7.63474513873,3,5,2,0,5,2
329,329,10,278.5,7,224.2,7.66264387213,3,5,2,0,5,2
330,330,10,275.2,7,221.2,7.50197011161,3,5,2,0,5,2
331,331,10,278.5,7,221.7,7.14208964131,3,5,2,0,5,2
332,332,10,267.2,6,190.4,7.28968830305,3,5,2,0,4,2
333,333,10,266.0,6,189.4,7.53466065003,3,5,2,0,4,2
334,334,10,263.2,6,188.8,7.60552430803,3,5,2,0,4,2
335,335,10,267.2,6,192.9,7.69527993859,3,5,2,0,4,2
336,336,10,271.0,6,193.0,7.27430790904,3,5,2,0,4,2
337,337,10,265.2,6,189.1,7.63643314062,3,5,2,0,4,2
338,338,10,267.8,7,215.7,7.67257743164,3,5,2,0,5,2
339,339,10,266.5,6,189.9,7.47622156499,3,5,2,0,4,2
340,340,10,268.1,6,187.0,6.92699229263,3,5,2,0,4,2
341,341,10,261.3,6,187.1,7.79501977761,3,5,2,0,4,2
342,342,10,259.9,6,189.7,8.04466006464,3,5,2,0,4,2
343,343,10,255.9,6,186.4,7.99853458801,3,5,2,0,4,2
344,344,10,250.9,5,162.2,8.72868196745,3,5,2,0,3,2
345,345,11,262.6,5,162.1,8.79569109384,4,5,2,0,3,2
346,346,11,264.3,5,161.4,8.6932262031,4,5,2,0,3,2
347,347,11,265.6,5,162.8,8.7755756092,4,5,2,0,3,2
348,348,10,250.0,5,161.1,8.53788940872,4,4,2,0,3,2
349,349,9,228.8,4,130.8,8.05213912227,3,4,2,0,3,1
350,350,11,263.7,6,182.9,8.17032323829,4,5,2,0,4,2
351,351,11,266.2,6,181.6,7.8462730006,4,5,2,0,4,2
352,352,11,265.0,5,158.1,7.95103195132,4,5,2,0,3,2
353,353,11,265.8,5,158.5,7.9911542004,4,5,2,0,3,2
354,354,11,266.2,5,159.5,8.08121278027,4,5,2,0,3,2
355,355,11,267.8,5,160.3,8.16962222338,4,5,2,0,3,2
356,356,11,268.5,5,160.9,8.20749103508,4,5,2,0,3,2
357,357,11,278.6,7,214.4,8.17289311188,4,5,2,0,5,2
358,358,12,288.6,5,161.0,8.19617427385,5,5,2,0,3,2
359,359,12,283.6,5,156.3,7.83376530079,5,5,2,0,4,1
360,360,12,277.5,5,158.0,8.21972406084,5,5,2,0,3,2
361,361,11,273.5,6,186.3,7.68885852741,4,5,2,0,4,2
362,362,11,267.8,5,157.5,7.5694601705,4,5,2,0,3,2
363,363,11,268.9,5,159.2,7.87291097833,4,5,2,0,3,2
364,364,11,270.6,5,159.3,7.74867730648,4,5,2,0,3,2
365,365,11,260.7,5,159.1,8.67698104181,4,5,2,0,3,2
366,366,11,270.3,4,136.4,8.53874591601,4,5,2,0,3,1
367,367,11,271.7,6,187.8,8.48810933012,4,4,3,0,3,3
368,368,11,269.4,6,188.2,8.71727647209,4,4,3,0,3,3
369,369,11,272.1,5,161.3,8.45059438469,4,4,3,0,3,2
370,370,11,273.6,6,189.5,8.61093385285,4,4,3,0,3,3
371,371,11,272.2,6,188.8,8.6279039907,4,4,3,0,3,3
372,372,11,271.1,5,162.8,8.4493033602,4,4,3,0,3,2
373,373,11,265.3,4,133.5,8.23769605919,4,4,3,0,3,1
374,374,11,265.6,5,158.5,8.23011101218,4,4,3,0,3,2
375,375,11,272.7,6,184.4,8.0011817309,4,4,3,0,3,3
376,376,11,276.0,6,189.5,8.25402381211,4,4,3,0,3,3
377,377,10,262.5,5,163.5,7.67018035425,3,4,3,0,3,2
378,378,10,263.3,6,189.4,7.63064727122,3,4,3,0,3,3
379,379,10,265.5,6,192.2,7.85143299023,3,4,3,0,3,3
380,380,10,266.7,6,195.6,8.3457307782,3,4,3,0,3,3
381,381,10,273.1,7,220.0,7.97655592624,3,4,3,0,4,3
382,382,10,270.6,7,219.3,7.94931164036,3,4,3,0,4,3
383,383,10,273.3,7,217.8,7.40451063729,3,4,3,0,4,3
384,384,11,286.4,7,216.7,7.98264025586,4,4,3,0,4,3
385,385,11,278.0,5,162.0,7.89342649413,4,4,3,0,3,2
386,386,11,281.2,5,163.4,7.83585001481,4,4,3,0,3,2
387,387,11,280.9,6,186.8,7.5383383749,4,4,3,0,3,3
388,388,11,280.3,6,188.9,7.91426789815,4,4,3,0,3,3
389,389,11,284.7,6,188.8,7.71554511124,4,4,3,0,3,3
390,390,11,281.1,5,160.5,7.58490126981,4,4,3,0,2,3
391,391,11,271.5,4,133.5,7.76888900446,4,4,3,0,2,2
392,392,11,266.4,5,157.5,7.93017253051,4,4,3,0,2,3
393,393,11,269.9,4,132.3,7.90522266951,4,4,3,0,2,2
394,394,11,272.2,6,186.4,8.04690793241,4,4,3,0,3,3
395,395,12,284.9,6,186.6,8.45302079768,5,4,3,0,3,3
396,396,12,277.3,5,157.7,8.223188757,5,4,3,0,2,3
397,397,12,278.3,5,161.2,8.47514637399,5,4,3,0,2,3
398,398,12,279.8,5,159.2,8.30715281422,5,4,3,0,2,3
399,399,12,285.5,6,185.3,8.27630333964,5,4,3,0,3,3
400,400,12,291.4,5,160.4,7.8972760935,5,4,3,0,2,3
401,401,12,267.3,4,121.7,6.63367785005,5,4,3,0,2,2
402,402,12,278.7,4,129.7,7.52524539014,5,4,3,0,2,2
403,403,12,279.4,5,157.0,8.01099623056,5,4,3,0,3,2
404,404,12,289.0,6,189.5,8.57362057109,5,4,3,0,3,3
405,405,12,297.1,6,194.1,8.57570122586,5,4,3,0,3,3
406,406,12,300.7,6,192.1,8.15112466678,5,4,3,0,3,3
407,407,12,305.3,6,195.6,8.45549400023,5,4,3,0,3,3
408,408,12,302.4,7,221.1,8.88891035351,5,4,3,0,4,3
409,409,12,307.2,6,199.4,9.09475373248,5,4,3,0,4,2
410,410,12,308.4,6,198.7,9.08215032608,5,4,3,0,4,2
411,411,12,306.7,6,197.1,8.86489074263,5,4,3,1,3,2
412,412,12,300.6,5,171.2,9.0348315877,5,4,3,0,3,2
413,413,12,302.0,5,171.8,9.09328756764,5,4,3,0,3,2
414,414,12,297.9,5,170.5,9.10874953997,5,4,3,0,3,2
415,415,12,305.1,7,222.0,8.86813755173,5,4,3,0,4,3
416,416,12,303.7,6,198.0,9.01619334444,5,4,3,0,4,2
417,417,12,305.5,7,224.7,8.97323883286,5,4,3,0,4,3
418,418,12,301.9,7,222.1,8.95539028471,5,4,3,0,4,3
419,419,12,304.6,6,203.3,9.52230236992,5,4,3,0,3,3
420,420,12,308.9,6,205.1,9.62548306541,5,4,3,0,3,3
421,421,12,307.0,6,201.7,9.34712725273,5,4,3,0,3,3
422,422,11,286.2,7,220.0,8.56128707401,4,4,3,0,4,3
423,423,10,267.7,6,194.8,8.63211703144,3,4,3,0,3,3
424,424,10,270.7,6,196.0,8.50111757359,3,4,3,0,3,3
425,425,10,270.3,7,219.9,8.26519476143,3,4,3,0,4,3
426,426,10,269.1,6,195.1,8.31577483528,3,4,3,0,4,2
427,427,10,264.7,6,193.7,8.51639595134,3,4,3,0,4,2
428,428,10,266.1,6,192.5,8.37900153161,3,4,3,0,4,2
429,429,9,247.8,5,165.5,7.66730069842,2,4,3,0,3,2
430,430,9,250.2,5,168.8,7.76144316477,2,4,3,0,3,2
431,431,9,242.7,4,137.8,7.61495239644,2,4,3,0,2,2
432,432,9,242.3,4,136.7,7.4346785031,2,4,3,0,2,2
433,433,9,241.0,5,161.0,7.56369251387,2,4,3,0,3,2
434,434,9,240.1,5,159.6,7.38779022743,2,4,3,0,3,2
435,435,9,241.0,5,160.0,7.26511833658,2,4,3,0,3,2
436,436,9,240.4,4,135.7,7.81448085999,2,4,3,0,2,2
437,437,10,254.0,4,135.3,8.30247620359,3,4,3,0,2,2
438,438,11,270.0,5,160.9,8.61769849047,4,4,3,0,3,2
439,439,11,271.0,5,160.7,8.64202206978,4,4,3,0,3,2
440,440,11,266.9,4,137.2,8.7897978051,4,4,3,0,2,2
441,441,11,261.6,4,131.3,8.38484563744,4,4,3,0,2,2
442,442,11,268.6,5,159.8,8.34419776633,4,4,3,0,3,2
443,443,11,268.3,6,183.4,8.2468726855,4,4,3,0,4,2
444,444,11,264.6,5,158.6,8.41110737494,4,4,3,0,4,1
445,445,11,260.7,5,156.5,8.25614922346,4,4,3,0,4,1
446,446,11,257.7,4,130.8,8.34279220754,4,4,3,0,3,1
447,447,11,255.3,4,128.7,7.93617723409,4,4,3,0,3,1
448,448,11,250.5,4,129.2,8.16628323157,4,4,3,0,3,1
449,449,11,253.4,4,130.8,8.41763300783,4,4,3,0,3,1
450,450,11,247.6,4,126.8,8.04281723595,4,4,3,0,3,1
451,451,11,254.1,4,129.2,7.96580190565,4,4,3,0,3,1
452,452,11,251.8,4,128.7,8.10166088471,4,4,3,0,3,1
453,453,11,249.2,4,130.3,8.5164973594,4,4,3,0,3,1
454,454,11,257.3,4,130.3,7.98579420539,4,4,3,0,3,1
455,455,11,261.3,4,127.2,7.42271697377,4,4,3,0,3,1
456,456,11,263.4,4,126.1,7.21752916674,4,4,3,0,3,1
457,457,11,262.5,4,128.7,7.49870291814,4,4,3,0,3,1
458,458,11,260.9,4,127.1,7.35524549989,4,4,3,0,3,1
459,459,10,250.5,4,125.3,6.25979232882,3,4,3,0,3,1
460,460,10,248.8,4,125.1,6.37892362916,3,4,3,0,3,1
461,461,9,214.4,4,115.0,5.16981087125,2,4,3,0,3,1
462,462,9,229.5,4,124.8,5.86515131945,2,4,3,0,3,1
463,463,9,234.6,5,150.2,5.29716905526,2,4,3,0,3,2
464,464,9,246.9,6,182.6,5.23975190252,2,4,3,1,3,2
465,465,9,248.2,6,185.3,5.64972959038,2,4,3,1,3,2
466,466,9,243.1,5,156.3,5.53498971192,2,4,3,0,3,2
467,467,11,270.1,5,156.2,7.40707278705,4,4,3,0,3,2
468,468,11,270.9,5,154.8,7.30918475743,4,4,3,0,3,2
469,469,11,260.5,5,155.0,7.86648818493,4,4,3,0,3,2
470,470,11,261.5,4,128.3,7.80424127114,4,4,3,0,2,2
471,471,11,259.2,4,127.2,7.85776975067,4,4,3,0,2,2
472,472,11,263.0,5,156.2,8.07520334672,4,4,3,0,3,2
473,473,11,265.3,5,158.8,8.34839124404,4,4,3,0,3,2
474,474,11,265.4,5,157.5,8.18658547981,4,4,3,0,3,2
475,475,11,273.6,5,160.1,8.0120023601,4,4,3,0,3,2
476,476,11,276.1,6,185.2,8.02869852467,4,4,3,0,4,2
477,477,11,274.2,6,183.5,7.84475505151,4,4,3,0,3,3
478,478,12,283.6,4,129.2,7.90964122084,5,4,3,0,2,2
479,479,12,282.2,5,156.9,8.23593383051,5,4,3,0,3,2
480,480,12,286.0,5,160.0,8.66123372834,5,4,3,0,4,1
481,481,12,289.2,6,189.1,8.56058621612,5,4,3,0,4,2
482,482,12,268.0,5,146.7,7.19789531528,5,4,3,0,3,2
483,483,12,269.4,5,150.4,7.74942813139,5,4,3,0,2,3
484,484,12,265.0,4,122.2,7.43784344763,5,4,3,0,2,2
485,485,12,251.2,3,87.0,6.52217662125,5,4,3,0,2,1
486,486,12,240.2,2,57.5,5.7139117843,5,4,3,0,2,0
