,e_id,num_sat,sum_snr,num_sat_25,sum_snr_25,snr_std,elev_0_30,elev_30_60,elev_60_90,elev_0_30_25,elev_30_60_25,elev_60_90_25
1,1,13,260.2,2,58.6,5.37290209506,6,4,3,0,2,0
2,2,13,262.8,3,79.5,4.97876258955,6,4,3,1,2,0
3,3,13,274.4,4,109.4,5.33173854361,6,4,3,3,1,0
4,4,14,283.9,4,107.2,5.64094626151,6,5,3,3,1,0
5,5,14,279.5,3,85.5,5.85183825725,6,5,3,2,1,0
6,6,14,268.7,2,56.7,5.34940173301,6,5,3,1,1,0
7,7,14,263.4,4,105.5,5.19005812074,6,5,3,3,1,0
8,8,14,256.4,1,28.2,4.75424622236,6,5,3,0,1,0
9,9,14,259.0,3,79.6,5.11934491001,6,5,3,2,1,0
10,10,14,260.2,2,53.5,4.71753800569,6,5,3,1,1,0
11,11,14,259.6,2,52.5,4.77166545441,6,5,3,1,1,0
12,12,14,282.1,3,81.3,4.85984330232,6,5,3,2,1,0
13,13,14,286.4,3,81.1,5.18810982117,6,5,3,1,2,0
14,14,15,300.0,4,104.6,4.82656340326,6,6,3,2,2,0
15,15,15,293.7,3,81.9,5.01842320142,6,6,3,1,2,0
16,16,15,295.3,3,79.2,4.66428170349,6,6,3,1,2,0
17,17,15,298.7,3,79.2,4.68963395871,6,6,3,1,2,0
18,18,15,303.8,3,81.3,4.96241108832,6,6,3,1,2,0
19,19,15,295.0,3,78.6,5.12524099317,6,6,3,1,2,0
20,20,16,304.2,2,54.7,5.20831066662,7,6,3,0,2,0
21,21,16,313.0,3,86.5,5.59438706801,7,6,3,1,2,0
22,22,16,315.2,4,109.7,5.66168408397,7,6,3,2,2,0
23,23,16,304.0,3,82.7,5.32465961353,7,6,3,2,1,0
24,24,16,311.8,2,59.1,5.83847868313,7,6,3,1,1,0
25,25,16,308.6,3,84.6,5.54098366718,7,6,3,2,1,0
26,26,16,310.9,2,58.3,5.36702509155,7,6,3,1,1,0
27,27,16,312.5,3,83.7,5.4358953571,7,6,3,2,1,0
28,28,16,318.0,2,57.3,5.20813466288,7,6,3,1,1,0
29,29,16,314.3,2,58.9,5.1339353002,7,6,3,1,1,0
30,30,16,312.4,2,58.1,5.30088043002,7,6,3,1,1,0
31,31,16,309.7,2,58.9,5.2065303546,7,6,3,1,1,0
32,32,16,305.2,2,59.2,5.50714687172,7,6,3,1,1,0
33,33,15,290.5,2,59.2,5.50138510697,6,6,3,1,1,0
34,34,15,287.6,3,85.6,5.7200732596,6,6,3,2,1,0
35,35,15,289.2,3,85.2,5.72316096476,6,6,3,2,1,0
36,36,15,289.0,2,59.4,5.54702837648,6,6,3,1,1,0
37,37,14,272.9,2,59.1,5.43301365382,6,5,3,1,1,0
38,38,14,267.5,2,58.0,5.44983617054,6,5,3,1,1,0
39,39,14,270.9,2,58.2,5.59268065628,6,5,3,1,1,0
40,40,14,268.9,2,58.3,5.79674501313,6,5,3,1,1,0
41,41,14,273.1,4,108.8,6.2108421683,6,5,3,3,1,0
42,42,14,271.1,3,84.7,5.82575279294,6,5,3,2,1,0
43,43,15,295.8,3,85.2,5.62649345254,6,6,3,2,1,0
44,44,16,313.5,3,85.4,5.20582606317,7,6,3,2,1,0
45,45,16,317.2,3,87.5,5.34184737084,7,6,3,2,1,0
46,46,16,312.8,3,86.7,5.53088299159,7,6,3,2,1,0
47,47,16,317.6,3,84.3,4.87893430987,7,6,3,2,1,0
48,48,16,314.3,3,84.0,4.99852895027,7,6,3,2,1,0
49,49,16,310.5,3,82.1,5.01723280305,7,6,3,2,1,0
50,50,16,313.7,2,58.4,5.03791871709,7,6,3,1,1,0
51,51,17,334.5,3,82.1,5.07352557545,7,6,4,2,1,0
52,52,17,338.6,3,81.5,4.95822993796,7,6,4,2,1,0
53,53,17,344.5,5,133.9,5.25701212388,7,6,4,3,2,0
54,54,17,344.2,5,131.3,4.6930956797,7,6,4,3,2,0
55,55,17,338.7,4,105.7,4.57991940592,7,6,4,2,2,0
56,56,17,343.4,3,82.5,4.75828225308,7,6,4,1,2,0
57,57,17,338.9,5,132.4,5.22899861069,7,6,4,3,2,0
58,58,17,344.0,5,132.5,5.17529481968,7,6,4,3,2,0
59,59,17,328.6,4,105.4,5.48791452943,7,6,4,2,2,0
60,60,17,327.6,4,106.2,5.53271686266,7,6,4,2,2,0
61,61,17,321.5,2,53.6,5.10451789508,7,6,4,1,1,0
62,62,17,324.0,3,81.9,5.52495009293,7,6,4,2,1,0
63,63,17,315.6,2,54.9,5.10317807553,7,6,4,1,1,0
64,64,17,330.7,2,54.0,4.57645026837,7,6,4,0,2,0
65,65,17,318.7,3,75.7,4.08505165926,7,6,4,1,2,0
66,66,17,325.5,1,27.8,4.05634035293,7,6,4,0,1,0
67,67,17,332.6,2,57.5,4.72876056389,7,6,4,1,1,0
68,68,17,329.6,2,56.9,4.71816732865,7,6,4,1,1,0
69,69,17,327.2,2,56.5,4.7778286971,7,6,4,1,1,0
70,70,17,328.9,1,30.4,4.66651873015,7,6,4,0,1,0
71,71,17,323.7,2,54.3,4.57070273912,7,6,4,1,1,0
72,72,17,317.8,1,26.6,3.99225352843,7,6,4,0,1,0
73,73,17,320.6,2,52.9,4.04429518327,7,6,4,1,1,0
74,74,17,325.5,0,0,3.72359329933,7,6,4,0,0,0
75,75,17,323.2,1,27.0,4.1984941278,7,6,4,0,1,0
76,76,17,326.0,2,53.1,4.26314575926,7,6,4,1,1,0
77,77,17,324.2,2,52.7,4.16679803714,7,6,4,1,1,0
78,78,16,303.4,2,51.5,4.08360543311,7,6,3,1,1,0
79,79,16,299.6,1,26.0,3.98689519969,7,6,3,0,1,0
80,80,16,315.6,4,107.5,5.41054525903,7,6,3,3,1,0
81,81,16,331.2,4,108.0,4.81054397478,7,6,3,2,2,0
82,82,17,346.2,4,112.1,5.59429856824,8,6,3,2,2,0
83,83,17,345.7,3,83.7,4.90343517043,8,6,3,2,1,0
84,84,17,352.6,3,82.8,4.53749088477,8,6,3,2,1,0
85,85,17,348.5,3,82.9,4.67720536218,8,6,3,1,2,0
86,86,17,353.9,2,57.1,4.60139045481,8,6,3,1,1,0
87,87,17,342.3,2,55.3,4.49373747237,8,6,3,0,2,0
88,88,17,346.2,3,82.6,4.57424053484,8,6,3,2,1,0
89,89,17,335.2,3,85.5,4.81809548656,8,6,3,2,1,0
90,90,17,336.9,3,85.5,4.77588150163,8,6,3,2,1,0
91,91,17,345.1,3,85.9,4.54395202439,8,6,3,2,1,0
92,92,17,347.9,3,86.3,4.6506640892,8,6,3,2,1,0
93,93,18,361.9,3,84.6,4.62467451602,8,6,4,2,1,0
94,94,18,360.0,3,85.7,4.82371592179,8,6,4,2,1,0
95,95,18,363.4,3,83.5,4.9199341087,8,6,4,2,1,0
96,96,18,367.6,4,112.7,5.25396831039,8,6,4,3,1,0
97,97,18,347.5,2,52.1,3.97573111622,8,6,4,2,0,0
98,98,18,342.4,2,52.9,4.29055810925,8,6,4,2,0,0
99,99,17,330.2,1,26.2,3.53350559144,7,6,4,1,0,0
100,100,17,327.0,2,51.7,3.71953309847,7,6,4,1,1,0
101,101,17,336.6,1,30.3,4.70598023795,7,6,4,0,1,0
102,102,17,347.7,4,114.4,5.46798839235,7,6,4,2,2,0
103,103,17,348.9,5,139.2,5.48116427091,7,6,4,3,2,0
104,104,17,339.9,5,138.7,5.63110453067,7,6,4,3,2,0
105,105,18,353.8,4,111.5,5.37950601518,8,6,4,2,2,0
106,106,18,367.7,5,137.6,5.13715480369,8,6,4,3,2,0
107,107,18,364.2,4,111.3,5.02054602139,8,6,4,2,2,0
108,108,18,365.4,5,138.3,5.40489973787,8,6,4,3,2,0
109,109,18,355.6,3,81.9,4.82496232502,8,6,4,2,1,0
110,110,18,356.1,3,83.3,5.00085286844,8,6,4,2,1,0
111,111,18,365.7,4,111.0,5.18711639262,8,6,4,2,2,0
112,112,18,349.9,3,83.0,5.11205482905,8,6,4,2,1,0
113,113,18,348.7,3,83.0,4.95696842311,8,6,4,2,1,0
114,114,18,343.3,3,83.3,5.63307517682,8,6,4,2,1,0
115,115,18,350.7,3,85.1,5.52803017784,8,6,4,2,1,0
116,116,18,354.1,3,84.7,5.52351183637,8,6,4,2,1,0
117,117,18,347.7,4,108.3,5.31770074153,8,6,4,2,1,1
118,118,18,338.8,3,78.7,5.06377626533,8,6,4,2,1,0
119,119,18,349.9,4,106.0,4.9321441333,8,6,4,2,1,1
120,120,18,344.8,2,54.4,4.81043256245,8,6,4,1,1,0
121,121,18,347.5,2,56.3,5.20886938418,8,6,4,1,1,0
122,122,16,324.7,3,82.9,5.08480989484,7,6,3,2,1,0
123,123,16,322.2,3,85.7,5.34675914301,7,6,3,2,1,0
124,124,17,328.9,3,85.0,5.69891630565,8,6,3,2,1,0
125,125,17,331.5,3,84.8,5.63083031177,8,6,3,2,1,0
126,126,17,342.2,4,109.8,5.41511365369,8,6,3,3,1,0
127,127,17,343.9,4,108.1,5.22598850768,8,6,3,3,1,0
128,128,17,341.8,3,84.7,5.44385784488,8,6,3,2,1,0
129,129,17,336.2,4,109.1,5.39832490359,8,6,3,3,1,0
130,130,17,341.1,4,108.8,5.31976752035,8,6,3,3,1,0
131,131,17,337.8,4,108.5,5.27621605721,8,6,3,3,1,0
132,132,17,326.6,3,83.6,5.68241611827,8,6,3,3,0,0
133,133,17,322.2,2,57.8,5.32025817596,8,6,3,2,0,0
134,134,17,327.9,2,58.2,5.41662745084,8,6,3,2,0,0
135,135,17,330.9,2,58.8,5.13431363189,8,6,3,1,1,0
136,136,17,345.8,1,31.8,4.56290187594,8,6,3,1,0,0
137,137,17,349.7,1,32.1,4.27006509111,8,6,3,1,0,0
138,138,17,345.8,1,31.6,4.14066100151,8,6,3,1,0,0
139,139,17,357.9,3,83.3,4.2019515774,8,6,3,1,2,0
140,140,16,335.3,2,58.2,4.61677647282,7,6,3,1,1,0
141,141,16,325.3,2,57.7,4.22748447661,7,6,3,1,1,0
142,142,16,329.7,1,32.7,4.25965080728,7,6,3,1,0,0
143,143,16,330.5,1,32.8,4.41194873799,7,6,3,1,0,0
144,144,16,330.7,2,58.5,4.28341277488,7,6,3,1,1,0
145,145,16,323.8,2,58.3,4.59534184438,7,6,3,1,1,0
146,146,16,322.8,2,57.8,4.6184412955,7,6,3,1,1,0
147,147,16,331.7,3,83.8,4.6122617373,7,6,3,1,2,0
148,148,16,327.1,1,31.8,4.31245772926,7,6,3,1,0,0
149,149,17,353.2,2,59.3,4.61092851438,8,6,3,1,1,0
150,150,17,355.6,2,55.1,3.91874267051,8,6,3,1,1,0
151,151,17,356.3,3,79.6,3.70692912387,8,6,3,1,2,0
152,152,17,361.7,3,81.9,3.83626273406,8,6,3,0,2,1
153,153,17,357.7,3,81.9,3.88362891242,8,6,3,1,2,0
154,154,17,352.2,3,79.2,4.51763700596,8,6,3,1,2,0
155,155,17,344.0,4,107.6,4.82272500466,8,6,3,2,2,0
156,156,17,343.1,4,107.5,4.94775647315,8,6,3,2,2,0
157,157,17,348.4,3,81.6,4.88984542039,8,6,3,1,2,0
158,158,17,351.8,4,106.1,4.4861551729,8,6,3,1,2,1
159,159,17,358.8,3,81.5,4.46716780917,8,6,3,1,2,0
160,160,17,363.8,4,108.7,4.4856716331,8,6,3,1,3,0
161,161,17,340.8,2,54.2,3.72258607138,8,6,3,1,1,0
162,162,17,338.5,2,53.8,3.4739894849,8,6,3,1,1,0
163,163,17,336.2,2,52.7,3.50990195942,8,6,3,1,1,0
164,164,17,335.9,2,55.1,3.78798409836,8,6,3,1,1,0
165,165,17,315.7,1,25.2,3.36001575627,8,6,3,0,1,0
166,166,17,347.2,3,79.7,4.02562563643,8,6,3,1,1,1
167,167,17,344.2,2,55.3,4.19137770415,8,6,3,1,0,1
168,168,17,340.0,3,81.7,4.35387758211,8,6,3,2,0,1
169,169,17,341.6,3,81.5,4.29002776626,8,6,3,2,0,1
170,170,17,324.8,3,83.8,5.0169052448,8,6,3,2,0,1
171,171,17,326.5,3,82.1,4.88370640347,8,6,3,2,0,1
172,172,17,323.7,3,82.0,4.88070932646,8,6,3,2,0,1
173,173,17,333.5,3,81.7,4.81822520412,8,6,3,2,0,1
174,174,17,333.0,3,81.8,4.54627352248,8,6,3,2,0,1
175,175,17,334.3,2,56.8,5.06963277473,8,6,3,1,0,1
176,176,17,330.6,2,55.5,4.86699569127,8,6,3,1,0,1
177,177,17,332.3,2,56.2,5.05916466018,8,6,3,1,0,1
178,178,17,334.5,2,55.1,4.67500393205,8,6,3,1,0,1
179,179,17,329.0,3,80.7,4.68389763539,8,6,3,2,0,1
180,180,17,323.9,3,80.5,4.84962854854,8,6,3,2,0,1
181,181,17,326.9,3,81.7,4.98720421502,8,6,3,1,1,1
182,182,17,326.0,2,54.3,4.58891727586,8,6,3,1,0,1
183,183,16,315.9,4,104.0,4.33189238863,8,5,3,2,1,1
184,184,16,319.1,2,52.6,3.89819937065,8,5,3,1,0,1
185,185,16,324.9,2,52.5,3.94773669335,8,5,3,1,1,0
186,186,16,323.1,1,27.0,3.7969230964,8,5,3,1,0,0
187,187,16,320.7,3,81.5,4.33450785365,8,5,3,2,0,1
188,188,17,331.3,4,103.9,4.13066010962,8,6,3,2,1,1
189,189,17,334.0,4,104.2,4.26835999639,8,6,3,2,1,1
190,190,17,330.7,3,77.7,4.14127360347,8,6,3,2,1,0
191,191,17,332.6,3,78.0,4.1117121094,8,6,3,2,1,0
192,192,17,332.3,3,78.6,4.3310099352,8,6,3,2,0,1
193,193,17,332.6,4,107.9,4.67171558109,8,6,3,2,1,1
194,194,17,347.4,4,114.2,5.27955267713,8,6,3,2,1,1
195,195,17,350.5,3,86.1,5.20339255848,8,6,3,1,2,0
196,196,17,354.8,3,87.8,5.51857824828,8,6,3,1,1,1
197,197,17,338.0,2,55.6,4.32322728036,8,6,3,1,1,0
198,198,17,339.7,2,58.4,4.75581687175,8,6,3,1,1,0
199,199,17,343.7,4,111.1,4.77758245535,8,6,3,1,2,1
200,200,18,344.3,3,81.1,4.29141489838,8,6,4,0,2,1
201,201,18,345.7,3,79.3,3.97262281448,8,6,4,0,2,1
202,202,18,343.5,3,80.0,4.36136109354,8,6,4,0,2,1
203,203,18,352.4,4,111.1,5.17193280011,8,6,4,1,2,1
204,204,17,341.2,3,85.8,5.00097049405,7,6,4,1,2,0
205,205,17,348.6,3,87.3,4.96619454263,7,6,4,1,2,0
206,206,18,359.8,3,84.8,4.52559893844,8,6,4,1,2,0
207,207,18,362.5,3,83.8,4.46161918496,8,6,4,1,2,0
208,208,18,363.0,3,84.6,4.72365760576,8,6,4,1,2,0
209,209,18,360.4,3,85.3,4.8840142067,8,6,4,1,2,0
210,210,18,364.9,3,85.5,4.97603735038,8,6,4,1,2,0
211,211,18,364.4,3,87.3,5.21572534262,8,6,4,1,2,0
212,212,18,360.7,3,88.3,5.74918294849,8,6,4,1,2,0
213,213,18,360.8,3,87.5,5.64761503252,8,6,4,1,2,0
214,214,18,354.1,3,87.9,5.53946329483,8,6,4,1,2,0
215,215,18,365.2,3,88.5,5.76570886299,8,6,4,1,2,0
216,216,18,364.5,3,90.3,5.85644441419,8,6,4,1,2,0
217,217,18,365.7,3,89.5,5.8053980965,8,6,4,1,2,0
218,218,18,359.6,3,88.7,5.73724216958,8,6,4,1,2,0
219,219,18,354.8,3,89.1,5.84957403063,8,6,4,1,2,0
220,220,18,368.5,4,116.0,5.80403567058,8,6,4,1,2,1
221,221,18,371.3,4,116.5,5.89344656532,8,6,4,1,2,1
222,222,18,370.7,4,115.7,5.78786481226,8,6,4,1,2,1
223,223,17,356.1,4,115.8,5.96071699201,7,6,4,1,2,1
224,224,17,357.7,4,115.4,5.85513223842,7,6,4,1,2,1
225,225,17,354.5,4,113.6,5.77019471585,7,6,4,1,2,1
226,226,16,338.3,4,112.1,5.54760834354,7,6,3,1,2,1
227,227,16,341.9,3,87.6,5.37906048178,7,6,3,1,2,0
228,228,16,317.7,2,57.6,5.16087444141,7,6,3,1,1,0
229,229,17,336.0,3,82.5,5.02890907361,8,6,3,0,2,1
230,230,17,333.1,4,109.6,5.23121288377,8,6,3,1,2,1
231,231,17,343.5,4,108.4,4.70125921805,8,6,3,1,2,1
232,232,18,354.7,3,85.1,5.15677421083,8,6,4,1,1,1
233,233,18,361.0,3,85.3,5.21662751348,8,6,4,1,1,1
234,234,18,353.6,4,110.0,5.23564954364,8,6,4,1,2,1
235,235,18,347.3,4,107.1,4.91162752734,8,6,4,1,2,1
236,236,18,349.3,3,83.7,5.1249645304,8,6,4,1,2,0
237,237,18,345.5,3,81.9,4.92812722122,8,6,4,0,2,1
238,238,18,340.6,3,81.0,4.99806498505,8,6,4,0,2,1
239,239,18,344.7,2,55.9,4.84831686986,8,6,4,1,1,0
240,240,18,345.4,3,81.9,4.96124852513,8,6,4,1,2,0
241,241,18,350.7,3,82.5,5.04430371806,8,6,4,1,2,0
242,242,18,348.0,3,82.4,5.1254841952,8,6,4,1,2,0
243,243,18,344.6,3,81.7,5.05234042705,8,6,4,1,1,1
244,244,18,349.7,3,83.6,5.10003524273,8,6,4,1,1,1
245,245,17,331.7,3,84.6,5.23639694267,7,6,4,1,1,1
246,246,17,334.6,2,60.2,5.39331012623,7,6,4,1,1,0
247,247,17,341.7,3,85.3,5.13115484077,7,6,4,1,2,0
248,248,17,341.1,3,86.7,5.26924344385,7,6,4,1,2,0
249,249,17,350.4,3,87.8,5.31094181301,7,6,4,1,1,1
250,250,17,344.4,2,62.0,5.16019122993,7,6,4,1,1,0
251,251,17,341.5,2,60.6,4.9432886767,7,6,4,1,1,0
252,252,17,329.8,1,32.3,4.54051208566,7,6,4,0,1,0
253,253,17,338.9,2,57.4,4.68133810684,7,6,4,1,1,0
254,254,17,334.7,2,57.1,4.80050548809,7,6,4,0,1,1
255,255,17,330.9,2,59.4,5.08059312193,7,6,4,1,1,0
256,256,17,335.1,3,87.3,5.57201515981,7,6,4,1,1,1
257,257,17,333.6,3,88.1,5.67698527078,7,6,4,1,1,1
258,258,17,353.2,4,117.9,5.981066942,7,6,4,1,2,1
259,259,17,340.8,3,85.1,5.18870379371,7,6,4,1,1,1
260,260,17,324.9,2,58.3,5.01708111766,7,6,4,1,1,0
261,261,17,329.7,3,83.7,5.02275703526,7,6,4,1,1,1
262,262,17,332.1,3,86.8,5.32423012938,7,6,4,1,2,0
263,263,17,340.1,4,109.8,4.94311017835,7,6,4,1,2,1
264,264,17,343.8,3,87.8,5.2595780976,7,6,4,1,2,0
265,265,17,331.6,3,86.9,5.30170616267,7,6,4,1,2,0
266,266,17,346.8,2,60.8,5.30412575266,7,6,4,1,1,0
267,267,17,353.0,3,92.2,5.95576833587,7,6,4,1,1,1
268,268,17,341.7,3,93.5,6.64407630901,7,6,4,1,1,1
269,269,17,344.4,4,118.9,6.79393652674,7,6,4,1,2,1
270,270,17,342.0,4,120.0,6.83001055033,7,6,4,1,2,1
271,271,17,340.5,5,144.7,6.88483521098,7,6,4,1,2,2
272,272,17,339.6,4,119.3,6.8223464999,7,6,4,1,2,1
273,273,17,332.3,4,119.1,6.81286628805,7,6,4,1,2,1
274,274,17,306.0,3,82.9,5.1300584792,7,6,4,1,1,1
275,275,17,303.3,3,79.7,4.97632630857,7,6,4,1,1,1
276,276,16,296.5,3,80.6,4.85039087772,7,6,3,1,1,1
277,277,17,311.1,2,56.5,5.07813942306,8,6,3,1,1,0
278,278,17,312.3,2,56.6,5.53102213721,8,6,3,0,2,0
279,279,17,296.6,2,52.2,5.02830956275,8,6,3,0,2,0
280,280,17,297.9,2,51.8,4.65275851132,8,6,3,0,2,0
281,281,17,307.3,1,25.6,4.47053260414,8,6,3,1,0,0
282,282,17,307.9,1,26.1,3.92967593335,8,6,3,0,1,0
283,283,17,308.6,0,0,3.5847101778,8,6,3,0,0,0
284,284,17,307.5,0,0,3.3126428937,8,6,3,0,0,0
285,285,17,313.6,0,0,3.82689783752,8,6,3,0,0,0
286,286,16,287.2,2,52.8,4.10868997776,7,6,3,0,2,0
287,287,16,279.8,2,52.0,4.31367979031,7,6,3,0,2,0
288,288,14,238.0,0,0,3.72888929637,6,6,2,0,0,0
289,289,14,233.1,0,0,3.50027471449,6,6,2,0,0,0
290,290,14,238.3,1,25.3,4.66066660327,6,6,2,0,1,0
291,291,14,282.0,2,50.8,3.09831574239,6,6,2,1,1,0
292,292,15,332.7,3,88.5,4.42851152033,6,6,3,2,0,1
293,293,15,352.8,6,175.0,5.3004312493,6,6,3,4,1,1
294,294,16,378.3,4,125.4,5.5684789964,7,6,3,2,2,0
295,295,19,407.4,5,145.6,5.28491730088,9,6,4,3,2,0
296,296,19,402.4,6,171.2,5.62193906321,9,6,4,4,2,0
297,297,19,410.3,6,170.6,5.51628635992,9,6,4,4,2,0
298,298,19,405.9,6,171.2,5.66668730646,9,6,4,4,2,0
299,299,19,409.6,6,170.4,5.52019683521,9,6,4,5,1,0
300,300,19,400.8,5,144.3,6.00143257751,9,6,4,4,1,0
301,301,18,392.3,6,179.9,6.94994474986,8,6,4,5,1,0
302,302,19,432.1,6,195.3,7.99050240316,9,6,4,4,2,0
303,303,19,404.2,5,147.2,5.9557481203,9,6,4,4,1,0
304,304,18,402.2,6,174.4,5.88219869079,9,6,3,4,2,0
305,305,17,403.2,8,241.8,7.6644663296,8,6,3,5,3,0
306,306,17,403.9,6,188.6,6.67673749143,8,6,3,3,3,0
307,307,17,409.3,7,215.6,6.53495690611,8,6,3,4,3,0
308,308,17,421.7,7,216.5,6.11805428509,8,6,3,5,2,0
309,309,18,415.3,6,174.9,5.30058881918,9,6,3,4,2,0
310,310,18,437.1,6,180.3,4.75917071372,9,6,3,5,1,0
311,311,19,477.3,8,248.0,6.34687840573,9,6,4,4,3,1
312,312,18,427.0,5,174.2,7.82210709957,8,6,4,4,1,0
313,313,18,419.1,4,151.4,8.45167926231,8,6,4,3,1,0
314,314,18,419.3,5,175.1,8.30141534511,8,6,4,3,2,0
315,315,18,404.8,4,149.7,8.923194422,8,6,4,3,1,0
316,316,18,399.6,5,177.0,9.17567115673,8,6,4,3,2,0
317,317,18,414.1,7,219.6,8.22095401808,8,6,4,4,3,0
318,318,18,425.4,9,274.5,8.31766369913,8,6,4,4,5,0
319,319,18,455.1,9,286.8,8.12398409938,8,6,4,4,4,1
320,320,18,435.1,7,228.8,7.82182508833,8,6,4,5,2,0
321,321,18,433.3,8,244.7,7.31933825003,8,6,4,5,3,0
322,322,18,409.3,9,259.5,6.9788031073,8,6,4,5,4,0
323,323,18,422.1,7,207.1,6.09022843192,9,6,3,4,3,0
324,324,18,413.1,8,228.4,5.991979934,9,6,3,4,4,0
325,325,17,405.3,7,211.5,6.63240706904,8,6,3,3,4,0
326,326,17,406.4,7,216.5,7.59378615944,8,6,3,4,3,0
327,327,17,408.7,9,266.6,7.02531661418,8,6,3,4,5,0
328,328,17,402.3,7,208.8,6.46344927037,8,6,3,4,3,0
329,329,19,477.9,8,268.3,8.25276845274,9,6,4,5,3,0
330,330,18,473.6,8,275.9,8.2915186212,8,6,4,5,3,0
331,331,18,405.4,8,234.6,6.85939077689,8,6,4,4,4,0
332,332,17,404.1,8,236.3,6.4887175838,8,6,3,4,4,0
333,333,17,407.6,9,273.2,7.97429694485,8,6,3,5,4,0
334,334,17,396.2,8,235.4,7.03912908216,8,6,3,4,4,0
335,335,17,409.7,9,273.6,7.55240028071,8,6,3,5,4,0
336,336,18,425.7,6,184.6,6.51462156366,9,6,3,5,1,0
337,337,18,411.7,8,226.9,5.95421803584,9,6,3,5,3,0
338,338,17,392.5,5,153.8,6.21227437749,8,6,3,4,1,0
339,339,17,392.1,6,180.6,6.34979735666,8,6,3,4,2,0
340,340,17,403.9,8,227.7,5.586373916,8,6,3,5,3,0
341,341,17,406.1,7,211.6,6.23035736866,8,6,3,4,3,0
342,342,17,409.6,7,216.5,6.85706484112,8,6,3,4,3,0
343,343,18,421.5,7,211.6,6.44079370337,9,6,3,5,2,0
344,344,18,388.9,4,116.5,5.10311003469,9,6,3,2,2,0
345,345,18,371.8,3,88.7,4.96354027143,9,6,3,2,1,0
346,346,18,376.9,4,117.4,5.47638125353,9,6,3,3,1,0
347,347,18,365.4,5,138.1,5.57378316976,9,6,3,3,2,0
348,348,18,370.5,5,140.6,5.58667005943,9,6,3,3,2,0
349,349,18,368.2,4,114.5,5.58171618372,9,6,3,3,1,0
350,350,18,365.8,4,115.3,5.71597920751,9,6,3,3,1,0
351,351,18,358.4,4,113.7,5.83326050375,9,6,3,2,2,0
352,352,18,382.2,6,178.9,7.07597426258,9,6,3,4,2,0
353,353,17,354.9,4,123.8,6.58696908788,8,6,3,2,2,0
354,354,17,344.7,4,120.4,6.55491508448,8,6,3,2,2,0
355,355,17,346.1,4,119.3,6.63636372793,8,6,3,3,1,0
356,356,16,353.8,6,192.0,8.70722879758,7,6,3,4,2,0
357,357,16,319.4,3,96.2,7.23932547502,7,6,3,2,1,0
358,358,16,357.4,7,213.2,8.16373076479,7,6,3,4,3,0
359,359,16,386.2,7,232.7,9.05272518821,7,6,3,4,3,0
360,360,16,385.3,7,223.7,8.19538233804,7,6,3,4,3,0
361,361,16,351.4,5,151.6,6.97059299247,7,6,3,4,1,0
362,362,17,397.7,7,213.4,6.92382396045,8,6,3,5,2,0
