,e_id,num_sat,sum_snr,num_sat_25,sum_snr_25,snr_std,elev_0_30,elev_30_60,elev_60_90,elev_0_30_25,elev_30_60_25,elev_60_90_25
1,1,15,259.3,1,27.8,4.68612948219,5,9,1,0,1,0
2,2,15,242.3,1,25.3,3.5726873972,5,9,1,0,1,0
3,3,15,268.2,1,26.4,4.24923522531,5,9,1,1,0,0
4,4,15,272.6,0,0,3.73639755201,5,9,1,0,0,0
5,5,15,263.9,2,52.5,4.20160966887,5,9,1,1,1,0
6,6,15,267.9,1,27.3,4.00210658814,5,9,1,0,1,0
7,7,15,275.5,2,53.3,4.29079857147,5,9,1,1,1,0
8,8,15,285.1,2,52.1,4.45107798607,5,9,1,1,1,0
9,9,15,288.9,0,0,4.06918735306,5,9,1,0,0,0
10,10,15,280.7,0,0,3.53530493061,5,9,1,0,0,0
11,11,15,278.3,1,27.7,4.06094054318,5,9,1,1,0,0
12,12,15,284.1,1,28.4,4.11231599675,5,9,1,1,0,0
13,13,15,285.4,1,26.6,3.87822983675,5,9,1,1,0,0
14,14,15,279.6,0,0,3.74867595673,5,9,1,0,0,0
15,15,15,276.6,0,0,3.80897436514,5,9,1,0,0,0
16,16,16,282.9,0,0,3.22825417215,6,9,1,0,0,0
17,17,16,288.7,0,0,3.44344183437,6,9,1,0,0,0
18,18,16,295.1,0,0,2.84369917537,6,9,1,0,0,0
19,19,16,309.2,0,0,3.57668375268,6,9,1,0,0,0
20,20,15,285.3,0,0,3.65927393267,5,9,1,0,0,0
21,21,15,282.0,0,0,3.5932476357,5,9,1,0,0,0
22,22,15,294.3,1,25.5,4.49336018079,5,9,1,0,0,1
23,23,15,290.2,0,0,4.24127114818,5,9,1,0,0,0
24,24,15,298.4,1,26.6,4.55905169755,5,9,1,0,1,0
25,25,15,282.7,0,0,3.38671072337,5,9,1,0,0,0
26,26,16,301.3,1,27.4,3.54508462522,6,9,1,1,0,0
27,27,16,320.2,2,51.0,3.91115924844,6,9,1,2,0,0
28,28,16,310.5,1,26.2,3.82613272988,6,9,1,1,0,0
29,29,17,316.6,1,28.2,3.96934021781,6,9,2,1,0,0
30,30,17,315.0,1,27.0,4.19162329919,6,9,2,1,0,0
31,31,17,305.7,2,51.0,4.13736560116,6,9,2,2,0,0
32,32,17,303.9,1,26.3,4.0329160374,6,9,2,1,0,0
33,33,17,296.1,1,27.2,4.38922477411,6,9,2,1,0,0
34,34,17,302.4,2,52.9,4.63558010838,6,9,2,2,0,0
35,35,17,300.7,2,53.6,4.74050133859,6,9,2,2,0,0
36,36,17,288.7,2,53.3,4.85672668756,6,9,2,2,0,0
37,37,17,290.1,1,28.1,4.76470633624,6,9,2,1,0,0
38,38,17,288.9,2,53.3,4.83095106944,6,9,2,2,0,0
39,39,17,309.2,2,52.4,4.64702624709,6,9,2,2,0,0
40,40,17,310.0,2,52.4,4.59469002987,6,9,2,2,0,0
41,41,17,311.3,2,52.2,4.53953223815,6,9,2,2,0,0
42,42,17,306.9,2,51.0,4.23690890377,6,9,2,2,0,0
43,43,17,302.1,2,53.3,4.52102929457,6,9,2,2,0,0
44,44,17,310.4,2,53.1,4.36707264989,6,9,2,2,0,0
45,45,17,300.6,2,54.2,4.3650938269,6,9,2,2,0,0
46,46,17,303.4,2,50.7,3.9332107824,6,9,2,2,0,0
47,47,17,293.0,1,26.3,4.23703038349,6,9,2,1,0,0
48,48,17,294.7,0,0,3.86570517119,6,9,2,0,0,0
49,49,18,309.9,0,0,3.46040630052,7,9,2,0,0,0
50,50,18,309.5,0,0,3.51090271989,7,9,2,0,0,0
51,51,18,312.8,0,0,3.56346750421,7,9,2,0,0,0
52,52,18,311.7,2,51.8,3.76957635317,7,9,2,2,0,0
53,53,18,320.4,2,53.2,3.97033114636,7,9,2,2,0,0
54,54,18,316.7,1,27.1,3.97513924613,7,9,2,1,0,0
55,55,18,312.1,1,26.0,4.00075564758,7,9,2,1,0,0
56,56,18,317.3,1,26.4,4.11021762062,7,9,2,1,0,0
57,57,18,319.1,2,52.9,4.15618682074,7,9,2,2,0,0
58,58,18,314.4,1,27.2,3.98910280345,7,9,2,1,0,0
59,59,17,299.3,1,26.5,3.78326423017,7,8,2,1,0,0
60,60,17,300.4,1,27.2,3.82830979446,7,8,2,1,0,0
61,61,17,299.4,1,26.5,3.94539008733,7,8,2,1,0,0
62,62,17,308.4,1,27.0,3.80838857385,7,8,2,0,1,0
63,63,17,321.5,1,25.6,3.69609292919,7,8,2,1,0,0
64,64,18,335.5,1,25.2,3.43136722689,7,9,2,1,0,0
65,65,17,317.9,0,0,3.29431328201,6,9,2,0,0,0
66,66,17,302.4,0,0,3.25708503745,6,9,2,0,0,0
67,67,17,310.0,1,25.1,3.73077424546,6,9,2,1,0,0
68,68,17,314.1,1,26.1,3.95119118301,6,9,2,1,0,0
69,69,18,325.5,1,26.9,3.99768315256,7,9,2,1,0,0
70,70,18,332.2,2,52.4,4.2954452241,7,9,2,1,1,0
71,71,18,339.7,1,27.4,4.12079454868,7,9,2,1,0,0
72,72,18,323.9,1,27.7,4.40901112325,7,9,2,1,0,0
73,73,18,321.1,1,29.9,4.70558352809,7,9,2,1,0,0
74,74,19,342.3,1,28.6,4.49855077379,8,9,2,1,0,0
75,75,19,327.2,1,28.5,4.91941493217,8,9,2,1,0,0
76,76,19,326.4,1,28.0,4.92133438853,8,9,2,1,0,0
77,77,19,329.3,1,27.7,4.56715966093,8,9,2,1,0,0
78,78,19,323.8,1,28.4,4.58503796052,8,9,2,1,0,0
79,79,19,327.4,1,26.4,4.28628985275,8,9,2,1,0,0
80,80,19,326.5,1,25.9,4.2017540197,8,9,2,1,0,0
81,81,19,332.7,1,27.8,4.67545538327,8,9,2,1,0,0
82,82,18,307.8,1,28.9,4.67282506816,7,9,2,1,0,0
83,83,18,302.2,1,28.2,4.51883494731,7,9,2,1,0,0
84,84,17,293.3,1,27.6,4.36593598886,7,9,1,1,0,0
85,85,17,295.2,1,26.7,4.24056912107,7,9,1,1,0,0
86,86,16,287.2,0,0,3.68076079092,7,8,1,0,0,0
87,87,16,275.8,0,0,3.16478013981,7,8,1,0,0,0
88,88,16,277.3,0,0,2.916783331,7,8,1,0,0,0
89,89,16,269.5,0,0,2.74517000081,7,8,1,0,0,0
90,90,16,269.5,0,0,2.85843051341,7,8,1,0,0,0
91,91,16,267.2,0,0,2.62932183906,7,8,1,0,0,0
92,92,16,272.3,0,0,3.40768127422,7,8,1,0,0,0
93,93,16,272.8,0,0,3.15594676761,7,8,1,0,0,0
94,94,15,258.5,0,0,2.74035103765,7,7,1,0,0,0
95,95,15,259.9,0,0,2.55635529239,7,7,1,0,0,0
96,96,15,266.2,0,0,2.70208032731,7,7,1,0,0,0
97,97,14,249.7,0,0,2.55511768293,6,7,1,0,0,0
98,98,14,247.9,0,0,2.71164562176,6,7,1,0,0,0
99,99,14,251.4,0,0,2.87875889009,6,7,1,0,0,0
100,100,14,249.4,0,0,3.31380727884,6,7,1,0,0,0
101,101,14,246.8,0,0,3.58295721682,6,7,1,0,0,0
102,102,14,247.2,1,25.2,3.91185855606,6,7,1,1,0,0
103,103,14,242.4,1,25.8,3.6371707396,6,7,1,1,0,0
104,104,15,269.1,1,25.5,4.03056181834,6,8,1,1,0,0
105,105,15,273.2,2,53.0,4.61517166786,6,8,1,2,0,0
106,106,15,259.9,0,0,4.00044045194,6,8,1,0,0,0
107,107,15,276.4,2,51.4,4.7894924674,6,8,1,2,0,0
108,108,14,264.3,2,52.6,4.97581513561,5,8,1,2,0,0
109,109,16,292.7,1,28.5,5.17293839773,7,8,1,1,0,0
110,110,16,288.8,1,29.8,5.18034747869,7,8,1,1,0,0
111,111,16,285.5,1,27.8,5.00199543516,7,8,1,1,0,0
112,112,16,286.9,1,27.8,4.7219655159,7,8,1,1,0,0
113,113,16,269.1,0,0,3.30196280011,7,8,1,0,0,0
114,114,17,292.7,0,0,3.50503839032,7,9,1,0,0,0
115,115,18,303.4,0,0,3.2492935381,8,9,1,0,0,0
116,116,18,311.3,1,25.3,3.98415571132,8,9,1,1,0,0
117,117,18,320.5,3,76.9,4.82169999582,8,9,1,2,1,0
118,118,18,325.6,3,77.1,4.85385097433,8,9,1,2,1,0
119,119,18,317.8,1,25.8,4.60450191753,8,9,1,1,0,0
120,120,18,324.2,1,27.2,4.58114921221,8,9,1,1,0,0
121,121,18,324.4,1,27.2,4.75673585011,8,9,1,1,0,0
122,122,18,330.1,1,28.2,4.68917889324,8,9,1,1,0,0
123,123,18,336.7,1,28.1,4.94457185706,8,9,1,1,0,0
124,124,18,330.6,1,29.5,5.2118642933,8,9,1,1,0,0
125,125,18,339.1,1,30.3,5.02454433274,8,9,1,1,0,0
126,126,18,319.9,1,25.2,3.75950646879,8,9,1,1,0,0
127,127,18,331.3,1,29.7,4.1675881334,8,9,1,1,0,0
128,128,18,331.0,1,28.3,4.00923769913,8,9,1,1,0,0
129,129,16,313.9,1,30.6,4.15021585784,6,9,1,1,0,0
130,130,16,315.0,1,30.6,4.23066188675,6,9,1,1,0,0
131,131,16,309.2,1,29.3,4.08370746585,6,9,1,1,0,0
132,132,16,284.4,0,0,2.87923600978,6,9,1,0,0,0
133,133,16,299.3,2,50.9,3.57425400142,6,9,1,2,0,0
134,134,16,295.9,2,55.4,4.62146711914,6,9,1,2,0,0
135,135,16,309.6,2,54.6,4.41180235278,6,9,1,2,0,0
136,136,16,294.3,2,51.1,3.96172836861,6,9,1,2,0,0
137,137,16,291.1,2,51.9,3.84906373897,6,9,1,2,0,0
138,138,16,299.4,2,52.9,3.92171306107,6,9,1,2,0,0
139,139,16,304.6,1,27.8,3.98043129991,6,9,1,1,0,0
140,140,16,295.8,2,53.7,4.35643202633,6,9,1,2,0,0
141,141,16,281.7,2,53.0,4.32118328702,6,9,1,2,0,0
142,142,16,296.1,2,54.3,4.67111246564,6,9,1,2,0,0
143,143,16,292.8,1,26.2,4.30488095073,6,9,1,1,0,0
144,144,15,279.2,2,53.5,4.62676478557,5,9,1,2,0,0
145,145,15,276.8,2,54.6,4.69024316559,5,9,1,2,0,0
146,146,15,281.1,2,52.4,4.55863388058,5,9,1,2,0,0
147,147,15,285.1,1,27.0,4.05153703932,5,9,1,1,0,0
148,148,15,282.3,1,27.5,4.46353479399,5,9,1,1,0,0
149,149,15,278.3,1,27.1,4.20099761395,5,9,1,1,0,0
150,150,15,275.1,2,52.6,4.34129671214,5,9,1,2,0,0
151,151,15,273.8,1,27.3,4.5037867665,5,9,1,1,0,0
152,152,15,276.0,1,27.3,4.54862616622,5,9,1,1,0,0
153,153,15,273.1,2,53.3,4.63148644246,5,9,1,2,0,0
154,154,15,271.2,2,51.8,4.43076903999,5,9,1,2,0,0
155,155,15,276.8,2,53.7,4.80369897158,5,9,1,2,0,0
156,156,15,267.9,1,27.1,4.81912855193,5,9,1,1,0,0
157,157,15,269.2,1,26.5,4.53901604609,5,9,1,1,0,0
158,158,15,277.4,1,26.8,4.83668520885,5,9,1,1,0,0
159,159,15,269.3,1,27.2,4.66167760524,5,9,1,1,0,0
160,160,15,276.1,1,27.2,4.73414144678,5,9,1,1,0,0
161,161,15,265.4,1,26.7,4.49228969087,5,9,1,1,0,0
162,162,15,269.0,1,26.2,4.34505740003,5,9,1,1,0,0
163,163,15,263.9,1,26.6,4.22855373227,5,9,1,1,0,0
164,164,15,263.4,1,26.8,4.00977377345,5,9,1,1,0,0
165,165,15,264.0,2,53.4,4.44393647891,5,9,1,2,0,0
166,166,15,262.8,1,25.1,3.98213869314,5,9,1,1,0,0
167,167,15,272.5,2,52.4,4.07319928078,5,9,1,2,0,0
168,168,15,279.9,2,52.1,4.16958374079,5,9,1,2,0,0
169,169,15,289.7,2,51.7,3.42342073427,5,9,1,1,1,0
170,170,15,277.5,1,26.7,3.94153704609,5,9,1,0,1,0
171,171,15,275.6,0,0,3.45407971342,5,9,1,0,0,0
172,172,15,279.1,0,0,3.45180422112,5,9,1,0,0,0
173,173,15,281.2,2,53.9,4.0590052734,5,9,1,1,1,0
174,174,15,285.5,3,79.4,4.29396032097,5,9,1,2,1,0
175,175,15,282.2,2,55.8,4.75512755825,5,9,1,1,1,0
176,176,15,288.9,2,56.6,4.58363548788,5,9,1,1,1,0
177,177,15,285.1,2,55.6,4.52713511848,5,9,1,1,1,0
178,178,15,291.3,3,80.8,4.68800901998,5,9,1,2,1,0
179,179,15,283.9,2,53.7,4.14030134629,5,9,1,1,1,0
180,180,15,282.2,2,52.7,4.42474642803,5,9,1,1,1,0
181,181,15,299.8,3,78.6,4.15191292688,5,9,1,2,1,0
182,182,15,297.4,2,56.8,4.50467482046,5,9,1,1,1,0
183,183,15,294.6,2,57.6,4.50092054077,5,9,1,1,1,0
184,184,15,290.4,2,56.4,4.68657657571,5,9,1,1,1,0
185,185,15,294.7,2,52.5,4.46332141966,5,9,1,1,1,0
186,186,15,297.2,2,50.5,4.11493215821,5,9,1,1,1,0
187,187,15,310.6,2,53.5,3.62776331459,5,9,1,1,1,0
188,188,15,304.1,1,27.2,3.79030090526,5,9,1,0,1,0
189,189,15,303.1,1,27.8,3.9022826043,5,9,1,0,1,0
190,190,15,312.2,2,53.9,3.79112999865,5,9,1,1,1,0
191,191,15,311.6,1,27.4,3.6143497077,5,9,1,0,1,0
192,192,15,307.5,1,26.0,3.65435161339,5,9,1,0,1,0
193,193,15,307.9,2,52.9,3.86642445875,5,9,1,1,1,0
194,194,15,287.5,2,52.9,5.27902408008,5,9,1,1,1,0
195,195,15,278.9,2,52.4,5.27452999486,5,9,1,1,1,0
196,196,15,287.1,1,29.0,5.21177238841,5,9,1,1,0,0
197,197,15,283.7,2,54.5,5.19283389004,5,9,1,2,0,0
198,198,15,283.6,2,54.1,5.03480268682,5,9,1,2,0,0
199,199,15,289.0,2,54.5,4.81599517481,5,9,1,2,0,0
200,200,15,291.1,2,54.1,4.7985811395,5,9,1,2,0,0
201,201,15,289.6,2,54.0,4.8380141538,5,9,1,2,0,0
202,202,15,285.3,2,55.2,4.99545507722,5,9,1,2,0,0
203,203,15,285.6,2,54.5,4.6713106145,5,9,1,2,0,0
204,204,15,287.2,2,54.6,4.65370308259,5,9,1,2,0,0
205,205,15,290.4,1,28.8,4.62721761506,5,9,1,1,0,0
206,206,15,296.9,2,55.4,4.66391415424,5,9,1,2,0,0
207,207,15,292.5,2,56.0,4.6013973033,5,9,1,2,0,0
208,208,15,291.6,1,28.8,4.17779846331,5,9,1,1,0,0
209,209,15,298.5,1,29.6,4.15829635445,5,9,1,1,0,0
210,210,14,269.7,2,52.0,4.32908004846,5,8,1,1,1,0
211,211,14,277.4,3,80.1,4.41411322968,5,8,1,2,1,0
212,212,15,294.2,3,80.0,4.57272451869,5,9,1,2,1,0
213,213,15,297.0,2,53.1,4.22543319842,5,9,1,1,1,0
214,214,15,289.5,1,28.0,3.96718684064,5,9,1,0,1,0
215,215,15,276.9,1,27.3,4.03605181901,5,9,1,0,1,0
216,216,15,273.8,1,26.0,3.79226028843,5,9,1,0,1,0
217,217,16,284.9,0,0,2.76778340916,6,9,1,0,0,0
218,218,16,300.2,1,27.5,3.87365030258,6,9,1,0,1,0
219,219,16,295.0,3,78.1,4.73861794197,6,9,1,2,1,0
220,220,16,308.6,3,77.7,4.24858800074,6,9,1,2,1,0
221,221,16,305.5,3,79.0,4.34733155702,6,9,1,3,0,0
222,222,16,301.9,2,52.9,4.17607770522,6,9,1,2,0,0
223,223,16,306.5,1,26.0,3.2751526682,6,9,1,1,0,0
224,224,16,301.7,0,0,3.26475496783,6,9,1,0,0,0
225,225,16,305.3,1,25.3,3.24288323358,6,9,1,1,0,0
226,226,17,316.4,0,0,3.58100585607,7,9,1,0,0,0
227,227,17,311.5,0,0,4.11787709441,7,9,1,0,0,0
228,228,17,296.2,0,0,4.17560316178,7,9,1,0,0,0
229,229,17,311.7,2,51.7,4.45181720993,7,9,1,2,0,0
230,230,17,318.3,1,27.1,4.29425916366,7,9,1,1,0,0
231,231,17,319.0,2,53.8,4.56028249899,7,9,1,1,1,0
232,232,17,323.4,1,30.1,4.73860863173,7,9,1,1,0,0
233,233,17,326.9,1,28.1,4.54598238914,7,9,1,1,0,0
234,234,17,314.3,1,29.0,4.28192164118,7,9,1,1,0,0
235,235,17,316.0,1,28.1,4.46722541867,7,9,1,1,0,0
236,236,17,317.8,2,53.2,4.71639038199,7,9,1,2,0,0
237,237,17,315.6,2,53.3,4.77545039453,7,9,1,2,0,0
238,238,17,305.1,2,52.8,4.63466795562,7,9,1,2,0,0
239,239,17,321.4,1,28.5,4.90018757144,7,9,1,1,0,0
240,240,17,313.2,1,26.8,4.65316148062,7,9,1,1,0,0
241,241,17,317.0,1,26.9,4.69881868759,7,9,1,1,0,0
242,242,17,312.1,1,27.3,4.81080279469,7,9,1,1,0,0
243,243,17,292.5,1,26.8,4.41693765354,7,9,1,1,0,0
244,244,18,313.4,1,25.2,4.42212204701,8,9,1,1,0,0
245,245,18,309.0,1,25.9,4.31672533839,8,9,1,1,0,0
246,246,17,280.3,0,0,3.14779334474,8,8,1,0,0,0
247,247,17,295.1,1,25.7,4.10305660812,8,8,1,1,0,0
248,248,16,287.6,1,26.2,4.18752114423,7,8,1,1,0,0
249,249,16,290.2,1,26.6,4.74859628382,7,8,1,1,0,0
250,250,16,285.6,0,0,4.30178257625,7,8,1,0,0,0
251,251,16,278.2,0,0,4.2125012364,7,8,1,0,0,0
252,252,16,283.6,0,0,4.63127052402,7,8,1,0,0,0
253,253,16,297.3,1,28.5,4.77803568425,7,8,1,0,1,0
254,254,16,282.3,1,27.0,4.27113860698,7,8,1,0,1,0
255,255,17,302.8,2,54.2,4.44773570946,7,8,2,1,1,0
256,256,18,321.6,1,27.9,4.56972131986,7,9,2,1,0,0
257,257,18,316.8,2,54.4,4.60804922359,7,9,2,1,1,0
258,258,18,313.1,2,54.9,4.58545939994,7,9,2,1,1,0
259,259,18,314.5,2,53.5,4.48865308706,7,9,2,1,1,0
260,260,18,311.5,2,53.0,4.48900253852,7,9,2,1,1,0
261,261,18,311.2,2,53.3,4.31180171007,7,9,2,1,1,0
262,262,18,315.8,2,54.3,4.52928019502,7,9,2,1,1,0
263,263,17,300.1,1,29.0,4.69482662713,6,9,2,0,1,0
264,264,16,277.3,1,28.3,4.7995442492,5,9,2,0,1,0
265,265,16,270.0,1,27.3,4.6035493553,5,9,2,0,1,0
266,266,17,304.7,1,26.0,3.73907231338,6,9,2,0,1,0
267,267,16,302.6,1,26.7,3.66658333239,5,9,2,0,1,0
268,268,16,305.0,1,26.8,3.71553046908,5,9,2,0,1,0
269,269,16,299.3,1,26.8,3.73906739709,5,9,2,0,1,0
270,270,16,281.9,1,25.2,3.67481858963,5,9,2,0,1,0
271,271,16,281.8,0,0,3.33524112072,5,9,2,0,0,0
272,272,16,297.2,1,27.6,4.44049546785,5,9,2,1,0,0
273,273,16,303.0,2,55.1,4.79456289283,5,9,2,1,1,0
274,274,16,302.8,1,27.0,4.23249335499,5,9,2,1,0,0
275,275,16,305.3,2,54.1,4.50528855902,5,9,2,1,1,0
276,276,15,309.0,3,89.0,5.6992480707,4,9,2,2,1,0
277,277,15,308.8,3,89.6,5.78790199674,4,9,2,2,1,0
278,278,15,285.6,1,25.3,3.63883811912,4,9,2,1,0,0
279,279,15,296.9,1,25.1,2.81259073928,4,9,2,0,1,0
280,280,15,289.8,0,0,2.47622985317,4,9,2,0,0,0
281,281,16,296.9,0,0,2.52163141637,5,9,2,0,0,0
282,282,16,304.1,1,27.8,3.56528984329,5,9,2,0,1,0
283,283,17,322.7,2,54.9,3.74536969038,6,9,2,0,2,0
284,284,18,347.0,1,27.8,3.40390010836,7,9,2,0,0,1
285,285,18,351.8,1,25.8,3.48074066192,7,9,2,0,0,1
286,286,18,332.1,1,26.6,3.5115356118,7,9,2,0,1,0
287,287,18,363.7,3,78.8,4.20412573582,7,9,2,1,1,1
288,288,18,351.6,0,0,3.1585551425,7,9,2,0,0,0
289,289,18,364.8,3,78.2,3.74417194175,7,9,2,3,0,0
290,290,19,404.2,3,79.3,3.82024462644,8,9,2,1,1,1
291,291,20,422.5,4,107.5,3.93832384865,9,9,2,3,1,0
292,292,20,437.9,5,147.2,5.17671659808,9,9,2,4,1,0
293,293,19,421.5,5,154.2,6.18387357549,9,8,2,3,2,0
294,294,20,433.7,4,129.4,6.39475730991,9,9,2,3,1,0
295,295,19,428.4,5,165.0,7.32547824916,9,8,2,3,2,0
296,296,19,431.4,7,211.6,6.80910123652,9,8,2,3,4,0
297,297,20,456.8,6,188.7,6.88104949156,9,9,2,4,2,0
298,298,18,417.9,6,187.7,7.06601227085,9,7,2,4,2,0
299,299,18,413.7,6,186.7,6.8498389848,9,7,2,4,2,0
300,300,18,405.5,6,181.6,6.62142738793,9,7,2,4,2,0
301,301,18,407.2,6,182.3,6.85424347355,9,7,2,4,2,0
302,302,18,395.1,4,128.5,6.44490222625,9,7,2,3,1,0
303,303,18,401.3,4,129.7,6.58773121904,9,7,2,3,1,0
304,304,19,435.0,5,162.7,6.90695894525,10,7,2,4,1,0
