,e_id,num_sat,sum_snr,num_sat_25,sum_snr_25,num_sat_u20,sum_sat_u20,snr_std,elev_0_30,elev_30_60,elev_60_90,sum_elev_0_30,sum_elev_30_60,sum_elev_60_90,elev_0_30_25,elev_30_60_25,elev_60_90_25,sum_elev_0_30_25,sum_elev_30_60_25,sum_elev_60_90_25
1,1,13,260.2,2,58.6,7,111.8,5.37290209506,7,3,3,132.6,76.1,51.5,0,2,0,0,58.6,0
2,2,13,262.8,3,79.5,7,114.3,4.97876258955,7,3,3,139.2,72.1,51.5,1,2,0,26.3,53.2,0
3,3,13,274.4,4,109.4,6,97.6,5.33173854361,7,3,3,149.4,73.5,51.5,3,1,0,83.1,26.3,0
4,4,14,283.9,4,107.2,7,106.8,5.64094626151,7,4,3,147.8,84.6,51.5,3,1,0,82.1,25.1,0
5,5,14,279.5,3,85.5,8,125.4,5.85183825725,7,4,3,148.3,84.1,47.1,2,1,0,59.5,26.0,0
6,6,14,268.7,2,56.7,9,140.7,5.34940173301,7,4,3,138.4,83.2,47.1,1,1,0,28.2,28.5,0
7,7,14,263.4,4,105.5,10,157.9,5.19005812074,7,4,3,140.4,75.9,47.1,3,1,0,77.0,28.5,0
8,8,14,256.4,2,53.2,10,157.2,4.75424622236,7,4,3,136.5,75.6,44.3,1,1,0,25.0,28.2,0
9,9,14,259.0,3,79.6,9,136.2,5.11934491001,7,4,3,140.6,75.7,42.7,2,1,0,51.3,28.3,0
10,10,14,260.2,2,53.5,10,160.2,4.71753800569,7,4,3,136.6,74.9,48.7,1,1,0,25.1,28.4,0
11,11,14,259.6,2,52.5,10,159.9,4.77166545441,7,4,3,134.6,75.1,49.9,1,1,0,25.5,27.0,0
12,12,14,282.1,3,81.3,9,153.6,4.85984330232,7,4,3,145.4,86.8,49.9,2,1,0,54.7,26.6,0
13,13,14,286.4,4,106.1,7,112.8,5.18810982117,7,4,3,145.7,92.7,48.0,2,2,0,51.0,55.1,0
14,14,15,300.0,4,104.6,8,129.7,4.82656340326,7,5,3,144.8,107.2,48.0,2,2,0,51.9,52.7,0
15,15,15,293.7,3,81.9,8,125.5,5.01842320142,7,5,3,141.0,104.7,48.0,1,2,0,27.5,54.4,0
16,16,15,295.3,3,79.2,9,149.8,4.66428170349,7,5,3,138.6,108.9,47.8,1,2,0,25.1,54.1,0
17,17,15,298.7,3,79.2,7,110.4,4.68963395871,7,5,3,142.0,108.9,47.8,1,2,0,26.3,52.9,0
18,18,15,303.8,3,81.3,7,110.6,4.96241108832,7,5,3,144.1,111.9,47.8,1,2,0,26.2,55.1,0
19,19,15,295.0,3,78.6,7,103.3,5.12524099317,7,5,3,144.1,108.8,42.1,1,2,0,25.7,52.9,0
20,20,16,304.2,2,54.7,8,115.8,5.20831066662,8,5,3,152.5,109.6,42.1,0,2,0,0,54.7,0
21,21,16,313.0,3,86.5,10,159.4,5.59438706801,8,5,3,153.1,113.0,46.9,1,2,0,26.8,59.7,0
22,22,16,315.2,4,109.7,10,158.7,5.66168408397,8,5,3,158.1,109.9,47.2,2,2,0,52.1,57.6,0
23,23,16,304.0,3,82.7,11,174.0,5.32465961353,8,5,3,154.9,104.1,45.0,2,1,0,53.6,29.1,0
24,24,16,311.8,2,59.1,9,135.6,5.83847868313,8,5,3,162.1,105.7,44.0,1,1,0,27.5,31.6,0
25,25,16,308.6,3,84.6,9,137.5,5.54098366718,8,5,3,157.0,102.5,49.1,2,1,0,52.5,32.1,0
26,26,16,310.9,3,83.3,9,139.5,5.36702509155,8,5,3,158.9,101.2,50.8,2,1,0,51.5,31.8,0
27,27,16,312.5,3,83.7,9,139.3,5.4358953571,8,5,3,161.4,100.4,50.7,2,1,0,52.0,31.7,0
28,28,16,318.0,3,82.3,10,164.2,5.20813466288,8,5,3,159.8,102.9,55.3,2,1,0,50.5,31.8,0
29,29,16,314.3,2,58.9,10,164.3,5.1339353002,8,5,3,158.6,102.4,53.3,1,1,0,26.5,32.4,0
30,30,16,312.4,2,58.1,9,143.3,5.30088043002,8,5,3,159.6,99.5,53.3,1,1,0,26.0,32.1,0
31,31,16,309.7,2,58.9,11,184.0,5.2065303546,8,5,3,157.2,100.9,51.6,1,1,0,26.8,32.1,0
32,32,16,305.2,2,59.2,9,136.6,5.50714687172,8,5,3,157.7,95.3,52.2,1,1,0,27.1,32.1,0
33,33,15,290.5,2,59.2,9,141.9,5.50138510697,7,5,3,143.2,92.7,54.6,1,1,0,27.2,32.0,0
34,34,15,287.6,3,85.6,10,158.4,5.7200732596,7,5,3,140.9,93.3,53.4,2,1,0,53.0,32.6,0
35,35,15,289.2,3,85.2,9,139.2,5.72316096476,7,5,3,143.0,94.0,52.2,2,1,0,52.1,33.1,0
36,36,15,289.0,2,59.4,9,141.1,5.54702837648,7,5,3,142.4,93.7,52.9,1,1,0,26.6,32.8,0
37,37,14,272.9,2,59.1,9,147.7,5.43301365382,7,4,3,138.6,78.6,55.7,1,1,0,26.6,32.5,0
38,38,14,267.5,2,58.0,9,142.4,5.44983617054,7,4,3,139.6,78.6,49.3,1,1,0,25.5,32.5,0
39,39,14,270.9,2,58.2,8,124.2,5.59268065628,7,4,3,141.9,77.4,51.6,1,1,0,25.2,33.0,0
40,40,14,268.9,2,58.3,8,121.2,5.79674501313,7,4,3,142.1,73.7,53.1,1,1,0,25.9,32.4,0
41,41,14,273.1,4,108.8,8,119.1,6.2108421683,7,4,3,146.6,72.9,53.6,3,1,0,77.3,31.5,0
42,42,14,271.1,3,84.7,9,141.7,5.82575279294,7,4,3,142.7,75.1,53.3,2,1,0,54.4,30.3,0
43,43,15,295.8,3,85.2,9,143.6,5.62649345254,7,5,3,148.8,92.6,54.4,2,1,0,53.7,31.5,0
44,44,16,313.5,3,85.4,11,182.9,5.20582606317,8,5,3,167.2,90.5,55.8,2,1,0,54.6,30.8,0
45,45,16,317.2,3,87.5,11,185.2,5.34184737084,8,5,3,167.5,94.0,55.7,2,1,0,55.5,32.0,0
46,46,16,312.8,3,86.7,10,160.6,5.53088299159,8,5,3,163.1,94.0,55.7,2,1,0,54.3,32.4,0
47,47,16,317.6,3,84.3,10,168.6,4.87893430987,8,5,3,166.7,97.2,53.7,2,1,0,52.6,31.7,0
48,48,16,314.3,3,84.0,10,165.1,4.99852895027,8,5,3,167.3,94.7,52.3,2,1,0,52.5,31.5,0
49,49,16,310.5,3,82.1,10,162.4,5.01723280305,8,5,3,165.9,95.3,49.3,2,1,0,50.3,31.8,0
50,50,16,313.7,2,58.4,10,165.9,5.03791871709,8,5,3,164.1,96.5,53.1,1,1,0,26.1,32.3,0
51,51,17,334.5,3,82.1,10,161.2,5.07352557545,8,5,4,168.8,98.1,67.6,2,1,0,50.7,31.4,0
52,52,17,338.6,4,106.5,11,183.2,4.95822993796,8,5,4,165.9,104.4,68.3,2,2,0,51.2,55.3,0
53,53,17,344.5,5,133.9,10,163.6,5.25701212388,8,5,4,168.9,108.6,67.0,3,2,0,77.6,56.3,0
54,54,17,344.2,5,131.3,10,167.8,4.6930956797,8,5,4,168.8,104.1,71.3,3,2,0,77.9,53.4,0
55,55,17,338.7,4,105.7,10,165.7,4.57991940592,8,5,4,160.6,107.8,70.3,2,2,0,51.2,54.5,0
56,56,17,343.4,3,82.5,10,167.2,4.75828225308,8,5,4,164.9,108.2,70.3,1,2,0,26.0,56.5,0
57,57,17,338.9,5,132.4,10,160.4,5.22899861069,8,5,4,170.0,107.6,61.3,3,2,0,77.9,54.5,0
58,58,17,344.0,5,132.5,10,163.9,5.17529481968,8,5,4,171.4,108.7,63.9,3,2,0,78.3,54.2,0
59,59,17,328.6,4,105.4,9,131.9,5.48791452943,8,5,4,163.7,106.7,58.2,2,2,0,52.9,52.5,0
60,60,17,327.6,4,106.2,10,151.3,5.53271686266,8,5,4,161.9,107.5,58.2,2,2,0,52.7,53.5,0
61,61,17,321.5,2,53.6,10,151.8,5.10451789508,8,5,4,158.1,105.2,58.2,1,1,0,25.5,28.1,0
62,62,17,324.0,3,81.9,10,152.6,5.52495009293,8,5,4,163.4,100.9,59.7,2,1,0,52.4,29.5,0
63,63,17,315.6,2,54.9,11,170.3,5.10317807553,8,5,4,157.8,97.3,60.5,1,1,0,25.2,29.7,0
64,64,17,330.7,2,54.0,9,143.3,4.57645026837,8,5,4,159.2,111.0,60.5,0,2,0,0,54.0,0
65,65,17,318.7,3,75.7,10,158.8,4.08505165926,8,5,4,152.0,106.6,60.1,1,2,0,25.4,50.3,0
66,66,17,325.5,1,27.8,11,183.5,4.05634035293,8,5,4,152.3,110.8,62.4,0,1,0,0,27.8,0
67,67,17,332.6,2,57.5,12,205.2,4.72876056389,8,5,4,157.4,112.8,62.4,1,1,0,26.1,31.4,0
68,68,17,329.6,2,56.9,12,202.6,4.71816732865,8,5,4,157.8,107.7,64.1,1,1,0,25.8,31.1,0
69,69,17,327.2,2,56.5,12,199.8,4.7778286971,8,5,4,156.1,108.7,62.4,1,1,0,25.9,30.6,0
70,70,17,328.9,1,30.4,10,161.9,4.66651873015,8,5,4,154.9,110.5,63.5,0,1,0,0,30.4,0
71,71,17,323.7,2,54.3,9,140.6,4.57070273912,8,5,4,151.1,108.9,63.7,1,1,0,25.7,28.6,0
72,72,17,317.8,1,26.6,10,159.9,3.99225352843,8,5,4,148.0,103.7,66.1,0,1,0,0,26.6,0
73,73,17,320.6,2,52.9,12,202.4,4.04429518327,8,5,4,151.5,105.3,63.8,1,1,0,26.3,26.6,0
74,74,17,325.5,0,0,10,169.0,3.72359329933,8,5,4,152.1,109.6,63.8,0,0,0,0,0,0
75,75,17,323.2,2,52.0,10,162.8,4.1984941278,8,5,4,152.6,110.2,60.4,1,1,0,25.0,27.0,0
76,76,17,326.0,2,53.1,12,203.4,4.26314575926,8,5,4,151.9,111.0,63.1,1,1,0,25.8,27.3,0
77,77,17,324.2,3,77.7,12,203.7,4.16679803714,8,5,4,150.1,111.0,63.1,1,2,0,25.5,52.2,0
78,78,16,303.4,2,51.5,11,185.3,4.08360543311,8,5,3,146.7,109.5,47.2,1,1,0,25.1,26.4,0
79,79,16,299.6,1,26.0,11,181.9,3.98689519969,8,5,3,144.6,107.8,47.2,0,1,0,0,26.0,0
80,80,16,315.6,5,132.5,10,160.2,5.41054525903,8,5,3,158.0,112.4,45.2,3,2,0,77.5,55.0,0
81,81,16,331.2,4,108.0,9,154.6,4.81054397478,8,5,3,164.8,117.5,48.9,2,2,0,51.6,56.4,0
82,82,17,346.2,4,112.1,8,126.3,5.59429856824,9,5,3,177.0,119.6,49.6,2,2,0,53.7,58.4,0
83,83,17,345.7,3,83.7,8,131.4,4.90343517043,9,5,3,183.3,113.3,49.1,2,1,0,54.1,29.6,0
84,84,17,352.6,3,82.8,10,177.0,4.53749088477,9,5,3,188.6,115.9,48.1,2,1,0,52.5,30.3,0
85,85,17,348.5,3,82.9,11,194.0,4.67720536218,9,5,3,187.6,112.9,48.0,1,2,0,27.3,55.6,0
86,86,17,353.9,3,82.1,8,136.9,4.60139045481,9,5,3,186.7,116.7,50.5,1,2,0,27.1,55.0,0
87,87,17,342.3,2,55.3,10,173.1,4.49373747237,9,5,3,177.5,114.9,49.9,0,2,0,0,55.3,0
88,88,17,346.2,3,82.6,10,173.5,4.57424053484,9,5,3,183.0,113.8,49.4,2,1,0,53.0,29.6,0
89,89,17,335.2,3,85.5,12,207.5,4.81809548656,9,5,3,179.5,107.3,48.4,2,1,0,56.3,29.2,0
90,90,17,336.9,3,85.5,12,209.2,4.77588150163,9,5,3,178.9,108.2,49.8,2,1,0,56.2,29.3,0
91,91,17,345.1,3,85.9,11,197.0,4.54395202439,9,5,3,186.9,108.5,49.7,2,1,0,56.5,29.4,0
92,92,17,347.9,3,86.3,9,155.6,4.6506640892,9,5,3,188.0,108.3,51.6,2,1,0,57.3,29.0,0
93,93,18,361.9,3,84.6,9,149.6,4.62467451602,9,5,4,183.3,109.1,69.5,2,1,0,56.0,28.6,0
94,94,18,360.0,3,85.7,10,168.1,4.82371592179,9,5,4,182.1,112.2,65.7,2,1,0,56.6,29.1,0
95,95,18,363.4,4,108.5,11,187.1,4.9199341087,9,5,4,180.8,114.1,68.5,2,2,0,53.0,55.5,0
96,96,18,367.6,4,112.7,11,186.6,5.25396831039,9,5,4,190.2,112.7,64.7,3,1,0,84.1,28.6,0
97,97,18,347.5,2,52.1,11,183.7,3.97573111622,9,5,4,182.3,101.9,63.3,2,0,0,52.1,0,0
98,98,18,342.4,2,52.9,12,198.1,4.29055810925,9,5,4,186.5,97.5,58.4,2,0,0,52.9,0,0
99,99,17,330.2,1,26.2,11,189.5,3.53350559144,8,5,4,166.3,102.1,61.8,1,0,0,26.2,0,0
100,100,17,327.0,2,51.7,12,206.9,3.71953309847,8,5,4,162.0,104.9,60.1,1,1,0,25.3,26.4,0
101,101,17,336.6,1,30.3,11,184.7,4.70598023795,8,5,4,167.6,107.0,62.0,0,1,0,0,30.3,0
102,102,17,347.7,4,114.4,11,187.3,5.46798839235,8,5,4,170.9,111.2,65.6,2,2,0,54.3,60.1,0
103,103,17,348.9,5,139.2,11,187.7,5.48116427091,8,5,4,162.6,115.1,71.2,3,2,0,80.0,59.2,0
104,104,17,339.9,5,138.7,11,180.2,5.63110453067,8,5,4,163.2,108.4,68.3,3,2,0,80.8,57.9,0
105,105,18,353.8,4,111.5,13,218.1,5.37950601518,9,5,4,177.4,109.5,66.9,2,2,0,56.9,54.6,0
106,106,18,367.7,5,137.6,11,187.6,5.13715480369,9,5,4,185.8,111.3,70.6,3,2,0,83.9,53.7,0
107,107,18,364.2,4,111.3,11,187.7,5.02054602139,9,5,4,183.4,110.0,70.8,2,2,0,57.6,53.7,0
108,108,18,365.4,5,138.3,11,184.0,5.40489973787,9,5,4,178.6,113.7,73.1,3,2,0,82.3,56.0,0
109,109,18,355.6,4,106.9,11,182.3,4.82496232502,9,5,4,177.4,109.1,69.1,3,1,0,79.7,27.2,0
110,110,18,356.1,3,83.3,12,200.7,5.00085286844,9,5,4,178.2,105.4,72.5,2,1,0,55.4,27.9,0
111,111,18,365.7,4,111.0,10,164.9,5.18711639262,9,5,4,178.0,114.3,73.4,2,2,0,56.7,54.3,0
112,112,18,349.9,3,83.0,12,196.8,5.11205482905,9,5,4,170.7,107.5,71.7,2,1,0,54.6,28.4,0
113,113,18,348.7,3,83.0,12,197.2,4.95696842311,9,5,4,178.1,102.1,68.5,2,1,0,55.0,28.0,0
114,114,18,343.3,3,83.3,10,149.3,5.63307517682,8,6,4,162.1,108.5,72.7,2,1,0,56.3,27.0,0
115,115,18,350.7,3,85.1,11,176.8,5.52803017784,8,6,4,161.0,117.0,72.7,2,1,0,58.0,27.1,0
116,116,18,354.1,3,84.7,10,156.7,5.52351183637,8,6,4,165.9,113.9,74.3,2,1,0,57.0,27.7,0
117,117,18,347.7,4,108.3,11,175.3,5.31770074153,8,6,4,162.7,111.4,73.6,2,1,1,55.1,27.5,25.7
118,118,18,338.8,3,78.7,11,171.5,5.06377626533,8,6,4,159.3,106.7,72.8,2,1,0,52.1,26.6,0
119,119,18,349.9,4,106.0,11,179.4,4.9321441333,8,6,4,165.3,111.4,73.2,2,1,1,53.6,27.1,25.3
120,120,18,344.8,2,54.4,11,177.0,4.81043256245,8,6,4,160.6,115.4,68.8,1,1,0,27.6,26.8,0
121,121,18,347.5,2,56.3,12,195.2,5.20886938418,8,6,4,164.9,110.4,72.2,1,1,0,28.8,27.5,0
122,122,16,324.7,3,82.9,9,150.4,5.08480989484,7,6,3,154.6,108.7,61.4,2,1,0,57.1,25.8,0
123,123,16,322.2,3,85.7,10,167.7,5.34675914301,7,6,3,155.2,108.4,58.6,2,1,0,58.3,27.4,0
124,124,17,328.9,3,85.0,10,155.3,5.69891630565,8,6,3,162.3,108.1,58.5,2,1,0,58.1,26.9,0
125,125,17,331.5,3,84.8,9,139.6,5.63083031177,8,6,3,161.8,112.8,56.9,2,1,0,57.0,27.8,0
126,126,17,342.2,4,109.8,8,125.2,5.41511365369,8,6,3,170.2,113.4,58.6,3,1,0,82.4,27.4,0
127,127,17,343.9,4,108.1,8,127.6,5.22598850768,8,6,3,169.4,114.2,60.3,3,1,0,81.7,26.4,0
128,128,17,341.8,3,84.7,8,124.4,5.44385784488,8,6,3,169.3,113.5,59.0,2,1,0,57.4,27.3,0
129,129,17,336.2,4,109.1,9,142.0,5.39832490359,8,6,3,170.2,107.4,58.6,3,1,0,83.2,25.9,0
130,130,17,341.1,4,108.8,9,144.7,5.31976752035,8,6,3,166.8,114.2,60.1,3,1,0,82.0,26.8,0
131,131,17,337.8,4,108.5,10,164.5,5.27621605721,8,6,3,168.1,114.7,55.0,3,1,0,82.6,25.9,0
132,132,17,326.6,3,83.6,11,176.7,5.68241611827,8,6,3,174.4,99.0,53.2,3,0,0,83.6,0,0
133,133,17,322.2,2,57.8,11,174.5,5.32025817596,8,6,3,172.4,99.4,50.4,2,0,0,57.8,0,0
134,134,17,327.9,2,58.2,9,138.8,5.41662745084,8,6,3,171.9,103.4,52.6,2,0,0,58.2,0,0
135,135,17,330.9,2,58.8,10,158.3,5.13431363189,8,6,3,164.3,114.1,52.5,1,1,0,31.5,27.3,0
136,136,17,345.8,1,31.8,8,131.4,4.56290187594,8,6,3,166.5,125.5,53.8,1,0,0,31.8,0,0
137,137,17,349.7,1,32.1,9,158.7,4.27006509111,8,6,3,170.0,126.2,53.5,1,0,0,32.1,0,0
138,138,17,345.8,1,31.6,8,136.1,4.14066100151,8,6,3,169.3,125.3,51.2,1,0,0,31.6,0,0
139,139,17,357.9,3,83.3,7,123.1,4.2019515774,8,6,3,171.6,129.6,56.7,1,2,0,31.7,51.6,0
140,140,16,335.3,3,83.2,7,120.5,4.61677647282,7,6,3,155.4,125.5,54.4,2,1,0,57.1,26.1,0
141,141,16,325.3,2,57.7,9,159.8,4.22748447661,7,6,3,142.5,126.1,56.7,1,1,0,31.9,25.8,0
142,142,16,329.7,1,32.7,8,141.7,4.25965080728,7,6,3,143.5,127.5,58.7,1,0,0,32.7,0,0
143,143,16,330.5,1,32.8,8,139.7,4.41194873799,7,6,3,148.1,129.3,53.1,1,0,0,32.8,0,0
144,144,16,330.7,2,58.5,10,182.5,4.28341277488,7,6,3,149.0,124.8,56.9,1,1,0,32.5,26.0,0
145,145,16,323.8,2,58.3,8,137.4,4.59534184438,7,6,3,141.0,127.3,55.5,1,1,0,32.4,25.9,0
146,146,16,322.8,2,57.8,10,175.3,4.6184412955,7,6,3,141.5,126.1,55.2,1,1,0,32.2,25.6,0
147,147,16,331.7,3,83.8,8,141.3,4.6122617373,7,6,3,144.7,129.8,57.2,1,2,0,32.4,51.4,0
148,148,16,327.1,1,31.8,8,140.7,4.31245772926,7,6,3,142.8,126.2,58.1,1,0,0,31.8,0,0
149,149,17,353.2,2,59.3,9,157.7,4.61092851438,8,6,3,161.4,131.3,60.5,1,1,0,30.0,29.3,0
150,150,17,355.6,2,55.1,9,161.3,3.91874267051,8,6,3,158.5,136.1,61.0,1,1,0,26.0,29.1,0
151,151,17,356.3,4,104.6,9,162.9,3.70692912387,8,6,3,166.6,128.0,61.7,1,2,1,25.7,53.9,25.0
152,152,17,361.7,3,81.9,8,143.6,3.83626273406,8,6,3,162.9,136.6,62.2,0,2,1,0,56.4,25.5
153,153,17,357.7,3,81.9,10,182.9,3.88362891242,8,6,3,160.2,136.0,61.5,1,2,0,25.8,56.1,0
154,154,17,352.2,4,104.2,8,134.7,4.51763700596,8,6,3,168.6,132.2,51.4,1,2,1,25.4,53.8,25.0
155,155,17,344.0,4,107.6,8,129.9,4.82272500466,8,6,3,168.1,126.1,49.8,2,2,0,53.4,54.2,0
156,156,17,343.1,4,107.5,10,166.7,4.94775647315,8,6,3,169.3,124.0,49.8,2,2,0,53.7,53.8,0
157,157,17,348.4,3,81.6,10,169.9,4.88984542039,8,6,3,170.1,127.9,50.4,1,2,0,26.6,55.0,0
158,158,17,351.8,4,106.1,9,153.6,4.4861551729,8,6,3,167.5,130.1,54.2,1,2,1,26.2,54.5,25.4
159,159,17,358.8,3,81.5,8,136.2,4.46716780917,8,6,3,168.4,134.0,56.4,1,2,0,25.4,56.1,0
160,160,17,363.8,4,108.7,9,159.5,4.4856716331,8,6,3,169.7,132.7,61.4,1,3,0,29.1,79.6,0
161,161,17,340.8,3,79.2,12,217.3,3.72258607138,8,6,3,161.4,120.9,58.5,2,1,0,51.2,28.0,0
162,162,17,338.5,2,53.8,12,218.6,3.4739894849,8,6,3,162.5,116.8,59.2,1,1,0,26.3,27.5,0
163,163,17,336.2,2,52.7,11,195.6,3.50990195942,8,6,3,162.7,114.3,59.2,1,1,0,25.5,27.2,0
164,164,17,335.9,2,55.1,12,214.5,3.78798409836,8,6,3,162.1,114.6,59.2,1,1,0,26.6,28.5,0
165,165,17,315.7,1,25.2,12,202.8,3.36001575627,8,6,3,153.4,112.7,49.6,0,1,0,0,25.2,0
166,166,17,347.2,3,79.7,8,138.8,4.02562563643,8,6,3,163.1,119.4,64.7,1,1,1,27.6,25.2,26.9
167,167,17,344.2,3,80.3,8,134.5,4.19137770415,8,6,3,168.0,110.1,66.1,2,0,1,53.1,0,27.2
168,168,17,340.0,3,81.7,10,172.5,4.35387758211,8,6,3,168.3,107.8,63.9,2,0,1,54.1,0,27.6
169,169,17,341.6,3,81.5,9,153.9,4.29002776626,8,6,3,166.6,110.0,65.0,2,0,1,53.9,0,27.6
170,170,17,324.8,3,83.8,10,159.5,5.0169052448,8,6,3,154.9,105.7,64.2,2,0,1,55.9,0,27.9
171,171,17,326.5,3,82.1,10,160.3,4.88370640347,8,6,3,152.9,108.2,65.4,2,0,1,54.5,0,27.6
172,172,17,323.7,3,82.0,12,198.4,4.88070932646,8,6,3,153.8,106.6,63.3,2,0,1,54.5,0,27.5
173,173,17,333.5,3,81.7,10,162.6,4.81822520412,8,6,3,158.8,111.6,63.1,2,0,1,53.3,0,28.4
174,174,17,333.0,3,81.8,9,147.5,4.54627352248,8,6,3,159.6,110.7,62.7,2,0,1,54.1,0,27.7
175,175,17,334.3,2,56.8,9,143.7,5.06963277473,8,6,3,164.7,110.0,59.6,1,0,1,29.2,0,27.6
176,176,17,330.6,2,55.5,10,163.6,4.86699569127,8,6,3,158.2,113.0,59.4,1,0,1,27.2,0,28.3
177,177,17,332.3,2,56.2,9,141.6,5.05916466018,8,6,3,159.2,112.7,60.4,1,0,1,27.8,0,28.4
178,178,17,334.5,2,55.1,9,146.3,4.67500393205,8,6,3,156.9,115.0,62.6,1,0,1,27.1,0,28.0
179,179,17,329.0,3,80.7,10,162.6,4.68389763539,8,6,3,156.6,111.6,60.8,2,0,1,53.1,0,27.6
180,180,17,323.9,3,80.5,12,198.6,4.84962854854,8,6,3,152.7,109.1,62.1,2,0,1,53.1,0,27.4
181,181,17,326.9,3,81.7,11,178.9,4.98720421502,8,6,3,154.7,111.1,61.1,1,1,1,28.2,26.4,27.1
182,182,17,326.0,2,54.3,11,180.9,4.58891727586,8,6,3,153.4,110.3,62.3,1,0,1,27.8,0,26.5
183,183,16,315.9,4,104.0,10,170.5,4.33189238863,8,5,3,155.9,96.4,63.6,2,1,1,53.0,25.1,25.9
184,184,16,319.1,2,52.6,10,175.8,3.89819937065,8,5,3,152.9,101.7,64.5,1,0,1,27.5,0,25.1
185,185,16,324.9,2,52.5,9,157.7,3.94773669335,8,5,3,159.8,102.6,62.5,1,1,0,27.4,25.1,0
186,186,16,323.1,1,27.0,8,138.1,3.7969230964,8,5,3,158.5,101.9,62.7,1,0,0,27.0,0,0
187,187,16,320.7,3,81.5,10,172.9,4.33450785365,8,5,3,155.3,99.4,66.0,2,0,1,55.2,0,26.3
188,188,17,331.3,4,103.9,12,206.1,4.13066010962,8,6,3,154.0,114.2,63.1,2,1,1,52.3,25.8,25.8
189,189,17,334.0,4,104.2,11,186.5,4.26835999639,8,6,3,151.9,117.1,65.0,2,1,1,53.2,25.6,25.4
190,190,17,330.7,3,77.7,10,165.3,4.14127360347,8,6,3,155.0,114.7,61.0,2,1,0,52.6,25.1,0
191,191,17,332.6,3,78.0,10,167.4,4.1117121094,8,6,3,155.6,117.3,59.7,2,1,0,52.6,25.4,0
192,192,17,332.3,3,78.6,10,163.7,4.3310099352,8,6,3,154.1,116.9,61.3,2,0,1,53.1,0,25.5
193,193,17,332.6,4,107.9,12,203.0,4.67171558109,8,6,3,153.4,116.3,62.9,2,1,1,54.5,26.3,27.1
194,194,17,347.4,4,114.2,9,148.2,5.27955267713,8,6,3,157.0,128.4,62.0,2,1,1,56.2,29.7,28.3
195,195,17,350.5,3,86.1,8,129.1,5.20339255848,8,6,3,152.2,131.5,66.8,1,2,0,30.7,55.4,0
196,196,17,354.8,4,112.8,7,108.5,5.51857824828,8,6,3,147.8,136.1,70.9,1,1,2,28.6,31.2,53.0
197,197,17,338.0,2,55.6,9,150.6,4.32322728036,8,6,3,148.9,127.1,62.0,1,1,0,27.8,27.8,0
198,198,17,339.7,2,58.4,10,170.3,4.75581687175,8,6,3,153.8,127.2,58.7,1,1,0,32.4,26.0,0
199,199,17,343.7,4,111.1,11,189.0,4.77758245535,8,6,3,151.4,130.8,61.5,1,2,1,29.0,54.0,28.1
200,200,18,344.3,3,81.1,12,199.9,4.29141489838,8,6,4,142.3,125.0,77.0,0,2,1,0,53.3,27.8
201,201,18,345.7,3,79.3,13,222.9,3.97262281448,8,6,4,146.0,122.6,77.1,0,2,1,0,51.6,27.7
202,202,18,343.5,3,80.0,12,196.7,4.36136109354,8,6,4,145.1,122.8,75.6,0,2,1,0,52.8,27.2
203,203,18,352.4,4,111.1,12,196.2,5.17193280011,8,6,4,150.3,124.5,77.6,1,2,1,26.7,56.0,28.4
204,204,17,341.2,3,85.8,10,167.9,5.00097049405,7,6,4,137.6,131.4,72.2,1,2,0,33.5,52.3,0
205,205,17,348.6,3,87.3,11,194.6,4.96619454263,7,6,4,139.6,130.5,78.5,1,2,0,33.5,53.8,0
206,206,18,359.8,3,84.8,12,209.3,4.52559893844,8,6,4,154.7,129.3,75.8,1,2,0,31.8,53.0,0
207,207,18,362.5,3,83.8,12,212.2,4.46161918496,8,6,4,161.2,131.0,70.3,1,2,0,31.7,52.1,0
208,208,18,363.0,3,84.6,11,190.4,4.72365760576,8,6,4,164.1,128.0,70.9,1,2,0,32.6,52.0,0
209,209,18,360.4,3,85.3,10,168.4,4.8840142067,8,6,4,160.3,128.4,71.7,1,2,0,32.7,52.6,0
210,210,18,364.9,3,85.5,9,148.5,4.97603735038,8,6,4,160.4,132.5,72.0,1,2,0,32.6,52.9,0
211,211,18,364.4,3,87.3,9,146.8,5.21572534262,8,6,4,159.7,132.1,72.6,1,2,0,33.5,53.8,0
212,212,18,360.7,3,88.3,10,159.8,5.74918294849,8,6,4,155.3,133.7,71.7,1,2,0,34.0,54.3,0
213,213,18,360.8,3,87.5,10,160.8,5.64761503252,8,6,4,156.3,131.0,73.5,1,2,0,33.8,53.7,0
214,214,18,354.1,3,87.9,11,179.5,5.53946329483,8,6,4,153.6,129.0,71.5,1,2,0,33.6,54.3,0
215,215,18,365.2,3,88.5,9,141.8,5.76570886299,8,6,4,156.6,133.7,74.9,1,2,0,33.9,54.6,0
216,216,18,364.5,3,90.3,9,140.7,5.85644441419,8,6,4,157.2,132.8,74.5,1,2,0,33.5,56.8,0
217,217,18,365.7,3,89.5,8,122.1,5.8053980965,8,6,4,156.7,134.1,74.9,1,2,0,33.4,56.1,0
218,218,18,359.6,3,88.7,9,140.0,5.73724216958,8,6,4,155.9,132.1,71.6,1,2,0,33.2,55.5,0
219,219,18,354.8,3,89.1,10,154.2,5.84957403063,8,6,4,151.6,132.2,71.0,1,2,0,32.8,56.3,0
220,220,18,368.5,4,116.0,9,141.7,5.80403567058,8,6,4,156.2,134.8,77.5,1,2,1,32.6,57.4,26.0
221,221,18,371.3,4,116.5,10,163.8,5.89344656532,8,6,4,160.9,132.2,78.2,1,2,1,33.1,57.7,25.7
222,222,18,370.7,4,115.7,10,163.8,5.78786481226,8,6,4,161.5,131.5,77.7,1,2,1,32.4,57.2,26.1
223,223,17,356.1,4,115.8,8,126.4,5.96071699201,7,6,4,143.1,133.3,79.7,1,2,1,32.6,56.8,26.4
224,224,17,357.7,4,115.4,7,109.5,5.85513223842,7,6,4,143.4,133.9,80.4,1,2,1,32.6,56.6,26.2
225,225,17,354.5,4,113.6,7,108.4,5.77019471585,7,6,4,142.6,131.7,80.2,1,2,1,32.0,55.9,25.7
226,226,16,338.3,4,112.1,6,92.6,5.54760834354,7,6,3,143.9,126.8,67.6,1,2,1,31.6,55.4,25.1
227,227,16,341.9,3,87.6,5,76.5,5.37906048178,7,6,3,143.4,132.1,66.4,1,2,0,31.7,55.9,0
228,228,16,317.7,3,82.6,9,148.0,5.16087444141,7,6,3,125.4,127.3,65.0,1,2,0,29.4,53.2,0
229,229,17,336.0,3,82.5,9,144.7,5.02890907361,8,6,3,147.9,124.7,63.4,0,2,1,0,56.2,26.3
230,230,17,333.1,4,109.6,12,199.7,5.23121288377,8,6,3,148.1,125.8,59.2,1,2,1,26.1,57.2,26.3
231,231,17,343.5,4,108.4,10,171.7,4.70125921805,8,6,3,152.7,130.2,60.6,1,2,1,26.5,56.2,25.7
232,232,18,354.7,3,85.1,11,181.0,5.15677421083,8,6,4,145.6,130.7,78.4,1,1,1,28.1,31.4,25.6
233,233,18,361.0,3,85.3,9,141.6,5.21662751348,8,6,4,149.0,132.9,79.1,1,1,1,27.3,32.3,25.7
234,234,18,353.6,4,110.0,11,179.1,5.23564954364,8,6,4,148.0,131.0,74.6,1,2,1,26.1,58.0,25.9
235,235,18,347.3,4,107.1,12,197.8,4.91162752734,8,6,4,144.8,126.7,75.8,1,2,1,26.5,55.2,25.4
236,236,18,349.3,4,108.7,10,155.7,5.1249645304,8,6,4,148.3,126.1,74.9,1,2,1,26.8,56.9,25.0
237,237,18,345.5,3,81.9,11,176.0,4.92812722122,8,6,4,148.4,124.6,72.5,0,2,1,0,56.8,25.1
238,238,18,340.6,3,81.0,12,190.4,4.99806498505,8,6,4,149.0,122.4,69.2,0,2,1,0,55.9,25.1
239,239,18,344.7,2,55.9,11,176.1,4.84831686986,8,6,4,152.8,122.9,69.0,1,1,0,25.6,30.3,0
240,240,18,345.4,3,81.9,11,175.2,4.96124852513,8,6,4,154.4,122.5,68.5,1,2,0,25.9,56.0,0
241,241,18,350.7,3,82.5,10,156.8,5.04430371806,8,6,4,156.4,124.5,69.8,1,2,0,26.3,56.2,0
242,242,18,348.0,4,107.4,12,194.6,5.1254841952,8,6,4,154.3,125.8,67.9,1,2,1,25.9,56.5,25.0
243,243,18,344.6,4,106.7,12,193.2,5.05234042705,8,6,4,151.9,124.7,68.0,1,2,1,25.3,56.3,25.1
244,244,18,349.7,3,83.6,12,197.2,5.10003524273,8,6,4,153.3,128.1,68.3,1,1,1,26.8,31.4,25.4
245,245,17,331.7,3,84.6,11,179.1,5.23639694267,7,6,4,137.5,125.2,69.0,1,1,1,26.9,32.1,25.6
246,246,17,334.6,2,60.2,11,181.2,5.39331012623,7,6,4,138.6,128.5,67.5,1,1,0,27.1,33.1,0
247,247,17,341.7,3,85.3,9,148.0,5.13115484077,7,6,4,144.9,130.8,66.0,1,2,0,27.0,58.3,0
248,248,17,341.1,3,86.7,10,166.8,5.26924344385,7,6,4,142.1,132.1,66.9,1,2,0,27.9,58.8,0
249,249,17,350.4,3,87.8,9,152.4,5.31094181301,7,6,4,148.9,133.6,67.9,1,1,1,29.0,33.7,25.1
250,250,17,344.4,2,62.0,10,170.6,5.16019122993,7,6,4,141.0,135.8,67.6,1,1,0,28.1,33.9,0
251,251,17,341.5,2,60.6,10,170.7,4.9432886767,7,6,4,142.0,131.9,67.6,1,1,0,27.3,33.3,0
252,252,17,329.8,1,32.3,12,205.7,4.54051208566,7,6,4,134.6,128.6,66.6,0,1,0,0,32.3,0
253,253,17,338.9,2,57.4,10,170.5,4.68133810684,7,6,4,142.9,129.7,66.3,1,1,0,25.1,32.3,0
254,254,17,334.7,2,57.1,10,165.1,4.80050548809,7,6,4,140.9,126.8,67.0,0,1,1,0,32.0,25.1
255,255,17,330.9,2,59.4,10,161.4,5.08059312193,7,6,4,140.4,123.8,66.7,1,1,0,26.6,32.8,0
256,256,17,335.1,3,87.3,10,162.4,5.57201515981,7,6,4,139.3,130.5,65.3,1,1,1,27.8,34.0,25.5
257,257,17,333.6,3,88.1,12,200.2,5.67698527078,7,6,4,136.5,132.2,64.9,1,1,1,27.6,33.6,26.9
258,258,17,353.2,4,117.9,9,148.3,5.981066942,7,6,4,140.0,138.8,74.4,1,2,1,30.8,60.3,26.8
259,259,17,340.8,3,85.1,10,167.4,5.18870379371,7,6,4,134.2,132.0,74.6,1,1,1,26.1,33.2,25.8
260,260,17,324.9,2,58.3,12,198.2,5.01708111766,7,6,4,131.4,122.9,70.6,1,1,0,27.1,31.2,0
261,261,17,329.7,4,108.7,13,221.0,5.02275703526,7,6,4,131.0,129.8,68.9,1,2,1,26.9,56.7,25.1
262,262,17,332.1,3,86.8,12,200.5,5.32423012938,7,6,4,128.6,131.4,72.1,1,2,0,27.5,59.3,0
263,263,17,340.1,4,109.8,10,167.2,4.94311017835,7,6,4,134.8,131.4,73.9,1,2,1,26.9,57.7,25.2
264,264,17,343.8,4,112.8,10,167.7,5.2595780976,7,6,4,135.2,134.6,74.0,1,2,1,27.6,60.2,25.0
265,265,17,331.6,3,86.9,12,200.0,5.30170616267,7,6,4,130.6,127.7,73.3,1,2,0,27.8,59.1,0
266,266,17,346.8,2,60.8,8,128.6,5.30412575266,7,6,4,140.9,131.0,74.9,1,1,0,29.5,31.3,0
267,267,17,353.0,3,92.2,8,129.1,5.95576833587,7,6,4,145.4,130.8,76.8,1,1,1,33.2,32.8,26.2
268,268,17,341.7,3,93.5,9,135.8,6.64407630901,7,6,4,131.4,134.1,76.2,1,1,1,32.9,33.8,26.8
269,269,17,344.4,4,118.9,9,135.8,6.79393652674,7,6,4,132.3,135.4,76.7,1,2,1,31.9,61.2,25.8
270,270,17,342.0,4,120.0,10,155.4,6.83001055033,7,6,4,130.3,132.7,79.0,1,2,1,31.7,61.5,26.8
271,271,17,340.5,5,144.7,10,152.4,6.88483521098,7,6,4,129.2,132.0,79.3,1,2,2,31.2,62.4,51.1
272,272,17,339.6,5,144.3,10,153.8,6.8223464999,7,6,4,127.3,133.8,78.5,1,2,2,31.1,62.9,50.3
273,273,17,332.3,4,119.1,11,167.3,6.81286628805,7,6,4,120.5,132.5,79.3,1,2,1,30.2,62.2,26.7
274,274,17,306.0,3,82.9,14,223.1,5.1300584792,7,6,4,116.6,117.9,71.5,1,1,1,26.5,29.8,26.6
275,275,17,303.3,3,79.7,13,201.7,4.97632630857,7,6,4,117.8,113.0,72.5,1,1,1,27.1,27.3,25.3
276,276,16,296.5,3,80.6,12,194.1,4.85039087772,7,6,3,119.3,116.7,60.5,1,1,1,28.2,27.2,25.2
277,277,17,311.1,2,56.5,13,207.3,5.07813942306,8,6,3,136.9,114.2,60.0,1,1,0,26.9,29.6,0
278,278,17,312.3,2,56.6,12,184.1,5.53102213721,8,6,3,129.9,125.9,56.5,0,2,0,0,56.6,0
279,279,17,296.6,2,52.2,13,196.0,5.02830956275,8,6,3,123.4,116.7,56.5,0,2,0,0,52.2,0
280,280,17,297.9,2,51.8,14,221.3,4.65275851132,8,6,3,118.2,123.2,56.5,0,2,0,0,51.8,0
281,281,17,307.3,1,25.6,12,188.9,4.47053260414,8,6,3,131.1,119.7,56.5,1,0,0,25.6,0,0
282,282,17,307.9,1,26.1,12,191.7,3.92967593335,8,6,3,144.5,117.0,46.4,0,1,0,0,26.1,0
283,283,17,308.6,0,0,9,137.1,3.5847101778,8,6,3,138.1,118.9,51.6,0,0,0,0,0,0
284,284,17,307.5,0,0,9,138.8,3.3126428937,8,6,3,143.4,114.2,49.9,0,0,0,0,0,0
285,285,17,313.6,0,0,9,136.8,3.82689783752,8,6,3,146.1,114.9,52.6,0,0,0,0,0,0
286,286,16,287.2,2,52.8,12,191.2,4.10868997776,7,6,3,119.0,121.8,46.4,0,2,0,0,52.8,0
287,287,16,279.8,2,52.0,13,204.9,4.31367979031,7,6,3,113.7,122.1,44.0,0,2,0,0,52.0,0
288,288,14,238.0,0,0,11,173.9,3.72888929637,6,6,2,99.5,107.7,30.8,0,0,0,0,0,0
289,289,14,233.1,0,0,11,170.5,3.50027471449,6,6,2,97.4,104.9,30.8,0,0,0,0,0,0
290,290,14,238.3,1,25.3,10,146.4,4.66066660327,6,6,2,107.9,108.4,22.0,0,1,0,0,25.3,0
291,291,14,282.0,2,50.8,8,143.5,3.09831574239,6,6,2,118.6,127.8,35.6,1,1,0,25.2,25.6,0
292,292,15,332.7,3,88.5,5,91.3,4.42851152033,6,6,3,142.4,125.6,64.7,2,0,1,61.9,0,26.6
293,293,15,352.8,6,175.0,6,109.9,5.3004312493,6,6,3,155.2,125.4,72.2,4,1,1,116.5,27.9,30.6
294,294,16,378.3,4,125.4,5,90.8,5.5684789964,7,6,3,166.1,147.4,64.8,2,2,0,62.4,63.0,0
295,295,19,407.4,5,145.6,10,174.2,5.28491730088,9,6,4,202.7,131.0,73.7,3,2,0,88.1,57.5,0
296,296,19,402.4,6,171.2,12,206.4,5.62193906321,9,6,4,207.2,127.7,67.5,4,2,0,116.1,55.1,0
297,297,19,410.3,6,170.6,8,131.4,5.51628635992,9,6,4,207.5,139.3,63.5,4,2,0,114.3,56.3,0
298,298,19,405.9,6,171.2,11,190.2,5.66668730646,9,6,4,206.6,133.3,66.0,4,2,0,110.8,60.4,0
299,299,19,409.6,6,170.4,10,173.8,5.52019683521,9,6,4,214.7,129.4,65.5,5,1,0,140.9,29.5,0
300,300,19,400.8,5,144.3,10,164.3,6.00143257751,9,6,4,224.7,119.1,57.0,4,1,0,117.3,27.0,0
301,301,18,392.3,7,204.9,10,166.2,6.94994474986,8,6,4,210.9,124.4,57.0,5,2,0,154.0,50.9,0
302,302,19,432.1,6,195.3,8,126.0,7.99050240316,9,6,4,226.6,142.9,62.6,4,2,0,124.7,70.6,0
303,303,19,404.2,5,147.2,10,167.3,5.9557481203,9,6,4,216.1,127.0,61.1,4,1,0,120.4,26.8,0
304,304,18,402.2,6,174.4,8,137.7,5.88219869079,9,6,3,214.7,136.2,51.3,4,2,0,121.0,53.4,0
305,305,17,403.2,8,241.8,5,75.8,7.6644663296,8,6,3,212.7,145.5,45.0,5,3,0,157.9,83.9,0
306,306,17,403.9,6,188.6,6,99.8,6.67673749143,8,6,3,199.6,149.5,54.8,3,3,0,98.2,90.4,0
307,307,17,409.3,7,215.6,7,123.6,6.53495690611,8,6,3,207.1,150.1,52.1,4,3,0,127.7,87.9,0
308,308,17,421.7,8,241.5,4,70.1,6.11805428509,8,6,3,214.9,152.4,54.4,5,3,0,152.2,89.3,0
309,309,18,415.3,6,174.9,6,105.6,5.30058881918,9,6,3,217.1,142.4,55.8,4,2,0,113.7,61.2,0
310,310,18,437.1,6,180.3,4,74.4,4.75917071372,9,6,3,230.8,142.3,64.0,5,1,0,150.3,30.0,0
311,311,19,477.3,8,248.0,3,49.5,6.34687840573,9,6,4,246.6,152.4,78.3,4,3,1,138.9,83.2,25.9
312,312,18,427.0,5,174.2,9,160.3,7.82210709957,8,6,4,217.0,141.4,68.6,4,1,0,140.4,33.8,0
313,313,18,419.1,4,151.4,9,158.3,8.45167926231,8,6,4,213.9,136.6,68.6,3,1,0,116.2,35.2,0
314,314,18,419.3,5,175.1,9,156.4,8.30141534511,8,6,4,216.3,134.4,68.6,3,2,0,113.9,61.2,0
315,315,18,404.8,4,149.7,9,143.6,8.923194422,8,6,4,212.8,134.0,58.0,3,1,0,114.2,35.5,0
316,316,18,399.6,5,177.0,11,178.6,9.17567115673,8,6,4,208.0,133.6,58.0,3,2,0,115.5,61.5,0
317,317,18,414.1,7,219.6,9,149.5,8.22095401808,8,6,4,219.0,138.9,56.2,4,3,0,138.8,80.8,0
318,318,18,425.4,9,274.5,8,127.8,8.31766369913,8,6,4,207.7,160.1,57.6,4,5,0,137.5,137.0,0
319,319,18,455.1,9,286.8,5,76.4,8.12398409938,8,6,4,220.0,166.0,69.1,4,4,1,140.6,120.7,25.5
320,320,18,435.1,7,228.8,7,121.3,7.82182508833,8,6,4,220.8,147.2,67.1,5,2,0,165.6,63.2,0
321,321,18,433.3,8,244.7,6,102.3,7.31933825003,8,6,4,216.1,144.8,72.4,5,3,0,164.5,80.2,0
322,322,18,409.3,9,259.5,7,109.1,6.9788031073,8,6,4,193.5,153.5,62.3,5,4,0,146.7,112.8,0
323,323,18,422.1,7,207.1,6,100.4,6.09022843192,9,6,3,208.6,158.7,54.8,4,3,0,117.7,89.4,0
324,324,18,413.1,8,228.4,7,119.6,5.991979934,9,6,3,207.4,145.7,60.0,4,4,0,122.3,106.1,0
325,325,17,405.3,8,236.5,5,78.9,6.63240706904,8,6,3,192.3,160.8,52.2,4,4,0,123.0,113.5,0
326,326,17,406.4,8,241.5,6,91.9,7.59378615944,8,6,3,201.8,157.2,47.4,4,4,0,133.0,108.5,0
327,327,17,408.7,9,266.6,6,97.6,7.02531661418,8,6,3,191.8,163.5,53.4,4,5,0,127.2,139.4,0
328,328,17,402.3,8,233.8,5,78.8,6.46344927037,8,6,3,192.6,152.2,57.5,4,4,0,123.7,110.1,0
329,329,19,477.9,8,268.3,6,100.4,8.25276845274,9,6,4,240.5,164.2,73.2,5,3,0,167.8,100.5,0
330,330,18,473.6,8,275.9,4,67.3,8.2915186212,8,6,4,231.5,169.8,72.3,5,3,0,172.6,103.3,0
331,331,18,405.4,8,234.6,9,150.5,6.85939077689,8,6,4,188.3,159.4,57.7,4,4,0,114.5,120.1,0
332,332,17,404.1,9,261.3,7,121.0,6.4887175838,8,6,3,198.9,157.0,48.2,5,4,0,143.9,117.4,0
333,333,17,407.6,9,273.2,6,92.2,7.97429694485,8,6,3,203.2,154.2,50.2,5,4,0,153.5,119.7,0
334,334,17,396.2,8,235.4,6,95.3,7.03912908216,8,6,3,197.5,146.9,51.8,4,4,0,122.0,113.4,0
335,335,17,409.7,9,273.6,7,113.2,7.55240028071,8,6,3,205.0,152.6,52.1,5,4,0,155.5,118.1,0
336,336,18,425.7,6,184.6,6,100.6,6.51462156366,9,6,3,232.0,136.1,57.6,5,1,0,158.2,26.4,0
337,337,18,411.7,8,226.9,7,118.6,5.95421803584,9,6,3,221.4,135.7,54.6,5,3,0,148.9,78.0,0
338,338,17,392.5,5,153.8,5,80.3,6.21227437749,8,6,3,197.2,140.4,54.9,4,1,0,122.5,31.3,0
339,339,17,392.1,6,180.6,5,82.4,6.34979735666,8,6,3,199.2,139.1,53.8,4,2,0,123.2,57.4,0
340,340,17,403.9,8,227.7,4,66.4,5.586373916,8,6,3,200.8,149.4,53.7,5,3,0,146.1,81.6,0
341,341,17,406.1,7,211.6,5,87.9,6.23035736866,8,6,3,201.6,149.2,55.3,4,3,0,127.0,84.6,0
342,342,17,409.6,8,241.5,7,122.0,6.85706484112,8,6,3,199.4,156.6,53.6,5,3,0,145.9,95.6,0
343,343,18,421.5,7,211.6,7,119.2,6.44079370337,9,6,3,220.2,140.8,60.5,5,2,0,152.3,59.3,0
344,344,18,388.9,4,116.5,8,136.6,5.10311003469,9,6,3,196.4,139.1,53.4,2,2,0,58.9,57.6,0
345,345,18,371.8,3,88.7,9,151.6,4.96354027143,9,6,3,190.5,126.6,54.7,2,1,0,58.7,30.0,0
346,346,18,376.9,4,117.4,9,149.7,5.47638125353,9,6,3,196.6,125.6,54.7,3,1,0,85.1,32.3,0
347,347,18,365.4,5,138.1,10,161.3,5.57378316976,9,6,3,188.7,128.7,48.0,3,2,0,79.2,58.9,0
348,348,18,370.5,5,140.6,11,185.0,5.58667005943,9,6,3,184.6,132.7,53.2,3,2,0,80.9,59.7,0
349,349,18,368.2,4,114.5,9,143.2,5.58171618372,9,6,3,187.7,127.2,53.3,3,1,0,81.9,32.6,0
350,350,18,365.8,5,140.3,9,140.8,5.71597920751,9,6,3,185.1,127.4,53.3,3,2,0,82.9,57.4,0
351,351,18,358.4,4,113.7,9,135.8,5.83326050375,9,6,3,179.9,123.2,55.3,2,2,0,55.0,58.7,0
352,352,18,382.2,6,178.9,9,136.6,7.07597426258,9,6,3,199.4,127.5,55.3,4,2,0,117.7,61.2,0
353,353,17,354.9,4,123.8,9,143.6,6.58696908788,8,6,3,172.4,131.0,51.5,2,2,0,62.4,61.4,0
354,354,17,344.7,4,120.4,10,155.9,6.55491508448,8,6,3,169.3,132.5,42.9,2,2,0,61.0,59.4,0
355,355,17,346.1,4,119.3,9,137.0,6.63636372793,8,6,3,172.0,131.2,42.9,3,1,0,89.4,29.9,0
356,356,16,353.8,6,192.0,8,117.6,8.70722879758,7,6,3,176.7,134.3,42.8,4,2,0,133.2,58.8,0
357,357,16,319.4,3,96.2,9,136.2,7.23932547502,7,6,3,152.8,123.8,42.8,2,1,0,68.9,27.3,0
358,358,16,357.4,7,213.2,7,102.4,8.16373076479,7,6,3,175.9,138.7,42.8,4,3,0,126.6,86.6,0
359,359,16,386.2,7,232.7,7,109.0,9.05272518821,7,6,3,189.7,152.2,44.3,4,3,0,136.1,96.6,0
360,360,16,385.3,7,223.7,6,89.6,8.19538233804,7,6,3,184.7,150.0,50.6,4,3,0,129.3,94.4,0
361,361,16,351.4,5,151.6,7,110.0,6.97059299247,7,6,3,170.7,127.6,53.1,4,1,0,115.7,35.9,0
362,362,17,397.7,7,213.4,6,95.4,6.92382396045,8,6,3,201.0,143.5,53.2,5,2,0,152.0,61.4,0
