,e_id,num_sat,sum_snr,num_sat_25,sum_snr_25,num_sat_u20,sum_sat_u20,snr_std,elev_0_30,elev_30_60,elev_60_90,sum_elev_0_30,sum_elev_30_60,sum_elev_60_90,elev_0_30_25,elev_30_60_25,elev_60_90_25,sum_elev_0_30_25,sum_elev_30_60_25,sum_elev_60_90_25
1,1,15,259.3,1,27.8,10,145.1,4.68612948219,6,8,1,108.8,137.7,12.8,1,0,0,27.8,0,0
2,2,15,242.3,1,25.3,14,217.0,3.5726873972,6,8,1,100.6,128.9,12.8,1,0,0,25.3,0,0
3,3,15,268.2,1,26.4,11,172.7,4.24923522531,6,8,1,113.9,138.3,16.0,1,0,0,26.4,0,0
4,4,15,272.6,1,25.0,11,180.8,3.73639755201,6,8,1,114.7,139.8,18.1,1,0,0,25.0,0,0
5,5,15,263.9,2,52.5,12,190.7,4.20160966887,6,8,1,109.0,136.9,18.0,1,1,0,25.6,26.9,0
6,6,15,267.9,1,27.3,11,175.8,4.00210658814,6,8,1,107.2,142.9,17.8,0,1,0,0,27.3,0
7,7,15,275.5,2,53.3,12,199.3,4.29079857147,6,8,1,106.4,151.1,18.0,1,1,0,25.8,27.5,0
8,8,15,285.1,2,52.1,9,145.2,4.45107798607,6,8,1,113.7,153.4,18.0,1,1,0,26.2,25.9,0
9,9,15,288.9,0,0,7,109.9,4.06918735306,6,8,1,115.0,151.4,22.5,0,0,0,0,0,0
10,10,15,280.7,0,0,8,130.1,3.53530493061,6,8,1,111.8,147.9,21.0,0,0,0,0,0,0
11,11,15,278.3,1,27.7,10,165.1,4.06094054318,6,8,1,115.5,145.5,17.3,1,0,0,27.7,0,0
12,12,15,284.1,1,28.4,10,169.5,4.11231599675,6,8,1,115.7,149.5,18.9,1,0,0,28.4,0,0
13,13,15,285.4,1,26.6,9,152.1,3.87822983675,6,8,1,116.6,147.9,20.9,1,0,0,26.6,0,0
14,14,15,279.6,0,0,9,147.3,3.74867595673,6,8,1,110.0,147.3,22.3,0,0,0,0,0,0
15,15,15,276.6,0,0,8,124.9,3.80897436514,6,8,1,111.3,142.8,22.5,0,0,0,0,0,0
16,16,16,282.9,0,0,11,177.8,3.22825417215,7,8,1,122.5,139.0,21.4,0,0,0,0,0,0
17,17,16,288.7,0,0,10,159.8,3.44344183437,7,8,1,124.4,140.3,24.0,0,0,0,0,0,0
18,18,16,295.1,0,0,12,207.9,2.84369917537,7,8,1,127.6,143.9,23.6,0,0,0,0,0,0
19,19,16,309.2,0,0,8,131.6,3.57668375268,7,8,1,137.5,147.2,24.5,0,0,0,0,0,0
20,20,15,285.3,0,0,9,151.0,3.65927393267,6,8,1,123.5,138.6,23.2,0,0,0,0,0,0
21,21,15,282.0,0,0,9,149.5,3.5932476357,6,8,1,121.8,135.9,24.3,0,0,0,0,0,0
22,22,15,294.3,1,25.5,6,89.8,4.49336018079,6,8,1,127.8,141.0,25.5,0,0,1,0,0,25.5
23,23,15,290.2,0,0,6,89.7,4.24127114818,6,8,1,126.4,140.0,23.8,0,0,0,0,0,0
24,24,15,298.4,1,26.6,7,110.1,4.55905169755,6,8,1,128.7,146.0,23.7,0,1,0,0,26.6,0
25,25,15,282.7,0,0,9,150.3,3.38671072337,6,8,1,120.3,145.3,17.1,0,0,0,0,0,0
26,26,16,301.3,1,27.4,9,148.1,3.54508462522,7,8,1,135.9,143.5,21.9,1,0,0,27.4,0,0
27,27,16,320.2,2,51.0,6,94.0,3.91115924844,7,8,1,144.8,153.5,21.9,2,0,0,51.0,0,0
28,28,16,310.5,1,26.2,7,109.7,3.82613272988,7,8,1,137.1,151.5,21.9,1,0,0,26.2,0,0
29,29,17,316.6,1,28.2,9,140.4,3.96934021781,7,8,2,138.0,148.2,30.4,1,0,0,28.2,0,0
30,30,17,315.0,1,27.0,11,174.6,4.19162329919,7,8,2,127.9,148.7,38.4,1,0,0,27.0,0,0
31,31,17,305.7,2,51.0,12,188.1,4.13736560116,7,8,2,127.3,141.5,36.9,2,0,0,51.0,0,0
32,32,17,303.9,1,26.3,12,187.5,4.0329160374,7,8,2,125.9,141.4,36.6,1,0,0,26.3,0,0
33,33,17,296.1,1,27.2,12,177.9,4.38922477411,7,8,2,123.8,133.5,38.8,1,0,0,27.2,0,0
34,34,17,302.4,2,52.9,12,181.2,4.63558010838,7,8,2,126.0,136.9,39.5,2,0,0,52.9,0,0
35,35,17,300.7,2,53.6,12,180.6,4.74050133859,7,8,2,127.6,134.9,38.2,2,0,0,53.6,0,0
36,36,17,288.7,2,53.3,13,191.3,4.85672668756,7,8,2,125.6,122.7,40.4,2,0,0,53.3,0,0
37,37,17,290.1,1,28.1,13,192.9,4.76470633624,7,8,2,123.7,126.3,40.1,1,0,0,28.1,0,0
38,38,17,288.9,2,53.3,12,171.5,4.83095106944,7,8,2,121.1,127.3,40.5,2,0,0,53.3,0,0
39,39,17,309.2,2,52.4,11,167.8,4.64702624709,7,8,2,135.6,130.9,42.7,2,0,0,52.4,0,0
40,40,17,310.0,2,52.4,10,149.2,4.59469002987,7,8,2,133.8,132.8,43.4,2,0,0,52.4,0,0
41,41,17,311.3,2,52.2,11,170.3,4.53953223815,7,8,2,134.8,132.9,43.6,2,0,0,52.2,0,0
42,42,17,306.9,2,51.0,11,168.9,4.23690890377,7,8,2,134.8,132.7,39.4,2,0,0,51.0,0,0
43,43,17,302.1,2,53.3,13,204.2,4.52102929457,7,8,2,133.4,129.3,39.4,2,0,0,53.3,0,0
44,44,17,310.4,2,53.1,12,190.6,4.36707264989,7,8,2,135.6,135.4,39.4,2,0,0,53.1,0,0
45,45,17,300.6,2,54.2,13,204.1,4.3650938269,7,8,2,133.7,127.5,39.4,2,0,0,54.2,0,0
46,46,17,303.4,2,50.7,13,210.0,3.9332107824,7,8,2,130.8,133.2,39.4,2,0,0,50.7,0,0
47,47,17,293.0,1,26.3,13,198.3,4.23703038349,7,8,2,132.4,129.7,30.9,1,0,0,26.3,0,0
48,48,17,294.7,0,0,13,203.1,3.86570517119,7,8,2,129.9,133.9,30.9,0,0,0,0,0,0
49,49,18,309.9,0,0,15,242.3,3.46040630052,8,8,2,140.8,138.2,30.9,0,0,0,0,0,0
50,50,18,309.5,0,0,15,240.0,3.51090271989,8,8,2,142.6,136.0,30.9,0,0,0,0,0,0
51,51,18,312.8,0,0,15,242.9,3.56346750421,8,8,2,145.4,136.5,30.9,0,0,0,0,0,0
52,52,18,311.7,2,51.8,16,259.9,3.76957635317,8,8,2,146.9,132.6,32.2,2,0,0,51.8,0,0
53,53,18,320.4,2,53.2,15,246.1,3.97033114636,8,8,2,149.5,135.7,35.2,2,0,0,53.2,0,0
54,54,18,316.7,1,27.1,14,224.9,3.97513924613,8,8,2,148.7,137.4,30.6,1,0,0,27.1,0,0
55,55,18,312.1,1,26.0,13,199.9,4.00075564758,8,8,2,148.6,131.2,32.3,1,0,0,26.0,0,0
56,56,18,317.3,1,26.4,13,203.1,4.11021762062,8,8,2,150.8,129.6,36.9,1,0,0,26.4,0,0
57,57,18,319.1,2,52.9,13,204.1,4.15618682074,8,8,2,151.6,129.9,37.6,2,0,0,52.9,0,0
58,58,18,314.4,1,27.2,14,220.8,3.98910280345,8,8,2,149.0,128.1,37.3,1,0,0,27.2,0,0
59,59,17,299.3,1,26.5,14,228.2,3.78326423017,7,8,2,134.9,128.4,36.0,1,0,0,26.5,0,0
60,60,17,300.4,1,27.2,13,208.5,3.82830979446,7,8,2,133.8,128.5,38.1,1,0,0,27.2,0,0
61,61,17,299.4,1,26.5,13,205.4,3.94539008733,7,8,2,134.9,126.4,38.1,1,0,0,26.5,0,0
62,62,17,308.4,1,27.0,11,174.4,3.80838857385,7,8,2,122.1,148.2,38.1,0,1,0,0,27.0,0
63,63,17,321.5,1,25.6,10,162.7,3.69609292919,7,8,2,131.8,151.6,38.1,1,0,0,25.6,0,0
64,64,18,335.5,1,25.2,11,179.9,3.43136722689,8,8,2,150.2,147.2,38.1,1,0,0,25.2,0,0
65,65,17,317.9,0,0,11,183.8,3.29431328201,7,8,2,132.6,147.2,38.1,0,0,0,0,0,0
66,66,17,302.4,0,0,12,194.1,3.25708503745,7,8,2,129.7,134.6,38.1,0,0,0,0,0,0
67,67,17,310.0,1,25.1,12,197.3,3.73077424546,7,8,2,127.0,144.9,38.1,1,0,0,25.1,0,0
68,68,17,314.1,1,26.1,10,159.5,3.95119118301,7,8,2,130.6,145.4,38.1,1,0,0,26.1,0,0
69,69,18,325.5,1,26.9,14,230.2,3.99768315256,8,8,2,143.1,144.3,38.1,1,0,0,26.9,0,0
70,70,18,332.2,2,52.4,12,192.3,4.2954452241,8,8,2,145.1,149.0,38.1,1,1,0,26.7,25.7,0
71,71,18,339.7,1,27.4,10,158.1,4.12079454868,8,8,2,151.4,150.2,38.1,1,0,0,27.4,0,0
72,72,18,323.9,1,27.7,12,187.9,4.40901112325,8,8,2,153.5,144.1,26.3,1,0,0,27.7,0,0
73,73,18,321.1,1,29.9,13,203.5,4.70558352809,8,8,2,154.7,140.1,26.3,1,0,0,29.9,0,0
74,74,19,342.3,1,28.6,13,203.9,4.49855077379,9,8,2,177.4,138.6,26.3,1,0,0,28.6,0,0
75,75,19,327.2,1,28.5,14,209.3,4.91941493217,9,8,2,167.3,133.6,26.3,1,0,0,28.5,0,0
76,76,19,326.4,1,28.0,13,187.9,4.92133438853,9,8,2,165.2,134.9,26.3,1,0,0,28.0,0,0
77,77,19,329.3,1,27.7,14,212.5,4.56715966093,9,8,2,168.3,134.7,26.3,1,0,0,27.7,0,0
78,78,19,323.8,1,28.4,14,207.4,4.58503796052,9,8,2,168.4,129.1,26.3,1,0,0,28.4,0,0
79,79,19,327.4,1,26.4,13,193.7,4.28628985275,9,8,2,164.2,136.9,26.3,1,0,0,26.4,0,0
80,80,19,326.5,1,25.9,13,194.0,4.2017540197,9,8,2,163.7,136.5,26.3,1,0,0,25.9,0,0
81,81,19,332.7,1,27.8,13,194.0,4.67545538327,9,8,2,167.3,139.1,26.3,1,0,0,27.8,0,0
82,82,18,307.8,1,28.9,13,192.7,4.67282506816,8,8,2,150.2,131.3,26.3,1,0,0,28.9,0,0
83,83,18,302.2,1,28.2,14,206.7,4.51883494731,8,8,2,148.1,126.5,27.6,1,0,0,28.2,0,0
84,84,17,293.3,1,27.6,13,200.0,4.36593598886,8,8,1,154.2,127.7,11.4,1,0,0,27.6,0,0
85,85,17,295.2,1,26.7,13,202.0,4.24056912107,8,8,1,154.8,129.0,11.4,1,0,0,26.7,0,0
86,86,16,287.2,0,0,12,195.2,3.68076079092,8,7,1,152.9,119.8,14.5,0,0,0,0,0,0
87,87,16,275.8,0,0,14,229.5,3.16478013981,8,7,1,147.8,113.5,14.5,0,0,0,0,0,0
88,88,16,277.3,0,0,14,233.0,2.916783331,8,7,1,147.6,115.2,14.5,0,0,0,0,0,0
89,89,16,269.5,0,0,14,227.6,2.74517000081,8,7,1,144.6,110.4,14.5,0,0,0,0,0,0
90,90,16,269.5,0,0,13,206.5,2.85843051341,8,7,1,140.2,114.8,14.5,0,0,0,0,0,0
91,91,16,267.2,0,0,15,245.4,2.62932183906,8,7,1,138.7,114.0,14.5,0,0,0,0,0,0
92,92,16,272.3,0,0,14,225.0,3.40768127422,8,7,1,146.2,113.1,13.0,0,0,0,0,0,0
93,93,16,272.8,0,0,13,206.0,3.15594676761,8,7,1,141.1,114.1,17.6,0,0,0,0,0,0
94,94,15,258.5,0,0,12,193.9,2.74035103765,8,6,1,139.9,101.0,17.6,0,0,0,0,0,0
95,95,15,259.9,0,0,13,217.1,2.55635529239,8,6,1,139.1,104.9,15.9,0,0,0,0,0,0
96,96,15,266.2,0,0,11,181.7,2.70208032731,8,6,1,138.7,109.4,18.1,0,0,0,0,0,0
97,97,14,249.7,0,0,12,206.5,2.55511768293,7,6,1,123.7,107.9,18.1,0,0,0,0,0,0
98,98,14,247.9,0,0,12,203.0,2.71164562176,7,6,1,123.4,108.1,16.4,0,0,0,0,0,0
99,99,14,251.4,0,0,11,184.8,2.87875889009,7,6,1,127.8,107.2,16.4,0,0,0,0,0,0
100,100,14,249.4,0,0,11,179.6,3.31380727884,7,6,1,131.4,102.0,16.0,0,0,0,0,0,0
101,101,14,246.8,0,0,11,177.9,3.58295721682,7,6,1,126.4,104.4,16.0,0,0,0,0,0,0
102,102,14,247.2,1,25.2,11,175.3,3.91185855606,7,6,1,126.6,104.9,15.7,1,0,0,25.2,0,0
103,103,14,242.4,1,25.8,11,174.0,3.6371707396,7,6,1,123.0,103.7,15.7,1,0,0,25.8,0,0
104,104,15,269.1,1,25.5,11,176.9,4.03056181834,7,7,1,130.1,120.5,18.5,1,0,0,25.5,0,0
105,105,15,273.2,2,53.0,11,177.2,4.61517166786,7,7,1,133.7,118.0,21.5,2,0,0,53.0,0,0
106,106,15,259.9,0,0,11,169.9,4.00044045194,7,7,1,125.8,112.6,21.5,0,0,0,0,0,0
107,107,15,276.4,2,51.4,10,157.1,4.7894924674,7,7,1,130.1,124.8,21.5,2,0,0,51.4,0,0
108,108,14,264.3,3,77.6,8,123.2,4.97581513561,6,7,1,116.2,126.6,21.5,2,1,0,52.6,25.0,0
109,109,16,292.7,1,28.5,9,130.4,5.17293839773,8,7,1,143.3,127.9,21.5,1,0,0,28.5,0,0
110,110,16,288.8,1,29.8,10,148.4,5.18034747869,8,7,1,143.1,124.2,21.5,1,0,0,29.8,0,0
111,111,16,285.5,1,27.8,11,164.4,5.00199543516,8,7,1,141.4,128.3,15.8,1,0,0,27.8,0,0
112,112,16,286.9,1,27.8,11,169.7,4.7219655159,8,7,1,143.3,123.4,20.2,1,0,0,27.8,0,0
113,113,16,269.1,0,0,15,245.2,3.30196280011,8,7,1,124.7,125.3,19.1,0,0,0,0,0,0
114,114,17,292.7,0,0,13,206.2,3.50503839032,8,8,1,133.2,137.4,22.1,0,0,0,0,0,0
115,115,18,303.4,0,0,14,218.8,3.2492935381,9,8,1,146.9,135.3,21.2,0,0,0,0,0,0
116,116,18,311.3,1,25.3,13,198.3,3.98415571132,9,8,1,156.9,132.4,22.0,1,0,0,25.3,0,0
117,117,18,320.5,3,76.9,13,199.1,4.82169999582,9,8,1,157.9,142.8,19.8,2,1,0,51.8,25.1,0
118,118,18,325.6,3,77.1,11,162.1,4.85385097433,9,8,1,155.6,147.3,22.7,2,1,0,51.3,25.8,0
119,119,18,317.8,1,25.8,11,158.0,4.60450191753,9,8,1,153.7,142.8,21.3,1,0,0,25.8,0,0
120,120,18,324.2,1,27.2,11,164.4,4.58114921221,9,8,1,159.3,143.8,21.1,1,0,0,27.2,0,0
121,121,18,324.4,1,27.2,10,142.4,4.75673585011,9,8,1,158.5,143.9,22.0,1,0,0,27.2,0,0
122,122,18,330.1,1,28.2,10,147.8,4.68917889324,9,8,1,161.5,146.4,22.2,1,0,0,28.2,0,0
123,123,18,336.7,2,53.1,10,148.4,4.94457185706,9,8,1,164.6,149.7,22.4,2,0,0,53.1,0,0
124,124,18,330.6,1,29.5,11,162.0,5.2118642933,9,8,1,164.4,142.7,23.5,1,0,0,29.5,0,0
125,125,18,339.1,1,30.3,11,170.1,5.02454433274,9,8,1,167.4,149.6,22.1,1,0,0,30.3,0,0
126,126,18,319.9,1,25.2,14,227.2,3.75950646879,9,8,1,154.9,146.0,19.0,1,0,0,25.2,0,0
127,127,18,331.3,1,29.7,12,194.1,4.1675881334,9,8,1,165.5,145.1,20.7,1,0,0,29.7,0,0
128,128,18,331.0,1,28.3,13,215.6,4.00923769913,9,8,1,160.0,150.9,20.1,1,0,0,28.3,0,0
129,129,16,313.9,1,30.6,9,153.0,4.15021585784,7,8,1,143.6,149.5,20.8,1,0,0,30.6,0,0
130,130,16,315.0,1,30.6,8,134.0,4.23066188675,7,8,1,144.9,149.3,20.8,1,0,0,30.6,0,0
131,131,16,309.2,1,29.3,9,148.7,4.08370746585,7,8,1,138.0,150.4,20.8,1,0,0,29.3,0,0
132,132,16,284.4,0,0,11,179.2,2.87923600978,7,8,1,124.7,144.8,14.9,0,0,0,0,0,0
133,133,16,299.3,2,50.9,11,185.0,3.57425400142,7,8,1,136.5,144.1,18.7,2,0,0,50.9,0,0
134,134,16,295.9,2,55.4,11,174.7,4.62146711914,7,8,1,137.5,135.5,22.9,2,0,0,55.4,0,0
135,135,16,309.6,3,79.6,10,167.4,4.41180235278,7,8,1,145.2,143.4,21.0,3,0,0,79.6,0,0
136,136,16,294.3,2,51.1,11,180.6,3.96172836861,7,8,1,136.6,136.7,21.0,2,0,0,51.1,0,0
137,137,16,291.1,2,51.9,13,218.2,3.84906373897,7,8,1,132.6,137.5,21.0,2,0,0,51.9,0,0
138,138,16,299.4,2,52.9,11,184.9,3.92171306107,7,8,1,135.1,143.3,21.0,2,0,0,52.9,0,0
139,139,16,304.6,1,27.8,11,188.5,3.98043129991,7,8,1,136.2,147.4,21.0,1,0,0,27.8,0,0
140,140,16,295.8,2,53.7,12,201.0,4.35643202633,7,8,1,135.9,146.3,13.6,2,0,0,53.7,0,0
141,141,16,281.7,2,53.0,13,208.3,4.32118328702,7,8,1,128.3,139.8,13.6,2,0,0,53.0,0,0
142,142,16,296.1,2,54.3,11,177.2,4.67111246564,7,8,1,137.0,145.5,13.6,2,0,0,54.3,0,0
143,143,16,292.8,1,26.2,11,176.6,4.30488095073,7,8,1,134.6,144.6,13.6,1,0,0,26.2,0,0
144,144,15,279.2,2,53.5,9,142.7,4.62676478557,6,8,1,117.7,147.4,14.1,2,0,0,53.5,0,0
145,145,15,276.8,2,54.6,11,180.6,4.69024316559,6,8,1,116.2,146.5,14.1,2,0,0,54.6,0,0
146,146,15,281.1,2,52.4,10,162.8,4.55863388058,6,8,1,115.8,149.7,15.6,2,0,0,52.4,0,0
147,147,15,285.1,1,27.0,10,169.4,4.05153703932,6,8,1,118.7,149.3,17.1,1,0,0,27.0,0,0
148,148,15,282.3,1,27.5,11,184.8,4.46353479399,6,8,1,115.6,149.6,17.1,1,0,0,27.5,0,0
149,149,15,278.3,2,52.1,12,204.1,4.20099761395,6,8,1,113.4,147.8,17.1,2,0,0,52.1,0,0
150,150,15,275.1,2,52.6,11,180.5,4.34129671214,6,8,1,114.5,143.5,17.1,2,0,0,52.6,0,0
151,151,15,273.8,1,27.3,10,158.0,4.5037867665,6,8,1,115.1,144.7,14.0,1,0,0,27.3,0,0
152,152,15,276.0,1,27.3,10,158.7,4.54862616622,6,8,1,114.4,147.6,14.0,1,0,0,27.3,0,0
153,153,15,273.1,2,53.3,11,176.2,4.63148644246,6,8,1,111.4,147.7,14.0,2,0,0,53.3,0,0
154,154,15,271.2,2,51.8,11,176.7,4.43076903999,6,8,1,110.0,147.2,14.0,2,0,0,51.8,0,0
155,155,15,276.8,2,53.7,10,158.7,4.80369897158,6,8,1,109.6,153.2,14.0,2,0,0,53.7,0,0
156,156,15,267.9,2,52.1,10,149.8,4.81912855193,6,8,1,108.6,145.3,14.0,2,0,0,52.1,0,0
157,157,15,269.2,1,26.5,12,194.5,4.53901604609,6,8,1,107.8,147.4,14.0,1,0,0,26.5,0,0
158,158,15,277.4,1,26.8,8,117.7,4.83668520885,6,8,1,109.7,153.7,14.0,1,0,0,26.8,0,0
159,159,15,269.3,1,27.2,10,154.4,4.66167760524,6,8,1,106.9,148.4,14.0,1,0,0,27.2,0,0
160,160,15,276.1,1,27.2,8,118.5,4.73414144678,6,8,1,107.8,155.8,12.5,1,0,0,27.2,0,0
161,161,15,265.4,1,26.7,9,133.4,4.49228969087,6,8,1,106.2,146.7,12.5,1,0,0,26.7,0,0
162,162,15,269.0,1,26.2,10,156.1,4.34505740003,6,8,1,108.3,148.2,12.5,1,0,0,26.2,0,0
163,163,15,263.9,1,26.6,10,152.3,4.22855373227,6,8,1,103.1,148.3,12.5,1,0,0,26.6,0,0
164,164,15,263.4,1,26.8,11,173.1,4.00977377345,6,8,1,103.5,145.8,14.1,1,0,0,26.8,0,0
165,165,15,264.0,2,53.4,12,190.5,4.44393647891,6,8,1,107.7,142.2,14.1,2,0,0,53.4,0,0
166,166,15,262.8,1,25.1,11,170.9,3.98213869314,6,8,1,104.9,141.7,16.2,1,0,0,25.1,0,0
167,167,15,272.5,2,52.4,10,158.4,4.07319928078,6,8,1,115.8,140.5,16.2,2,0,0,52.4,0,0
168,168,15,279.9,3,77.1,9,142.4,4.16958374079,6,8,1,116.8,147.4,15.7,2,1,0,52.1,25.0,0
169,169,15,289.7,2,51.7,7,115.1,3.42342073427,6,8,1,118.8,155.2,15.7,1,1,0,25.4,26.3,0
170,170,15,277.5,1,26.7,12,201.8,3.94153704609,6,8,1,115.6,146.2,15.7,0,1,0,0,26.7,0
171,171,15,275.6,0,0,11,184.2,3.45407971342,6,8,1,112.9,147.0,15.7,0,0,0,0,0,0
172,172,15,279.1,0,0,11,185.7,3.45180422112,6,8,1,116.7,146.7,15.7,0,0,0,0,0,0
173,173,15,281.2,2,53.9,12,204.0,4.0590052734,6,8,1,118.2,147.3,15.7,1,1,0,27.2,26.7,0
174,174,15,285.5,3,79.4,11,185.2,4.29396032097,6,8,1,121.2,148.6,15.7,2,1,0,52.8,26.6,0
175,175,15,282.2,3,80.8,12,201.4,4.75512755825,6,8,1,126.6,139.9,15.7,2,1,0,54.5,26.3,0
176,176,15,288.9,2,56.6,11,187.4,4.58363548788,6,8,1,125.7,147.5,15.7,1,1,0,28.9,27.7,0
177,177,15,285.1,3,80.6,11,183.9,4.52713511848,6,8,1,122.1,147.3,15.7,2,1,0,53.7,26.9,0
178,178,15,291.3,3,80.8,9,147.8,4.68800901998,6,8,1,128.5,147.1,15.7,2,1,0,53.3,27.5,0
179,179,15,283.9,2,53.7,11,186.1,4.14030134629,6,8,1,125.8,142.4,15.7,1,1,0,27.5,26.2,0
180,180,15,282.2,2,52.7,11,183.5,4.42474642803,6,8,1,124.0,147.0,11.2,1,1,0,27.4,25.3,0
181,181,15,299.8,3,78.6,10,175.5,4.15191292688,6,8,1,125.3,155.3,19.2,2,1,0,53.4,25.2,0
182,182,15,297.4,2,56.8,10,172.3,4.50467482046,6,8,1,121.0,156.5,19.9,1,1,0,28.3,28.5,0
183,183,15,294.6,2,57.6,10,171.4,4.50092054077,6,8,1,123.4,154.0,17.2,1,1,0,28.4,29.2,0
184,184,15,290.4,2,56.4,11,188.2,4.68657657571,6,8,1,125.4,146.8,18.2,1,1,0,27.3,29.1,0
185,185,15,294.7,3,77.5,9,150.2,4.46332141966,6,8,1,125.9,146.4,22.4,2,1,0,52.0,25.5,0
186,186,15,297.2,2,50.5,8,134.0,4.11493215821,6,8,1,124.2,150.6,22.4,1,1,0,25.4,25.1,0
187,187,15,310.6,2,53.5,7,124.8,3.62776331459,5,9,1,108.1,180.1,22.4,1,1,0,26.3,27.2,0
188,188,15,304.1,1,27.2,6,100.0,3.79030090526,5,9,1,99.2,182.5,22.4,0,1,0,0,27.2,0
189,189,15,303.1,1,27.8,7,119.5,3.9022826043,5,9,1,99.1,181.6,22.4,0,1,0,0,27.8,0
190,190,15,312.2,2,53.9,6,104.1,3.79112999865,5,9,1,106.2,183.6,22.4,1,1,0,26.4,27.5,0
191,191,15,311.6,1,27.4,6,104.1,3.6143497077,5,9,1,104.2,185.0,22.4,0,1,0,0,27.4,0
192,192,15,307.5,1,26.0,6,101.9,3.65435161339,5,9,1,104.9,180.2,22.4,0,1,0,0,26.0,0
193,193,15,307.9,2,52.9,7,121.4,3.86642445875,5,9,1,108.6,176.9,22.4,1,1,0,27.2,25.7,0
194,194,15,287.5,2,52.9,7,100.7,5.27902408008,5,9,1,102.1,173.4,12.0,1,1,0,26.4,26.5,0
195,195,15,278.9,2,52.4,8,115.5,5.27452999486,5,9,1,100.2,166.7,12.0,1,1,0,26.7,25.7,0
196,196,15,287.1,1,29.0,7,101.2,5.21177238841,5,9,1,103.9,167.6,15.6,1,0,0,29.0,0,0
197,197,15,283.7,2,54.5,9,137.9,5.19283389004,5,9,1,104.7,163.4,15.6,2,0,0,54.5,0,0
198,198,15,283.6,2,54.1,9,140.1,5.03480268682,5,9,1,104.2,163.8,15.6,2,0,0,54.1,0,0
199,199,15,289.0,2,54.5,9,144.0,4.81599517481,5,9,1,104.6,168.8,15.6,2,0,0,54.5,0,0
200,200,15,291.1,2,54.1,9,144.4,4.7985811395,5,9,1,104.1,171.4,15.6,2,0,0,54.1,0,0
201,201,15,289.6,2,54.0,9,143.9,4.8380141538,5,9,1,104.7,171.4,13.5,2,0,0,54.0,0,0
202,202,15,285.3,2,55.2,8,121.3,4.99545507722,5,9,1,102.9,168.9,13.5,2,0,0,55.2,0,0
203,203,15,285.6,2,54.5,8,124.1,4.6713106145,5,9,1,102.2,166.8,16.6,2,0,0,54.5,0,0
204,204,15,287.2,2,54.6,9,144.9,4.65370308259,5,9,1,102.5,168.1,16.6,2,0,0,54.6,0,0
205,205,15,290.4,2,53.8,9,147.7,4.62721761506,5,9,1,103.2,170.6,16.6,2,0,0,53.8,0,0
206,206,15,296.9,2,55.4,8,130.4,4.66391415424,5,9,1,106.1,174.2,16.6,2,0,0,55.4,0,0
207,207,15,292.5,2,56.0,8,128.5,4.6013973033,5,9,1,105.4,170.5,16.6,2,0,0,56.0,0,0
208,208,15,291.6,1,28.8,9,149.8,4.17779846331,5,9,1,104.8,170.2,16.6,1,0,0,28.8,0,0
209,209,15,298.5,1,29.6,9,153.2,4.15829635445,5,9,1,110.1,171.8,16.6,1,0,0,29.6,0,0
210,210,14,269.7,2,52.0,9,147.5,4.32908004846,5,8,1,107.8,147.5,14.4,1,1,0,26.7,25.3,0
211,211,14,277.4,3,80.1,8,134.2,4.41411322968,5,8,1,104.4,152.6,20.4,2,1,0,51.9,28.2,0
212,212,15,294.2,3,80.0,9,148.6,4.57272451869,5,9,1,104.2,168.8,21.2,2,1,0,51.4,28.6,0
213,213,15,297.0,2,53.1,9,151.4,4.22543319842,5,9,1,108.6,165.0,23.4,1,1,0,27.1,26.0,0
214,214,15,289.5,1,28.0,9,150.7,3.96718684064,5,9,1,102.2,165.4,21.9,0,1,0,0,28.0,0
215,215,15,276.9,1,27.3,10,162.0,4.03605181901,5,9,1,98.6,158.8,19.5,0,1,0,0,27.3,0
216,216,15,273.8,1,26.0,11,181.2,3.79226028843,5,9,1,98.4,155.5,19.9,0,1,0,0,26.0,0
217,217,16,284.9,0,0,14,239.6,2.76778340916,6,9,1,110.0,155.7,19.2,0,0,0,0,0,0
218,218,16,300.2,1,27.5,9,143.8,3.87365030258,6,9,1,118.5,162.7,19.0,0,1,0,0,27.5,0
219,219,16,295.0,3,78.1,9,134.9,4.73861794197,6,9,1,121.3,153.5,20.2,2,1,0,51.1,27.0,0
220,220,16,308.6,3,77.7,9,146.3,4.24858800074,6,9,1,118.5,168.9,21.2,2,1,0,50.8,26.9,0
221,221,16,305.5,3,79.0,10,163.5,4.34733155702,6,9,1,128.3,155.9,21.3,3,0,0,79.0,0,0
222,222,16,301.9,2,52.9,10,163.1,4.17607770522,6,9,1,123.7,159.0,19.2,2,0,0,52.9,0,0
223,223,16,306.5,1,26.0,11,192.1,3.2751526682,6,9,1,118.4,168.2,19.9,1,0,0,26.0,0,0
224,224,16,301.7,0,0,11,188.4,3.26475496783,6,9,1,114.8,166.0,20.9,0,0,0,0,0,0
225,225,16,305.3,1,25.3,10,172.5,3.24288323358,6,9,1,116.1,169.0,20.2,1,0,0,25.3,0,0
226,226,17,316.4,0,0,13,222.4,3.58100585607,7,9,1,127.8,169.4,19.2,0,0,0,0,0,0
227,227,17,311.5,0,0,10,154.0,4.11787709441,7,9,1,121.7,167.5,22.3,0,0,0,0,0,0
228,228,17,296.2,0,0,12,181.7,4.17560316178,7,9,1,120.2,153.8,22.2,0,0,0,0,0,0
229,229,17,311.7,2,51.7,11,169.8,4.45181720993,7,9,1,134.5,154.7,22.5,2,0,0,51.7,0,0
230,230,17,318.3,1,27.1,11,175.5,4.29425916366,7,9,1,133.7,162.6,22.0,1,0,0,27.1,0,0
231,231,17,319.0,2,53.8,12,194.4,4.56028249899,7,9,1,136.3,162.9,19.8,1,1,0,26.6,27.2,0
232,232,17,323.4,1,30.1,11,177.1,4.73860863173,7,9,1,140.4,162.0,21.0,1,0,0,30.1,0,0
233,233,17,326.9,3,78.1,11,179.6,4.54598238914,7,9,1,139.7,169.4,17.8,2,1,0,53.1,25.0,0
234,234,17,314.3,1,29.0,12,195.3,4.28192164118,7,9,1,134.2,158.8,21.3,1,0,0,29.0,0,0
235,235,17,316.0,1,28.1,11,174.8,4.46722541867,7,9,1,136.1,158.9,21.0,1,0,0,28.1,0,0
236,236,17,317.8,2,53.2,12,195.3,4.71639038199,7,9,1,131.1,163.7,23.0,2,0,0,53.2,0,0
237,237,17,315.6,2,53.3,11,172.7,4.77545039453,7,9,1,131.2,161.4,23.0,2,0,0,53.3,0,0
238,238,17,305.1,2,52.8,12,187.5,4.63466795562,7,9,1,119.9,166.4,18.8,2,0,0,52.8,0,0
239,239,17,321.4,2,53.5,11,175.8,4.90018757144,7,9,1,128.8,169.0,23.6,1,1,0,28.5,25.0,0
240,240,17,313.2,1,26.8,11,170.7,4.65316148062,7,9,1,130.0,160.7,22.5,1,0,0,26.8,0,0
241,241,17,317.0,2,51.9,11,173.3,4.69881868759,7,9,1,130.0,164.5,22.5,2,0,0,51.9,0,0
242,242,17,312.1,1,27.3,10,150.0,4.81080279469,7,9,1,128.5,161.1,22.5,1,0,0,27.3,0,0
243,243,17,292.5,1,26.8,14,218.5,4.41693765354,7,9,1,127.1,150.9,14.5,1,0,0,26.8,0,0
244,244,18,313.4,1,25.2,12,177.0,4.42212204701,8,9,1,139.6,159.3,14.5,1,0,0,25.2,0,0
245,245,18,309.0,1,25.9,14,214.8,4.31672533839,8,9,1,140.3,154.2,14.5,1,0,0,25.9,0,0
246,246,17,280.3,0,0,14,216.9,3.14779334474,8,8,1,127.7,136.6,16.0,0,0,0,0,0,0
247,247,17,295.1,1,25.7,13,203.5,4.10305660812,8,8,1,135.0,144.1,16.0,1,0,0,25.7,0,0
248,248,16,287.6,1,26.2,11,173.9,4.18752114423,7,8,1,123.2,148.4,16.0,1,0,0,26.2,0,0
249,249,16,290.2,1,26.6,10,151.4,4.74859628382,7,8,1,120.6,153.6,16.0,1,0,0,26.6,0,0
250,250,16,285.6,0,0,10,151.4,4.30178257625,7,8,1,123.1,146.5,16.0,0,0,0,0,0,0
251,251,16,278.2,0,0,11,166.4,4.2125012364,7,8,1,123.8,138.4,16.0,0,0,0,0,0,0
252,252,16,283.6,1,25.0,9,127.8,4.63127052402,7,8,1,121.7,148.7,13.2,0,1,0,0,25.0,0
253,253,16,297.3,1,28.5,9,137.5,4.77803568425,7,8,1,120.6,163.5,13.2,0,1,0,0,28.5,0
254,254,16,282.3,1,27.0,13,208.2,4.27113860698,7,8,1,114.9,154.2,13.2,0,1,0,0,27.0,0
255,255,17,302.8,2,54.2,14,226.4,4.44773570946,7,8,2,117.9,155.0,29.9,1,1,0,28.3,25.9,0
256,256,18,321.6,1,27.9,13,203.3,4.56972131986,7,9,2,122.5,169.4,29.7,1,0,0,27.9,0,0
257,257,18,316.8,2,54.4,14,218.8,4.60804922359,7,9,2,118.5,169.2,29.1,1,1,0,28.8,25.6,0
258,258,18,313.1,2,54.9,15,235.3,4.58545939994,7,9,2,117.6,166.4,29.1,1,1,0,27.9,27.0,0
259,259,18,314.5,2,53.5,15,237.6,4.48865308706,7,9,2,116.4,168.9,29.2,1,1,0,26.7,26.8,0
260,260,18,311.5,2,53.0,14,214.8,4.48900253852,7,9,2,111.5,170.7,29.3,1,1,0,25.5,27.5,0
261,261,18,311.2,2,53.3,14,217.0,4.31180171007,7,9,2,114.6,167.3,29.3,1,1,0,26.7,26.6,0
262,262,18,315.8,2,54.3,14,219.4,4.52928019502,7,9,2,114.1,172.5,29.2,1,1,0,26.2,28.1,0
263,263,17,300.1,1,29.0,12,182.3,4.69482662713,6,9,2,100.1,170.9,29.1,0,1,0,0,29.0,0
264,264,16,277.3,1,28.3,12,181.4,4.7995442492,5,9,2,81.5,169.0,26.8,0,1,0,0,28.3,0
265,265,16,270.0,1,27.3,13,198.0,4.6035493553,5,9,2,78.8,154.3,36.9,0,1,0,0,27.3,0
266,266,17,304.7,1,26.0,13,214.0,3.73907231338,6,9,2,105.2,166.5,33.0,0,1,0,0,26.0,0
267,267,16,302.6,1,26.7,11,186.7,3.66658333239,5,9,2,92.3,177.0,33.3,0,1,0,0,26.7,0
268,268,16,305.0,1,26.8,11,188.2,3.71553046908,5,9,2,93.1,177.3,34.6,0,1,0,0,26.8,0
269,269,16,299.3,1,26.8,12,203.7,3.73906739709,5,9,2,91.9,173.5,33.9,0,1,0,0,26.8,0
270,270,16,281.9,1,25.2,12,191.4,3.67481858963,5,9,2,81.2,163.8,36.9,0,1,0,0,25.2,0
271,271,16,281.8,0,0,13,214.4,3.33524112072,5,9,2,80.6,163.1,38.1,0,0,0,0,0,0
272,272,16,297.2,1,27.6,11,177.0,4.44049546785,5,9,2,93.1,166.2,37.9,1,0,0,27.6,0,0
273,273,16,303.0,2,55.1,10,158.7,4.79456289283,5,9,2,95.2,170.5,37.3,1,1,0,29.2,25.9,0
274,274,16,302.8,1,27.0,10,162.7,4.23249335499,5,9,2,93.1,171.9,37.8,1,0,0,27.0,0,0
275,275,16,305.3,2,54.1,11,182.3,4.50528855902,5,9,2,94.5,172.7,38.1,1,1,0,27.8,26.3,0
276,276,15,309.0,3,89.0,8,130.6,5.6992480707,4,9,2,89.3,181.6,38.1,2,1,0,60.1,28.9,0
277,277,15,308.8,3,89.6,8,129.5,5.78790199674,4,9,2,93.6,177.1,38.1,2,1,0,60.8,28.8,0
278,278,15,285.6,1,25.3,8,131.0,3.63883811912,4,9,2,88.4,165.1,32.1,1,0,0,25.3,0,0
279,279,15,296.9,1,25.1,9,161.5,2.81259073928,4,9,2,85.1,178.6,33.2,0,1,0,0,25.1,0
280,280,15,289.8,0,0,11,201.4,2.47622985317,4,9,2,81.0,174.6,34.2,0,0,0,0,0,0
281,281,16,296.9,0,0,11,193.3,2.52163141637,5,9,2,87.7,177.2,32.0,0,0,0,0,0,0
282,282,16,304.1,1,27.8,10,170.4,3.56528984329,5,9,2,91.9,180.2,32.0,0,1,0,0,27.8,0
283,283,17,322.7,2,54.9,12,206.5,3.74536969038,6,9,2,105.9,184.4,32.4,0,2,0,0,54.9,0
284,284,18,347.0,1,27.8,10,170.3,3.40390010836,7,9,2,130.3,174.3,42.4,0,0,1,0,0,27.8
285,285,18,351.8,1,25.8,11,191.4,3.48074066192,7,9,2,133.3,179.1,39.4,0,0,1,0,0,25.8
286,286,18,332.1,1,26.6,13,218.8,3.5115356118,7,9,2,127.1,174.5,30.5,0,1,0,0,26.6,0
287,287,18,363.7,3,78.8,8,130.2,4.20412573582,7,9,2,140.4,183.2,40.1,1,1,1,25.6,26.7,26.5
288,288,18,351.6,1,25.0,7,114.6,3.1585551425,7,9,2,135.6,177.4,38.6,0,0,1,0,0,25.0
289,289,18,364.8,4,103.2,9,156.2,3.74417194175,7,9,2,150.2,179.4,35.2,3,1,0,78.2,25.0,0
290,290,19,404.2,4,104.3,7,119.4,3.82024462644,8,9,2,175.5,187.4,41.3,2,1,1,52.0,25.9,26.4
291,291,20,422.5,4,107.5,10,179.4,3.93832384865,9,9,2,197.9,184.8,39.8,3,1,0,80.6,26.9,0
292,292,20,437.9,5,147.2,9,160.5,5.17671659808,9,9,2,215.8,186.5,35.6,4,1,0,121.3,25.9,0
293,293,19,421.5,5,154.2,9,158.1,6.18387357549,9,8,2,213.1,168.8,39.6,3,2,0,101.0,53.2,0
294,294,20,433.7,4,129.4,10,172.5,6.39475730991,9,9,2,211.8,183.1,38.8,3,1,0,104.3,25.1,0
295,295,19,428.4,5,165.0,11,194.9,7.32547824916,9,8,2,217.6,173.6,37.2,3,2,0,108.9,56.1,0
296,296,19,431.4,7,211.6,9,154.7,6.80910123652,9,8,2,213.2,181.7,36.5,3,4,0,102.3,109.3,0
297,297,20,456.8,6,188.7,8,134.8,6.88104949156,9,9,2,220.3,200.0,36.5,4,2,0,129.8,58.9,0
298,298,18,417.9,6,187.7,7,118.5,7.06601227085,9,7,2,223.8,158.7,35.4,4,2,0,130.1,57.6,0
299,299,18,413.7,6,186.7,8,139.9,6.8498389848,9,7,2,220.8,154.6,38.3,4,2,0,130.8,55.9,0
300,300,18,405.5,6,181.6,10,178.6,6.62142738793,9,7,2,215.9,152.3,37.3,4,2,0,125.5,56.1,0
301,301,18,407.2,6,182.3,8,139.4,6.85424347355,9,7,2,220.0,151.8,35.4,4,2,0,128.7,53.6,0
302,302,18,395.1,4,128.5,10,177.7,6.44490222625,9,7,2,216.2,145.2,33.7,3,1,0,102.5,26.0,0
303,303,18,401.3,4,129.7,7,119.0,6.58773121904,9,7,2,222.7,142.3,36.3,3,1,0,104.3,25.4,0
304,304,19,435.0,5,162.7,7,120.7,6.90695894525,10,7,2,254.3,146.6,34.1,4,1,0,133.8,28.9,0
