,e_id,num_sat,sum_snr,num_sat_25,sum_snr_25,num_sat_u20,sum_sat_u20,snr_std,elev_0_30,elev_30_60,elev_60_90,sum_elev_0_30,sum_elev_30_60,sum_elev_60_90,elev_0_30_25,elev_30_60_25,elev_60_90_25,sum_elev_0_30_25,sum_elev_30_60_25,sum_elev_60_90_25
1,1,22,565.3,12,361.4,4,68.0,6.03769723312,12,6,4,309.9,165.4,90.0,6,5,1,193.4,140.8,27.2
2,2,22,590.0,15,456.5,4,63.6,6.73064324129,12,6,4,315.5,178.2,96.3,8,6,1,251.9,178.2,26.4
3,3,22,599.8,16,479.4,2,31.2,5.74701126918,13,5,4,350.5,151.1,98.2,9,5,2,276.4,151.1,51.9
4,4,24,639.2,14,422.8,1,13.9,5.69329633766,14,6,4,384.8,159.2,95.2,9,4,1,285.7,112.0,25.1
5,5,24,637.0,15,445.3,3,51.4,5.24163239315,14,6,4,371.1,172.0,93.9,8,5,2,245.0,147.7,52.6
6,6,24,618.8,13,383.9,2,34.5,4.92841509639,14,6,4,357.9,165.4,95.5,7,5,1,210.9,143.3,29.7
7,7,24,628.4,16,461.6,3,51.9,4.7189411733,14,6,4,368.6,164.5,95.3,10,5,1,289.0,142.7,29.9
8,8,24,633.7,13,387.2,2,39.5,4.47130747989,14,6,4,369.0,159.8,104.9,6,5,2,188.8,139.5,58.9
9,9,24,640.7,14,430.3,3,54.5,5.82770587771,14,6,4,384.9,154.7,101.1,9,3,2,282.0,91.2,57.1
10,10,24,637.9,13,405.9,3,56.4,5.86351869182,14,6,4,390.5,155.3,92.1,9,3,1,281.7,96.5,27.7
11,11,24,626.7,12,383.5,5,87.3,6.66191723938,14,6,4,385.4,153.6,87.7,8,3,1,256.5,99.2,27.8
12,12,23,611.4,12,389.2,6,106.8,6.99711967844,14,5,4,388.0,132.4,91.0,8,3,1,261.0,97.2,31.0
13,13,23,616.8,13,414.7,6,109.7,6.8785339462,14,5,4,385.3,131.5,100.0,8,3,2,263.7,94.0,57.0
14,14,23,635.4,15,461.3,3,53.9,5.816216936,14,5,4,395.4,132.3,107.7,9,4,2,290.3,112.5,58.5
15,15,23,633.3,16,483.7,2,34.1,5.48747405839,14,5,4,392.2,132.8,108.3,10,3,3,312.5,85.8,85.4
16,16,23,637.7,16,486.2,2,35.0,5.20674539693,14,5,4,390.1,135.2,112.4,10,3,3,309.6,88.3,88.3
17,17,23,642.8,17,512.3,1,18.2,4.85263467006,14,5,4,392.7,136.4,113.7,10,3,4,309.1,89.5,113.7
18,18,23,637.3,17,508.4,2,36.7,4.92285145045,14,5,4,390.6,132.9,113.8,11,2,4,332.1,62.5,113.8
19,19,24,655.6,17,512.4,3,51.4,5.69795284876,14,6,4,397.4,146.9,111.3,11,2,4,338.6,62.5,111.3
20,20,24,642.7,13,401.7,2,36.7,5.70034165007,14,6,4,401.4,142.7,98.6,10,2,1,316.0,56.2,29.5
21,21,24,643.4,13,407.8,4,72.0,6.04202072926,14,6,4,397.5,145.6,100.3,9,3,1,293.1,84.0,30.7
22,22,24,609.6,12,353.1,4,75.4,5.02169207582,14,6,4,373.4,140.1,96.1,8,3,1,247.2,76.5,29.4
23,23,24,634.4,12,368.4,3,59.3,5.26808823229,14,6,4,391.8,140.4,102.2,9,1,2,282.5,29.9,56.0
24,24,24,637.6,16,473.0,3,52.9,5.57561980697,14,6,4,395.1,143.8,98.7,11,3,2,332.1,83.1,57.8
25,25,24,660.3,17,512.3,2,38.5,5.155690187,14,6,4,399.8,156.6,103.9,11,3,3,337.3,90.9,84.1
26,26,24,662.8,17,510.1,0,0,4.87929669439,14,6,4,405.4,153.0,104.4,11,3,3,339.3,88.1,82.7
27,27,24,662.2,17,503.5,0,0,4.67518115591,14,6,4,401.3,157.0,103.9,10,4,3,309.2,114.5,79.8
28,28,24,653.5,17,502.4,2,38.1,5.20956304324,14,6,4,389.1,161.0,103.4,10,4,3,303.5,120.4,78.5
29,29,24,661.8,17,512.5,3,57.5,5.47081187839,14,6,4,401.0,157.1,103.7,11,3,3,337.2,95.0,80.3
30,30,24,665.7,16,486.5,1,18.7,5.24833824632,14,6,4,398.2,162.0,105.5,10,3,3,310.7,93.9,81.9
31,31,24,657.1,15,452.7,1,18.5,5.19447693033,14,6,4,389.1,165.0,103.0,9,4,2,278.8,119.2,54.7
32,32,24,653.5,14,436.7,2,33.6,5.77554658935,14,6,4,387.8,166.1,99.6,8,4,2,262.5,120.4,53.8
33,33,24,654.1,15,463.4,2,36.5,5.46609940942,14,6,4,395.9,163.7,94.5,10,4,1,313.1,121.3,29.0
34,34,24,645.9,16,472.5,2,37.5,5.12558056097,14,6,4,397.1,158.4,90.4,10,5,1,313.3,133.7,25.5
35,35,22,608.9,16,475.7,1,17.8,5.25302015789,13,5,4,367.9,143.3,97.7,10,4,2,303.7,119.1,52.9
36,36,21,610.0,15,470.5,0,0,5.00745634505,11,6,4,342.6,173.2,94.2,10,4,1,318.0,126.3,26.2
37,37,19,563.0,13,416.0,0,0,4.66857730311,10,6,3,320.4,168.5,74.1,9,4,0,295.9,120.1,0
38,38,16,472.1,14,426.7,0,0,4.12560601609,9,3,4,287.0,87.1,98.0,9,3,2,287.0,87.1,52.6
39,39,16,473.5,14,427.3,0,0,3.70827340776,10,5,1,290.3,151.7,31.5,9,4,1,266.7,129.1,31.5
40,40,16,468.4,13,399.5,0,0,4.69432281236,10,4,2,294.4,127.9,46.1,9,4,0,271.6,127.9,0
41,41,18,529.3,14,435.0,0,0,4.56037565819,11,5,2,320.5,151.7,57.1,8,5,1,250.1,151.7,33.2
42,42,17,508.9,17,508.9,0,0,3.03458011438,10,5,2,300.0,152.9,56.0,10,5,2,300.0,152.9,56.0
43,43,19,558.3,17,513.0,0,0,3.41634358763,12,5,2,352.0,152.8,53.5,11,5,1,331.2,152.8,29.0
44,44,20,579.9,17,514.2,0,0,3.95134554031,13,5,2,372.5,152.5,54.9,11,4,2,331.0,128.3,54.9
45,45,20,574.6,17,505.7,0,0,3.94863067538,13,5,2,367.7,152.7,54.2,10,5,2,298.8,152.7,54.2
46,46,21,588.0,15,456.3,1,15.8,5.00599640431,13,5,3,365.4,153.0,69.6,9,5,1,274.4,153.0,28.9
47,47,22,597.6,14,430.5,3,55.2,5.99480294402,13,6,3,367.8,161.3,68.5,9,4,1,283.1,119.8,27.6
48,48,23,641.0,18,542.1,2,32.8,5.84204469052,13,6,4,375.7,175.2,90.1,10,6,2,313.3,175.2,53.6
49,49,23,641.7,17,520.9,2,31.0,6.0923946628,13,6,4,371.3,179.1,91.3,9,6,2,287.3,179.1,54.5
50,50,23,636.9,17,522.9,3,44.4,6.46183994649,13,6,4,367.0,180.8,89.1,10,5,2,312.8,157.1,53.0
51,51,23,626.1,15,462.7,3,48.5,6.09462926919,13,6,4,366.3,179.4,80.4,8,6,1,256.5,179.4,26.8
52,52,23,638.5,18,545.7,2,29.5,6.1162777696,13,6,4,370.3,183.9,84.3,10,6,2,310.1,183.9,51.7
53,53,23,632.5,16,489.2,2,29.2,6.29176951551,13,6,4,383.7,160.8,88.0,11,4,1,343.8,116.1,29.3
54,54,24,665.8,18,543.8,1,12.4,5.50248297049,14,6,4,407.2,168.5,90.1,11,5,2,343.5,144.4,55.9
55,55,24,676.2,17,520.1,1,17.0,4.94643042133,14,6,4,413.9,167.7,94.6,10,5,2,321.1,142.8,56.2
56,56,24,667.5,15,467.4,1,19.5,5.12345947154,14,6,4,398.6,170.4,98.5,8,5,2,262.3,149.5,55.6
57,57,24,671.6,19,566.6,1,16.8,4.57466241726,14,6,4,402.4,176.5,92.7,11,6,2,335.7,176.5,54.4
58,58,21,591.0,18,532.3,1,16.8,4.64796422411,13,4,4,371.8,124.7,94.5,12,4,2,351.4,124.7,56.2
59,59,18,525.8,17,501.5,0,0,3.74069652037,11,6,1,333.7,163.9,28.2,11,5,1,333.7,139.6,28.2
60,60,15,444.4,13,397.8,0,0,4.0430657863,9,6,0,284.7,159.7,0,9,4,0,284.7,113.1,0
61,61,15,429.0,11,333.0,0,0,4.85121486994,8,5,2,243.5,136.2,49.3,5,5,1,171.5,136.2,25.3
62,62,18,524.8,15,457.4,0,0,4.25361053863,10,6,2,294.8,173.3,56.7,8,5,2,250.7,150.0,56.7
63,63,19,569.5,18,545.7,0,0,4.43444122814,11,6,2,336.1,183.7,49.7,11,6,1,336.1,183.7,25.9
64,64,14,394.0,10,299.5,0,0,3.86994619039,10,3,1,276.6,93.9,23.5,7,3,0,205.6,93.9,0
65,65,17,462.5,10,305.4,1,19.7,5.22284292654,10,4,3,287.3,110.0,65.2,7,3,0,219.3,86.1,0
66,66,19,504.4,13,378.8,2,35.0,5.56440756765,10,5,4,291.6,128.0,84.8,8,4,1,244.2,109.5,25.1
67,67,20,525.7,13,383.7,3,49.6,6.08295937327,10,6,4,292.1,144.7,88.9,8,4,1,245.3,111.0,27.4
68,68,20,530.3,13,390.1,3,47.0,6.50928688794,10,6,4,302.8,139.5,88.0,9,3,1,278.9,85.2,26.0
69,69,20,528.0,11,335.4,3,51.2,6.10254476686,10,6,4,295.3,146.2,86.5,8,3,0,248.4,87.0,0
70,70,20,523.3,11,335.6,3,49.2,6.21773990077,10,6,4,291.6,147.1,84.6,7,4,0,222.8,112.8,0
71,71,20,525.9,10,306.1,2,31.9,5.93734611989,10,6,4,291.0,148.1,86.8,7,3,0,220.6,85.5,0
72,72,22,567.1,12,369.0,4,60.8,7.01379129988,12,6,4,333.5,149.7,83.9,9,2,1,281.7,60.8,26.5
73,73,22,573.4,14,413.6,3,48.1,6.11411679987,12,6,4,330.4,163.0,80.0,9,4,1,273.5,114.4,25.7
74,74,23,602.3,14,415.8,3,46.6,5.77229309624,13,6,4,359.3,164.0,79.0,9,5,0,274.8,141.0,0
75,75,24,665.4,18,546.1,3,50.3,5.70600370319,14,6,4,398.7,175.4,91.3,10,6,2,314.5,175.4,56.2
76,76,24,651.7,17,511.8,4,70.4,5.53667449763,14,6,4,389.0,179.7,83.0,11,5,1,327.3,156.2,28.3
77,77,24,597.1,12,355.9,7,125.0,5.90968101594,14,6,4,361.6,156.7,78.8,8,4,0,242.8,113.1,0
78,78,24,605.2,13,385.8,7,129.1,5.88399942857,14,6,4,368.0,158.0,79.2,9,4,0,269.9,115.9,0
79,79,24,613.4,14,412.6,6,108.9,5.94649452211,14,6,4,378.2,156.4,78.8,9,5,0,273.9,138.7,0
80,80,24,630.3,12,367.6,2,38.4,5.29148721595,14,6,4,394.2,152.0,84.1,9,3,0,282.3,85.3,0
81,81,24,657.5,15,459.3,2,39.6,5.21064789151,14,6,4,411.0,158.3,88.2,11,3,1,343.3,90.6,25.4
82,82,24,662.0,15,464.7,3,56.7,5.47267255804,14,6,4,408.3,169.8,83.9,11,4,0,344.0,120.7,0
83,83,24,694.1,18,565.3,1,17.6,5.75068836459,14,6,4,425.5,173.4,95.2,11,5,2,358.3,149.5,57.5
84,84,24,692.2,17,535.2,1,17.6,5.72499604455,14,6,4,419.1,177.8,95.3,10,6,1,325.9,177.8,31.5
85,85,24,683.9,18,559.4,1,18.2,5.56491174715,14,6,4,402.3,190.2,91.4,11,6,1,340.2,190.2,29.0
86,86,24,668.6,16,495.9,1,19.0,5.18215304144,14,6,4,385.9,190.6,92.1,9,6,1,276.9,190.6,28.4
87,87,24,694.4,19,585.6,1,18.8,5.00622800525,14,6,4,412.2,186.2,96.0,12,6,1,369.8,186.2,29.6
88,88,24,688.9,17,527.1,0,0,5.1481933654,14,6,4,432.3,153.6,103.0,11,4,2,358.7,111.6,56.8
89,89,24,680.6,17,520.6,0,0,4.98728092396,14,6,4,427.1,158.1,95.4,12,4,1,378.8,112.3,29.5
90,90,24,672.4,17,512.1,2,37.3,4.46607177522,14,6,4,410.7,167.2,94.5,11,5,1,342.6,142.4,27.1
91,91,25,701.6,20,597.6,2,37.3,5.35785093733,15,6,4,443.2,161.2,97.2,14,4,2,424.0,115.4,58.2
92,92,25,698.6,17,526.4,3,56.1,5.45306335925,15,6,4,437.8,164.2,96.6,12,3,2,372.1,94.6,59.7
93,93,25,666.4,16,473.6,2,37.9,5.05503709185,15,6,4,419.4,159.9,87.1,11,4,1,330.0,116.5,27.1
94,94,25,681.3,15,458.4,2,35.7,5.29245689638,15,6,4,426.0,162.3,93.0,10,4,1,316.6,116.0,25.8
95,95,20,556.9,14,423.0,1,18.5,4.80892536414,11,6,3,318.3,169.0,69.6,8,5,1,250.3,145.7,27.0
96,96,17,504.5,14,431.4,0,0,3.64340661534,10,6,1,304.9,175.4,24.2,8,6,0,256.0,175.4,0
97,97,16,464.8,11,345.6,0,0,4.38178046004,11,4,1,322.0,119.3,23.5,7,4,0,226.3,119.3,0
98,98,16,481.1,14,434.0,0,0,3.96025567356,11,4,1,338.6,118.8,23.7,10,4,0,315.2,118.8,0
99,99,15,442.0,13,394.2,0,0,4.06617873732,9,5,1,281.0,136.6,24.4,8,5,0,257.6,136.6,0
100,100,18,521.0,15,451.7,0,0,3.89573254038,9,6,3,270.8,177.1,73.1,9,5,1,270.8,155.3,25.6
101,101,17,512.0,16,489.3,0,0,3.87447339875,10,5,2,310.2,153.5,48.3,10,5,1,310.2,153.5,25.6
102,102,16,470.6,12,375.1,0,0,4.47316070208,9,4,3,278.8,114.0,77.8,8,3,1,255.4,91.4,28.3
103,103,16,470.1,14,422.4,0,0,3.84988636196,9,3,4,282.4,84.6,103.1,9,3,2,282.4,84.6,55.4
104,104,18,513.4,13,395.2,0,0,4.1199022769,9,5,4,278.0,133.6,101.8,8,3,2,253.2,86.5,55.5
105,105,17,485.2,14,415.9,0,0,4.19777602183,9,5,3,263.6,142.8,78.8,8,4,2,240.6,118.8,56.5
106,106,18,534.1,15,462.5,0,0,3.50727069278,10,5,3,290.7,161.7,81.7,8,5,2,242.8,161.7,58.0
107,107,18,540.5,14,444.1,0,0,4.28455578802,11,4,3,329.7,125.9,84.9,8,4,2,257.7,125.9,60.5
108,108,16,462.7,12,369.9,0,0,4.30785619537,9,5,2,262.7,145.4,54.6,6,5,1,194.0,145.4,30.5
109,109,18,518.4,13,399.1,0,0,3.92623154152,9,6,3,271.2,164.7,82.5,7,4,2,223.8,117.3,58.0
110,110,16,465.0,13,395.9,0,0,3.79576518417,8,5,3,242.5,143.2,79.3,6,5,2,195.6,143.2,57.1
111,111,14,416.6,13,392.0,0,0,3.0116988014,7,5,2,219.5,142.6,54.5,6,5,2,194.9,142.6,54.5
112,112,18,514.8,15,442.2,0,0,3.38699936609,9,6,3,265.3,168.6,80.9,7,6,2,216.1,168.6,57.5
113,113,18,516.1,14,425.0,0,0,4.45801400726,10,5,3,287.3,153.3,75.5,8,5,1,242.0,153.3,29.7
114,114,15,452.6,14,429.7,0,0,4.45749235504,11,3,1,336.3,90.7,25.6,10,3,1,313.4,90.7,25.6
115,115,20,526.6,10,306.4,2,38.4,5.52830991591,11,6,3,310.6,145.8,70.2,8,1,1,243.5,36.9,26.0
116,116,20,531.3,10,299.2,0,0,4.72833285408,11,6,3,309.2,154.3,67.8,8,2,0,236.3,62.9,0
117,117,21,562.7,13,385.5,2,36.7,4.93046409484,11,6,4,314.6,158.8,89.3,9,3,1,267.5,92.3,25.7
118,118,20,544.2,15,435.0,2,36.7,4.65639345417,11,6,3,312.7,161.1,70.4,10,3,2,288.9,94.0,52.1
119,119,15,418.8,11,323.9,0,0,4.48030611199,10,3,2,276.8,91.3,50.7,6,3,2,181.9,91.3,50.7
120,120,19,502.0,11,323.7,0,0,4.85015222526,11,5,3,292.9,135.5,73.6,6,3,2,179.1,92.7,51.9
121,121,20,512.5,8,248.9,2,39.4,5.38818151142,11,6,3,287.1,154.2,71.2,5,2,1,154.8,68.2,25.9
122,122,22,571.8,11,341.0,2,35.4,5.9176820664,12,6,4,322.8,166.4,82.6,7,4,0,215.6,125.4,0
123,123,22,629.7,15,471.9,1,15.8,5.3923165636,12,6,4,333.3,188.3,108.1,8,5,2,248.1,163.8,60.0
124,124,16,478.7,14,431.0,0,0,3.95916131691,8,6,2,255.5,174.4,48.8,8,5,1,255.5,150.5,25.0
125,125,14,404.7,12,356.5,0,0,4.0223346236,7,5,2,208.9,146.1,49.7,6,5,1,184.5,146.1,25.9
126,126,15,436.0,12,363.9,0,0,3.89077051985,11,4,0,315.5,120.5,0,8,4,0,243.4,120.5,0
127,127,18,527.5,16,483.4,0,0,4.21125553756,11,6,1,316.5,185.4,25.6,9,6,1,272.4,185.4,25.6
128,128,17,523.1,16,498.9,0,0,3.89851970398,9,5,3,269.2,168.5,85.4,8,5,3,245.0,168.5,85.4
129,129,19,564.6,17,518.4,0,0,4.29136900688,10,5,4,289.5,165.9,109.2,8,5,4,243.3,165.9,109.2
130,130,20,602.8,18,555.5,0,0,3.98489252315,10,6,4,303.2,193.1,106.5,9,6,3,278.7,193.1,83.7
131,131,19,560.1,18,536.8,0,0,4.18497032345,10,5,4,289.8,164.4,105.9,9,5,4,266.5,164.4,105.9
132,132,19,567.0,15,473.3,0,0,4.62485024256,11,5,3,327.1,163.0,76.9,9,4,2,280.1,138.9,54.3
133,133,15,466.0,13,416.9,0,0,3.78449216572,10,4,1,317.4,123.8,24.8,9,4,0,293.1,123.8,0
134,134,15,432.7,12,362.6,0,0,5.02733480465,9,4,2,264.0,120.3,48.4,8,3,1,240.2,96.5,25.9
135,135,16,486.6,16,486.6,0,0,4.60070646749,9,5,2,274.1,157.6,54.9,9,5,2,274.1,157.6,54.9
136,136,16,480.2,15,456.3,0,0,5.01303301405,9,5,2,269.6,157.4,53.2,8,5,2,245.7,157.4,53.2
137,137,16,472.3,13,402.7,0,0,5.50311654126,9,5,2,269.5,148.0,54.8,8,3,2,246.0,101.9,54.8
138,138,16,476.1,13,404.0,0,0,4.78636518317,10,4,2,296.4,124.1,55.6,9,2,2,272.4,76.0,55.6
139,139,18,535.3,15,464.4,0,0,4.65189890246,11,5,2,323.2,155.6,56.5,9,4,2,275.7,132.2,56.5
140,140,20,574.2,15,455.4,0,0,4.36708984155,11,6,3,323.6,176.9,73.7,9,5,1,275.9,153.6,25.9
141,141,18,531.9,17,508.3,0,0,3.87696819086,10,6,2,303.9,173.6,54.4,10,5,2,303.9,150.0,54.4
142,142,16,482.7,13,412.1,0,0,4.51068638532,10,4,2,302.9,123.5,56.3,7,4,2,232.3,123.5,56.3
143,143,17,514.3,16,491.1,0,0,4.19614669177,9,5,3,285.3,150.8,78.2,9,5,2,285.3,150.8,55.0
144,144,16,483.9,14,436.3,0,0,4.60405165769,9,5,2,279.5,152.8,51.6,8,4,2,256.6,128.1,51.6
145,145,15,455.5,15,455.5,0,0,4.23803638268,8,5,2,253.5,151.0,51.0,8,5,2,253.5,151.0,51.0
146,146,13,403.5,12,379.1,0,0,3.92609612328,7,5,1,223.9,155.2,24.4,7,5,0,223.9,155.2,0
147,147,14,428.1,12,378.8,0,0,4.13301502378,9,5,0,271.2,156.9,0,7,5,0,221.9,156.9,0
148,148,18,535.2,14,438.1,0,0,4.2814236225,10,6,2,305.3,182.0,47.9,9,5,0,280.7,157.4,0
149,149,19,553.7,17,508.0,0,0,4.02027027691,11,5,3,318.1,149.3,86.3,9,5,3,272.4,149.3,86.3
150,150,15,433.3,12,360.8,0,0,4.1465763273,10,3,2,284.3,93.3,55.7,7,3,2,211.8,93.3,55.7
151,151,16,468.1,13,396.8,0,0,4.15210288087,9,5,2,262.2,149.0,56.9,7,4,2,214.5,125.4,56.9
152,152,18,544.2,15,471.9,0,0,4.31249893436,10,6,2,299.3,192.8,52.1,9,5,1,275.6,168.7,27.6
153,153,15,458.2,15,458.2,0,0,3.60413783363,10,5,0,303.3,154.9,0,10,5,0,303.3,154.9,0
154,154,18,531.1,15,461.2,0,0,4.34612365789,11,6,1,329.5,178.8,22.8,10,5,0,306.0,155.2,0
155,155,16,492.7,14,443.5,0,0,3.16743192508,10,4,2,320.4,118.9,53.4,10,3,1,320.4,94.2,28.9
156,156,15,433.4,13,386.5,0,0,4.01256360282,9,5,1,275.4,125.8,32.2,9,3,1,275.4,78.9,32.2
157,157,15,465.0,14,440.2,0,0,4.0842904612,9,6,0,279.1,185.9,0,8,6,0,254.3,185.9,0
158,158,16,463.6,12,369.0,0,0,4.35147484577,9,6,1,271.2,168.2,24.2,8,4,0,246.7,122.3,0
159,159,17,487.8,15,440.3,0,0,3.41476034815,10,6,1,294.1,166.0,27.7,9,5,1,270.0,142.6,27.7
160,160,17,483.6,13,387.3,0,0,3.52209412975,10,6,1,287.8,166.2,29.6,7,5,1,215.8,141.9,29.6
161,161,13,384.4,12,361.2,0,0,2.56039860679,7,4,2,213.6,116.8,54.0,7,4,1,213.6,116.8,30.8
162,162,17,488.3,14,418.3,0,0,3.17776049518,9,6,2,255.8,175.3,57.2,7,5,2,209.6,151.5,57.2
163,163,15,441.8,12,369.3,0,0,3.8317967935,8,5,2,227.2,153.2,61.4,5,5,2,154.7,153.2,61.4
164,164,16,457.6,13,386.5,0,0,4.20238027789,9,6,1,249.0,178.3,30.3,6,6,1,177.9,178.3,30.3
165,165,16,452.7,13,382.0,0,0,3.7088127031,9,5,2,246.5,147.6,58.6,6,5,2,175.8,147.6,58.6
166,166,15,424.5,14,400.2,0,0,2.77900290443,9,4,2,253.6,116.7,54.2,8,4,2,229.3,116.7,54.2
167,167,18,524.4,14,431.1,0,0,4.29965798913,10,6,2,307.0,164.4,53.0,9,4,1,283.8,117.2,30.1
168,168,16,499.8,15,476.0,0,0,4.21629774407,10,5,1,312.5,155.9,31.4,9,5,1,288.7,155.9,31.4
169,169,18,537.3,15,467.5,0,0,4.06625279154,11,5,2,331.4,154.1,51.8,9,5,1,284.3,154.1,29.1
170,170,13,398.6,13,398.6,0,0,3.12744263511,7,5,1,220.6,153.0,25.0,7,5,1,220.6,153.0,25.0
171,171,13,385.4,13,385.4,0,0,3.1745381251,8,5,0,238.5,146.9,0,8,5,0,238.5,146.9,0
172,172,21,582.7,12,366.6,0,0,3.95987614044,12,6,3,347.9,158.7,76.1,9,2,1,276.7,61.7,28.2
173,173,20,570.5,15,449.4,0,0,3.92373009963,11,6,3,330.5,163.1,76.9,9,5,1,283.3,138.4,27.7
174,174,16,459.0,12,364.2,0,0,4.03036392071,10,5,1,288.0,141.0,30.0,8,3,1,240.3,93.9,30.0
175,175,16,457.3,13,386.2,0,0,3.85455898904,9,6,1,265.0,164.7,27.6,7,5,1,217.2,141.4,27.6
176,176,16,461.7,11,341.2,0,0,4.10884716192,9,6,1,261.4,176.7,23.6,6,5,0,188.8,152.4,0
177,177,21,580.7,15,447.4,0,0,4.42353015674,11,6,4,315.5,173.7,91.5,8,6,1,248.0,173.7,25.7
178,178,16,452.7,12,360.7,0,0,4.05157891033,9,5,2,261.5,141.3,49.9,7,4,1,217.4,118.3,25.0
179,179,20,562.6,14,422.7,0,0,4.54313826151,12,5,3,345.6,140.0,77.0,9,4,1,274.1,116.9,31.7
180,180,16,467.6,13,397.4,0,0,4.01953562824,9,4,3,273.7,118.3,75.6,9,3,1,273.7,93.9,29.8
181,181,17,494.1,15,448.5,0,0,4.12582433831,11,4,2,320.9,119.2,54.0,10,4,1,298.7,119.2,30.6
182,182,17,500.0,16,475.6,0,0,3.71969124272,11,4,2,326.6,117.7,55.7,10,4,2,302.2,117.7,55.7
183,183,14,407.8,11,338.1,0,0,4.72984445531,8,4,2,240.8,111.7,55.3,8,2,1,240.8,66.5,30.8
184,184,18,501.0,11,338.1,0,0,4.53885188903,12,4,2,331.8,116.5,52.7,7,3,1,216.6,91.8,29.7
185,185,18,510.6,13,394.4,0,0,4.37667614951,12,4,2,337.2,119.4,54.0,8,4,1,244.9,119.4,30.1
186,186,18,521.3,15,449.0,0,0,3.71517379672,10,6,2,294.3,172.7,54.3,8,6,1,246.3,172.7,30.0
187,187,18,528.3,17,504.8,0,0,3.41420044899,10,6,2,299.7,175.2,53.4,10,6,1,299.7,175.2,29.9
188,188,18,520.9,14,424.7,0,0,3.82839835792,10,6,2,301.6,166.1,53.2,10,3,1,301.6,93.8,29.3
189,189,19,542.4,16,470.5,0,0,3.60761053901,10,6,3,295.6,170.0,76.8,9,5,2,270.9,145.7,53.9
190,190,14,407.5,13,382.9,0,0,3.61608889563,7,6,1,212.6,167.3,27.6,7,5,1,212.6,142.7,27.6
191,191,15,445.3,13,397.3,0,0,4.78238832543,9,6,0,278.9,166.4,0,9,4,0,278.9,118.4,0
192,192,20,542.1,15,433.2,1,19.3,4.29987453917,11,6,3,304.4,164.4,73.3,8,6,1,240.4,164.4,28.4
193,193,22,585.3,16,462.9,3,55.0,4.84074741108,12,6,4,324.2,172.5,88.6,9,6,1,262.0,172.5,28.4
194,194,21,556.6,14,405.3,3,55.0,4.72540751581,12,6,3,317.2,167.5,71.9,7,6,1,207.1,167.5,30.7
195,195,14,401.3,12,354.0,0,0,4.13421132705,8,4,2,242.8,111.2,47.3,8,4,0,242.8,111.2,0
196,196,21,570.4,14,412.0,0,0,4.14891265158,12,6,3,316.8,178.7,74.9,6,6,2,181.1,178.7,52.2
197,197,21,569.8,14,411.1,0,0,4.19026649908,12,6,3,321.0,172.5,76.3,8,4,2,230.3,127.2,53.6
198,198,19,526.5,13,385.8,0,0,3.97294946927,11,6,2,299.8,176.3,50.4,7,5,1,206.0,153.6,26.2
199,199,19,533.3,14,414.2,0,0,3.83710721936,11,6,2,305.4,178.0,49.9,8,5,1,232.6,155.3,26.3
200,200,15,441.3,12,368.3,0,0,3.629285644,9,5,1,257.3,157.3,26.7,6,5,1,184.3,157.3,26.7
201,201,16,457.1,11,335.9,0,0,4.08602802242,9,5,2,250.5,156.8,49.8,5,5,1,152.8,156.8,26.3
202,202,17,480.3,10,312.1,0,0,4.30292308307,9,6,2,248.3,183.6,48.4,4,5,1,127.5,158.7,25.9
203,203,15,430.7,10,312.3,0,0,4.47403088735,8,6,1,225.1,181.5,24.1,5,5,0,154.3,158.0,0
204,204,16,459.5,12,364.1,0,0,4.29778528237,9,6,1,251.7,183.5,24.3,6,6,0,180.6,183.5,0
205,205,15,442.0,13,393.4,0,0,3.86184017326,8,6,1,233.5,184.2,24.3,7,6,0,209.2,184.2,0
206,206,16,463.2,13,390.6,0,0,3.59833294735,9,5,2,256.2,157.8,49.2,7,5,1,207.8,157.8,25.0
207,207,17,483.7,13,388.2,0,0,3.51552230242,10,4,3,281.6,124.8,77.3,8,4,1,232.9,124.8,30.5
208,208,17,488.9,14,417.4,0,0,3.24153875951,8,6,3,221.7,180.2,87.0,6,5,3,175.1,155.3,87.0
209,209,14,402.3,12,357.4,0,0,3.95097011317,7,6,1,191.4,180.8,30.1,5,6,1,146.5,180.8,30.1
210,210,14,398.6,12,350.9,0,0,3.45463536347,8,4,2,220.0,122.7,55.9,6,4,2,172.3,122.7,55.9
211,211,17,483.0,13,389.2,0,0,3.76511659065,10,5,2,284.0,144.7,54.3,7,4,2,212.9,122.0,54.3
212,212,17,496.9,14,425.1,0,0,3.36930347139,9,6,2,272.7,171.0,53.2,8,5,1,247.9,147.8,29.4
213,213,18,520.0,18,520.0,0,0,2.73729984794,10,6,2,280.6,182.4,57.0,10,6,2,280.6,182.4,57.0
214,214,18,517.0,15,445.5,0,0,3.67912322604,10,5,3,288.7,151.5,76.8,10,4,1,288.7,127.5,29.3
215,215,16,464.6,13,391.7,0,0,3.36885242578,9,6,1,261.2,174.5,28.9,8,4,1,236.9,125.9,28.9
216,216,17,496.5,15,449.3,0,0,2.99655439385,9,6,2,257.2,177.8,61.5,7,6,2,210.0,177.8,61.5
217,217,14,398.0,12,351.2,0,0,3.33199606875,7,4,3,199.2,119.7,79.1,6,4,2,175.5,119.7,56.0
218,218,18,534.1,15,467.5,1,19.8,4.55473968463,9,6,3,255.2,199.2,79.7,7,6,2,210.6,199.2,57.7
219,219,18,531.5,14,440.6,1,19.8,4.43552577367,9,6,3,251.6,197.2,82.7,6,6,2,184.1,197.2,59.3
220,220,18,554.9,17,530.8,0,0,3.04743007555,9,6,3,268.4,197.7,88.8,8,6,3,244.3,197.7,88.8
221,221,16,498.2,15,473.3,0,0,2.86050694808,7,6,3,213.5,199.0,85.7,6,6,3,188.6,199.0,85.7
222,222,17,520.0,16,495.3,0,0,2.99163048206,8,6,3,235.8,196.4,87.8,7,6,3,211.1,196.4,87.8
223,223,17,503.1,14,433.0,0,0,3.35195289873,8,6,3,227.5,185.3,90.3,5,6,3,157.4,185.3,90.3
224,224,16,460.7,13,387.5,0,0,3.26179270749,10,5,1,296.1,139.7,24.9,9,4,0,271.3,116.2,0
225,225,18,519.9,17,496.0,0,0,3.03823671773,9,6,3,273.5,171.9,74.5,9,6,2,273.5,171.9,50.6
226,226,18,518.2,16,470.7,0,0,3.0547723298,10,6,2,293.0,174.7,50.5,9,6,1,270.0,174.7,26.0
227,227,14,419.4,11,350.0,0,0,4.53731779218,8,6,0,243.9,175.5,0,6,5,0,198.5,151.5,0
228,228,20,584.1,16,488.2,0,0,3.76737728121,10,6,4,302.0,176.8,105.3,9,5,2,277.3,151.9,59.0
229,229,19,560.5,17,513.3,0,0,3.65406926894,9,6,4,276.3,181.1,103.1,9,6,2,276.3,181.1,55.9
230,230,17,519.2,15,472.4,0,0,3.82067710353,9,6,2,279.8,183.2,56.2,8,5,2,257.2,159.0,56.2
231,231,15,457.1,14,434.0,0,0,3.29793586238,10,4,1,305.4,122.9,28.8,9,4,1,282.3,122.9,28.8
232,232,19,554.0,15,459.8,0,0,3.90957738402,11,6,2,326.2,173.6,54.2,9,5,1,280.1,150.0,29.7
233,233,14,415.5,11,345.5,0,0,4.26004307877,7,4,3,218.0,121.0,76.5,6,4,1,195.8,121.0,28.7
234,234,17,506.7,14,435.5,0,0,3.71777328993,9,6,2,269.0,185.0,52.7,8,5,1,244.1,162.2,29.2
235,235,17,488.5,14,418.6,0,0,4.69267263621,10,4,3,290.0,118.7,79.8,8,3,3,243.3,95.5,79.8
236,236,19,543.1,13,406.6,1,19.8,5.35653942578,10,6,3,278.4,178.4,86.3,5,5,3,165.0,155.3,86.3
237,237,19,549.3,14,437.8,1,19.8,5.4166302293,10,6,3,275.8,187.7,85.8,5,6,3,164.3,187.7,85.8
238,238,14,435.3,14,435.3,0,0,4.0355086012,5,6,3,162.4,183.4,89.5,5,6,3,162.4,183.4,89.5
239,239,17,509.7,14,439.7,0,0,4.99352521949,8,6,3,237.0,180.7,92.0,6,5,3,191.5,156.2,92.0
240,240,14,439.9,14,439.9,0,0,3.3556332823,6,5,3,187.6,163.4,88.9,6,5,3,187.6,163.4,88.9
241,241,19,572.9,14,452.5,0,0,4.77218426824,10,6,3,290.8,188.2,93.9,6,5,3,193.7,164.9,93.9
242,242,18,545.2,15,473.9,0,0,4.21954679597,9,6,3,264.7,187.1,93.4,6,6,3,193.4,187.1,93.4
243,243,16,496.5,15,474.2,0,0,4.16552817779,8,5,3,238.9,162.0,95.6,7,5,3,216.6,162.0,95.6
244,244,17,526.5,15,478.0,0,0,4.60811305008,8,6,3,240.5,193.0,93.0,6,6,3,192.0,193.0,93.0
245,245,15,467.5,14,444.8,0,0,5.27807685034,9,5,1,282.4,156.2,28.9,8,5,1,259.7,156.2,28.9
246,246,18,559.8,17,535.3,0,0,3.30347410713,9,6,3,287.7,185.2,86.9,9,6,2,287.7,185.2,62.4
247,247,16,508.4,15,483.8,0,0,3.89384129106,8,6,2,260.8,194.0,53.6,8,6,1,260.8,194.0,29.0
248,248,16,501.6,14,455.6,0,0,4.85688514722,8,5,3,268.0,154.1,79.5,8,4,2,268.0,130.3,57.3
249,249,17,524.3,15,474.9,0,0,4.47787042347,9,5,3,267.7,167.2,89.4,7,5,3,218.3,167.2,89.4
250,250,18,542.9,14,445.7,0,0,4.71033143443,9,6,3,264.1,196.8,82.0,7,5,2,215.4,172.4,57.9
251,251,16,496.4,15,472.1,0,0,4.34350089214,8,6,2,249.6,191.3,55.5,8,5,2,249.6,167.0,55.5
252,252,15,476.5,15,476.5,0,0,4.38710230866,8,5,2,249.5,169.3,57.7,8,5,2,249.5,169.3,57.7
253,253,18,546.5,15,473.5,0,0,4.32436855491,9,6,3,269.4,195.5,81.6,8,5,2,244.8,170.7,58.0
254,254,17,514.8,15,468.3,0,0,4.65406210935,9,6,2,268.7,189.7,56.4,8,5,2,245.3,166.6,56.4
255,255,19,558.0,15,461.9,0,0,3.90612803903,10,6,3,289.1,183.6,85.3,7,5,3,217.8,158.8,85.3
256,256,11,294.4,7,198.6,0,0,2.64698799668,7,4,0,182.7,111.7,0,4,3,0,111.0,87.6,0
257,257,3,104.8,3,104.8,0,0,1.82300118852,0,2,1,0,70.2,34.6,0,2,1,0,70.2,34.6
258,258,3,102.8,3,102.8,0,0,2.01328918274,0,2,1,0,68.8,34.0,0,2,1,0,68.8,34.0
259,259,12,355.0,10,308.1,0,0,4.93408061498,6,3,3,157.8,105.8,91.4,4,3,3,110.9,105.8,91.4
260,260,15,415.8,10,310.7,2,37.8,6.58192329686,8,4,3,193.0,132.7,90.1,4,3,3,109.1,111.5,90.1
261,261,16,408.3,8,253.6,4,63.1,7.75836913705,8,5,3,186.0,148.4,73.9,3,3,2,82.7,111.2,59.7
262,262,17,426.5,9,275.6,5,79.7,7.55809850036,9,5,3,200.0,153.3,73.2,3,4,2,79.1,137.5,59.0
263,263,18,438.1,9,282.8,7,107.1,8.39370484624,9,6,3,198.0,169.1,71.0,4,4,1,110.9,138.7,33.2
264,264,18,437.8,9,281.0,7,108.5,8.23704369837,9,6,3,194.3,168.4,75.1,3,4,2,84.6,136.9,59.5
265,265,18,417.7,8,240.4,7,107.0,7.55547890196,9,6,3,188.1,159.3,70.3,3,4,1,78.7,129.7,32.0
