,e_id,num_sat,sum_snr,num_sat_25,sum_snr_25,snr_std,elev_0_30,elev_30_60,elev_60_90,elev_0_30_25,elev_30_60_25,elev_60_90_25
1,1,19,449.2,7,213.1,6.20119305631,10,7,2,6,1,0
2,2,19,473.4,8,240.8,5.65786209701,10,7,2,5,3,0
3,3,19,512.9,13,388.4,5.18903477261,10,7,2,8,5,0
4,4,21,539.8,13,379.9,5.48183146316,11,8,2,7,5,1
5,5,21,556.2,13,388.6,5.28320789997,11,8,2,6,6,1
6,6,21,557.8,16,459.7,4.884002067,11,8,2,8,7,1
7,7,21,543.5,14,400.1,4.78942784136,11,8,2,8,6,0
8,8,21,537.0,13,371.0,4.62310965229,11,8,2,7,6,0
9,9,21,557.3,14,413.0,5.22450726772,11,8,2,8,6,0
10,10,21,572.8,15,454.5,5.7707802559,11,8,2,9,6,0
11,11,21,574.7,14,431.6,5.81122477051,11,8,2,8,6,0
12,12,21,558.6,12,372.6,5.90550590551,11,8,2,7,5,0
13,13,20,527.7,12,367.2,5.99414407217,10,8,2,7,5,0
14,14,20,525.3,11,340.5,5.95927185591,10,8,2,6,5,0
15,15,19,502.7,12,360.9,5.82211452514,10,7,2,8,4,0
16,16,12,368.3,12,368.3,3.97090746059,6,5,1,6,5,1
17,17,16,450.3,11,337.7,4.83776377403,8,7,1,6,5,0
18,18,18,490.8,12,367.3,5.71746550184,9,7,2,6,6,0
19,19,18,483.6,11,331.2,5.30504754095,9,7,2,7,4,0
20,20,19,510.5,12,358.8,5.14004459898,10,7,2,8,4,0
21,21,19,513.7,14,415.5,5.56419211729,10,7,2,8,6,0
22,22,19,514.9,13,389.6,5.14079544213,10,7,2,8,5,0
23,23,19,507.7,12,359.6,5.21616919325,10,7,2,8,4,0
24,24,20,528.5,13,389.1,5.70132717698,11,7,2,8,5,0
25,25,20,540.5,12,370.5,5.69948058575,11,7,2,7,5,0
26,26,20,553.2,14,426.6,5.58629902906,11,7,2,8,6,0
27,27,20,533.3,11,338.4,5.50944404493,11,7,2,7,4,0
28,28,21,559.6,13,393.8,5.73398805785,12,7,2,9,4,0
29,29,22,579.7,13,393.8,5.85204481967,12,8,2,9,4,0
30,30,22,585.1,13,396.6,5.72392450058,12,8,2,9,4,0
31,31,22,591.1,13,401.7,5.89619622046,12,8,2,9,4,0
32,32,22,594.0,15,446.6,5.5391249094,12,8,2,10,5,0
33,33,22,592.1,16,471.7,5.42641646679,12,8,2,11,4,1
34,34,22,589.2,16,473.8,5.65109651085,12,8,2,11,4,1
35,35,21,584.5,14,430.8,5.14036315189,11,8,2,9,4,1
36,36,22,599.8,17,504.1,5.54681765945,12,8,2,12,4,1
37,37,22,593.7,14,422.4,5.39490901592,12,8,2,10,3,1
38,38,23,613.9,16,468.8,5.18274348579,13,8,2,11,4,1
39,39,23,617.9,15,443.8,4.90497045637,13,8,2,11,3,1
40,40,22,599.3,15,447.0,4.90729865472,12,8,2,11,3,1
41,41,22,594.2,15,443.5,4.85846429694,12,8,2,11,3,1
42,42,22,592.0,16,469.8,5.17244614609,12,8,2,11,4,1
43,43,22,593.3,16,466.8,5.01762478087,12,8,2,10,5,1
44,44,22,599.4,16,474.7,5.32565464545,12,8,2,10,5,1
45,45,22,595.7,15,446.2,5.24131315954,12,8,2,10,4,1
46,46,22,598.4,14,427.0,5.52095574887,12,8,2,10,4,0
47,47,22,597.4,14,428.1,5.70260819799,12,8,2,10,4,0
48,48,22,600.1,16,480.5,5.75325430213,12,8,2,11,4,1
49,49,22,598.9,17,506.9,5.93672443101,12,8,2,11,5,1
50,50,22,601.1,15,454.6,5.42208287321,12,8,2,10,4,1
51,51,22,597.3,15,450.8,5.39415468465,12,8,2,10,4,1
52,52,23,613.7,14,428.7,5.89804683957,13,8,2,9,4,1
53,53,23,606.2,15,452.9,6.11836476126,13,8,2,10,4,1
54,54,23,599.5,13,396.3,5.84859024938,13,8,2,9,3,1
55,55,23,589.6,13,392.6,6.05599692984,13,8,2,9,4,0
56,56,23,586.0,13,394.6,6.30987368565,13,8,2,9,4,0
57,57,23,583.8,14,417.4,6.24125950094,13,8,2,9,5,0
58,58,23,580.9,14,420.6,6.77648515,13,8,2,9,5,0
59,59,23,572.1,14,418.3,6.99566212288,13,8,2,9,5,0
60,60,23,570.5,14,416.0,6.89337483391,13,8,2,9,5,0
61,61,23,571.0,13,387.3,6.37318369073,13,8,2,9,4,0
62,62,23,557.5,11,322.0,5.70723138821,13,8,2,8,3,0
63,63,23,575.8,12,355.8,5.72582734757,13,8,2,9,3,0
64,64,23,585.8,14,410.1,5.96835859746,13,8,2,10,3,1
65,65,23,590.5,13,385.7,5.5578132874,13,8,2,10,3,0
66,66,23,606.1,16,469.7,5.53056544579,13,8,2,11,4,1
67,67,23,616.3,14,429.8,5.65994525037,13,8,2,10,3,1
68,68,23,629.7,17,503.8,5.11192514187,13,8,2,11,5,1
69,69,23,640.2,17,514.8,4.91838930542,13,8,2,9,7,1
70,70,23,639.7,16,482.2,4.79983942419,13,8,2,7,8,1
71,71,23,638.3,16,485.6,4.81785217755,13,8,2,10,5,1
72,72,23,623.7,15,458.0,5.44957481026,13,8,2,10,4,1
73,73,23,634.5,17,508.6,4.82656515809,13,8,2,10,6,1
74,74,23,641.0,16,485.9,4.56881074466,13,8,2,9,6,1
75,75,20,572.3,15,460.2,4.44063473415,11,7,2,8,6,1
76,76,14,414.3,13,389.8,2.71674700436,7,6,1,7,5,1
77,77,13,375.2,10,303.3,3.91440469325,6,6,1,5,4,1
78,78,16,464.3,12,371.6,4.36214301309,8,7,1,6,5,1
79,79,17,441.5,10,291.5,4.56190266033,10,5,2,7,2,1
80,80,19,530.3,12,369.4,4.50997594682,10,7,2,7,4,1
81,81,19,544.1,13,405.4,4.7332406712,10,7,2,8,4,1
82,82,15,437.0,13,389.1,3.25832267688,8,6,1,7,5,1
83,83,16,441.1,11,322.5,3.31475866392,9,5,2,5,5,1
84,84,16,460.0,14,413.9,2.89666474875,8,6,2,8,5,1
85,85,17,478.7,14,408.5,3.34422241028,9,6,2,8,5,1
86,86,17,475.3,15,427.4,2.83329728927,9,6,2,8,6,1
87,87,16,450.7,12,355.1,3.30287122567,9,5,2,7,4,1
88,88,15,439.4,14,415.2,3.17972745163,8,5,2,7,5,2
89,89,15,434.6,14,409.9,3.11022889986,8,5,2,8,5,1
90,90,14,416.6,12,368.3,3.28439533967,7,5,2,7,4,1
91,91,12,358.3,11,333.5,3.46500907341,6,5,1,6,4,1
92,92,17,479.0,13,386.2,3.94248167589,10,7,0,6,7,0
93,93,16,460.5,12,365.3,4.34269021844,9,6,1,7,5,0
94,94,13,370.3,12,346.0,2.86904343927,7,6,0,7,5,0
95,95,17,467.2,11,326.7,4.22850968045,10,5,2,7,3,1
96,96,18,469.0,9,275.7,5.32344671875,10,6,2,6,2,1
97,97,18,472.1,9,266.1,4.36871303644,10,6,2,5,3,1
98,98,16,434.0,9,264.7,3.69459064038,9,6,1,4,4,1
99,99,15,419.7,9,277.6,4.35942329082,8,6,1,6,2,1
100,100,14,396.2,11,326.9,4.33731572431,9,4,1,7,3,1
101,101,13,378.8,11,330.4,3.44420732572,8,4,1,7,3,1
102,102,15,421.5,12,354.1,4.0665886019,9,5,1,8,3,1
103,103,17,444.9,11,323.8,5.38571776854,9,7,1,7,3,1
104,104,17,455.1,11,329.8,5.22000535271,9,7,1,7,3,1
105,105,17,472.4,13,378.8,4.05522538722,10,7,0,8,5,0
106,106,15,434.3,14,409.7,3.10848301695,9,6,0,8,6,0
107,107,14,401.4,12,355.2,3.71513092666,8,6,0,8,4,0
108,108,15,421.1,12,349.0,3.59870347023,8,7,0,7,5,0
109,109,15,424.3,11,327.2,3.6988157693,9,6,0,7,4,0
110,110,14,410.8,11,337.6,3.5593245439,8,6,0,7,4,0
111,111,13,374.2,11,326.3,3.79338155077,7,5,1,6,4,1
112,112,14,383.6,10,290.4,3.36337742341,8,5,1,7,2,1
113,113,17,459.2,11,329.7,5.15034978824,9,6,2,7,3,1
114,114,18,488.0,12,358.9,4.93271061253,9,7,2,7,4,1
115,115,18,493.2,12,359.2,4.51220566907,9,7,2,6,6,0
116,116,19,492.5,11,334.0,6.28901855507,10,7,2,5,6,0
117,117,19,494.2,12,355.0,5.81510434958,10,7,2,6,5,1
118,118,19,481.3,11,321.7,5.81120112193,10,7,2,6,5,0
119,119,19,472.5,10,293.6,5.95334197756,10,7,2,6,4,0
120,120,19,482.6,10,304.2,6.42244328724,10,7,2,5,5,0
121,121,21,541.6,12,366.2,6.59893209254,11,8,2,6,6,0
122,122,21,546.6,12,363.6,6.13540079026,11,8,2,6,6,0
123,123,21,553.1,14,417.3,6.18760666094,11,8,2,7,7,0
124,124,21,549.2,13,392.7,6.20359726672,11,8,2,6,7,0
125,125,21,565.6,13,397.1,5.56330237659,11,8,2,6,7,0
126,126,22,582.0,14,420.2,5.81014935246,12,8,2,7,7,0
127,127,22,571.5,13,380.3,5.23776868325,12,8,2,7,6,0
128,128,22,572.4,13,393.0,6.08500392171,12,8,2,6,7,0
129,129,22,590.8,14,426.5,5.99902589495,12,8,2,7,7,0
130,130,21,574.3,14,425.9,5.57742046538,11,8,2,7,7,0
131,131,21,580.3,15,455.4,5.55502775271,11,8,2,8,6,1
132,132,21,584.3,14,434.7,5.70218420975,11,8,2,7,6,1
133,133,21,579.8,14,433.6,5.87391732678,11,8,2,7,6,1
134,134,21,578.2,14,433.2,5.66950909104,11,8,2,7,6,1
135,135,21,577.4,14,432.9,6.04512003111,11,8,2,7,6,1
136,136,21,569.9,14,423.0,5.39726562163,11,8,2,7,6,1
137,137,21,559.3,13,386.4,4.90971825397,11,8,2,6,6,1
138,138,20,554.0,13,402.1,5.30759138553,10,8,2,6,6,1
139,139,20,560.3,14,429.1,4.97449018811,10,8,2,6,7,1
140,140,20,562.0,15,458.1,5.01177560719,10,8,2,7,7,1
141,141,20,556.5,14,427.0,4.958021146,10,8,2,6,7,1
142,142,20,550.7,14,422.8,5.11131613497,10,8,2,6,7,1
143,143,20,553.1,14,419.0,4.75244812259,10,8,2,7,6,1
144,144,20,550.7,14,420.3,4.98527040918,10,8,2,6,7,1
145,145,20,548.1,13,399.5,5.62424029958,10,8,2,6,6,1
146,146,19,508.6,12,354.5,5.07620293697,9,8,2,7,5,0
147,147,16,470.4,13,400.0,4.30813184571,7,8,1,5,7,1
148,148,14,413.0,13,390.7,4.17409594081,6,7,1,6,6,1
149,149,14,412.1,12,363.5,4.50702138427,6,7,1,6,5,1
150,150,14,419.5,11,346.6,4.63209657513,6,7,1,5,5,1
151,151,12,355.7,10,308.9,4.52898911726,7,5,0,6,4,0
152,152,13,363.0,9,275.7,4.92123863916,7,5,1,6,3,0
153,153,20,519.9,10,305.1,5.21399685058,11,7,2,6,4,0
154,154,18,501.5,15,429.8,3.54170761222,10,6,2,8,5,2
155,155,15,427.8,12,356.1,3.38910017556,7,6,2,6,5,1
156,156,15,423.0,12,351.8,3.67734376186,7,6,2,5,5,2
157,157,14,402.9,12,353.7,3.61751690686,7,5,2,6,5,1
158,158,15,422.6,13,374.0,2.97620723805,7,6,2,6,5,2
159,159,15,424.2,12,351.1,3.39646875446,7,6,2,6,6,0
160,160,17,470.6,11,333.7,4.61969091148,8,7,2,5,5,1
161,161,19,513.0,10,311.4,5.02924779001,10,7,2,5,4,1
162,162,19,507.7,11,335.7,5.31429716764,10,7,2,6,4,1
163,163,19,504.4,12,357.6,5.19309032605,10,7,2,7,4,1
164,164,20,521.4,11,331.9,5.50235356342,11,7,2,7,4,0
165,165,20,530.0,13,387.0,5.25707543272,11,7,2,7,5,1
166,166,20,527.7,13,382.6,4.99497378951,11,7,2,7,5,1
167,167,20,531.6,13,385.9,5.05825016551,11,7,2,7,5,1
168,168,20,524.8,13,382.2,5.28567079844,11,7,2,7,5,1
169,169,20,544.3,14,418.8,5.42123262348,11,7,2,8,5,1
170,170,20,532.2,12,363.4,5.69430925528,11,7,2,6,5,1
171,171,20,527.9,11,343.0,6.27186491194,11,7,2,6,4,1
172,172,21,564.4,14,418.7,5.38144077008,11,8,2,8,5,1
173,173,20,538.3,11,341.9,5.82826822704,10,8,2,5,5,1
174,174,20,539.8,15,435.6,4.32823046375,11,7,2,7,7,1
175,175,19,509.0,13,382.1,4.6375154671,10,7,2,6,6,1
176,176,14,415.0,13,392.2,3.50685357237,7,7,0,7,6,0
177,177,15,414.3,10,306.4,5.88887571128,8,6,1,5,5,0
178,178,19,496.7,11,335.6,6.12955642672,11,7,1,7,4,0
179,179,19,491.5,11,339.5,6.69784813135,11,7,1,7,4,0
180,180,20,515.9,10,309.1,6.4228600778,11,7,2,5,5,0
181,181,20,527.0,13,386.2,5.79160008797,11,7,2,7,5,1
182,182,19,499.3,11,330.6,5.61432482805,10,7,2,7,3,1
183,183,19,502.0,10,304.7,5.26799339274,10,7,2,8,2,0
184,184,19,492.5,9,276.5,5.57021632807,10,7,2,6,3,0
185,185,19,497.8,11,328.2,5.5406578029,10,7,2,7,3,1
186,186,20,542.6,13,395.1,5.62252050615,11,7,2,8,4,1
187,187,20,540.0,12,368.1,5.6231663678,11,7,2,7,4,1
188,188,20,542.0,13,394.3,5.75700945759,11,7,2,8,4,1
189,189,21,570.9,14,425.7,6.00368934192,11,8,2,8,5,1
190,190,21,569.9,13,399.3,6.15186769936,11,8,2,8,5,0
191,191,21,569.7,15,451.9,6.36397225459,11,8,2,8,6,1
192,192,21,567.2,15,447.0,5.81823897429,11,8,2,8,6,1
193,193,21,562.2,13,392.6,5.73525438469,11,8,2,8,5,0
194,194,21,567.3,13,395.1,5.67699618762,11,8,2,8,5,0
195,195,21,554.8,12,365.2,6.03030837086,11,8,2,8,4,0
196,196,21,557.9,14,412.2,5.58903688781,11,8,2,9,5,0
197,197,21,568.0,14,414.3,5.06513761389,11,8,2,9,5,0
198,198,21,572.2,13,391.0,4.6860024592,11,8,2,8,5,0
199,199,21,561.1,9,286.3,5.37360391615,11,8,2,8,1,0
200,200,20,532.8,8,263.9,6.03467175229,11,8,1,8,0,0
201,201,20,518.0,12,350.1,5.36862228725,11,8,1,8,4,0
202,202,21,520.3,8,243.8,5.47191965967,11,8,2,6,2,0
203,203,20,501.3,7,223.6,6.19925929362,11,8,1,5,2,0
204,204,21,507.6,9,275.1,6.67803435579,12,8,1,7,2,0
205,205,21,511.0,8,251.0,6.31999472574,12,8,1,6,2,0
206,206,22,533.9,9,277.4,6.40746487003,12,8,2,7,2,0
207,207,22,530.0,10,293.3,5.90237313782,12,8,2,6,4,0
208,208,22,531.6,8,240.9,5.53917180113,12,8,2,5,3,0
209,209,22,532.2,7,217.9,5.73841765903,12,8,2,5,2,0
210,210,22,542.2,8,246.3,5.83517472483,12,8,2,6,2,0
211,211,22,525.7,8,247.3,6.53463135352,12,8,2,6,2,0
212,212,22,537.0,8,257.4,6.92895299525,12,8,2,6,2,0
213,213,21,520.7,9,280.9,6.66104167458,12,8,1,7,2,0
214,214,21,518.8,8,249.7,6.25615506445,12,8,1,6,2,0
215,215,21,506.8,9,273.3,6.71858119943,12,8,1,6,3,0
216,216,21,515.6,11,326.9,6.65632173558,12,8,1,7,4,0
217,217,21,515.3,10,297.8,6.04578168564,12,8,1,6,4,0
218,218,22,522.1,8,239.1,5.51287552343,12,8,2,6,2,0
219,219,21,502.7,8,243.3,6.04950214402,11,8,2,6,2,0
220,220,21,513.8,9,278.9,6.75739101528,11,8,2,7,2,0
221,221,21,543.0,11,326.0,5.25181601244,11,8,2,9,2,0
222,222,20,540.1,10,317.7,6.15650917835,11,8,1,6,4,0
223,223,20,538.4,10,324.3,6.84117564535,10,9,1,6,4,0
224,224,20,536.9,10,332.1,7.53088203403,10,9,1,6,4,0
225,225,20,549.7,10,328.6,6.42759470441,10,9,1,6,4,0
226,226,21,569.2,11,352.2,6.26270518151,10,9,2,6,5,0
227,227,21,574.7,10,331.2,6.32639971337,10,9,2,6,4,0
228,228,20,558.6,10,335.1,6.448345361,10,9,1,6,4,0
229,229,20,551.3,12,383.3,6.64373666261,10,9,1,6,6,0
230,230,20,548.3,10,332.6,6.73305084521,10,9,1,6,4,0
231,231,20,559.3,11,354.7,6.05460025192,10,9,1,7,4,0
232,232,21,574.0,12,376.9,6.09896166026,10,9,2,7,4,1
233,233,21,575.1,11,349.2,5.85237436553,10,9,2,7,3,1
234,234,20,553.0,12,380.5,6.53246950967,10,9,1,7,4,1
235,235,20,551.7,12,381.7,6.81972950536,10,9,1,7,4,1
236,236,20,540.2,11,342.5,5.94438257606,10,9,1,7,4,0
237,237,19,529.4,13,403.5,6.72393820832,10,8,1,7,5,1
238,238,14,422.5,11,350.9,5.63985523156,8,5,1,7,3,1
239,239,16,450.4,9,291.9,5.94934170028,10,5,1,7,2,0
240,240,16,433.2,8,249.9,5.23698386478,8,7,1,7,1,0
241,241,13,362.1,11,315.1,3.52671125947,9,4,0,8,3,0
242,242,13,363.9,9,269.8,4.38281902023,8,4,1,6,3,0
243,243,15,423.9,10,306.7,4.92918422691,10,4,1,6,3,1
244,244,14,399.3,11,329.0,4.21593653642,8,6,0,7,4,0
245,245,15,435.4,11,339.6,3.8304171102,8,7,0,6,5,0
246,246,16,472.8,15,447.8,3.1874754901,8,8,0,8,7,0
247,247,17,491.1,12,371.7,4.33602386308,9,7,1,7,5,0
248,248,16,445.3,10,305.8,4.85753280998,9,5,2,7,3,0
249,249,13,381.6,12,357.0,3.19677321284,8,5,0,7,5,0
250,250,14,400.2,9,278.5,4.43150558594,9,5,0,6,3,0
251,251,19,494.6,9,270.3,4.65475296296,10,7,2,6,3,0
252,252,14,397.4,9,278.7,4.89974208785,8,6,0,5,4,0
253,253,14,400.9,10,306.0,4.98761653311,8,5,1,7,3,0
254,254,16,463.6,10,318.9,5.0929362847,7,8,1,6,3,1
255,255,14,413.6,12,366.7,4.89893462291,7,6,1,6,5,1
256,256,16,469.2,13,398.2,4.83893927771,7,8,1,7,5,1
257,257,13,400.6,11,353.0,4.9856203482,7,5,1,6,4,1
258,258,16,460.7,11,340.6,4.79492353085,7,8,1,6,4,1
259,259,16,472.6,11,351.3,5.10932154661,7,8,1,6,4,1
260,260,14,417.8,9,298.5,5.46312312562,7,6,1,6,2,1
261,261,15,446.1,11,348.1,5.01209964557,7,7,1,6,4,1
262,262,13,396.5,13,396.5,4.70938778753,7,5,1,7,5,1
263,263,11,338.0,10,315.8,4.4036555063,7,4,0,7,3,0
264,264,14,414.6,10,318.9,4.77942016806,8,6,0,7,3,0
265,265,14,414.0,13,390.6,4.2512312373,7,6,1,7,6,0
266,266,16,456.1,12,361.4,4.65696163466,7,7,2,7,4,1
267,267,12,350.9,10,305.7,4.93751102799,7,4,1,7,3,0
268,268,13,396.4,11,348.9,4.93042620512,7,6,0,5,6,0
269,269,18,500.8,14,404.3,3.13229018931,9,8,1,9,5,0
270,270,15,418.6,13,372.8,3.23892986443,7,7,1,6,6,1
271,271,14,412.6,12,365.8,3.70663201291,8,5,1,8,4,0
272,272,16,458.0,13,386.8,3.67287353444,9,6,1,8,5,0
273,273,16,467.3,14,420.7,4.02930411692,9,6,1,8,5,1
274,274,12,357.1,10,311.5,4.46978916186,7,4,1,6,3,1
275,275,13,389.1,10,316.8,4.60911860978,8,4,1,7,2,1
276,276,11,336.4,11,336.4,3.01324349558,7,3,1,7,3,1
277,277,17,479.5,14,404.8,3.45804688159,9,7,1,8,5,1
278,278,14,409.2,14,409.2,3.42781127104,7,6,1,7,6,1
279,279,1,35.7,1,35.7,,0,1,0,0,1,0
280,280,8,201.9,4,121.6,6.12790747319,5,3,0,1,3,0
281,281,12,285.1,4,122.4,5.65885602531,7,5,0,1,3,0
282,282,16,359.1,4,125.4,5.79654710438,8,6,2,1,3,0
283,283,19,444.3,5,166.6,6.57303102397,11,6,2,1,4,0
284,284,19,459.4,7,223.1,6.63028229224,11,6,2,2,4,1
285,285,17,423.3,8,253.2,7.67088651982,9,6,2,2,5,1
286,286,17,438.0,7,232.6,7.5273618533,9,6,2,2,5,0
