,e_id,num_sat,sum_snr,num_sat_25,sum_snr_25,num_sat_u20,sum_sat_u20,snr_std,elev_0_30,elev_30_60,elev_60_90,sum_elev_0_30,sum_elev_30_60,sum_elev_60_90,elev_0_30_25,elev_30_60_25,elev_60_90_25,sum_elev_0_30_25,sum_elev_30_60_25,sum_elev_60_90_25
1,1,19,449.2,7,213.1,8,144.2,6.20119305631,10,7,2,255.8,161.3,32.1,6,1,0,183.0,30.1,0
2,2,19,473.4,8,240.8,4,69.0,5.65786209701,10,7,2,265.6,168.7,39.1,5,3,0,159.7,81.1,0
3,3,19,512.9,14,413.4,3,53.6,5.18903477261,10,7,2,279.8,193.1,40.0,8,6,0,239.7,173.7,0
4,4,21,539.8,13,379.9,4,67.5,5.48183146316,11,8,2,279.2,214.0,46.6,7,5,1,198.3,150.5,31.1
5,5,21,556.2,13,388.6,4,72.3,5.28320789997,11,8,2,289.8,219.9,46.5,6,6,1,180.1,177.7,30.8
6,6,21,557.8,16,459.7,4,73.5,4.884002067,11,8,2,300.0,216.2,41.6,8,7,1,237.0,196.8,25.9
7,7,21,543.5,14,400.1,3,54.3,4.78942784136,11,8,2,296.8,210.7,36.0,8,6,0,231.8,168.3,0
8,8,21,537.0,13,371.0,4,73.8,4.62310965229,11,8,2,291.6,210.2,35.2,7,6,0,204.1,166.9,0
9,9,21,557.3,14,413.0,3,51.3,5.22450726772,11,8,2,303.5,214.9,38.9,8,6,0,238.9,174.1,0
10,10,21,572.8,15,454.5,3,52.5,5.7707802559,11,8,2,318.9,213.6,40.3,9,6,0,279.3,175.2,0
11,11,21,574.7,14,431.6,2,32.9,5.81122477051,11,8,2,314.7,223.3,36.7,8,6,0,252.9,178.7,0
12,12,21,558.6,12,372.6,4,75.7,5.90550590551,11,8,2,309.7,209.7,39.2,7,5,0,225.9,146.7,0
13,13,20,527.7,12,367.2,5,90.8,5.99414407217,10,8,2,276.8,208.1,42.8,7,5,0,221.4,145.8,0
14,14,20,525.3,11,340.5,6,114.1,5.95927185591,10,8,2,277.0,207.5,40.8,6,5,0,195.6,144.9,0
15,15,19,502.7,12,360.9,5,95.2,5.82211452514,10,7,2,287.8,173.8,41.1,8,4,0,247.9,113.0,0
16,16,12,368.3,12,368.3,0,0,3.97090746059,6,5,1,201.2,141.3,25.8,6,5,1,201.2,141.3,25.8
17,17,16,450.3,11,337.7,0,0,4.83776377403,8,7,1,239.9,186.0,24.4,6,5,0,196.3,141.4,0
18,18,18,490.8,12,367.3,2,34.8,5.71746550184,9,7,2,256.1,193.4,41.3,6,6,0,195.8,171.5,0
19,19,18,483.6,11,331.2,2,34.8,5.30504754095,9,7,2,258.6,183.3,41.7,7,4,0,216.7,114.5,0
20,20,19,510.5,12,358.8,2,34.8,5.14004459898,10,7,2,281.8,187.0,41.7,8,4,0,243.3,115.5,0
21,21,19,513.7,14,415.5,3,53.7,5.56419211729,10,7,2,280.0,194.2,39.5,8,6,0,243.6,171.9,0
22,22,19,514.9,13,389.6,2,34.8,5.14079544213,10,7,2,283.3,192.0,39.6,8,5,0,245.6,144.0,0
23,23,19,507.7,12,359.6,2,35.0,5.21616919325,10,7,2,285.8,182.3,39.6,8,4,0,244.5,115.1,0
24,24,20,528.5,13,389.1,5,91.8,5.70132717698,11,7,2,300.4,191.7,36.4,8,5,0,245.0,144.1,0
25,25,20,540.5,12,370.5,3,55.3,5.69948058575,11,7,2,308.3,192.3,39.9,7,5,0,226.0,144.5,0
26,26,20,553.2,14,426.6,2,34.3,5.58629902906,11,7,2,317.3,198.0,37.9,8,6,0,251.9,174.7,0
27,27,20,533.3,11,338.4,1,14.8,5.50944404493,11,7,2,307.4,189.1,36.8,7,4,0,220.3,118.1,0
28,28,21,559.6,13,393.8,3,52.6,5.73398805785,12,7,2,344.6,179.4,35.6,9,4,0,281.0,112.8,0
29,29,22,579.7,13,393.8,3,49.8,5.85204481967,12,8,2,340.6,201.4,37.7,9,4,0,280.3,113.5,0
30,30,22,585.1,13,396.6,3,51.2,5.72392450058,12,8,2,341.4,206.4,37.3,9,4,0,281.2,115.4,0
31,31,22,591.1,13,401.7,3,50.5,5.89619622046,12,8,2,347.0,206.8,37.3,9,4,0,287.2,114.5,0
32,32,22,594.0,16,471.6,2,31.4,5.5391249094,12,8,2,355.0,201.7,37.3,11,5,0,337.1,134.5,0
33,33,22,592.1,16,471.7,3,51.7,5.42641646679,12,8,2,354.4,194.7,43.0,11,4,1,336.3,109.4,26.0
34,34,22,589.2,16,473.8,4,71.7,5.65109651085,12,8,2,355.5,188.4,45.3,11,4,1,337.6,110.7,25.5
35,35,21,584.5,15,455.8,2,36.4,5.14036315189,11,8,2,339.5,199.0,46.0,10,4,1,314.8,114.8,26.2
36,36,22,599.8,17,504.1,3,50.8,5.54681765945,12,8,2,365.9,188.4,45.5,12,4,1,365.9,111.1,27.1
37,37,22,593.7,15,447.4,3,54.1,5.39490901592,12,8,2,363.0,183.4,47.3,10,4,1,313.3,106.3,27.8
38,38,23,613.9,16,468.8,3,54.5,5.18274348579,13,8,2,378.9,187.2,47.8,11,4,1,337.5,104.0,27.3
39,39,23,617.9,16,468.8,1,16.7,4.90497045637,13,8,2,377.8,191.5,48.6,11,4,1,336.8,103.9,28.1
40,40,22,599.3,15,447.0,2,36.2,4.90729865472,12,8,2,363.6,191.6,44.1,11,3,1,339.2,80.2,27.6
41,41,22,594.2,15,443.5,2,36.0,4.85846429694,12,8,2,358.5,192.3,43.4,11,3,1,336.3,80.3,26.9
42,42,22,592.0,16,469.8,4,75.5,5.17244614609,12,8,2,362.3,186.0,43.7,11,4,1,338.0,104.6,27.2
43,43,22,593.3,17,491.8,3,55.8,5.01762478087,12,8,2,359.6,191.2,42.5,11,5,1,335.5,130.3,26.0
44,44,22,599.4,16,474.7,2,34.3,5.32565464545,12,8,2,361.9,195.9,41.6,10,5,1,314.0,135.6,25.1
45,45,22,595.7,16,471.2,2,34.3,5.24131315954,12,8,2,360.5,193.2,42.0,10,5,1,311.9,133.8,25.5
46,46,22,598.4,14,427.0,3,54.5,5.52095574887,12,8,2,361.3,196.0,41.1,10,4,0,315.1,111.9,0
47,47,22,597.4,14,428.1,2,32.0,5.70260819799,12,8,2,358.5,200.8,38.1,10,4,0,313.4,114.7,0
48,48,22,600.1,16,480.5,3,51.0,5.75325430213,12,8,2,361.3,198.1,40.7,11,4,1,339.0,114.2,27.3
49,49,22,598.9,17,506.9,3,50.2,5.93672443101,12,8,2,360.5,199.3,39.1,11,5,1,338.9,142.3,25.7
50,50,22,601.1,15,454.6,2,32.4,5.42208287321,12,8,2,358.7,201.3,41.1,10,4,1,311.9,115.0,27.7
51,51,22,597.3,15,450.8,2,31.7,5.39415468465,12,8,2,357.4,196.3,43.6,10,4,1,310.7,111.4,28.7
52,52,23,613.7,14,428.7,3,47.6,5.89804683957,13,8,2,372.4,198.0,43.3,9,4,1,285.4,114.9,28.4
53,53,23,606.2,15,452.9,4,68.3,6.11836476126,13,8,2,366.2,197.3,42.7,10,4,1,307.8,119.4,25.7
54,54,23,599.5,13,396.3,4,69.3,5.84859024938,13,8,2,361.4,195.2,42.9,9,3,1,279.8,90.6,25.9
55,55,23,589.6,13,392.6,6,103.6,6.05599692984,13,8,2,352.8,194.1,42.7,9,4,0,276.8,115.8,0
56,56,23,586.0,13,394.6,7,122.7,6.30987368565,13,8,2,349.4,197.0,39.6,9,4,0,275.8,118.8,0
57,57,23,583.8,14,417.4,7,122.9,6.24125950094,13,8,2,349.5,196.7,37.6,9,5,0,274.3,143.1,0
58,58,23,580.9,14,420.6,7,116.0,6.77648515,13,8,2,351.3,192.0,37.6,9,5,0,275.2,145.4,0
59,59,23,572.1,14,418.3,7,111.0,6.99566212288,13,8,2,347.4,187.2,37.5,9,5,0,274.0,144.3,0
60,60,23,570.5,14,416.0,7,110.5,6.89337483391,13,8,2,348.6,189.0,32.9,9,5,0,274.1,141.9,0
61,61,23,571.0,13,387.3,7,116.2,6.37318369073,13,8,2,348.7,189.4,32.9,9,4,0,272.5,114.8,0
62,62,23,557.5,11,322.0,7,118.1,5.70723138821,13,8,2,337.7,186.0,33.8,8,3,0,237.1,84.9,0
63,63,23,575.8,12,355.8,4,64.9,5.72582734757,13,8,2,345.1,190.3,40.4,9,3,0,267.3,88.5,0
64,64,23,585.8,14,410.1,4,62.2,5.96835859746,13,8,2,347.6,196.0,42.2,10,3,1,295.7,88.6,25.8
65,65,23,590.5,13,385.7,4,66.9,5.5578132874,13,8,2,351.7,198.0,40.8,10,3,0,295.2,90.5,0
66,66,23,606.1,16,469.7,5,89.2,5.53056544579,13,8,2,353.4,203.5,49.2,11,4,1,321.0,119.3,29.4
67,67,23,616.3,14,429.8,3,52.7,5.65994525037,13,8,2,362.2,203.0,51.1,10,3,1,301.7,97.1,31.0
68,68,23,629.7,18,528.8,1,15.3,5.11192514187,13,8,2,362.8,214.9,52.0,11,6,1,326.3,170.8,31.7
69,69,23,640.2,17,514.8,3,58.3,4.91838930542,13,8,2,364.8,226.1,49.3,9,7,1,281.2,202.7,30.9
70,70,23,639.7,17,507.2,1,18.4,4.79983942419,13,8,2,367.5,227.4,44.8,8,8,1,253.4,227.4,26.4
71,71,23,638.3,16,485.6,2,37.3,4.81785217755,13,8,2,366.2,223.1,49.0,10,5,1,303.2,151.6,30.8
72,72,23,623.7,15,458.0,4,75.1,5.44957481026,13,8,2,367.0,207.5,49.2,10,4,1,302.0,125.0,31.0
73,73,23,634.5,17,508.6,3,56.5,4.82656515809,13,8,2,364.4,221.8,48.3,10,6,1,302.4,174.9,31.3
74,74,23,641.0,16,485.9,2,37.7,4.56881074466,13,8,2,367.3,223.6,50.1,9,6,1,278.9,175.0,32.0
75,75,20,572.3,15,460.2,1,18.1,4.44063473415,11,7,2,323.7,198.4,50.2,8,6,1,252.7,175.4,32.1
76,76,14,414.3,13,389.8,0,0,2.71674700436,7,6,1,210.9,171.6,31.8,7,5,1,210.9,147.1,31.8
77,77,13,375.2,10,303.3,0,0,3.91440469325,6,6,1,179.0,167.2,29.0,5,4,1,154.4,119.9,29.0
78,78,16,464.3,12,371.6,0,0,4.36214301309,8,7,1,234.0,200.6,29.7,6,5,1,188.2,153.7,29.7
79,79,17,441.5,10,291.5,0,0,4.56190266033,10,5,2,271.3,117.9,52.3,7,2,1,206.1,55.9,29.5
80,80,19,530.3,12,369.4,1,18.7,4.50997594682,10,7,2,282.6,191.3,56.4,7,4,1,217.6,118.9,32.9
81,81,19,544.1,14,430.4,1,18.7,4.7332406712,10,7,2,292.8,194.0,57.3,8,5,1,250.9,145.8,33.7
82,82,15,437.0,13,389.1,0,0,3.25832267688,8,6,1,235.6,168.4,33.0,7,5,1,211.5,144.6,33.0
83,83,16,441.1,11,322.5,0,0,3.31475866392,9,5,2,248.4,138.9,53.8,5,5,1,152.8,138.9,30.8
84,84,16,460.0,14,413.9,0,0,2.89666474875,8,6,2,236.4,169.0,54.6,8,5,1,236.4,146.2,31.3
85,85,17,478.7,14,408.5,0,0,3.34422241028,9,6,2,256.6,168.5,53.6,8,5,1,232.0,145.7,30.8
86,86,17,475.3,15,427.4,0,0,2.83329728927,9,6,2,250.6,170.4,54.3,8,6,1,227.1,170.4,29.9
87,87,16,450.7,12,355.1,0,0,3.30287122567,9,5,2,254.1,142.9,53.7,7,4,1,205.1,119.1,30.9
88,88,15,439.4,14,415.2,0,0,3.17972745163,8,5,2,236.8,146.0,56.6,7,5,2,212.6,146.0,56.6
89,89,15,434.6,14,409.9,0,0,3.11022889986,8,5,2,233.9,145.7,55.0,8,5,1,233.9,145.7,30.3
90,90,14,416.6,12,368.3,0,0,3.28439533967,7,5,2,217.0,144.8,54.8,7,4,1,217.0,120.3,31.0
91,91,12,358.3,11,333.5,0,0,3.46500907341,6,5,1,190.3,141.5,26.5,6,4,1,190.3,116.7,26.5
92,92,17,479.0,13,386.2,0,0,3.94248167589,10,7,0,274.5,204.5,0,6,7,0,181.7,204.5,0
93,93,16,460.5,13,390.3,0,0,4.34269021844,9,6,1,266.5,171.2,22.8,8,5,0,243.2,147.1,0
94,94,13,370.3,12,346.0,0,0,2.86904343927,7,6,0,206.8,163.5,0,7,5,0,206.8,139.2,0
95,95,17,467.2,11,326.7,0,0,4.22850968045,10,5,2,285.8,131.3,50.1,7,3,1,215.2,82.8,28.7
96,96,18,469.0,9,275.7,2,39.0,5.32344671875,10,6,2,277.4,142.4,49.2,6,2,1,189.4,57.1,29.2
97,97,18,472.1,9,266.1,2,39.0,4.36871303644,10,6,2,271.7,152.5,47.9,5,3,1,156.0,82.2,27.9
98,98,16,434.0,9,264.7,0,0,3.69459064038,9,6,1,252.1,156.2,25.7,4,4,1,129.7,109.3,25.7
99,99,15,419.7,10,302.6,0,0,4.35942329082,8,6,1,237.5,153.6,28.6,7,2,1,215.2,58.8,28.6
100,100,14,396.2,11,326.9,0,0,4.33731572431,9,4,1,261.9,106.7,27.6,7,3,1,215.7,83.6,27.6
101,101,13,378.8,11,330.4,0,0,3.44420732572,8,4,1,240.0,111.0,27.8,7,3,1,216.1,86.5,27.8
102,102,15,421.5,12,354.1,0,0,4.0665886019,9,5,1,264.1,129.8,27.6,8,3,1,243.8,82.7,27.6
103,103,17,444.9,11,323.8,2,35.6,5.38571776854,9,7,1,259.4,158.9,26.6,7,3,1,215.5,81.7,26.6
104,104,17,455.1,11,329.8,1,16.4,5.22000535271,9,7,1,263.0,165.8,26.3,7,3,1,219.1,84.4,26.3
105,105,17,472.4,13,378.8,0,0,4.05522538722,10,7,0,285.9,186.5,0,8,5,0,239.0,139.8,0
106,106,15,434.3,14,409.7,0,0,3.10848301695,9,6,0,265.2,169.1,0,8,6,0,240.6,169.1,0
107,107,14,401.4,12,355.2,0,0,3.71513092666,8,6,0,241.1,160.3,0,8,4,0,241.1,114.1,0
108,108,15,421.1,12,349.0,0,0,3.59870347023,8,7,0,240.0,181.1,0,7,5,0,215.2,133.8,0
109,109,15,424.3,11,327.2,0,0,3.6988157693,9,6,0,265.6,158.7,0,7,4,0,216.1,111.1,0
110,110,14,410.8,11,337.6,0,0,3.5593245439,8,6,0,242.5,168.3,0,7,4,0,218.5,119.1,0
111,111,13,374.2,11,326.3,0,0,3.79338155077,7,5,1,213.8,132.5,27.9,6,4,1,190.2,108.2,27.9
112,112,14,383.6,10,290.4,0,0,3.36337742341,8,5,1,228.8,124.0,30.8,7,2,1,204.5,55.1,30.8
113,113,17,459.2,11,329.7,3,57.8,5.15034978824,9,6,2,258.1,150.0,51.1,7,3,1,214.8,83.5,31.4
114,114,18,488.0,12,358.9,2,38.7,4.93271061253,9,7,2,258.1,178.9,51.0,7,4,1,215.0,112.4,31.5
115,115,18,493.2,12,359.2,2,38.0,4.51220566907,9,7,2,252.2,198.0,43.0,6,6,0,185.4,173.8,0
116,116,19,492.5,11,334.0,5,86.3,6.28901855507,10,7,2,253.5,203.0,36.0,5,6,0,155.7,178.3,0
117,117,19,494.2,12,355.0,3,49.8,5.81510434958,10,7,2,259.0,193.2,42.0,6,5,1,182.8,147.0,25.2
118,118,19,481.3,11,321.7,4,68.7,5.81120112193,10,7,2,254.4,186.6,40.3,6,5,0,178.8,142.9,0
119,119,19,472.5,10,293.6,4,66.8,5.95334197756,10,7,2,248.8,186.6,37.1,6,4,0,176.5,117.1,0
120,120,19,482.6,10,304.2,4,66.9,6.42244328724,10,7,2,250.9,196.1,35.6,5,5,0,156.4,147.8,0
121,121,21,541.6,12,366.2,4,64.1,6.59893209254,11,8,2,283.7,222.1,35.8,6,6,0,190.0,176.2,0
122,122,21,546.6,12,363.6,3,46.9,6.13540079026,11,8,2,287.6,224.0,35.0,6,6,0,186.2,177.4,0
123,123,21,553.1,14,417.3,4,65.4,6.18760666094,11,8,2,286.9,228.1,38.1,7,7,0,209.2,208.1,0
124,124,21,549.2,13,392.7,4,67.5,6.20359726672,11,8,2,286.8,229.4,33.0,6,7,0,184.5,208.2,0
125,125,21,565.6,14,422.1,2,33.5,5.56330237659,11,8,2,294.1,232.6,38.9,7,7,0,210.7,211.4,0
126,126,22,582.0,14,420.2,3,49.0,5.81014935246,12,8,2,316.7,227.4,37.9,7,7,0,210.3,209.9,0
127,127,22,571.5,13,380.3,2,31.5,5.23776868325,12,8,2,310.9,221.2,39.4,7,6,0,205.5,174.8,0
128,128,22,572.4,13,393.0,4,69.0,6.08500392171,12,8,2,311.3,226.0,35.1,6,7,0,187.6,205.4,0
129,129,22,590.8,14,426.5,3,48.7,5.99902589495,12,8,2,321.6,230.0,39.2,7,7,0,218.4,208.1,0
130,130,21,574.3,15,450.9,3,52.0,5.57742046538,11,8,2,309.5,224.6,40.2,7,7,1,219.6,206.3,25.0
131,131,21,580.3,15,455.4,3,53.0,5.55502775271,11,8,2,313.9,223.1,43.3,8,6,1,247.7,179.8,27.9
132,132,21,584.3,15,459.7,3,53.0,5.70218420975,11,8,2,315.5,223.6,45.2,8,6,1,248.5,181.4,29.8
133,133,21,579.8,14,433.6,3,50.6,5.87391732678,11,8,2,313.9,219.2,46.7,7,6,1,222.7,181.4,29.5
134,134,21,578.2,14,433.2,3,55.7,5.66950909104,11,8,2,309.8,220.4,48.0,7,6,1,223.3,179.1,30.8
135,135,21,577.4,14,432.9,2,30.1,6.04512003111,11,8,2,302.1,227.1,48.2,7,6,1,220.0,182.1,30.8
136,136,21,569.9,14,423.0,3,55.6,5.39726562163,11,8,2,297.4,224.3,48.2,7,6,1,213.9,178.3,30.8
137,137,21,559.3,13,386.4,2,36.2,4.90971825397,11,8,2,294.0,217.5,47.8,6,6,1,183.7,172.6,30.1
138,138,20,554.0,13,402.1,2,35.1,5.30759138553,10,8,2,278.1,226.9,49.0,6,6,1,190.4,180.8,30.9
139,139,20,560.3,15,454.1,2,39.4,4.97449018811,10,8,2,279.3,230.3,50.7,7,7,1,214.8,208.0,31.3
140,140,20,562.0,15,458.1,1,19.4,5.01177560719,10,8,2,281.8,229.4,50.8,7,7,1,218.7,208.0,31.4
141,141,20,556.5,15,452.0,3,59.0,4.958021146,10,8,2,279.0,227.0,50.5,7,7,1,216.8,204.1,31.1
142,142,20,550.7,15,447.8,1,16.4,5.11131613497,10,8,2,281.1,223.4,46.2,7,7,1,216.9,201.1,29.8
143,143,20,553.1,14,419.0,1,18.6,4.75244812259,10,8,2,287.6,217.9,47.6,7,6,1,217.9,172.1,29.0
144,144,20,550.7,14,420.3,2,38.3,4.98527040918,10,8,2,282.8,220.8,47.1,6,7,1,193.8,198.0,28.5
145,145,20,548.1,13,399.5,2,33.8,5.62424029958,10,8,2,277.7,225.0,45.4,6,6,1,193.1,177.5,28.9
146,146,19,508.6,12,354.5,1,16.5,5.07620293697,9,8,2,255.7,212.1,40.8,7,5,0,212.4,142.1,0
147,147,16,470.4,13,400.0,0,0,4.30813184571,7,8,1,209.8,232.0,28.6,5,7,1,162.1,209.3,28.6
148,148,14,413.0,13,390.7,0,0,4.17409594081,6,7,1,189.0,196.4,27.6,6,6,1,189.0,174.1,27.6
149,149,14,412.1,12,363.5,0,0,4.50702138427,6,7,1,192.5,191.9,27.7,6,5,1,192.5,143.3,27.7
150,150,14,419.5,11,346.6,0,0,4.63209657513,6,7,1,193.3,196.4,29.8,5,5,1,169.9,146.9,29.8
151,151,12,355.7,10,308.9,0,0,4.52898911726,7,5,0,217.5,138.2,0,6,4,0,193.3,115.6,0
152,152,13,363.0,9,275.7,0,0,4.92123863916,7,5,1,214.3,125.2,23.5,6,3,0,192.7,83.0,0
153,153,20,519.9,10,305.1,3,55.5,5.21399685058,11,7,2,298.3,181.3,40.3,6,4,0,191.2,113.9,0
154,154,18,501.5,16,454.8,0,0,3.54170761222,10,6,2,288.1,161.2,52.2,9,5,2,264.4,138.2,52.2
155,155,15,427.8,12,356.1,0,0,3.38910017556,7,6,2,211.0,166.7,50.1,6,5,1,187.0,142.2,26.9
156,156,15,423.0,12,351.8,0,0,3.67734376186,7,6,2,203.1,166.4,53.5,5,5,2,154.2,144.1,53.5
157,157,14,402.9,13,378.7,0,0,3.61751690686,7,5,2,206.9,145.1,50.9,7,5,1,206.9,145.1,26.7
158,158,15,422.6,13,374.0,0,0,2.97620723805,7,6,2,202.0,168.7,51.9,6,5,2,177.5,144.6,51.9
159,159,15,424.2,12,351.1,0,0,3.39646875446,7,6,2,205.4,170.1,48.7,6,6,0,181.0,170.1,0
160,160,17,470.6,11,333.7,0,0,4.61969091148,8,7,2,225.8,191.0,53.8,5,5,1,158.1,145.3,30.3
161,161,19,513.0,11,336.4,1,20.0,5.02924779001,10,7,2,271.4,188.1,53.5,5,5,1,164.3,142.8,29.3
162,162,19,507.7,11,335.7,3,57.6,5.31429716764,10,7,2,271.5,184.3,51.9,6,4,1,188.4,118.0,29.3
163,163,19,504.4,12,357.6,3,56.8,5.19309032605,10,7,2,274.4,179.7,50.3,7,4,1,212.8,117.9,26.9
164,164,20,521.4,11,331.9,3,53.1,5.50235356342,11,7,2,291.4,183.4,46.6,7,4,0,212.9,119.0,0
165,165,20,530.0,13,387.0,3,53.2,5.25707543272,11,7,2,292.2,189.1,48.7,7,5,1,214.0,147.5,25.5
166,166,20,527.7,13,382.6,3,54.9,4.99497378951,11,7,2,292.1,188.0,47.6,7,5,1,210.3,146.2,26.1
167,167,20,531.6,13,385.9,3,55.9,5.05825016551,11,7,2,293.3,192.0,46.3,7,5,1,211.7,147.3,26.9
168,168,20,524.8,13,382.2,5,96.5,5.28567079844,11,7,2,294.1,183.5,47.2,7,5,1,214.6,140.3,27.3
169,169,20,544.3,14,418.8,1,15.1,5.42123262348,11,7,2,312.5,180.6,51.2,8,5,1,254.6,134.6,29.6
170,170,20,532.2,12,363.4,1,15.1,5.69430925528,11,7,2,299.0,183.8,49.4,6,5,1,197.0,139.7,26.7
171,171,20,527.9,11,343.0,4,71.6,6.27186491194,11,7,2,299.4,178.6,49.9,6,4,1,198.6,116.2,28.2
172,172,21,564.4,14,418.7,2,35.1,5.38144077008,11,8,2,307.8,206.8,49.8,8,5,1,251.4,139.7,27.6
173,173,20,538.3,11,341.9,2,35.1,5.82826822704,10,8,2,272.2,214.6,51.5,5,5,1,168.0,144.6,29.3
174,174,20,539.8,15,435.6,2,38.2,4.32823046375,11,7,2,295.8,194.2,49.8,7,7,1,214.1,194.2,27.3
175,175,19,509.0,13,382.1,2,38.2,4.6375154671,10,7,2,266.4,194.4,48.2,6,6,1,184.6,171.8,25.7
176,176,14,415.0,13,392.2,0,0,3.50685357237,7,7,0,215.7,199.3,0,7,6,0,215.7,176.5,0
177,177,15,414.3,10,306.4,0,0,5.88887571128,8,6,1,225.4,168.0,20.9,5,5,0,162.2,144.2,0
178,178,19,496.7,11,335.6,4,74.7,6.12955642672,11,7,1,299.9,178.8,18.0,7,4,0,218.3,117.3,0
179,179,19,491.5,11,339.5,6,110.2,6.69784813135,11,7,1,301.6,171.7,18.2,7,4,0,221.7,117.8,0
180,180,20,515.9,10,309.1,5,92.0,6.4228600778,11,7,2,292.3,181.5,42.1,5,5,0,163.9,145.2,0
181,181,20,527.0,13,386.2,2,35.5,5.79160008797,11,7,2,301.7,177.8,47.5,7,5,1,217.4,139.6,29.2
182,182,19,499.3,11,330.6,4,76.1,5.61432482805,10,7,2,287.1,167.4,44.8,7,3,1,221.3,83.6,25.7
183,183,19,502.0,10,304.7,1,19.7,5.26799339274,10,7,2,285.9,171.2,44.9,8,2,0,243.9,60.8,0
184,184,19,492.5,9,276.5,2,34.5,5.57021632807,10,7,2,272.1,173.0,47.4,6,3,0,190.0,86.5,0
185,185,19,497.8,11,328.2,3,52.7,5.5406578029,10,7,2,274.2,175.1,48.5,7,3,1,216.3,86.7,25.2
186,186,20,542.6,13,395.1,3,53.7,5.62252050615,11,7,2,310.7,182.4,49.5,8,4,1,253.0,115.8,26.3
187,187,20,540.0,13,393.1,3,54.2,5.6231663678,11,7,2,307.9,181.4,50.7,8,4,1,250.5,116.6,26.0
188,188,20,542.0,13,394.3,2,30.3,5.75700945759,11,7,2,303.7,187.9,50.4,8,4,1,249.1,118.1,27.1
189,189,21,570.9,14,425.7,2,28.5,6.00368934192,11,8,2,306.5,214.8,49.6,8,5,1,253.7,146.0,26.0
190,190,21,569.9,13,399.3,2,28.5,6.15186769936,11,8,2,311.1,209.7,49.1,8,5,0,258.8,140.5,0
191,191,21,569.7,15,451.9,3,47.5,6.36397225459,11,8,2,316.1,204.1,49.5,8,6,1,263.1,163.1,25.7
192,192,21,567.2,15,447.0,3,50.1,5.81823897429,11,8,2,312.8,206.5,47.9,8,6,1,257.3,164.2,25.5
193,193,21,562.2,13,392.6,3,51.2,5.73525438469,11,8,2,313.8,202.2,46.2,8,5,0,256.2,136.4,0
194,194,21,567.3,13,395.1,3,53.2,5.67699618762,11,8,2,319.0,201.8,46.5,8,5,0,259.5,135.6,0
195,195,21,554.8,13,390.2,3,50.2,6.03030837086,11,8,2,314.1,195.2,45.5,8,5,0,258.7,131.5,0
196,196,21,557.9,14,412.2,2,33.4,5.58903688781,11,8,2,315.5,195.3,47.1,9,5,0,282.1,130.1,0
197,197,21,568.0,15,439.3,1,14.0,5.06513761389,11,8,2,314.7,205.4,47.9,9,6,0,277.2,162.1,0
198,198,21,572.2,13,391.0,1,19.9,4.6860024592,11,8,2,319.5,207.6,45.1,8,5,0,253.1,137.9,0
199,199,21,561.1,9,286.3,1,19.9,5.37360391615,11,8,2,325.1,193.8,42.2,8,1,0,259.5,26.8,0
200,200,20,532.8,8,263.9,3,58.2,6.03467175229,11,8,1,331.6,179.4,21.8,8,0,0,263.9,0,0
201,201,20,518.0,12,350.1,3,52.5,5.36862228725,11,8,1,303.2,198.4,16.4,8,4,0,243.6,106.5,0
202,202,21,520.3,8,243.8,2,35.8,5.47191965967,11,8,2,292.3,190.5,37.5,6,2,0,187.4,56.4,0
203,203,20,501.3,8,248.6,4,73.6,6.19925929362,11,8,1,299.4,185.5,16.4,6,2,0,194.8,53.8,0
204,204,21,507.6,9,275.1,7,120.5,6.67803435579,12,8,1,309.3,181.9,16.4,7,2,0,219.5,55.6,0
205,205,21,511.0,8,251.0,7,126.2,6.31999472574,12,8,1,319.2,175.4,16.4,6,2,0,192.8,58.2,0
206,206,22,533.9,9,277.4,6,103.8,6.40746487003,12,8,2,326.0,171.1,36.8,7,2,0,219.9,57.5,0
207,207,22,530.0,10,293.3,6,105.5,5.90237313782,12,8,2,309.1,185.0,35.9,6,4,0,186.6,106.7,0
208,208,22,531.6,8,240.9,4,71.2,5.53917180113,12,8,2,311.5,185.0,35.1,5,3,0,159.9,81.0,0
209,209,22,532.2,8,242.9,5,89.7,5.73841765903,12,8,2,317.1,180.9,34.2,5,3,0,163.4,79.5,0
210,210,22,542.2,8,246.3,4,67.1,5.83517472483,12,8,2,318.9,187.4,35.9,6,2,0,191.1,55.2,0
211,211,22,525.7,8,247.3,6,100.1,6.53463135352,12,8,2,306.3,185.1,34.3,6,2,0,190.1,57.2,0
212,212,22,537.0,8,257.4,6,101.5,6.92895299525,12,8,2,310.8,191.9,34.3,6,2,0,198.6,58.8,0
213,213,21,520.7,9,280.9,8,145.4,6.66104167458,12,8,1,315.7,189.6,15.4,7,2,0,223.9,57.0,0
214,214,21,518.8,8,249.7,7,128.0,6.25615506445,12,8,1,311.4,189.9,17.5,6,2,0,195.4,54.3,0
215,215,21,506.8,9,273.3,8,139.3,6.71858119943,12,8,1,308.6,180.7,17.5,6,3,0,194.2,79.1,0
216,216,21,515.6,11,326.9,6,100.3,6.65632173558,12,8,1,314.0,185.8,15.8,7,4,0,221.0,105.9,0
217,217,21,515.3,10,297.8,6,111.7,6.04578168564,12,8,1,312.7,186.8,15.8,6,4,0,193.7,104.1,0
218,218,22,522.1,8,239.1,7,131.1,5.51287552343,12,8,2,305.1,181.2,35.8,6,2,0,186.2,52.9,0
219,219,21,502.7,8,243.3,7,127.1,6.04950214402,11,8,2,291.3,171.9,39.5,6,2,0,187.6,55.7,0
220,220,21,513.8,9,278.9,7,120.2,6.75739101528,11,8,2,303.5,176.0,34.3,7,2,0,224.1,54.8,0
221,221,21,543.0,11,326.0,3,53.4,5.25181601244,11,8,2,319.9,189.7,33.4,9,2,0,272.0,54.0,0
222,222,20,540.1,11,342.7,2,35.2,6.15650917835,11,8,1,320.3,204.0,15.8,7,4,0,232.6,110.1,0
223,223,20,538.4,10,324.3,3,51.8,6.84117564535,11,8,1,317.8,204.8,15.8,6,4,0,212.6,111.7,0
224,224,20,536.9,10,332.1,3,48.0,7.53088203403,11,8,1,325.1,197.7,14.1,6,4,0,216.7,115.4,0
225,225,20,549.7,10,328.6,2,37.0,6.42759470441,11,8,1,323.7,202.9,23.1,6,4,0,214.4,114.2,0
226,226,21,569.2,11,352.2,2,38.7,6.26270518151,11,8,2,317.9,206.2,45.1,6,5,0,212.2,140.0,0
227,227,21,574.7,10,331.2,1,18.8,6.32639971337,11,8,2,321.2,208.6,44.9,6,4,0,213.9,117.3,0
228,228,20,558.6,10,335.1,1,18.2,6.448345361,11,8,1,324.4,211.1,23.1,6,4,0,217.1,118.0,0
229,229,20,551.3,12,383.3,3,58.8,6.64373666261,11,8,1,321.7,210.6,19.0,6,6,0,216.0,167.3,0
230,230,20,548.3,10,332.6,1,19.9,6.73305084521,11,8,1,322.4,204.7,21.2,6,4,0,216.3,116.3,0
231,231,20,559.3,11,354.7,1,20.0,6.05460025192,11,8,1,330.4,205.0,23.9,7,4,0,241.2,113.5,0
232,232,21,574.0,12,376.9,1,18.5,6.09896166026,11,8,2,328.2,200.0,45.8,8,3,1,263.4,88.0,25.5
233,233,21,575.1,11,349.2,1,18.3,5.85237436553,11,8,2,333.7,197.0,44.4,8,2,1,264.3,58.8,26.1
234,234,20,553.0,12,380.5,1,17.1,6.53246950967,11,8,1,339.6,187.8,25.6,8,3,1,270.7,84.2,25.6
235,235,20,551.7,12,381.7,2,37.0,6.81972950536,11,8,1,339.4,186.4,25.9,8,3,1,272.7,83.1,25.9
236,236,20,540.2,12,367.5,2,36.7,5.94438257606,11,8,1,322.5,192.8,24.9,8,4,0,257.8,109.7,0
237,237,19,529.4,13,403.5,2,36.7,6.72393820832,11,7,1,335.0,169.0,25.4,8,4,1,270.4,107.7,25.4
238,238,14,422.5,11,350.9,0,0,5.63985523156,9,4,1,293.2,103.3,26.0,8,2,1,269.3,55.6,26.0
239,239,16,450.4,9,291.9,0,0,5.94934170028,11,4,1,319.8,108.1,22.5,7,2,0,231.2,60.7,0
240,240,16,433.2,8,249.9,0,0,5.23698386478,9,6,1,268.6,141.5,23.1,7,1,0,221.5,28.4,0
241,241,13,362.1,11,315.1,0,0,3.52671125947,9,4,0,252.6,109.5,0,8,3,0,228.8,86.3,0
242,242,13,363.9,9,269.8,0,0,4.38281902023,9,3,1,259.2,81.8,22.9,6,3,0,188.0,81.8,0
243,243,15,423.9,10,306.7,0,0,4.92918422691,11,3,1,321.0,76.2,26.7,7,2,1,226.8,53.2,26.7
244,244,14,399.3,11,329.0,0,0,4.21593653642,9,5,0,260.0,139.3,0,7,4,0,212.3,116.7,0
245,245,15,435.4,11,339.6,0,0,3.8304171102,9,6,0,264.0,171.4,0,7,4,0,216.5,123.1,0
246,246,16,472.8,16,472.8,0,0,3.1874754901,9,7,0,271.3,201.5,0,9,7,0,271.3,201.5,0
247,247,17,491.1,12,371.7,0,0,4.33602386308,10,6,1,300.4,166.6,24.1,8,4,0,251.9,119.8,0
248,248,16,445.3,10,305.8,0,0,4.85753280998,10,4,2,295.0,104.9,45.4,8,2,0,248.8,57.0,0
249,249,13,381.6,12,357.0,0,0,3.19677321284,8,5,0,239.5,142.1,0,7,5,0,214.9,142.1,0
250,250,14,400.2,10,303.5,0,0,4.43150558594,10,4,0,293.9,106.3,0,7,3,0,221.3,82.2,0
251,251,19,494.6,9,270.3,0,0,4.65475296296,11,6,2,293.2,157.0,44.4,6,3,0,181.4,88.9,0
252,252,14,397.4,9,278.7,0,0,4.89974208785,9,5,0,258.3,139.1,0,5,4,0,162.9,115.8,0
253,253,14,400.9,10,306.0,0,0,4.98761653311,8,5,1,239.6,136.9,24.4,7,3,0,217.2,88.8,0
254,254,16,463.6,10,318.9,0,0,5.0929362847,8,7,1,251.5,185.5,26.6,6,3,1,203.1,89.2,26.6
255,255,14,413.6,12,366.7,0,0,4.89893462291,7,6,1,220.9,165.5,27.2,6,5,1,197.8,141.7,27.2
256,256,16,469.2,14,423.2,0,0,4.83893927771,7,8,1,228.5,212.5,28.2,7,6,1,228.5,166.5,28.2
257,257,13,400.6,11,353.0,0,0,4.9856203482,7,5,1,232.1,141.2,27.3,6,4,1,209.0,116.7,27.3
258,258,16,460.7,13,390.6,0,0,4.79492353085,7,8,1,220.8,211.5,28.4,7,5,1,220.8,141.4,28.4
259,259,16,472.6,13,401.3,0,0,5.10932154661,7,8,1,232.8,212.8,27.0,6,6,1,208.5,165.8,27.0
260,260,14,417.8,10,323.5,0,0,5.46312312562,7,6,1,233.3,157.8,26.7,6,3,1,210.5,86.3,26.7
261,261,15,446.1,12,373.1,0,0,5.01209964557,7,7,1,233.1,186.7,26.3,6,5,1,208.6,138.2,26.3
262,262,13,396.5,13,396.5,0,0,4.70938778753,7,5,1,231.3,139.7,25.5,7,5,1,231.3,139.7,25.5
263,263,11,338.0,10,315.8,0,0,4.4036555063,7,4,0,223.7,114.3,0,7,3,0,223.7,92.1,0
264,264,14,414.6,11,343.9,0,0,4.77942016806,8,6,0,251.7,162.9,0,7,4,0,227.6,116.3,0
265,265,14,414.0,13,390.6,0,0,4.2512312373,7,6,1,224.6,166.0,23.4,7,6,0,224.6,166.0,0
266,266,16,456.1,13,386.4,0,0,4.65696163466,7,7,2,223.5,184.1,48.5,7,5,1,223.5,137.6,25.3
267,267,12,350.9,10,305.7,0,0,4.93751102799,7,4,1,218.3,109.8,22.8,7,3,0,218.3,87.4,0
268,268,13,396.4,11,348.9,0,0,4.93042620512,8,5,0,256.2,140.2,0,6,5,0,208.7,140.2,0
269,269,18,500.8,16,454.3,0,0,3.13229018931,10,7,1,288.6,187.2,25.0,9,6,1,265.2,164.1,25.0
270,270,15,418.6,13,372.8,0,0,3.23892986443,8,6,1,227.7,162.7,28.2,7,5,1,205.0,139.6,28.2
271,271,14,412.6,12,365.8,0,0,3.70663201291,8,5,1,246.3,143.5,22.8,8,4,0,246.3,119.5,0
272,272,16,458.0,14,411.8,0,0,3.67287353444,9,6,1,264.0,171.2,22.8,8,6,0,240.6,171.2,0
273,273,16,467.3,14,420.7,0,0,4.02930411692,10,5,1,295.0,142.9,29.4,8,5,1,248.4,142.9,29.4
274,274,12,357.1,10,311.5,0,0,4.46978916186,8,3,1,247.4,81.3,28.4,7,2,1,224.2,58.9,28.4
275,275,13,389.1,10,316.8,0,0,4.60911860978,9,3,1,272.9,86.1,30.1,7,2,1,224.5,62.2,30.1
276,276,11,336.4,11,336.4,0,0,3.01324349558,7,3,1,215.7,90.3,30.4,7,3,1,215.7,90.3,30.4
277,277,17,479.5,15,429.8,0,0,3.45804688159,10,6,1,278.5,167.9,33.1,8,6,1,228.8,167.9,33.1
278,278,14,409.2,14,409.2,0,0,3.42781127104,8,5,1,236.3,140.4,32.5,8,5,1,236.3,140.4,32.5
279,279,1,35.7,1,35.7,0,0,,0,1,0,0,35.7,0,0,1,0,0,35.7,0
280,280,8,201.9,4,121.6,2,37.3,6.12790747319,5,3,0,105.5,96.4,0,1,3,0,25.2,96.4,0
281,281,12,285.1,4,122.4,5,93.8,5.65885602531,7,5,0,143.2,141.9,0,1,3,0,25.9,96.5,0
282,282,16,359.1,4,125.4,8,147.5,5.79654710438,8,6,2,165.3,155.0,38.8,1,3,0,27.3,98.1,0
283,283,19,444.3,5,166.6,10,190.0,6.57303102397,11,6,2,229.9,170.5,43.9,1,4,0,35.0,131.6,0
284,284,19,459.4,7,223.1,8,149.3,6.63028229224,11,6,2,235.3,177.6,46.5,2,4,1,61.6,135.4,26.1
285,285,17,423.3,8,253.2,7,126.8,7.67088651982,9,6,2,192.5,187.8,43.0,2,5,1,61.8,166.0,25.4
286,286,17,438.0,7,232.6,5,91.6,7.5273618533,9,6,2,198.3,191.6,48.1,2,5,0,65.0,167.6,0
