,e_id,num_sat,sum_snr,num_sat_25,sum_snr_25,snr_std,elev_0_30,elev_30_60,elev_60_90,elev_0_30_25,elev_30_60_25,elev_60_90_25
1,1,23,609.5,14,419.2,5.0555999554,12,9,2,8,6,0
2,2,23,593.0,14,408.8,5.40207470026,12,9,2,7,7,0
3,3,23,577.3,12,358.2,5.82783290457,12,9,2,5,7,0
4,4,23,600.9,14,415.2,5.52771672338,12,9,2,7,7,0
5,5,23,589.6,13,384.2,5.81327702104,12,9,2,7,6,0
6,6,23,569.5,11,327.0,5.71757570451,12,9,2,6,5,0
7,7,23,564.1,11,325.3,5.82137264283,12,9,2,6,5,0
8,8,23,572.2,11,326.8,5.51592376849,12,9,2,6,5,0
9,9,23,571.7,11,325.2,5.47355843097,12,9,2,6,5,0
10,10,23,570.2,10,299.7,5.55525247307,12,9,2,5,5,0
11,11,23,556.0,9,269.6,5.92507900916,12,9,2,5,4,0
12,12,23,558.7,8,241.2,5.44216810434,12,9,2,4,4,0
13,13,23,551.1,8,239.8,5.72448799858,12,9,2,4,4,0
14,14,23,547.6,7,216.0,5.85102268011,12,9,2,3,4,0
15,15,23,546.4,8,242.7,6.0601399689,12,9,2,4,4,0
16,16,23,543.9,7,216.4,5.87814670586,12,9,2,3,4,0
17,17,22,526.2,8,241.6,5.8154667637,11,9,2,4,4,0
18,18,22,524.4,8,240.3,5.83915726589,11,9,2,3,5,0
19,19,18,445.5,7,215.2,6.07552950972,8,8,2,3,4,0
20,20,9,265.5,8,241.1,4.20713679359,4,5,0,4,4,0
21,21,12,336.3,9,265.4,4.36059316232,7,5,0,4,5,0
22,22,11,312.6,8,241.4,4.30437409662,5,6,0,3,5,0
23,23,10,291.3,9,268.5,3.83030315017,5,5,0,4,5,0
24,24,13,361.6,9,269.7,4.43411888163,5,8,0,3,6,0
25,25,10,291.4,8,243.8,4.1947586343,5,5,0,3,5,0
26,26,12,335.8,7,219.4,4.99451213985,6,6,0,3,4,0
27,27,14,387.3,8,248.3,4.64254690426,6,8,0,3,5,0
28,28,11,319.6,8,249.0,4.50563283821,5,6,0,3,5,0
29,29,14,381.0,7,220.4,5.16926674503,6,8,0,3,4,0
30,30,16,432.2,8,248.0,4.86249250214,7,9,0,3,5,0
31,31,16,432.2,9,273.1,4.94892244164,7,9,0,4,5,0
32,32,18,462.4,7,224.0,5.73512283974,9,8,1,3,4,0
33,33,20,492.2,7,219.0,5.83211616374,10,8,2,3,4,0
34,34,21,508.0,7,219.1,5.87544932426,11,8,2,3,4,0
35,35,20,486.4,7,219.5,6.14094112451,10,8,2,3,4,0
36,36,21,506.8,7,219.4,5.97238087645,11,8,2,3,4,0
37,37,21,505.0,8,246.2,6.3231810861,11,8,2,4,4,0
38,38,21,503.6,8,247.8,6.52568916266,11,8,2,4,4,0
39,39,21,505.5,8,248.9,6.59296161502,11,8,2,4,4,0
40,40,21,508.5,9,273.8,6.45068102717,11,8,2,4,5,0
41,41,21,512.7,9,272.3,6.15404628795,11,8,2,4,5,0
42,42,21,512.9,9,272.0,6.3643463735,11,8,2,4,5,0
43,43,21,511.8,8,245.6,6.28992391505,11,8,2,4,4,0
44,44,21,509.6,8,243.0,6.20558887885,11,8,2,4,4,0
45,45,22,539.2,9,276.4,6.38487118794,11,9,2,4,5,0
46,46,22,543.1,10,303.0,6.35769465965,11,9,2,5,5,0
47,47,22,544.6,9,273.8,6.01606795117,11,9,2,5,4,0
48,48,22,534.8,12,339.0,5.67155887623,11,9,2,6,6,0
49,49,22,551.0,11,328.4,6.08180168111,11,9,2,6,5,0
50,50,22,550.3,11,334.3,6.49338824568,11,9,2,6,5,0
51,51,22,546.7,11,336.8,6.69916483778,11,9,2,5,5,1
52,52,22,552.3,11,334.6,6.44053216322,11,9,2,5,6,0
53,53,22,542.3,11,331.0,6.58770499817,11,9,2,5,5,1
54,54,22,540.6,10,314.6,7.3390139352,11,9,2,5,5,0
55,55,22,553.2,10,316.6,7.07730963632,11,9,2,4,6,0
56,56,22,548.9,12,363.7,6.8899339965,11,9,2,5,7,0
57,57,22,562.5,12,375.0,7.28111623858,11,9,2,5,7,0
58,58,22,557.6,12,371.5,7.42490835427,12,9,1,5,7,0
59,59,22,559.8,13,395.5,7.28506151052,12,9,1,6,7,0
60,60,22,552.1,12,368.5,7.15498342967,12,9,1,5,7,0
61,61,22,535.4,13,385.1,7.19335311272,12,9,1,6,7,0
62,62,22,516.9,11,327.8,7.18559917459,12,9,1,6,5,0
63,63,22,511.2,9,274.1,7.13372576499,12,9,1,4,5,0
64,64,22,563.6,13,395.3,6.65343708982,12,9,1,6,7,0
65,65,23,614.9,14,423.8,5.66445124484,12,9,2,6,8,0
66,66,23,566.7,9,269.1,5.47421552125,12,9,2,4,5,0
