,e_id,num_sat,sum_snr,num_sat_25,sum_snr_25,snr_std,elev_0_30,elev_30_60,elev_60_90,elev_0_30_25,elev_30_60_25,elev_60_90_25
1,1,22,565.3,12,361.4,6.03769723312,11,7,4,5,6,1
2,2,22,590.0,15,456.5,6.73064324129,11,7,4,7,7,1
3,3,22,599.8,16,479.4,5.74701126918,12,6,4,8,6,2
4,4,24,639.2,14,422.8,5.69329633766,13,7,4,8,5,1
5,5,24,637.0,15,445.3,5.24163239315,13,7,4,7,6,2
6,6,24,618.8,13,383.9,4.92841509639,13,7,4,6,6,1
7,7,24,628.4,16,461.6,4.7189411733,13,7,4,9,6,1
8,8,24,633.7,13,387.2,4.47130747989,13,7,4,5,6,2
9,9,24,640.7,14,430.3,5.82770587771,13,7,4,8,4,2
10,10,24,637.9,13,405.9,5.86351869182,13,7,4,8,4,1
11,11,24,626.7,12,383.5,6.66191723938,13,7,4,7,4,1
12,12,23,611.4,12,389.2,6.99711967844,13,6,4,7,4,1
13,13,23,616.8,13,414.7,6.8785339462,13,6,4,7,4,2
14,14,23,635.4,15,461.3,5.816216936,13,6,4,8,5,2
15,15,23,633.3,15,458.7,5.48747405839,13,6,4,8,4,3
16,16,23,637.7,16,486.2,5.20674539693,13,6,4,9,4,3
17,17,23,642.8,17,512.3,4.85263467006,13,6,4,9,4,4
18,18,23,637.3,17,508.4,4.92285145045,13,6,4,10,3,4
19,19,24,655.6,16,487.4,5.69795284876,13,7,4,9,3,4
20,20,24,642.7,13,401.7,5.70034165007,13,7,4,9,3,1
21,21,24,643.4,13,407.8,6.04202072926,13,7,4,8,4,1
22,22,24,609.6,12,353.1,5.02169207582,13,7,4,7,4,1
23,23,24,634.4,12,368.4,5.26808823229,13,7,4,8,2,2
24,24,24,637.6,15,448.0,5.57561980697,13,7,4,9,4,2
25,25,24,660.3,17,512.3,5.155690187,13,7,4,10,4,3
26,26,24,662.8,17,510.1,4.87929669439,13,7,4,10,4,3
27,27,24,662.2,17,503.5,4.67518115591,13,7,4,9,5,3
28,28,24,653.5,16,477.4,5.20956304324,13,7,4,8,5,3
29,29,24,661.8,17,512.5,5.47081187839,13,7,4,10,4,3
30,30,24,665.7,16,486.5,5.24833824632,13,7,4,9,4,3
31,31,24,657.1,14,427.7,5.19447693033,13,7,4,7,5,2
32,32,24,653.5,14,436.7,5.77554658935,13,7,4,7,5,2
33,33,24,654.1,15,463.4,5.46609940942,13,7,4,9,5,1
34,34,24,645.9,16,472.5,5.12558056097,14,6,4,10,5,1
35,35,22,608.9,15,450.7,5.25302015789,13,5,4,10,3,2
36,36,21,610.0,15,470.5,5.00745634505,11,6,4,10,4,1
37,37,19,563.0,13,416.0,4.66857730311,10,6,3,9,4,0
38,38,16,472.1,14,426.7,4.12560601609,9,3,4,9,3,2
39,39,16,473.5,14,427.3,3.70827340776,10,5,1,9,4,1
40,40,16,468.4,13,399.5,4.69432281236,10,4,2,9,4,0
41,41,18,529.3,14,435.0,4.56037565819,11,5,2,8,5,1
42,42,17,508.9,17,508.9,3.03458011438,10,5,2,10,5,2
43,43,19,558.3,16,488.0,3.41634358763,12,5,2,11,4,1
44,44,20,579.9,17,514.2,3.95134554031,13,5,2,11,4,2
45,45,20,574.6,16,480.7,3.94863067538,13,5,2,10,4,2
46,46,21,588.0,15,456.3,5.00599640431,13,5,3,9,5,1
47,47,22,597.6,14,430.5,5.99480294402,13,6,3,9,4,1
48,48,23,641.0,18,542.1,5.84204469052,13,6,4,10,6,2
49,49,23,641.7,17,520.9,6.0923946628,13,6,4,9,6,2
50,50,23,636.9,17,522.9,6.46183994649,13,6,4,10,5,2
51,51,23,626.1,15,462.7,6.09462926919,13,6,4,8,6,1
52,52,23,638.5,18,545.7,6.1162777696,13,6,4,10,6,2
53,53,23,632.5,16,489.2,6.29176951551,13,6,4,11,4,1
54,54,24,665.8,18,543.8,5.50248297049,14,6,4,11,5,2
55,55,24,676.2,17,520.1,4.94643042133,14,6,4,10,5,2
56,56,24,667.5,15,467.4,5.12345947154,14,6,4,8,5,2
57,57,24,671.6,19,566.6,4.57466241726,14,6,4,11,6,2
58,58,21,591.0,17,507.3,4.64796422411,13,4,4,11,4,2
59,59,18,525.8,16,476.5,3.74069652037,11,6,1,11,4,1
60,60,15,444.4,13,397.8,4.0430657863,9,6,0,9,4,0
61,61,15,429.0,11,333.0,4.85121486994,8,5,2,5,5,1
62,62,18,524.8,15,457.4,4.25361053863,10,6,2,8,5,2
63,63,19,569.5,18,545.7,4.43444122814,11,6,2,11,6,1
64,64,14,394.0,10,299.5,3.86994619039,10,3,1,7,3,0
65,65,17,462.5,10,305.4,5.22284292654,10,4,3,7,3,0
66,66,19,504.4,13,378.8,5.56440756765,10,5,4,8,4,1
67,67,20,525.7,13,383.7,6.08295937327,10,6,4,8,4,1
68,68,20,530.3,13,390.1,6.50928688794,10,6,4,9,3,1
69,69,20,528.0,11,335.4,6.10254476686,10,6,4,8,3,0
70,70,20,523.3,11,335.6,6.21773990077,10,6,4,7,4,0
71,71,20,525.9,10,306.1,5.93734611989,10,6,4,7,3,0
72,72,22,567.1,12,369.0,7.01379129988,12,6,4,9,2,1
73,73,22,573.4,14,413.6,6.11411679987,12,6,4,9,4,1
74,74,23,602.3,14,415.8,5.77229309624,13,6,4,9,5,0
75,75,24,665.4,18,546.1,5.70600370319,14,6,4,10,6,2
76,76,24,651.7,17,511.8,5.53667449763,14,6,4,11,5,1
77,77,24,597.1,12,355.9,5.90968101594,14,6,4,8,4,0
78,78,24,605.2,13,385.8,5.88399942857,14,6,4,9,4,0
79,79,24,613.4,14,412.6,5.94649452211,14,6,4,9,5,0
80,80,24,630.3,12,367.6,5.29148721595,14,6,4,9,3,0
81,81,24,657.5,15,459.3,5.21064789151,14,6,4,11,3,1
82,82,24,662.0,15,464.7,5.47267255804,14,6,4,11,4,0
83,83,24,694.1,18,565.3,5.75068836459,14,6,4,11,5,2
84,84,24,692.2,17,535.2,5.72499604455,14,6,4,10,6,1
85,85,24,683.9,18,559.4,5.56491174715,14,6,4,11,6,1
86,86,24,668.6,16,495.9,5.18215304144,14,6,4,9,6,1
87,87,24,694.4,18,560.6,5.00622800525,14,6,4,11,6,1
88,88,24,688.9,17,527.1,5.1481933654,14,6,4,11,4,2
89,89,24,680.6,17,520.6,4.98728092396,14,6,4,12,4,1
90,90,24,672.4,17,512.1,4.46607177522,14,6,4,11,5,1
91,91,25,701.6,20,597.6,5.35785093733,15,6,4,14,4,2
92,92,25,698.6,17,526.4,5.45306335925,15,6,4,12,3,2
93,93,25,666.4,16,473.6,5.05503709185,15,6,4,11,4,1
94,94,25,681.3,15,458.4,5.29245689638,15,6,4,10,4,1
95,95,20,556.9,14,423.0,4.80892536414,11,6,3,8,5,1
96,96,17,504.5,14,431.4,3.64340661534,10,6,1,8,6,0
97,97,16,464.8,11,345.6,4.38178046004,11,4,1,7,4,0
98,98,16,481.1,14,434.0,3.96025567356,11,4,1,10,4,0
99,99,15,442.0,13,394.2,4.06617873732,9,5,1,8,5,0
100,100,18,521.0,15,451.7,3.89573254038,9,6,3,9,5,1
101,101,17,512.0,16,489.3,3.87447339875,10,5,2,10,5,1
102,102,16,470.6,12,375.1,4.47316070208,9,4,3,8,3,1
103,103,16,470.1,13,397.4,3.84988636196,9,3,4,9,2,2
104,104,18,513.4,13,395.2,4.1199022769,9,5,4,8,3,2
105,105,17,485.2,14,415.9,4.19777602183,9,5,3,8,4,2
106,106,18,534.1,15,462.5,3.50727069278,10,5,3,8,5,2
107,107,18,540.5,14,444.1,4.28455578802,11,4,3,8,4,2
108,108,16,462.7,12,369.9,4.30785619537,9,5,2,6,5,1
109,109,18,518.4,13,399.1,3.92623154152,9,6,3,7,4,2
110,110,16,465.0,13,395.9,3.79576518417,8,5,3,6,5,2
111,111,14,416.6,13,392.0,3.0116988014,7,5,2,6,5,2
112,112,18,514.8,15,442.2,3.38699936609,9,6,3,7,6,2
113,113,18,516.1,14,425.0,4.45801400726,10,5,3,8,5,1
114,114,15,452.6,14,429.7,4.45749235504,11,3,1,10,3,1
115,115,20,526.6,10,306.4,5.52830991591,11,6,3,8,1,1
116,116,20,531.3,8,249.2,4.72833285408,11,6,3,6,2,0
117,117,21,562.7,13,385.5,4.93046409484,11,6,4,9,3,1
118,118,20,544.2,15,435.0,4.65639345417,11,6,3,10,3,2
119,119,15,418.8,10,298.9,4.48030611199,10,3,2,6,2,2
120,120,19,502.0,11,323.7,4.85015222526,11,5,3,6,3,2
121,121,20,512.5,8,248.9,5.38818151142,11,6,3,5,2,1
122,122,22,571.8,11,341.0,5.9176820664,12,6,4,7,4,0
123,123,22,629.7,15,471.9,5.3923165636,12,6,4,8,5,2
124,124,16,478.7,13,406.0,3.95916131691,8,6,2,8,5,0
125,125,14,404.7,11,331.5,4.0223346236,7,5,2,5,5,1
126,126,15,436.0,12,363.9,3.89077051985,11,4,0,8,4,0
127,127,18,527.5,16,483.4,4.21125553756,11,6,1,9,6,1
128,128,17,523.1,16,498.9,3.89851970398,9,5,3,8,5,3
129,129,19,564.6,17,518.4,4.29136900688,10,5,4,8,5,4
130,130,20,602.8,18,555.5,3.98489252315,10,6,4,9,6,3
131,131,19,560.1,17,511.8,4.18497032345,10,5,4,9,5,3
132,132,19,567.0,15,473.3,4.62485024256,11,5,3,9,4,2
133,133,15,466.0,13,416.9,3.78449216572,10,4,1,9,4,0
134,134,15,432.7,12,362.6,5.02733480465,9,4,2,8,3,1
135,135,16,486.6,16,486.6,4.60070646749,9,5,2,9,5,2
136,136,16,480.2,15,456.3,5.01303301405,9,5,2,8,5,2
137,137,16,472.3,12,377.7,5.50311654126,9,5,2,7,3,2
138,138,16,476.1,13,404.0,4.78636518317,10,4,2,9,2,2
139,139,18,535.3,14,439.4,4.65189890246,11,5,2,8,4,2
140,140,20,574.2,15,455.4,4.36708984155,11,6,3,9,5,1
141,141,18,531.9,17,508.3,3.87696819086,10,6,2,10,5,2
142,142,16,482.7,13,412.1,4.51068638532,10,4,2,7,4,2
143,143,17,514.3,16,491.1,4.19614669177,9,5,3,9,5,2
144,144,16,483.9,14,436.3,4.60405165769,9,5,2,8,4,2
145,145,15,455.5,15,455.5,4.23803638268,8,5,2,8,5,2
146,146,13,403.5,12,379.1,3.92609612328,7,5,1,7,5,0
147,147,14,428.1,12,378.8,4.13301502378,9,5,0,7,5,0
148,148,18,535.2,14,438.1,4.2814236225,10,6,2,9,5,0
149,149,19,553.7,16,483.0,4.02027027691,11,5,3,9,5,2
150,150,15,433.3,12,360.8,4.1465763273,10,3,2,7,3,2
151,151,16,468.1,13,396.8,4.15210288087,9,5,2,7,4,2
152,152,18,544.2,15,471.9,4.31249893436,10,6,2,9,5,1
153,153,15,458.2,15,458.2,3.60413783363,10,5,0,10,5,0
154,154,18,531.1,14,436.2,4.34612365789,11,6,1,9,5,0
155,155,16,492.7,14,443.5,3.16743192508,10,4,2,10,3,1
156,156,15,433.4,13,386.5,4.01256360282,9,5,1,9,3,1
157,157,15,465.0,14,440.2,4.0842904612,9,6,0,8,6,0
158,158,16,463.6,12,369.0,4.35147484577,9,6,1,8,4,0
159,159,17,487.8,15,440.3,3.41476034815,10,6,1,9,5,1
160,160,17,483.6,13,387.3,3.52209412975,10,6,1,7,5,1
161,161,13,384.4,12,361.2,2.56039860679,7,4,2,7,4,1
162,162,17,488.3,14,418.3,3.17776049518,9,6,2,7,5,2
163,163,15,441.8,12,369.3,3.8317967935,8,5,2,5,5,2
164,164,16,457.6,13,386.5,4.20238027789,9,6,1,6,6,1
165,165,16,452.7,12,357.0,3.7088127031,9,5,2,5,5,2
166,166,15,424.5,14,400.2,2.77900290443,9,4,2,8,4,2
167,167,18,524.4,14,431.1,4.29965798913,10,6,2,9,4,1
168,168,16,499.8,15,476.0,4.21629774407,10,5,1,9,5,1
169,169,18,537.3,15,467.5,4.06625279154,11,5,2,9,5,1
170,170,13,398.6,12,373.6,3.12744263511,7,5,1,7,5,0
171,171,13,385.4,12,360.4,3.1745381251,8,5,0,7,5,0
172,172,21,582.7,12,366.6,3.95987614044,12,6,3,9,2,1
173,173,20,570.5,15,449.4,3.92373009963,11,6,3,9,5,1
174,174,16,459.0,12,364.2,4.03036392071,10,5,1,8,3,1
175,175,16,457.3,13,386.2,3.85455898904,9,6,1,7,5,1
176,176,16,461.7,11,341.2,4.10884716192,9,6,1,6,5,0
177,177,21,580.7,15,447.4,4.42353015674,11,6,4,8,6,1
178,178,16,452.7,11,335.7,4.05157891033,9,5,2,7,4,0
179,179,20,562.6,14,422.7,4.54313826151,12,5,3,9,4,1
180,180,16,467.6,13,397.4,4.01953562824,9,4,3,9,3,1
181,181,17,494.1,15,448.5,4.12582433831,11,4,2,10,4,1
182,182,17,500.0,16,475.6,3.71969124272,11,4,2,10,4,2
183,183,14,407.8,11,338.1,4.72984445531,8,4,2,8,2,1
184,184,18,501.0,11,338.1,4.53885188903,12,4,2,7,3,1
185,185,18,510.6,13,394.4,4.37667614951,12,4,2,8,4,1
186,186,18,521.3,15,449.0,3.71517379672,10,6,2,8,6,1
187,187,18,528.3,17,504.8,3.41420044899,10,6,2,10,6,1
188,188,18,520.9,14,424.7,3.82839835792,10,6,2,10,3,1
189,189,19,542.4,16,470.5,3.60761053901,10,6,3,9,5,2
190,190,14,407.5,12,357.9,3.61608889563,7,6,1,6,5,1
191,191,15,445.3,13,397.3,4.78238832543,9,6,0,9,4,0
192,192,20,542.1,15,433.2,4.29987453917,11,6,3,8,6,1
193,193,22,585.3,15,437.9,4.84074741108,12,6,4,8,6,1
194,194,21,556.6,13,380.3,4.72540751581,12,6,3,6,6,1
195,195,14,401.3,12,354.0,4.13421132705,8,4,2,8,4,0
196,196,21,570.4,14,412.0,4.14891265158,12,6,3,6,6,2
197,197,21,569.8,14,411.1,4.19026649908,12,6,3,8,4,2
198,198,19,526.5,12,360.8,3.97294946927,11,6,2,6,5,1
199,199,19,533.3,13,389.2,3.83710721936,11,6,2,7,5,1
200,200,15,441.3,12,368.3,3.629285644,9,5,1,6,5,1
201,201,16,457.1,11,335.9,4.08602802242,9,5,2,5,5,1
202,202,17,480.3,10,312.1,4.30292308307,9,6,2,4,5,1
203,203,15,430.7,9,287.3,4.47403088735,8,6,1,4,5,0
204,204,16,459.5,12,364.1,4.29778528237,9,6,1,6,6,0
205,205,15,442.0,12,368.4,3.86184017326,8,6,1,6,6,0
206,206,16,463.2,12,365.6,3.59833294735,9,5,2,7,5,0
207,207,17,483.7,13,388.2,3.51552230242,10,4,3,8,4,1
208,208,17,488.9,14,417.4,3.24153875951,8,6,3,6,5,3
209,209,14,402.3,12,357.4,3.95097011317,7,6,1,5,6,1
210,210,14,398.6,11,325.9,3.45463536347,8,4,2,6,3,2
211,211,17,483.0,13,389.2,3.76511659065,10,5,2,7,4,2
212,212,17,496.9,14,425.1,3.36930347139,9,6,2,8,5,1
213,213,18,520.0,18,520.0,2.73729984794,10,6,2,10,6,2
214,214,18,517.0,14,420.5,3.67912322604,10,5,3,9,4,1
215,215,16,464.6,13,391.7,3.36885242578,9,6,1,8,4,1
216,216,17,496.5,15,449.3,2.99655439385,9,6,2,7,6,2
217,217,14,398.0,12,351.2,3.33199606875,7,4,3,6,4,2
218,218,18,534.1,15,467.5,4.55473968463,9,6,3,7,6,2
219,219,18,531.5,14,440.6,4.43552577367,9,6,3,6,6,2
220,220,18,554.9,17,530.8,3.04743007555,9,6,3,8,6,3
221,221,16,498.2,15,473.3,2.86050694808,7,6,3,6,6,3
222,222,17,520.0,16,495.3,2.99163048206,8,6,3,7,6,3
223,223,17,503.1,14,433.0,3.35195289873,8,6,3,5,6,3
224,224,16,460.7,13,387.5,3.26179270749,10,5,1,9,4,0
225,225,18,519.9,15,446.0,3.03823671773,9,6,3,8,6,1
226,226,18,518.2,16,470.7,3.0547723298,10,6,2,9,6,1
227,227,14,419.4,11,350.0,4.53731779218,8,6,0,6,5,0
228,228,20,584.1,16,488.2,3.76737728121,10,6,4,9,5,2
229,229,19,560.5,17,513.3,3.65406926894,9,6,4,9,6,2
230,230,17,519.2,15,472.4,3.82067710353,9,6,2,8,5,2
231,231,15,457.1,14,434.0,3.29793586238,10,4,1,9,4,1
232,232,19,554.0,15,459.8,3.90957738402,11,6,2,9,5,1
233,233,14,415.5,11,345.5,4.26004307877,7,4,3,6,4,1
234,234,17,506.7,14,435.5,3.71777328993,9,6,2,8,5,1
235,235,17,488.5,14,418.6,4.69267263621,10,4,3,8,3,3
236,236,19,543.1,12,381.6,5.35653942578,10,6,3,5,4,3
237,237,19,549.3,14,437.8,5.4166302293,10,6,3,5,6,3
238,238,14,435.3,14,435.3,4.0355086012,5,6,3,5,6,3
239,239,17,509.7,14,439.7,4.99352521949,8,6,3,6,5,3
240,240,14,439.9,14,439.9,3.3556332823,6,5,3,6,5,3
241,241,19,572.9,14,452.5,4.77218426824,10,6,3,6,5,3
242,242,18,545.2,15,473.9,4.21954679597,9,6,3,6,6,3
243,243,16,496.5,15,474.2,4.16552817779,8,5,3,7,5,3
244,244,17,526.5,15,478.0,4.60811305008,8,6,3,6,6,3
245,245,15,467.5,14,444.8,5.27807685034,9,5,1,8,5,1
246,246,18,559.8,17,535.3,3.30347410713,9,6,3,9,6,2
247,247,16,508.4,15,483.8,3.89384129106,8,6,2,8,6,1
248,248,16,501.6,14,455.6,4.85688514722,8,5,3,8,4,2
249,249,17,524.3,15,474.9,4.47787042347,9,5,3,7,5,3
250,250,18,542.9,14,445.7,4.71033143443,9,6,3,7,5,2
251,251,16,496.4,15,472.1,4.34350089214,8,6,2,8,5,2
252,252,15,476.5,15,476.5,4.38710230866,8,5,2,8,5,2
253,253,18,546.5,15,473.5,4.32436855491,9,6,3,8,5,2
254,254,17,514.8,15,468.3,4.65406210935,9,6,2,8,5,2
255,255,19,558.0,15,461.9,3.90612803903,10,6,3,7,5,3
256,256,11,294.4,7,198.6,2.64698799668,7,4,0,4,3,0
257,257,3,104.8,3,104.8,1.82300118852,0,2,1,0,2,1
258,258,3,102.8,3,102.8,2.01328918274,0,2,1,0,2,1
259,259,12,355.0,10,308.1,4.93408061498,6,3,3,4,3,3
260,260,15,415.8,10,310.7,6.58192329686,8,4,3,4,3,3
261,261,16,408.3,8,253.6,7.75836913705,8,5,3,3,3,2
262,262,17,426.5,9,275.6,7.55809850036,9,5,3,3,4,2
263,263,18,438.1,9,282.8,8.39370484624,9,6,3,4,4,1
264,264,18,437.8,9,281.0,8.23704369837,9,6,3,3,4,2
265,265,18,417.7,7,215.4,7.55547890196,9,6,3,2,4,1
