,e_id,num_sat,sum_snr,num_sat_25,sum_snr_25,snr_std,elev_0_30,elev_30_60,elev_60_90,elev_0_30_25,elev_30_60_25,elev_60_90_25
1,1,17,448.6,11,332.1,6.37032989265,6,8,3,1,7,3
2,2,16,440.3,11,343.8,6.80609714398,5,8,3,1,7,3
3,3,15,401.9,9,267.1,5.05307073071,4,8,3,0,6,3
4,4,17,446.5,11,329.0,5.791798207,6,8,3,1,7,3
5,5,17,447.4,11,321.5,4.7020255335,6,8,3,1,7,3
6,6,17,442.7,11,324.4,5.47917179229,6,8,3,1,8,2
7,7,17,445.0,10,299.8,5.43421215676,6,8,3,0,7,3
8,8,17,447.2,11,328.0,5.61843734817,6,8,3,1,7,3
9,9,17,409.4,7,211.1,5.89504403017,6,8,3,0,5,2
10,10,17,442.4,9,279.7,6.2116351925,6,8,3,0,7,2
11,11,17,438.8,9,277.5,6.05329273546,6,8,3,0,7,2
12,12,18,457.3,10,301.5,6.0848386534,7,8,3,0,7,3
13,13,18,470.7,12,356.4,5.89887825827,7,8,3,1,8,3
14,14,18,446.0,9,260.1,5.03441749134,7,8,3,1,5,3
15,15,18,463.4,10,301.7,5.95969030208,7,8,3,2,6,2
16,16,18,454.0,8,249.1,6.22561648783,7,8,3,1,5,2
17,17,18,463.0,11,324.5,5.8742264127,7,8,3,1,7,3
18,18,18,460.7,11,328.6,6.28831523516,7,8,3,1,7,3
19,19,18,449.0,9,269.3,6.14283152015,7,8,3,1,5,3
20,20,17,429.9,7,216.3,5.6579460002,6,8,3,0,4,3
21,21,17,447.2,10,305.5,6.04333006175,6,8,3,1,6,3
22,22,17,446.2,12,353.5,5.87719295743,6,8,3,2,7,3
23,23,17,442.1,11,322.7,5.6980775912,6,8,3,3,6,2
24,24,17,445.6,11,325.5,5.78163929532,6,8,3,3,6,2
25,25,16,421.1,9,278.3,5.79807079984,5,8,3,1,6,2
26,26,17,416.8,9,260.5,5.64781321554,6,8,3,0,6,3
27,27,18,428.8,8,237.8,6.1983447084,7,8,3,1,5,2
28,28,18,430.4,8,237.9,6.02405851945,7,8,3,1,5,2
29,29,18,438.3,8,240.5,6.14369595602,7,8,3,1,5,2
30,30,18,438.3,9,265.9,6.10826344823,7,8,3,1,5,3
31,31,18,435.4,9,263.5,5.72475418315,7,8,3,1,5,3
32,32,18,453.3,10,295.7,5.73074782103,7,8,3,1,6,3
33,33,18,458.0,12,346.3,5.74745183663,7,8,3,2,7,3
34,34,18,466.5,11,330.7,6.12221124989,7,8,3,1,7,3
35,35,18,445.7,10,285.2,5.59707264757,7,8,3,3,6,1
36,36,18,455.8,9,270.2,5.90468961734,7,8,3,1,6,2
37,37,17,437.4,11,329.3,6.90468724001,6,8,3,2,7,2
38,38,17,407.8,7,211.7,6.37258604816,6,8,3,0,4,3
39,39,18,434.6,9,255.4,4.84370084837,7,8,3,0,7,2
40,40,18,450.9,8,241.0,5.5986605541,7,8,3,1,4,3
41,41,18,430.5,6,174.6,4.49852917139,7,8,3,1,3,2
42,42,18,424.7,8,226.6,5.2953333753,7,8,3,0,6,2
43,43,18,442.2,9,271.4,6.51216057036,7,8,3,0,7,2
44,44,18,436.6,9,265.5,6.10797186155,7,8,3,0,7,2
45,45,18,412.1,6,170.6,5.17055830666,7,8,3,0,4,2
46,46,18,437.3,8,233.5,5.67154634192,7,8,3,1,5,2
47,47,18,464.1,12,348.3,5.69729037763,7,8,3,2,7,3
48,48,18,459.0,9,276.0,5.9456360665,7,8,3,1,6,2
49,49,18,440.8,9,257.5,4.87344411236,7,8,3,2,6,1
50,50,18,456.2,11,310.4,4.44194210602,7,8,3,2,8,1
51,51,18,436.2,9,249.9,4.56894890731,7,8,3,1,5,3
52,52,18,440.0,8,231.4,5.0940821747,7,8,3,2,4,2
53,53,18,438.7,9,262.1,5.7080753484,7,8,3,2,4,3
54,54,18,451.2,11,317.8,5.73605726446,7,8,3,3,5,3
55,55,18,465.8,10,298.1,5.46276761956,7,8,3,2,5,3
56,56,18,457.6,10,294.0,5.64160548233,7,8,3,2,5,3
57,57,18,432.0,10,281.3,5.42879035383,7,8,3,2,6,2
58,58,18,436.1,8,235.9,5.75998422747,7,8,3,0,6,2
59,59,19,469.2,8,241.5,5.80033271883,8,8,3,1,5,2
60,60,19,474.3,10,288.9,5.01610855437,8,8,3,1,7,2
61,61,19,488.0,9,277.1,5.49183870827,8,8,3,0,6,3
62,62,19,452.8,8,238.3,5.87499906682,8,8,3,0,6,2
63,63,19,460.2,10,273.1,4.14924075349,8,8,3,0,7,3
64,64,19,443.9,7,195.1,4.76307679812,8,8,3,2,3,2
65,65,19,461.3,7,206.8,4.95463631891,8,8,3,1,4,2
66,66,19,451.7,7,203.8,5.17503001658,8,8,3,0,5,2
67,67,18,433.1,8,227.5,4.98918110561,7,8,3,0,5,3
68,68,18,446.6,8,238.2,5.32716555125,7,8,3,1,4,3
69,69,18,462.6,9,272.8,5.6962319847,7,8,3,1,5,3
70,70,18,444.1,10,289.1,5.53478896516,7,8,3,3,4,3
71,71,18,439.6,9,260.0,5.36750084858,7,8,3,2,4,3
72,72,18,433.9,7,210.0,5.67476065546,7,8,3,1,3,3
73,73,18,445.1,10,292.2,6.25232244432,7,8,3,3,4,3
74,74,18,429.5,9,256.3,5.68528946843,7,8,3,1,5,3
75,75,19,473.9,9,272.3,6.26341367604,8,8,3,0,6,3
76,76,19,444.9,6,188.8,6.57396068321,8,8,3,0,3,3
77,77,19,474.1,10,299.3,6.42325362527,8,8,3,2,6,2
78,78,19,452.3,7,208.7,5.95487416456,8,8,3,1,4,2
79,79,19,437.9,7,200.9,5.64046574328,8,8,3,2,2,3
80,80,19,438.3,7,202.4,5.9408241695,8,8,3,2,3,2
81,81,19,469.6,10,287.8,5.49173754713,8,8,3,2,6,2
82,82,19,449.9,9,256.0,5.60412337751,8,8,3,0,7,2
83,83,19,445.7,11,306.8,5.70353845233,8,8,3,1,8,2
84,84,19,424.6,6,170.5,5.22285239448,8,8,3,0,3,3
85,85,19,414.7,6,164.3,4.76350035924,8,8,3,0,3,3
86,86,19,406.6,3,87.3,4.50135781984,8,8,3,0,1,2
87,87,19,401.7,3,88.0,4.94989514922,8,8,3,0,1,2
88,88,19,427.1,5,141.1,5.05069620585,8,8,3,0,2,3
89,89,19,458.9,11,313.0,5.94291066183,8,8,3,2,6,3
90,90,19,446.8,10,289.4,6.51359801218,8,8,3,2,6,2
91,91,19,449.9,10,288.4,6.23953158386,8,8,3,1,6,3
92,92,19,453.2,8,241.7,6.68708277378,8,8,3,0,5,3
93,93,19,460.2,9,269.6,6.82850064455,8,8,3,2,4,3
94,94,18,488.2,13,392.3,6.28560966724,7,8,3,3,7,3
95,95,18,467.8,11,329.2,6.3703254039,7,8,3,3,5,3
96,96,18,474.6,13,383.2,6.2859320054,7,8,3,3,7,3
97,97,18,477.5,14,409.1,6.20860935036,7,8,3,3,8,3
98,98,18,476.5,13,383.0,6.21381814569,7,8,3,2,8,3
99,99,18,471.3,13,382.2,6.59137136494,7,8,3,2,8,3
100,100,18,467.7,13,379.9,6.38161421585,7,8,3,3,7,3
101,101,18,464.5,13,376.0,6.25821551546,7,8,3,3,7,3
102,102,18,467.3,11,327.2,6.07958385659,7,8,3,2,6,3
103,103,18,465.1,12,352.0,6.28575784086,7,8,3,2,7,3
104,104,18,459.8,12,347.4,6.01363374755,7,8,3,2,7,3
105,105,18,461.8,11,321.9,5.8024560948,7,8,3,2,6,3
106,106,18,463.9,10,297.6,5.78627235035,7,8,3,1,6,3
107,107,18,459.3,12,345.1,5.96363982816,7,8,3,3,6,3
108,108,18,457.0,11,318.5,5.99056993153,7,8,3,2,6,3
109,109,18,459.8,12,345.1,6.02350515722,7,8,3,3,6,3
110,110,18,455.5,10,294.5,6.13212104387,7,8,3,1,6,3
111,111,18,455.7,12,343.6,6.12173082023,7,8,3,1,8,3
112,112,18,456.6,10,301.3,6.55393909394,7,8,3,1,6,3
113,113,18,448.0,10,295.9,5.97464140089,7,8,3,0,7,3
114,114,18,435.0,10,280.4,5.18425217252,7,8,3,1,6,3
115,115,19,431.4,7,193.7,4.84910916036,8,8,3,1,4,2
116,116,19,425.2,8,221.4,5.45930184256,8,8,3,0,6,2
117,117,19,421.8,6,168.1,5.41356321351,8,8,3,0,4,2
118,118,19,408.6,6,169.7,5.4416575992,8,8,3,1,3,2
119,119,19,422.9,6,169.0,5.06066703876,8,8,3,1,3,2
120,120,19,416.0,6,169.7,5.2521396364,8,8,3,1,3,2
121,121,19,441.2,7,199.9,5.12939014648,8,8,3,1,3,3
122,122,19,462.9,11,314.1,5.91919763015,8,8,3,1,7,3
123,123,19,459.9,8,242.8,6.1352781051,8,8,3,1,5,2
124,124,19,458.9,9,264.3,6.04936804974,8,8,3,1,5,3
125,125,19,463.3,9,270.3,6.11675868758,8,8,3,2,4,3
126,126,19,467.2,9,271.8,6.17763841401,8,8,3,2,4,3
127,127,19,465.6,8,239.1,5.808277014,8,8,3,1,4,3
128,128,19,453.8,10,288.0,6.37654235442,8,8,3,2,5,3
129,129,19,421.5,6,171.1,5.51958766152,8,8,3,0,3,3
130,130,19,448.4,9,269.3,6.59831628355,8,8,3,0,6,3
131,131,19,458.9,8,241.0,6.37864217709,8,8,3,0,5,3
132,132,19,461.8,9,269.6,6.8905308362,8,8,3,1,5,3
133,133,18,458.4,9,273.0,6.60534542892,7,8,3,1,5,3
134,134,18,443.1,8,244.1,6.74006894711,7,8,3,0,5,3
135,135,18,431.2,7,218.2,7.10395268782,7,8,3,1,3,3
136,136,18,432.6,7,219.0,7.16166263969,7,8,3,1,3,3
137,137,18,434.6,8,242.8,6.99253570284,7,8,3,2,3,3
138,138,18,439.1,9,268.9,7.11274516561,7,8,3,3,3,3
139,139,18,446.8,9,266.8,6.49819482223,7,8,3,3,3,3
140,140,18,444.5,8,242.0,6.62637086569,7,8,3,2,3,3
141,141,12,318.4,8,243.5,6.97649734118,3,6,3,1,4,3
142,142,10,282.6,7,213.1,4.04892303925,0,7,3,0,4,3
143,143,9,268.4,8,244.2,4.29178802417,0,6,3,0,5,3
144,144,10,284.9,8,240.5,4.77387566751,2,5,3,0,5,3
145,145,11,308.6,8,239.4,4.26435543461,2,6,3,0,5,3
146,146,10,282.0,7,210.2,4.08411557133,1,6,3,0,4,3
147,147,10,286.2,7,214.2,4.22237426627,1,6,3,0,4,3
148,148,11,304.6,7,208.0,4.11933357364,1,7,3,1,4,2
149,149,11,301.3,7,207.5,4.2931234656,1,7,3,0,4,3
150,150,9,256.9,6,185.4,4.62523272688,1,5,3,0,4,2
151,151,9,258.9,8,234.7,3.50606617165,1,5,3,1,4,3
152,152,12,323.2,7,205.7,4.2787707099,1,8,3,0,5,2
153,153,11,300.3,7,203.9,3.76589962692,1,7,3,0,4,3
154,154,11,301.7,7,205.4,4.0244480141,1,7,3,0,4,3
155,155,11,301.5,9,254.3,3.69038061599,1,7,3,1,5,3
156,156,13,335.6,7,197.2,3.8705826766,2,8,3,0,4,3
157,157,16,396.6,8,230.9,5.29941820706,5,8,3,0,5,3
158,158,16,384.3,7,206.8,5.97787239186,5,8,3,0,4,3
159,159,17,397.4,7,202.2,5.59469943471,6,8,3,0,4,3
160,160,18,407.7,6,173.1,5.50029410978,7,8,3,0,3,3
161,161,18,420.0,7,205.8,6.23330711958,7,8,3,0,4,3
162,162,18,415.1,6,184.5,6.50213891404,7,8,3,0,3,3
163,163,18,413.8,4,113.8,4.79311870582,7,8,3,0,3,1
164,164,18,416.5,5,144.4,5.00036926741,7,8,3,1,3,1
165,165,18,421.8,6,169.0,4.9136065585,7,8,3,1,3,2
166,166,18,433.5,8,227.7,5.10734764824,7,8,3,0,5,3
167,167,18,421.5,6,181.0,5.65885563156,7,8,3,0,3,3
168,168,18,428.8,7,204.1,5.19496991505,7,8,3,1,4,2
169,169,18,426.1,7,208.9,5.87795538237,7,8,3,0,5,2
170,170,18,415.1,8,236.0,6.71960598362,7,8,3,0,5,3
171,171,18,415.3,7,200.3,5.33289520259,7,8,3,0,4,3
172,172,18,428.3,7,210.9,6.08870431713,7,8,3,0,4,3
173,173,18,425.9,6,179.7,5.46003004612,7,8,3,0,3,3
174,174,18,441.9,10,281.9,4.8172789488,7,8,3,0,7,3
175,175,18,436.6,8,229.3,4.83434066582,7,8,3,0,5,3
176,176,18,449.5,9,260.3,4.88259882049,7,8,3,0,6,3
177,177,18,448.3,10,289.7,5.47598739119,7,8,3,1,6,3
178,178,18,455.3,9,267.2,5.36233840807,7,8,3,2,4,3
179,179,15,398.5,11,323.5,5.47274632894,4,7,4,1,6,4
180,180,12,336.9,10,291.2,3.72854468319,2,7,3,1,6,3
181,181,9,252.8,7,205.3,3.56946930385,0,7,2,0,5,2
182,182,12,346.7,11,323.6,2.73278357369,2,7,3,1,7,3
183,183,9,256.0,9,256.0,3.07616283343,1,7,1,1,7,1
184,184,12,342.5,9,272.7,3.82395757235,3,7,2,2,6,1
185,185,16,457.5,12,362.3,4.57332391884,5,8,3,2,7,3
186,186,10,300.3,9,276.6,4.21269246181,1,7,2,1,6,2
187,187,10,306.6,9,282.8,4.4199547509,1,6,3,1,5,3
188,188,11,341.1,11,341.1,3.21043752328,1,7,3,1,7,3
189,189,14,374.2,9,257.3,3.52342241216,4,7,3,1,5,3
190,190,14,396.3,11,324.2,3.72485710324,3,8,3,2,6,3
191,191,13,366.1,9,272.9,4.65484308034,2,8,3,1,5,3
192,192,12,331.1,10,286.8,4.02728384293,1,8,3,1,7,2
193,193,14,377.8,9,257.7,3.48466026219,3,8,3,2,5,2
194,194,11,309.7,10,286.6,3.22222396378,1,7,3,1,6,3
195,195,12,337.2,11,312.9,2.74325619392,2,7,3,2,6,3
196,196,10,283.6,8,235.1,3.22221455938,1,6,3,0,5,3
197,197,12,338.0,10,290.7,3.69774706184,2,7,3,1,6,3
198,198,14,402.3,12,354.3,3.14755268615,3,8,3,2,7,3
199,199,11,303.1,8,233.6,3.88648006205,1,8,2,1,5,2
200,200,12,330.2,7,211.9,4.54109184575,3,6,3,1,4,2
201,201,10,297.1,10,297.1,1.83512034119,2,6,2,2,6,2
202,202,11,337.6,10,312.6,3.25498219518,2,6,3,1,6,3
203,203,13,370.4,11,322.3,3.17397267854,4,6,3,2,6,3
204,204,10,294.9,8,247.0,3.93317796303,1,7,2,0,6,2
205,205,12,351.4,10,303.5,3.52441699456,3,7,2,1,7,2
206,206,11,319.6,10,296.4,3.31914556365,1,7,3,0,7,3
207,207,10,303.2,9,280.0,3.5398681708,1,6,3,0,6,3
208,208,11,322.0,9,276.2,4.14489828804,1,7,3,0,6,3
209,209,12,362.1,10,314.7,4.28000106202,2,7,3,1,6,3
210,210,11,341.8,10,317.6,4.0474908052,2,6,3,1,6,3
211,211,12,370.4,12,370.4,3.33203004825,2,7,3,2,7,3
212,212,12,374.5,11,350.1,3.8601597549,2,7,3,1,7,3
213,213,12,349.3,9,276.8,3.4747029522,2,7,3,1,6,2
214,214,12,343.5,9,272.9,3.49626424007,2,7,3,0,7,2
215,215,12,336.6,9,265.6,3.58595746058,2,8,2,2,6,1
216,216,12,338.2,10,291.2,3.23442655683,2,7,3,1,7,2
217,217,12,319.4,8,223.8,2.54266622173,4,5,3,3,3,2
218,218,12,336.4,8,240.7,3.56226009293,3,6,3,2,4,2
219,219,10,301.5,9,276.6,3.65794417064,2,5,3,1,5,3
220,220,12,365.8,11,341.6,3.86730663461,1,8,3,1,7,3
221,221,12,352.3,8,257.6,5.1881785792,2,7,3,0,5,3
222,222,11,331.1,8,260.6,5.28412717485,1,7,3,0,6,2
223,223,10,296.9,8,249.0,4.89227281878,0,8,2,0,6,2
224,224,13,392.5,11,344.8,5.3824501141,3,7,3,2,6,3
225,225,11,315.4,9,269.9,3.8977149483,2,7,2,2,5,2
226,226,12,353.9,10,307.4,4.86424026271,2,7,3,2,5,3
227,227,11,330.2,8,259.0,4.86267790046,1,7,3,0,5,3
228,228,11,329.1,9,280.4,5.03285568675,1,7,3,1,5,3
229,229,11,330.8,8,259.0,5.43747936255,1,7,3,1,4,3
230,230,12,356.3,10,309.3,4.86218400858,2,7,3,1,6,3
231,231,11,332.6,9,287.6,5.50150392661,1,7,3,0,6,3
232,232,12,338.1,10,292.9,3.07811187699,2,7,3,0,7,3
233,233,12,341.4,8,246.5,5.1169060254,3,7,2,1,5,2
234,234,12,336.9,10,289.3,3.4457153895,2,7,3,1,6,3
235,235,11,312.0,8,240.7,3.88980018183,2,6,3,1,4,3
236,236,13,382.5,9,285.3,5.33028358316,3,7,3,1,5,3
237,237,10,293.7,7,219.7,4.84929548148,1,7,2,0,5,2
238,238,11,309.5,9,262.3,2.81363562931,1,8,2,0,7,2
239,239,13,384.7,11,337.1,4.20088513262,3,7,3,1,7,3
240,240,13,383.0,11,335.7,3.79792453443,2,8,3,2,7,2
241,241,12,366.6,12,366.6,3.30220312133,2,7,3,2,7,3
242,242,12,350.1,10,303.9,4.58478214016,4,5,3,3,4,3
243,243,14,432.7,12,383.5,4.67620231939,3,8,3,2,7,3
244,244,14,427.2,12,379.0,5.08948495851,4,7,3,3,6,3
245,245,14,439.9,13,415.1,4.7648034218,4,7,3,3,7,3
246,246,15,449.1,12,378.5,5.62580787849,4,8,3,2,7,3
247,247,14,425.9,11,353.7,3.72107895259,4,8,2,1,8,2
248,248,11,353.9,11,353.9,3.3364924424,0,8,3,0,8,3
249,249,10,314.5,9,291.4,4.55661911704,1,6,3,1,5,3
250,250,10,315.5,9,291.1,4.03684420199,2,5,3,1,5,3
251,251,11,326.4,10,303.0,4.41454208477,1,7,3,1,7,2
252,252,11,325.8,9,278.1,4.16840933254,2,6,3,1,6,2
253,253,12,363.2,11,340.2,4.32294792796,2,7,3,1,7,3
254,254,13,379.4,10,306.6,4.64199062074,2,8,3,2,5,3
255,255,15,419.6,10,315.2,6.53686979117,4,8,3,1,6,3
256,256,17,471.5,11,359.5,7.71856051804,6,8,3,0,8,3
257,257,17,463.7,10,328.0,7.74148963473,6,8,3,0,7,3
258,258,17,477.6,12,378.9,6.58003330047,6,8,3,2,7,3
259,259,17,488.3,13,406.5,5.64053736489,6,8,3,2,8,3
260,260,17,477.6,12,380.1,6.30698725504,6,8,3,1,8,3
261,261,17,476.4,11,355.9,6.53400044113,6,8,3,1,7,3
262,262,17,473.1,11,346.8,5.9868360494,6,8,3,1,7,3
263,263,18,457.8,11,321.6,6.21412054257,7,8,3,1,7,3
264,264,18,487.7,11,350.3,7.23451467718,7,8,3,1,7,3
265,265,18,488.1,12,375.5,7.28231136546,7,8,3,2,7,3
266,266,19,473.2,12,336.6,4.76998412345,8,8,3,4,5,3
267,267,19,451.7,8,231.9,4.95601117671,8,8,3,1,4,3
271,271,3,72.4,1,28.8,5.03322295685,0,3,0,0,1,0
272,272,4,87.2,1,28.6,4.96051072639,1,3,0,0,1,0
273,273,8,157.1,1,26.3,3.04909237081,3,3,2,0,1,0
274,274,10,188.5,1,26.3,2.89952103324,3,5,2,0,1,0
275,275,10,186.4,1,25.9,3.33339999933,3,5,2,0,1,0
276,276,10,183.7,1,27.8,3.65788341956,3,5,2,0,1,0
277,277,10,192.6,2,53.3,4.23351705638,3,5,2,0,2,0
278,278,10,192.2,2,55.0,4.79555349603,3,5,2,0,2,0
279,279,12,215.2,2,52.8,4.17009555882,3,6,3,0,2,0
280,280,12,221.6,2,52.9,4.26408539343,3,6,3,0,2,0
281,281,12,225.8,2,54.4,4.50450952498,3,6,3,0,2,0
282,282,12,221.8,1,30.4,4.6393246635,3,6,3,0,1,0
283,283,12,220.8,2,53.6,4.25675933076,3,6,3,0,2,0
284,284,12,224.1,2,56.2,4.80778251664,3,6,3,0,2,0
285,285,12,229.2,1,26.7,3.73484817752,3,6,3,0,1,0
286,286,12,224.4,1,26.2,3.45437798637,3,6,3,0,1,0
287,287,12,224.9,1,26.7,3.97571224799,3,6,3,0,1,0
288,288,12,224.7,0,0,3.40591063781,3,6,3,0,0,0
