,e_id,num_sat,sum_snr,num_sat_25,sum_snr_25,snr_std,elev_0_30,elev_30_60,elev_60_90,elev_0_30_25,elev_30_60_25,elev_60_90_25
35,35,7,201.7,5,154.8,4.96502050061,0,5,2,0,3,2
36,36,10,285.8,7,215.3,4.35578797566,2,6,2,2,3,2
37,37,12,334.9,8,256.1,6.77957605718,3,6,3,1,5,2
38,38,14,354.2,7,215.7,6.53263994227,5,6,3,1,4,2
39,39,1,32.1,1,32.1,,0,1,0,0,1,0
40,40,8,233.8,7,213.7,4.9398525137,1,5,2,0,5,2
41,41,10,276.3,7,213.6,4.86781949816,2,5,3,0,5,2
42,42,13,343.4,8,251.6,7.10549624749,5,5,3,1,5,2
43,43,14,340.0,7,211.3,6.79511783368,6,5,3,1,4,2
44,44,13,330.2,7,218.7,7.35934779719,5,5,3,1,4,2
45,45,13,320.0,6,191.0,7.51208428177,5,5,3,1,3,2
46,46,13,321.2,6,190.9,7.48047029921,5,5,3,1,3,2
47,47,12,304.1,6,189.8,7.10792877814,4,5,3,1,3,2
48,48,13,319.8,6,186.0,7.07519139906,5,5,3,1,3,2
49,49,15,341.1,5,152.4,6.34674269662,6,6,3,0,4,1
50,50,14,347.1,7,213.0,6.73743437653,5,6,3,0,5,2
51,51,14,357.5,6,196.4,7.16536618237,5,6,3,0,5,1
52,52,14,355.7,8,241.5,6.6386356668,5,6,3,1,5,2
53,53,14,363.8,8,252.2,7.12610122587,5,6,3,1,5,2
54,54,15,373.0,7,217.3,6.22250141097,6,6,3,1,4,2
55,55,15,338.9,5,141.3,4.67355274262,6,6,3,1,3,1
56,56,15,363.3,7,210.6,6.44572948326,6,6,3,1,4,2
57,57,15,359.8,9,256.7,6.19583577513,6,6,3,1,6,2
58,58,15,368.6,8,236.7,6.27096104126,6,6,3,1,5,2
59,59,15,357.3,6,183.4,6.30761444605,6,6,3,1,3,2
60,60,16,371.8,5,158.7,6.57539605905,7,6,3,0,3,2
61,61,17,377.2,6,173.8,5.69735490743,8,6,3,0,3,3
62,62,17,376.0,5,143.9,5.46228378223,8,6,3,0,3,2
63,63,17,367.9,5,143.1,5.28347173073,8,6,3,0,3,2
64,64,17,374.1,6,173.6,5.84737874909,8,6,3,0,4,2
65,65,17,369.1,6,173.2,6.06350582924,8,6,3,0,4,2
66,66,17,366.4,6,171.8,5.86473759505,8,6,3,0,3,3
67,67,17,369.9,6,171.4,5.88282020203,8,6,3,0,3,3
68,68,17,372.5,6,170.2,5.84581927031,8,6,3,0,4,2
69,69,17,364.0,5,143.2,5.70700034529,8,6,3,0,3,2
70,70,17,378.7,6,173.3,6.20176682605,8,6,3,0,4,2
71,71,17,380.1,6,171.4,5.96574165795,8,6,3,0,4,2
72,72,17,382.3,7,200.7,6.32128174828,8,6,3,0,4,3
73,73,17,392.4,8,242.5,7.40196218024,8,6,3,1,5,2
74,74,17,402.7,8,245.3,7.39906094996,8,6,3,1,5,2
75,75,17,411.3,9,272.1,7.41303502186,8,6,3,1,6,2
76,76,16,384.8,7,220.6,7.5185991603,7,6,3,0,5,2
77,77,16,394.1,8,254.0,7.94109301881,7,6,3,1,5,2
78,78,16,398.5,8,254.7,7.77058288247,7,6,3,1,5,2
79,79,15,387.2,7,229.9,7.14001467252,6,6,3,1,4,2
80,80,16,414.4,7,229.7,6.8815695884,7,6,3,1,4,2
81,81,17,424.4,9,271.0,6.43175143103,8,6,3,1,5,3
82,82,16,401.2,9,265.5,5.99694366601,7,6,3,1,5,3
83,83,16,387.9,8,236.9,6.339081821,7,6,3,2,3,3
84,84,16,387.4,6,185.8,5.85558138303,7,6,3,1,4,1
85,85,17,412.1,7,216.8,6.39668457323,8,6,3,1,4,2
86,86,17,403.4,6,192.3,6.78009630332,8,6,3,1,3,2
87,87,17,404.1,6,198.8,7.50647759487,8,6,3,1,3,2
88,88,17,394.2,6,198.6,7.88121836655,8,6,3,1,3,2
89,89,17,400.4,7,216.8,6.96528154914,8,6,3,1,4,2
90,90,16,405.0,8,251.5,6.81497126431,7,6,3,1,5,2
91,91,16,403.7,8,242.7,6.01949264196,7,6,3,1,5,2
92,92,17,416.2,7,215.6,6.25642023186,8,6,3,1,4,2
93,93,17,422.5,9,280.7,7.58346207605,8,6,3,1,5,3
94,94,17,422.0,9,283.7,8.13076944481,8,6,3,1,5,3
95,95,17,360.8,6,170.1,6.15208596857,8,6,3,1,3,2
96,96,16,394.5,8,247.9,7.22135432819,7,6,3,1,5,2
97,97,17,397.3,7,215.1,7.0403981338,8,6,3,1,5,1
98,98,17,405.1,7,213.9,6.8630136152,8,6,3,1,4,2
99,99,17,397.2,7,206.0,5.91269198171,8,6,3,0,4,3
100,100,17,396.6,6,183.0,6.11992286572,8,6,3,1,4,1
101,101,17,395.5,8,232.6,6.55628907772,8,6,3,1,5,2
102,102,17,400.7,8,239.9,6.71367677822,8,6,3,1,5,2
103,103,16,391.0,8,247.0,7.46457187877,7,6,3,1,5,2
104,104,16,382.1,6,196.9,7.99384919798,7,6,3,0,4,2
105,105,16,367.8,5,165.5,7.91402763031,7,6,3,0,4,1
106,106,15,363.6,7,213.4,7.1233820218,6,6,3,1,4,2
107,107,15,341.4,5,157.0,7.11866761209,6,6,3,0,3,2
108,108,15,347.5,6,188.0,7.64251890662,6,6,3,0,4,2
109,109,15,338.9,5,158.7,7.60182935377,6,6,3,0,3,2
110,110,16,358.6,5,162.4,7.94563821645,7,6,3,0,3,2
111,111,16,374.6,7,217.8,8.20194082723,7,6,3,1,4,2
112,112,16,375.6,7,219.1,8.28335680748,7,6,3,1,4,2
113,113,16,368.2,6,196.3,8.78505359498,7,6,3,0,4,2
114,114,16,362.7,6,188.4,8.03116585559,7,6,3,1,3,2
115,115,17,373.7,7,215.6,8.29685447128,8,6,3,1,4,2
116,116,17,368.9,5,166.2,8.68475676113,8,6,3,0,3,2
117,117,17,378.2,6,190.8,8.06823382524,8,6,3,1,3,2
118,118,17,391.3,6,191.3,7.73863968134,8,6,3,1,3,2
119,119,17,398.9,6,189.9,7.41265313303,8,6,3,1,4,1
120,120,17,388.2,6,189.5,7.80127723329,8,6,3,1,3,2
121,121,17,386.2,5,169.3,8.25388054903,8,6,3,0,3,2
122,122,17,388.5,6,192.1,8.17275333403,8,6,3,0,4,2
123,123,17,378.3,5,166.4,8.14977895767,8,6,3,0,3,2
124,124,17,370.0,5,165.5,8.03406350925,8,6,3,0,3,2
125,125,17,377.0,5,164.1,7.77379648336,8,6,3,0,3,2
126,126,17,374.5,5,166.3,7.93873137739,8,6,3,0,3,2
127,127,17,370.7,5,162.5,7.61605791964,8,6,3,0,3,2
128,128,17,374.5,5,161.2,7.3959249511,8,6,3,0,3,2
129,129,17,376.3,4,133.7,7.40598922971,8,6,3,0,2,2
130,130,17,401.7,7,220.8,7.61788723219,8,6,3,1,4,2
131,131,17,407.7,8,251.1,7.97262780504,8,6,3,1,5,2
132,132,16,393.2,8,245.0,7.32042803849,7,6,3,1,5,2
133,133,16,399.5,8,256.4,8.17073793077,7,6,3,1,6,1
134,134,16,399.9,9,281.1,8.09571645996,7,6,3,1,6,2
135,135,16,387.0,9,268.7,7.24310016498,7,6,3,1,6,2
136,136,16,394.0,8,252.1,7.84427604478,7,6,3,1,5,2
137,137,16,401.2,8,252.5,7.31796875278,7,6,3,1,5,2
138,138,16,385.1,7,219.3,7.57484598303,7,6,3,0,5,2
139,139,16,387.2,9,271.7,7.51434184299,7,6,3,1,6,2
140,140,15,362.9,7,214.0,7.17729223381,6,6,3,1,4,2
141,141,15,357.8,7,214.5,7.14651430186,6,6,3,1,4,2
142,142,15,359.9,5,171.7,8.45361010513,6,6,3,0,3,2
143,143,14,358.1,7,225.9,8.07924011768,5,6,3,0,5,2
144,144,14,351.2,8,250.6,8.50998121148,5,6,3,1,5,2
145,145,15,358.0,7,216.9,7.7534017112,6,6,3,1,4,2
146,146,15,369.3,6,195.6,7.4707238127,6,6,3,0,4,2
147,147,15,378.7,7,222.4,7.07024617339,6,6,3,0,5,2
148,148,15,361.2,7,209.4,6.18052240048,6,6,3,1,4,2
149,149,15,378.3,7,225.0,7.59654056604,6,6,3,1,4,2
150,150,15,389.0,7,228.4,7.542040901,6,6,3,1,4,2
151,151,15,390.1,9,278.3,7.22559603737,6,6,3,1,6,2
152,152,15,382.7,7,225.0,7.4354235797,6,6,3,1,4,2
153,153,16,400.6,7,226.0,7.75395597958,7,6,3,0,4,3
154,154,16,402.5,8,252.4,7.91546745303,7,6,3,0,5,3
155,155,16,402.6,9,280.8,8.01073238433,7,6,3,1,5,3
156,156,16,398.1,9,273.0,7.42744628613,7,6,3,1,5,3
157,157,15,375.2,6,193.7,7.07721360289,6,6,3,1,3,2
158,158,15,377.5,7,223.6,7.10177710825,6,6,3,1,4,2
159,159,15,378.4,7,225.5,7.44229867204,6,6,3,1,4,2
160,160,16,399.9,7,227.9,7.49439512792,7,6,3,1,4,2
161,161,17,421.3,7,228.8,7.93443722753,8,6,3,1,4,2
162,162,17,416.9,9,277.5,7.96731835467,8,6,3,1,5,3
163,163,17,414.2,7,226.5,7.96601697654,8,6,3,0,4,3
164,164,17,406.1,7,224.4,7.93881936696,8,6,3,1,4,2
165,165,17,412.2,7,219.0,6.9459626445,8,6,3,1,4,2
166,166,17,418.7,7,221.6,6.9812932815,8,6,3,1,4,2
167,167,17,410.6,7,217.7,6.7609279732,8,6,3,1,4,2
168,168,17,425.7,7,229.1,7.24612472494,8,6,3,1,4,2
169,169,17,426.9,8,252.0,6.97745318445,8,6,3,1,5,2
170,170,16,409.9,7,223.4,6.53311755596,7,6,3,1,4,2
171,171,16,402.4,7,216.6,6.13547064209,7,6,3,1,4,2
172,172,16,389.6,7,214.8,6.48855402485,7,6,3,1,4,2
173,173,16,395.1,7,221.8,6.98116215254,7,6,3,1,4,2
174,174,16,404.7,8,248.2,6.45099152586,7,6,3,1,4,3
175,175,16,368.6,5,147.0,5.38131024937,7,6,3,0,3,2
176,176,17,402.5,8,244.5,7.4196975521,8,6,3,1,5,2
177,177,16,376.0,6,187.5,6.92733715074,7,6,3,1,4,1
178,178,16,380.4,7,219.9,7.57553078448,7,6,3,1,4,2
179,179,16,391.5,7,226.6,7.90103105086,7,6,3,1,4,2
180,180,16,395.6,9,272.9,7.49315242961,7,6,3,1,6,2
181,181,16,405.8,7,232.7,8.03258986878,7,6,3,1,4,2
182,182,16,390.5,7,226.4,8.31588590189,7,6,3,1,4,2
183,183,16,385.4,7,214.5,6.92357085133,7,6,3,1,4,2
184,184,16,382.3,8,237.6,6.4865469756,7,6,3,1,5,2
185,185,16,381.9,7,209.0,6.49037428299,7,6,3,1,4,2
186,186,16,399.4,8,252.8,7.77962081338,7,6,3,1,5,2
187,187,16,387.8,8,246.3,7.69102290553,7,6,3,1,5,2
188,188,16,401.5,9,275.1,7.03671028725,7,6,3,1,6,2
189,189,16,384.5,9,258.1,6.09346302743,7,6,3,1,6,2
190,190,16,362.1,6,171.7,5.57993055512,7,6,3,1,4,1
191,191,16,378.7,6,187.6,7.03929151265,7,6,3,0,4,2
192,192,17,403.3,7,222.4,7.66685475046,8,6,3,1,4,2
193,193,17,405.3,6,194.6,7.76523171125,8,6,3,1,4,1
194,194,17,405.7,7,221.3,7.48305929888,8,6,3,0,5,2
195,195,17,391.3,7,212.3,7.03697691609,8,6,3,1,4,2
196,196,17,386.3,7,209.5,6.82729168593,8,6,3,1,5,1
197,197,17,388.8,7,211.3,7.00337103703,8,6,3,1,4,2
198,198,17,389.7,7,219.9,8.55376594049,8,6,3,1,4,2
199,199,17,380.0,7,215.1,7.94340273805,8,6,3,0,5,2
200,200,17,386.7,8,237.5,7.28123595682,8,6,3,1,5,2
201,201,17,386.0,6,181.5,6.85569750173,8,6,3,1,4,1
202,202,17,401.1,7,219.3,7.53669942583,8,6,3,1,4,2
203,203,17,392.3,6,184.7,6.78726099135,8,6,3,1,4,1
204,204,17,402.5,7,211.3,6.70666920048,8,6,3,1,5,1
205,205,17,402.7,8,233.4,6.40301514454,8,6,3,1,5,2
206,206,17,417.9,7,219.4,6.84965649632,8,6,3,1,4,2
207,207,17,421.3,7,225.7,7.26061595993,8,6,3,1,4,2
208,208,17,396.7,5,165.4,7.24939145519,8,6,3,0,4,1
209,209,17,418.3,8,250.3,7.71690276181,8,6,3,1,5,2
210,210,16,392.5,7,215.8,6.86505341081,7,6,3,1,4,2
211,211,16,382.5,6,194.1,7.70813152889,7,6,3,0,4,2
212,212,16,386.9,7,218.6,7.50486231275,7,6,3,0,5,2
213,213,16,387.9,7,220.3,7.68756300787,7,6,3,1,4,2
214,214,16,389.2,6,198.4,7.97157449943,7,6,3,0,4,2
215,215,16,385.7,6,199.8,8.34932881534,7,6,3,0,4,2
216,216,16,397.5,7,227.5,8.01972308333,7,6,3,0,5,2
217,217,16,399.7,7,227.2,7.85478357436,7,6,3,0,5,2
218,218,16,391.3,7,222.8,7.55353945732,7,6,3,1,4,2
219,219,16,388.3,8,241.8,7.00073508045,7,6,3,1,5,2
220,220,16,375.5,7,206.1,6.10046104815,7,6,3,1,4,2
221,221,16,379.4,6,185.7,6.55742581608,7,6,3,1,4,1
222,222,16,367.8,5,157.1,6.73516889172,7,6,3,1,3,1
223,223,16,369.4,6,179.9,6.58461590882,7,6,3,1,4,1
224,224,16,348.8,4,127.0,6.96381121705,7,6,3,0,3,1
225,225,16,366.8,5,158.6,6.74354011876,7,6,3,1,3,1
226,226,16,365.4,6,180.5,6.75848848979,7,6,3,1,3,2
227,227,16,372.0,8,239.4,7.65636989702,7,6,3,1,5,2
228,228,16,365.5,8,234.6,7.48714175548,7,6,3,1,5,2
229,229,17,385.1,7,211.1,7.41528132028,8,6,3,1,5,1
230,230,17,386.2,8,230.6,6.87188432074,8,6,3,0,6,2
231,231,17,394.2,8,241.3,7.4406722103,8,6,3,1,5,2
232,232,17,362.2,5,143.0,5.87754950939,8,6,3,0,4,1
233,233,17,364.8,5,151.2,6.6581771927,8,6,3,0,4,1
234,234,17,363.5,4,124.9,6.82836320927,8,6,3,0,3,1
235,235,17,357.0,4,122.2,6.32682779914,8,6,3,0,3,1
236,236,17,346.5,5,150.4,7.02711136369,8,6,3,0,4,1
237,237,17,347.9,5,145.8,6.60728207893,8,6,3,0,4,1
238,238,17,356.4,5,151.3,7.04245528708,8,6,3,0,4,1
239,239,17,362.0,5,152.6,6.90891367983,8,6,3,0,4,1
240,240,17,369.2,5,157.6,7.27540680084,8,6,3,0,4,1
241,241,16,370.0,7,216.4,7.64054971844,7,6,3,1,4,2
242,242,16,374.0,7,212.2,7.26585622392,7,6,3,0,5,2
243,243,16,364.7,7,210.0,7.3659096519,7,6,3,0,5,2
244,244,16,355.1,7,200.0,6.75282348355,7,6,3,1,5,1
245,245,16,379.0,6,199.1,8.44976331029,7,6,3,0,4,2
246,246,17,401.2,6,196.3,8.10671018355,8,6,3,1,3,2
247,247,17,396.1,5,164.3,7.33467790704,8,6,3,0,3,2
248,248,16,391.1,7,218.2,6.62077223593,7,6,3,1,4,2
249,249,16,385.8,7,220.6,7.509360825,7,6,3,1,5,1
250,250,15,380.9,7,227.5,7.44354626186,6,6,3,1,5,1
251,251,15,369.3,7,219.2,7.06411454364,6,6,3,1,5,1
252,252,17,408.7,7,227.0,7.61109870711,8,6,3,1,5,1
253,253,17,414.3,8,259.6,8.22418420771,8,6,3,1,5,2
254,254,17,423.0,8,254.1,7.24717490596,8,6,3,1,5,2
255,255,17,419.4,7,226.8,7.09522416012,8,6,3,1,4,2
256,256,17,402.9,7,218.6,7.23705741307,8,6,3,1,4,2
257,257,17,387.9,7,212.4,7.06711002586,8,6,3,1,4,2
258,258,17,397.9,7,212.5,6.87354262628,8,6,3,1,4,2
259,259,17,384.3,6,180.2,6.28445210303,8,6,3,1,3,2
260,260,17,377.4,6,173.3,5.79525668111,8,6,3,1,3,2
261,261,17,394.0,8,239.0,7.05368072461,8,6,3,1,5,2
262,262,17,400.7,9,274.1,8.15143888417,8,6,3,1,6,2
263,263,17,401.1,7,219.3,7.65869363764,8,6,3,1,4,2
264,264,17,399.7,5,170.6,7.65791113432,8,6,3,1,2,2
265,265,17,397.6,5,162.5,6.89418979585,8,6,3,1,2,2
266,266,17,389.3,5,162.9,7.13888996974,8,6,3,1,2,2
267,267,17,396.7,5,169.4,7.47344809781,8,6,3,1,2,2
268,268,17,401.6,6,193.8,7.40173369993,8,6,3,1,3,2
269,269,17,383.8,5,161.5,7.18431707017,8,6,3,1,2,2
270,270,17,384.8,6,185.9,7.2435265217,8,6,3,1,3,2
271,271,17,385.6,5,160.0,7.01250983013,8,6,3,1,2,2
272,272,17,385.8,6,184.0,7.07049066439,8,6,3,1,3,2
273,273,17,372.3,5,151.6,6.38171215271,8,6,3,1,2,2
274,274,17,386.9,6,187.0,7.35366055305,8,6,3,1,3,2
275,275,17,379.8,6,175.5,6.2516056761,8,6,3,1,3,2
276,276,17,388.1,6,182.9,6.6661237524,8,6,3,1,3,2
277,277,17,404.2,8,239.1,6.72992657944,8,6,3,1,5,2
278,278,17,401.0,7,207.5,6.08151732228,8,6,3,1,5,1
279,279,17,405.0,8,242.5,6.85424406953,8,6,3,1,5,2
280,280,17,409.9,8,244.9,6.95079872685,8,6,3,1,5,2
281,281,17,389.1,6,184.0,6.84222938385,8,6,3,0,4,2
282,282,17,390.9,6,190.1,7.26339027144,8,6,3,0,4,2
283,283,17,389.8,8,240.6,7.61509723394,8,6,3,1,5,2
284,284,17,391.7,6,194.3,7.90648933025,8,6,3,1,3,2
285,285,17,408.3,8,258.5,8.49538369455,8,6,3,1,5,2
286,286,17,400.6,7,225.4,8.2404445554,8,6,3,1,4,2
287,287,17,405.6,7,227.9,8.35022895072,8,6,3,0,5,2
288,288,17,381.0,6,188.1,8.30736738932,8,6,3,0,4,2
289,289,16,381.7,7,228.6,8.84051044906,8,5,3,1,4,2
290,290,7,225.2,7,225.2,3.37575388406,0,5,2,0,5,2
291,291,9,262.9,7,221.5,5.97441303486,1,5,3,0,5,2
292,292,9,264.7,8,246.5,5.90009416121,1,5,3,0,5,3
293,293,8,241.7,6,192.1,4.48694534973,0,5,3,0,4,2
294,294,9,255.3,6,186.6,4.77126817523,1,5,3,1,4,1
295,295,8,246.1,7,224.7,5.00854626756,1,5,2,0,5,2
296,296,8,252.2,7,229.8,4.70007598723,0,5,3,0,5,2
297,297,7,231.0,7,231.0,2.45899708553,0,5,2,0,5,2
298,298,8,245.4,7,227.2,5.80116983276,1,5,2,0,5,2
299,299,8,242.7,7,224.5,6.03346323196,1,5,2,0,5,2
300,300,8,241.4,7,223.2,5.82942045637,1,5,2,0,5,2
301,301,8,246.1,7,227.9,5.81646370229,1,5,2,0,5,2
302,302,8,234.8,6,192.3,6.58287822417,1,5,2,0,4,2
303,303,10,292.9,8,250.1,6.43695062381,2,5,3,1,4,3
304,304,7,225.4,7,225.4,5.24467984406,0,5,2,0,5,2
305,305,9,258.0,6,197.9,7.08872343938,2,5,2,0,4,2
306,306,7,217.2,5,170.4,5.84343343298,0,5,2,0,4,1
307,307,8,227.3,5,165.8,7.29940066033,1,5,2,0,4,1
308,308,9,246.9,6,191.8,7.4684335707,2,5,2,0,4,2
309,309,10,283.8,7,230.9,8.1915674799,3,5,2,0,5,2
310,310,11,302.5,7,222.8,7.73330459765,3,5,3,1,5,1
311,311,10,291.5,6,203.5,7.58408421191,3,4,3,0,4,2
312,312,9,274.8,8,250.6,4.70451910401,1,5,3,1,5,2
313,313,7,212.4,6,191.1,5.25511089095,0,5,2,0,4,2
314,314,9,271.7,7,222.4,5.39940840381,1,5,3,1,5,1
315,315,7,227.2,7,227.2,5.46408185116,0,5,2,0,5,2
316,316,7,223.1,6,201.1,6.08268424456,1,4,2,0,4,2
317,317,8,253.2,8,253.2,5.45239134954,1,5,2,1,5,2
318,318,9,263.9,6,200.0,7.13315809754,2,5,2,0,5,1
319,319,10,282.5,7,226.6,8.056088105,3,5,2,0,5,2
320,320,11,296.4,6,201.0,8.54919453941,3,5,3,0,5,1
321,321,12,302.4,6,198.6,9.02592226464,4,5,3,0,5,1
322,322,13,313.0,6,199.5,9.19113285058,5,5,3,0,5,1
323,323,13,313.9,6,199.5,9.18373701937,5,5,3,0,5,1
324,324,13,321.4,6,202.5,9.25600290318,5,5,3,0,5,1
325,325,13,328.3,6,203.2,9.22086541353,5,5,3,0,5,1
326,326,13,326.5,7,229.4,9.60371856399,5,5,3,1,5,1
327,327,14,342.5,6,201.9,9.2220978043,6,5,3,0,5,1
328,328,14,336.1,6,200.8,9.33772038444,6,5,3,0,5,1
329,329,15,357.9,6,199.0,8.92778968006,6,6,3,0,5,1
330,330,15,359.9,7,226.1,9.06622197789,6,6,3,0,5,2
331,331,15,366.1,7,228.4,9.0584977205,6,6,3,0,5,2
332,332,16,374.4,6,201.2,8.88324265119,7,6,3,0,5,1
333,333,16,385.1,7,232.5,9.3146994047,7,6,3,1,5,1
334,334,16,382.6,7,234.0,9.52833493674,7,6,3,1,5,1
335,335,16,373.2,6,201.1,8.98899326955,7,6,3,0,5,1
336,336,16,372.3,6,198.1,8.55661293971,7,6,3,0,5,1
337,337,16,379.4,6,202.1,8.85880917505,7,6,3,0,5,1
338,338,16,376.9,6,200.7,8.80234580477,7,6,3,0,5,1
339,339,16,374.9,6,200.9,8.85390450592,7,6,3,0,5,1
340,340,16,373.7,7,220.5,8.3542379465,7,6,3,1,5,1
341,341,16,369.2,6,193.4,8.2170959996,7,6,3,0,5,1
342,342,16,372.0,7,219.7,8.15401741475,7,6,3,0,5,2
343,343,16,377.2,8,251.2,8.68327895057,7,6,3,1,5,2
344,344,16,375.4,8,251.7,9.01294439496,7,6,3,1,5,2
345,345,16,371.6,6,202.9,9.22203882013,7,6,3,0,5,1
346,346,16,370.5,7,224.2,8.78991609744,7,6,3,0,5,2
347,347,16,381.7,7,225.0,8.71420057531,7,6,3,1,5,1
348,348,15,376.4,8,254.0,8.27116045293,6,6,3,1,5,2
349,349,15,370.0,8,253.4,8.26893210126,6,6,3,1,5,2
350,350,15,369.5,8,253.0,8.37271646196,6,6,3,1,5,2
351,351,15,366.1,8,250.2,8.46450291061,6,6,3,1,5,2
352,352,15,334.6,6,171.9,6.44653469112,6,6,3,0,4,2
353,353,16,320.2,3,91.0,6.00631612,7,6,3,0,2,1
354,354,16,324.9,3,95.0,6.78984229076,7,6,3,0,2,1
355,355,16,319.6,3,94.0,6.54354643905,7,5,4,0,1,2
360,360,1,16.6,0,0,,0,0,1,0,0,0
361,361,1,15.4,0,0,,0,0,1,0,0,0
362,362,2,38.5,0,0,5.86898628385,1,0,1,0,0,0
363,363,3,55.9,0,0,4.66940395911,1,1,1,0,0,0
364,364,3,54.2,0,0,3.98789836046,1,1,1,0,0,0
365,365,3,52.0,0,0,3.2316146635,1,1,1,0,0,0
366,366,3,50.3,0,0,2.75922694488,1,1,1,0,0,0
367,367,3,50.9,0,0,3.52183664206,1,1,1,0,0,0
368,368,3,47.0,0,0,1.55349069303,1,1,1,0,0,0
369,369,4,64.3,0,0,1.86793111936,1,2,1,0,0,0
370,370,4,70.8,0,0,2.9234682599,1,2,1,0,0,0
371,371,4,76.5,0,0,4.16042866381,1,2,1,0,0,0
372,372,4,84.0,0,0,3.4127212993,1,2,1,0,0,0
373,373,5,95.3,0,0,4.52028760147,1,2,2,0,0,0
374,374,5,90.1,0,0,3.03265560194,1,2,2,0,0,0
375,375,5,94.7,0,0,4.58508451394,1,2,2,0,0,0
376,376,5,93.6,0,0,4.2528813762,1,2,2,0,0,0
377,377,6,104.9,0,0,4.27008977267,2,2,2,0,0,0
378,378,6,108.3,0,0,4.35924305356,2,2,2,0,0,0
379,379,6,112.1,0,0,3.69941436807,2,2,2,0,0,0
380,380,6,114.1,0,0,3.92551482823,2,2,2,0,0,0
381,381,7,129.6,0,0,3.25444750633,2,3,2,0,0,0
382,382,7,134.4,0,0,3.28988348325,2,3,2,0,0,0
383,383,7,128.6,0,0,3.87027746021,2,3,2,0,0,0
384,384,7,130.5,0,0,3.770878387,2,3,2,0,0,0
