,e_id,num_sat,sum_snr,num_sat_25,sum_snr_25,snr_std,elev_0_30,elev_30_60,elev_60_90,elev_0_30_25,elev_30_60_25,elev_60_90_25
1,1,16,371.4,8,230.0,6.33349561196,6,7,3,1,5,2
2,2,16,390.5,9,257.3,5.9897099262,6,7,3,1,5,3
3,3,16,383.6,6,185.7,6.43278063256,6,7,3,0,5,1
4,4,16,386.1,7,202.9,5.54024292488,6,7,3,1,4,2
5,5,16,393.9,9,260.4,6.34657059626,6,7,3,0,6,3
6,6,16,398.2,8,239.4,6.04029524665,6,7,3,1,5,2
7,7,16,404.9,9,266.5,6.49938138082,6,7,3,2,5,2
8,8,16,397.5,9,265.7,6.72507434903,6,7,3,0,6,3
9,9,16,389.4,8,231.3,6.15379286836,6,7,3,0,5,3
10,10,16,365.8,5,143.0,5.54771724826,6,7,3,0,3,2
11,11,16,389.8,8,234.0,6.37253220209,6,7,3,1,4,3
12,12,16,392.1,7,212.7,6.85385232309,6,7,3,0,4,3
13,13,16,391.4,8,241.8,7.06558560913,6,7,3,0,5,3
14,14,16,398.6,8,244.6,6.90920883073,6,7,3,0,5,3
15,15,16,401.2,8,246.4,7.00566437487,6,7,3,0,5,3
16,16,16,401.8,9,269.8,6.93213531316,6,7,3,0,6,3
17,17,16,393.8,9,264.3,6.78251428307,6,7,3,1,5,3
18,18,16,396.9,8,239.3,6.30655413043,6,7,3,1,5,2
19,19,16,406.9,7,216.4,6.00785250041,6,7,3,0,5,2
20,20,16,411.2,8,242.8,5.80459588028,6,7,3,0,5,3
21,21,16,412.6,10,296.2,6.20224421749,6,7,3,2,5,3
22,22,16,406.2,9,269.8,6.28828275446,6,7,3,2,5,2
23,23,16,400.2,9,274.2,7.15233062248,6,7,3,2,5,2
24,24,16,392.4,9,272.6,7.4932413992,6,7,3,2,5,2
25,25,16,400.6,9,274.5,7.09007522292,6,7,3,2,5,2
26,26,16,398.1,10,297.2,7.09668643335,6,7,3,3,5,2
27,27,16,391.4,8,244.6,7.28623130752,6,7,3,2,5,1
28,28,16,400.0,9,269.2,6.48999229584,6,7,3,3,5,1
29,29,17,410.4,9,271.1,7.30394232791,7,7,3,3,5,1
30,30,17,406.2,9,269.5,7.39759002887,7,7,3,3,5,1
31,31,17,409.3,8,245.5,7.26554621241,7,7,3,2,5,1
32,32,17,407.6,8,243.7,6.95526144474,7,7,3,2,5,1
33,33,17,410.6,8,242.1,6.86259040442,7,7,3,2,5,1
34,34,17,403.4,8,243.0,7.1838155518,7,7,3,2,5,1
35,35,17,407.2,8,242.2,6.97147022219,7,7,3,2,5,1
36,36,17,399.0,8,234.6,6.73496146109,7,7,3,2,5,1
37,37,17,400.3,7,207.0,6.41912354289,7,7,3,2,4,1
38,38,17,404.5,8,232.1,6.29756605645,7,7,3,2,5,1
39,39,17,410.0,8,233.2,6.2366091843,7,7,3,2,5,1
40,40,17,401.6,8,229.3,6.09328825551,7,7,3,2,4,2
41,41,17,401.3,6,180.5,6.2762917583,7,7,3,2,3,1
42,42,17,398.6,8,224.2,5.59130101665,7,7,3,2,3,3
43,43,17,382.7,7,197.4,6.14398917164,7,7,3,1,3,3
44,44,17,393.2,7,200.2,6.08047743868,7,7,3,2,3,2
45,45,17,390.5,8,222.6,6.01142294988,7,7,3,3,4,1
46,46,17,369.2,6,165.4,6.01355087429,7,7,3,0,4,2
47,47,17,338.4,3,79.3,5.02922342269,7,7,3,0,2,1
