,e_id,num_sat,sum_snr,num_sat_25,sum_snr_25,num_sat_u20,sum_sat_u20,snr_std,elev_0_30,elev_30_60,elev_60_90,sum_elev_0_30,sum_elev_30_60,sum_elev_60_90,elev_0_30_25,elev_30_60_25,elev_60_90_25,sum_elev_0_30_25,sum_elev_30_60_25,sum_elev_60_90_25
35,35,7,201.7,5,154.8,0,0,4.96502050061,0,5,2,0,133.4,68.3,0,3,2,0,86.5,68.3
36,36,10,285.8,8,240.3,0,0,4.35578797566,2,6,2,56.1,165.0,64.7,2,4,2,56.1,119.5,64.7
37,37,12,334.9,8,256.1,2,34.7,6.77957605718,3,6,3,74.5,181.4,79.0,1,5,2,36.4,158.0,61.7
38,38,14,354.2,7,215.7,4,69.9,6.53263994227,5,6,3,103.9,171.4,78.9,1,4,2,30.6,123.5,61.6
39,39,1,32.1,1,32.1,0,0,,0,1,0,0,32.1,0,0,1,0,0,32.1,0
40,40,8,233.8,7,213.7,0,0,4.9398525137,1,5,2,20.1,151.0,62.7,0,5,2,0,151.0,62.7
41,41,10,276.3,7,213.6,1,19.6,4.86781949816,2,5,3,43.1,150.0,83.2,0,5,2,0,150.0,63.6
42,42,13,343.4,8,251.6,4,70.9,7.10549624749,5,5,3,102.9,163.1,77.4,1,5,2,30.1,163.1,58.4
43,43,14,340.0,7,211.3,5,83.5,6.79511783368,6,5,3,121.1,137.9,81.0,1,4,2,35.6,113.4,62.3
44,44,13,330.2,7,218.7,4,67.0,7.35934779719,5,5,3,103.8,138.7,87.7,1,4,2,34.7,115.1,68.9
45,45,13,320.0,6,191.0,6,104.8,7.51208428177,5,5,3,99.7,132.6,87.7,1,3,2,32.9,89.3,68.8
46,46,13,321.2,6,190.9,5,86.1,7.48047029921,5,5,3,100.0,131.0,90.2,1,3,2,33.6,88.6,68.7
47,47,12,304.1,6,189.8,5,89.9,7.10792877814,4,5,3,84.3,135.5,84.3,1,3,2,32.0,91.2,66.6
48,48,13,319.8,6,186.0,4,64.1,7.07519139906,5,5,3,97.1,139.5,83.2,1,3,2,30.2,90.3,65.5
49,49,15,341.1,5,152.4,5,82.0,6.34674269662,6,6,3,102.2,162.6,76.3,0,4,1,0,119.9,32.5
50,50,14,347.1,7,213.0,4,66.2,6.73743437653,5,6,3,88.8,179.0,79.3,0,5,2,0,156.7,56.3
51,51,14,357.5,6,196.4,4,68.1,7.16536618237,5,6,3,91.1,185.8,80.6,0,5,1,0,162.2,34.2
52,52,14,355.7,8,241.5,4,67.3,6.6386356668,5,6,3,100.0,170.3,85.4,1,5,2,26.6,152.1,62.8
53,53,14,363.8,8,252.2,5,89.0,7.12610122587,5,6,3,103.8,178.8,81.2,1,5,2,33.6,160.0,58.6
54,54,15,373.0,7,217.3,6,112.4,6.22250141097,6,6,3,124.8,171.3,76.9,1,4,2,32.2,128.0,57.1
55,55,15,338.9,5,141.3,6,108.9,4.67355274262,6,6,3,119.0,147.0,72.9,1,3,1,29.7,84.7,26.9
56,56,15,363.3,7,210.6,5,83.1,6.44572948326,6,6,3,121.9,158.3,83.1,1,4,2,34.5,117.8,58.3
57,57,15,359.8,9,256.7,6,103.1,6.19583577513,6,6,3,114.6,167.7,77.5,1,6,2,31.3,167.7,57.7
58,58,15,368.6,8,236.7,5,84.2,6.27096104126,6,6,3,111.6,171.4,85.6,1,5,2,27.4,147.7,61.6
59,59,15,357.3,6,183.4,5,85.9,6.30761444605,6,6,3,113.6,161.8,81.9,1,3,2,27.7,96.7,59.0
60,60,16,371.8,5,158.7,7,121.4,6.57539605905,7,6,3,131.8,163.9,76.1,0,3,2,0,100.0,58.7
61,61,17,377.2,6,173.8,8,138.3,5.69735490743,8,6,3,145.1,146.7,85.4,0,3,3,0,88.4,85.4
62,62,17,376.0,5,143.9,6,96.7,5.46228378223,8,6,3,140.3,151.0,84.7,0,3,2,0,83.8,60.1
63,63,17,367.9,5,143.1,7,117.2,5.28347173073,8,6,3,140.5,147.1,80.3,0,3,2,0,83.9,59.2
64,64,17,374.1,6,173.6,7,115.0,5.84737874909,8,6,3,138.1,155.2,80.8,0,4,2,0,113.7,59.9
65,65,17,369.1,6,173.2,8,131.0,6.06350582924,8,6,3,133.8,152.3,83.0,0,4,2,0,112.6,60.6
66,66,17,366.4,6,171.8,8,131.8,5.86473759505,8,6,3,135.2,146.5,84.7,0,3,3,0,87.1,84.7
67,67,17,369.9,6,171.4,8,132.5,5.88282020203,8,6,3,134.0,151.9,84.0,0,3,3,0,87.4,84.0
68,68,17,372.5,6,170.2,7,112.2,5.84581927031,8,6,3,132.9,156.9,82.7,0,4,2,0,112.1,58.1
69,69,17,364.0,5,143.2,9,150.2,5.70700034529,8,6,3,130.7,153.9,79.4,0,3,2,0,87.0,56.2
70,70,17,378.7,7,198.3,7,111.8,6.20176682605,8,6,3,136.3,160.8,81.6,0,4,3,0,116.7,81.6
71,71,17,380.1,7,196.4,7,112.5,5.96574165795,8,6,3,137.5,163.0,79.6,1,4,2,25.0,116.0,55.4
72,72,17,382.3,7,200.7,7,111.0,6.32128174828,8,6,3,134.5,165.0,82.8,0,4,3,0,117.9,82.8
73,73,17,392.4,8,242.5,8,128.0,7.40196218024,8,6,3,139.7,173.5,79.2,1,5,2,29.0,151.6,61.9
74,74,17,402.7,8,245.3,7,112.8,7.39906094996,8,6,3,142.9,175.5,84.3,1,5,2,30.1,152.8,62.4
75,75,17,411.3,9,272.1,7,115.5,7.41303502186,8,6,3,142.2,183.5,85.6,1,6,2,26.7,183.5,61.9
76,76,16,384.8,8,245.6,6,95.1,7.5185991603,7,6,3,120.1,177.3,87.4,1,5,2,25.0,156.9,63.7
77,77,16,394.1,8,254.0,7,116.8,7.94109301881,7,6,3,127.2,183.9,83.0,1,5,2,29.3,165.0,59.7
78,78,16,398.5,8,254.7,6,97.7,7.77058288247,7,6,3,130.1,175.7,92.7,1,5,2,32.4,153.9,68.4
79,79,15,387.2,7,229.9,4,71.4,7.14001467252,6,6,3,126.7,173.2,87.3,1,4,2,34.0,129.3,66.6
80,80,16,414.4,7,229.7,4,68.3,6.8815695884,7,6,3,148.5,178.9,87.0,1,4,2,35.2,131.1,63.4
81,81,17,424.4,9,271.0,5,84.1,6.43175143103,8,6,3,165.2,172.3,86.9,1,5,3,34.1,150.0,86.9
82,82,16,401.2,9,265.5,4,70.1,5.99694366601,7,6,3,148.3,169.0,83.9,1,5,3,33.8,147.8,83.9
83,83,16,387.9,8,236.9,5,85.8,6.339081821,7,6,3,150.7,152.4,84.8,2,3,3,59.4,92.7,84.8
84,84,16,387.4,6,185.8,5,91.5,5.85558138303,7,6,3,147.8,164.2,75.4,1,4,1,33.5,119.5,32.8
85,85,17,412.1,7,216.8,6,108.4,6.39668457323,8,6,3,164.4,166.1,81.6,1,4,2,34.0,121.6,61.2
86,86,17,403.4,6,192.3,6,104.5,6.78009630332,8,6,3,162.9,154.6,85.9,1,3,2,33.4,93.4,65.5
87,87,17,404.1,6,198.8,7,119.0,7.50647759487,8,6,3,157.0,160.6,86.5,1,3,2,33.3,99.4,66.1
88,88,17,394.2,6,198.6,8,132.7,7.88121836655,8,6,3,162.0,148.4,83.8,1,3,2,34.6,95.9,68.1
89,89,17,400.4,7,216.8,7,120.1,6.96528154914,8,6,3,164.4,152.3,83.7,1,4,2,34.3,114.5,68.0
90,90,16,405.0,8,251.5,5,85.7,6.81497126431,7,6,3,147.6,173.9,83.5,1,5,2,35.2,155.5,60.8
91,91,16,403.7,8,242.7,4,68.9,6.01949264196,7,6,3,149.8,172.9,81.0,1,5,2,35.7,148.6,58.4
92,92,17,416.2,7,215.6,5,86.0,6.25642023186,8,6,3,166.9,161.8,87.5,1,4,2,36.6,116.3,62.7
93,93,17,422.5,9,280.7,7,117.9,7.58346207605,8,6,3,159.0,174.7,88.8,1,5,3,36.8,155.1,88.8
94,94,17,422.0,9,283.7,7,114.5,8.13076944481,8,6,3,156.4,179.3,86.3,1,5,3,37.7,159.7,86.3
95,95,17,360.8,6,170.1,9,147.0,6.15208596857,8,6,3,146.3,139.8,74.7,1,3,2,32.6,79.5,58.0
96,96,16,394.5,8,247.9,6,101.1,7.22135432819,7,6,3,138.7,168.6,87.2,1,5,2,31.3,151.0,65.6
97,97,17,397.3,7,215.1,7,118.2,7.0403981338,8,6,3,153.8,170.6,72.9,1,5,1,30.4,152.6,32.1
98,98,17,405.1,7,213.9,6,99.5,6.8630136152,8,6,3,148.3,172.9,83.9,1,4,2,25.8,128.9,59.2
99,99,17,397.2,7,206.0,6,104.1,5.91269198171,8,6,3,148.6,166.6,82.0,0,4,3,0,124.0,82.0
100,100,17,396.6,6,183.0,7,123.0,6.11992286572,8,6,3,152.1,169.0,75.5,1,4,1,28.3,126.4,28.3
101,101,17,395.5,8,232.6,8,138.0,6.55628907772,8,6,3,149.3,166.7,79.5,1,5,2,31.2,146.8,54.6
102,102,17,400.7,8,239.9,7,119.7,6.71367677822,8,6,3,147.2,167.1,86.4,1,5,2,27.5,146.3,66.1
103,103,16,391.0,8,247.0,6,99.1,7.46457187877,7,6,3,126.1,172.1,92.8,1,5,2,27.0,150.0,70.0
104,104,16,382.1,6,196.9,7,114.7,7.99384919798,7,6,3,120.3,172.6,89.2,0,4,2,0,125.5,71.4
105,105,16,367.8,5,165.5,8,131.7,7.91402763031,7,6,3,113.6,176.5,77.7,0,4,1,0,127.6,37.9
106,106,15,363.6,8,238.4,6,100.7,7.1233820218,6,6,3,107.9,169.6,86.1,1,5,2,26.7,145.1,66.6
107,107,15,341.4,5,157.0,6,98.6,7.11866761209,6,6,3,105.0,152.9,83.5,0,3,2,0,91.5,65.5
108,108,15,347.5,6,188.0,8,137.7,7.64251890662,6,6,3,103.3,156.7,87.5,0,4,2,0,118.5,69.5
109,109,15,338.9,5,158.7,7,114.4,7.60182935377,6,6,3,100.1,152.6,86.2,0,3,2,0,90.5,68.2
110,110,16,358.6,5,162.4,8,127.6,7.94563821645,7,6,3,115.5,154.5,88.6,0,3,2,0,91.8,70.6
111,111,16,374.6,7,217.8,7,110.9,8.20194082723,7,6,3,118.4,166.4,89.8,1,4,2,25.5,120.5,71.8
112,112,16,375.6,7,219.1,7,110.5,8.28335680748,7,6,3,119.9,166.4,89.3,1,4,2,27.4,120.4,71.3
113,113,16,368.2,6,196.3,8,125.5,8.78505359498,7,6,3,107.5,170.2,90.5,0,4,2,0,123.8,72.5
114,114,16,362.7,7,213.4,8,127.2,8.03116585559,7,6,3,119.5,159.0,84.2,1,4,2,28.7,118.5,66.2
115,115,17,373.7,7,215.6,9,135.2,8.29685447128,8,6,3,133.3,163.8,76.6,1,4,2,29.5,122.5,63.6
116,116,17,368.9,5,166.2,9,134.0,8.68475676113,8,6,3,124.1,162.6,82.2,0,3,2,0,97.0,69.2
117,117,17,378.2,6,190.8,9,143.3,8.06823382524,8,6,3,141.6,154.9,81.7,1,3,2,29.5,92.6,68.7
118,118,17,391.3,6,191.3,7,113.1,7.73863968134,8,6,3,146.1,161.5,83.7,1,3,2,29.9,95.7,65.7
119,119,17,398.9,6,189.9,5,73.1,7.41265313303,8,6,3,148.6,169.6,80.7,1,4,1,30.9,123.4,35.6
120,120,17,388.2,6,189.5,7,107.6,7.80127723329,8,6,3,138.5,162.4,87.3,1,3,2,28.5,94.9,66.1
121,121,17,386.2,5,169.3,8,126.5,8.25388054903,8,6,3,129.8,165.5,90.9,0,3,2,0,97.3,72.0
122,122,17,388.5,6,192.1,8,126.3,8.17275333403,8,6,3,133.8,157.9,96.8,0,4,2,0,119.4,72.7
123,123,17,378.3,5,166.4,9,144.8,8.14977895767,8,6,3,128.9,155.9,93.5,0,3,2,0,95.3,71.1
124,124,17,370.0,5,165.5,10,161.9,8.03406350925,8,6,3,130.0,153.0,87.0,0,3,2,0,95.5,70.0
125,125,17,377.0,5,164.1,10,166.2,7.77379648336,8,6,3,135.3,157.5,84.2,0,3,2,0,96.9,67.2
126,126,17,374.5,5,166.3,10,167.2,7.93873137739,8,6,3,135.1,155.5,83.9,0,3,2,0,98.6,67.7
127,127,17,370.7,5,162.5,10,165.3,7.61605791964,8,6,3,131.6,158.1,81.0,0,3,2,0,97.7,64.8
128,128,17,374.5,5,161.2,10,171.2,7.3959249511,8,6,3,136.0,155.8,82.7,0,3,2,0,95.3,65.9
129,129,17,376.3,4,133.7,10,170.4,7.40598922971,8,6,3,137.9,154.3,84.1,0,2,2,0,68.0,65.7
130,130,17,401.7,7,220.8,7,116.2,7.61788723219,8,6,3,146.6,164.4,90.7,1,4,2,30.4,121.1,69.3
131,131,17,407.7,8,251.1,7,108.3,7.97262780504,8,6,3,135.8,184.1,87.8,1,5,2,27.5,159.9,63.7
132,132,16,393.2,8,245.0,6,101.0,7.32042803849,7,6,3,129.5,178.9,84.8,1,5,2,28.5,155.2,61.3
133,133,16,399.5,8,256.4,6,96.9,8.17073793077,7,6,3,130.5,193.5,75.5,1,6,1,33.6,193.5,29.3
134,134,16,399.9,9,281.1,6,95.3,8.09571645996,7,6,3,127.2,193.3,79.4,1,6,2,31.9,193.3,55.9
135,135,16,387.0,9,268.7,6,97.0,7.24310016498,7,6,3,128.5,175.4,83.1,1,6,2,26.3,175.4,67.0
136,136,16,394.0,8,252.1,7,117.2,7.84427604478,7,6,3,131.1,173.1,89.8,1,5,2,32.2,148.4,71.5
137,137,16,401.2,8,252.5,6,103.4,7.31796875278,7,6,3,131.3,181.2,88.7,1,5,2,27.9,157.6,67.0
138,138,16,385.1,7,219.3,7,119.3,7.57484598303,7,6,3,122.5,177.9,84.7,0,5,2,0,153.1,66.2
139,139,16,387.2,9,271.7,7,115.5,7.51434184299,7,6,3,125.3,182.9,79.0,1,6,2,28.9,182.9,59.9
140,140,15,362.9,7,214.0,6,101.7,7.17729223381,6,6,3,107.7,168.6,86.6,1,4,2,25.1,121.4,67.5
141,141,15,357.8,7,214.5,6,98.0,7.14651430186,6,6,3,114.5,168.0,75.3,1,4,2,31.9,122.7,59.9
142,142,15,359.9,5,171.7,6,97.6,8.45361010513,6,6,3,102.8,168.8,88.3,0,3,2,0,104.4,67.3
143,143,14,358.1,7,225.9,4,63.8,8.07924011768,5,6,3,88.0,175.2,94.9,0,5,2,0,152.9,73.0
144,144,14,351.2,8,250.6,4,57.6,8.50998121148,5,6,3,86.6,172.7,91.9,1,5,2,29.0,152.0,69.6
145,145,15,358.0,7,216.9,5,76.5,7.7534017112,6,6,3,109.2,161.1,87.7,1,4,2,29.0,119.1,68.8
146,146,15,369.3,6,195.6,4,62.7,7.4707238127,6,6,3,105.0,175.7,88.6,0,4,2,0,130.6,65.0
147,147,15,378.7,7,222.4,4,67.1,7.07024617339,6,6,3,110.7,179.0,89.0,0,5,2,0,155.2,67.2
148,148,15,361.2,7,209.4,5,85.1,6.18052240048,6,6,3,114.8,165.1,81.3,1,4,2,28.3,119.3,61.8
149,149,15,378.3,7,225.0,5,83.6,7.59654056604,6,6,3,114.3,174.4,89.6,1,4,2,25.5,129.1,70.4
150,150,15,389.0,7,228.4,4,64.4,7.542040901,6,6,3,114.2,180.8,94.0,1,4,2,25.9,131.8,70.7
151,151,15,390.1,9,278.3,4,64.4,7.22559603737,6,6,3,117.3,182.5,90.3,1,6,2,28.2,182.5,67.6
152,152,15,382.7,7,225.0,4,64.4,7.4354235797,6,6,3,114.8,176.1,91.8,1,4,2,25.5,131.9,67.6
153,153,16,400.6,7,226.0,5,80.7,7.75395597958,7,6,3,128.3,182.6,89.7,0,4,3,0,136.3,89.7
154,154,16,402.5,8,252.4,5,78.0,7.91546745303,7,6,3,125.6,186.7,90.2,0,5,3,0,162.2,90.2
155,155,16,402.6,9,280.8,5,76.5,8.01073238433,7,6,3,125.2,186.4,91.0,1,5,3,26.9,162.9,91.0
156,156,16,398.1,9,273.0,5,79.0,7.42744628613,7,6,3,129.9,176.2,92.0,1,5,3,26.6,154.4,92.0
157,157,15,375.2,6,193.7,4,65.4,7.07721360289,6,6,3,117.4,166.7,91.1,1,3,2,29.4,96.3,68.0
158,158,15,377.5,7,223.6,5,88.7,7.10177710825,6,6,3,117.5,169.7,90.3,1,4,2,26.7,128.3,68.6
159,159,15,378.4,7,225.5,6,107.8,7.44229867204,6,6,3,114.0,173.5,90.9,1,4,2,25.4,131.2,68.9
160,160,16,399.9,7,227.9,6,104.0,7.49439512792,7,6,3,136.6,172.0,91.3,1,4,2,28.0,130.4,69.5
161,161,17,421.3,7,228.8,5,78.8,7.93443722753,8,6,3,151.8,176.8,92.7,1,4,2,28.0,132.0,68.8
162,162,17,416.9,9,277.5,7,115.5,7.96731835467,8,6,3,145.3,178.8,92.8,1,5,3,25.8,158.9,92.8
163,163,17,414.2,7,226.5,6,95.7,7.96601697654,8,6,3,141.9,179.0,93.3,0,4,3,0,133.2,93.3
164,164,17,406.1,7,224.4,7,112.7,7.93881936696,8,6,3,147.0,167.4,91.7,1,4,2,27.1,127.8,69.5
165,165,17,412.2,7,219.0,7,121.9,6.9459626445,8,6,3,150.8,171.3,90.1,1,4,2,25.1,128.5,65.4
166,166,17,418.7,8,246.6,6,102.7,6.9812932815,8,6,3,149.5,177.4,91.8,1,5,2,25.1,154.0,67.5
167,167,17,410.6,7,217.7,7,124.8,6.7609279732,8,6,3,151.5,173.9,85.2,1,4,2,26.7,130.1,60.9
168,168,17,425.7,7,229.1,4,65.4,7.24612472494,8,6,3,160.4,173.7,91.6,1,4,2,33.8,126.9,68.4
169,169,17,426.9,8,252.0,5,87.2,6.97745318445,8,6,3,161.3,175.3,90.3,1,5,2,33.2,152.3,66.5
170,170,16,409.9,7,223.4,3,50.4,6.53311755596,7,6,3,145.0,177.0,87.9,1,4,2,30.7,128.6,64.1
171,171,16,402.4,7,216.6,3,51.9,6.13547064209,7,6,3,145.6,171.9,84.9,1,4,2,29.7,125.2,61.7
172,172,16,389.6,7,214.8,6,107.6,6.48855402485,7,6,3,134.8,162.3,92.5,1,4,2,27.2,118.3,69.3
173,173,16,395.1,7,221.8,7,126.3,6.98116215254,7,6,3,136.8,170.7,87.6,1,4,2,29.4,123.7,68.7
174,174,16,404.7,8,248.2,5,90.6,6.45099152586,7,6,3,142.6,169.1,93.0,1,4,3,31.0,124.2,93.0
175,175,16,368.6,6,172.0,6,105.4,5.38131024937,7,6,3,131.6,150.1,86.9,0,4,2,0,108.3,63.7
176,176,17,402.5,8,244.5,8,134.7,7.4196975521,8,6,3,141.7,173.6,87.2,1,5,2,26.8,150.3,67.4
177,177,16,376.0,6,187.5,8,142.8,6.92733715074,7,6,3,134.2,167.1,74.7,1,4,1,28.1,124.0,35.4
178,178,16,380.4,7,219.9,8,139.4,7.57553078448,7,6,3,129.9,169.0,81.5,1,4,2,27.8,128.5,63.6
179,179,16,391.5,7,226.6,8,144.1,7.90103105086,7,6,3,131.4,168.9,91.2,1,4,2,26.0,128.3,72.3
180,180,16,395.6,9,272.9,7,122.7,7.49315242961,7,6,3,135.3,167.5,92.8,1,6,2,29.9,167.5,75.5
181,181,16,405.8,7,232.7,6,104.6,8.03258986878,7,6,3,135.0,173.8,97.0,1,4,2,30.4,125.9,76.4
182,182,16,390.5,7,226.4,6,95.0,8.31588590189,7,6,3,123.5,167.9,99.1,1,4,2,28.5,121.7,76.2
183,183,16,385.4,7,214.5,6,100.5,6.92357085133,7,6,3,127.2,172.1,86.1,1,4,2,26.7,123.8,64.0
184,184,16,382.3,8,237.6,7,121.3,6.4865469756,7,6,3,129.5,172.8,80.0,1,5,2,25.9,149.4,62.3
185,185,16,381.9,7,209.0,7,123.4,6.49037428299,7,6,3,134.7,168.7,78.5,1,4,2,29.0,119.2,60.8
186,186,16,399.4,8,252.8,7,122.6,7.77962081338,7,6,3,134.9,183.0,81.5,1,5,2,30.0,159.0,63.8
187,187,16,387.8,8,246.3,7,120.4,7.69102290553,7,6,3,136.2,175.6,76.0,1,5,2,28.2,156.3,61.8
188,188,16,401.5,9,275.1,5,82.4,7.03671028725,7,6,3,143.3,176.4,81.8,1,6,2,31.1,176.4,67.6
189,189,16,384.5,9,258.1,4,64.2,6.09346302743,7,6,3,139.8,164.8,79.9,1,6,2,30.1,164.8,63.2
190,190,16,362.1,7,196.7,5,83.2,5.57993055512,7,6,3,138.5,156.6,67.0,1,5,1,29.5,137.2,30.0
191,191,16,378.7,6,187.6,6,99.5,7.03929151265,7,6,3,129.0,170.1,79.6,0,4,2,0,124.7,62.9
192,192,17,403.3,7,222.4,7,114.6,7.66685475046,8,6,3,146.0,179.2,78.1,1,4,2,26.8,134.5,61.1
193,193,17,405.3,7,219.6,6,94.8,7.76523171125,8,6,3,141.5,187.1,76.7,1,5,1,25.1,162.5,32.0
194,194,17,405.7,7,221.3,6,93.9,7.48305929888,8,6,3,140.0,178.1,87.6,0,5,2,0,155.8,65.5
195,195,17,391.3,7,212.3,8,133.8,7.03697691609,8,6,3,142.7,168.9,79.7,1,4,2,25.9,126.4,60.0
196,196,17,386.3,7,209.5,8,132.0,6.82729168593,8,6,3,143.9,175.5,66.9,1,5,1,29.8,152.3,27.4
197,197,17,388.8,7,211.3,7,111.0,7.00337103703,8,6,3,141.9,172.9,74.0,1,4,2,27.9,128.0,55.4
198,198,17,389.7,7,219.9,7,102.0,8.55376594049,8,6,3,130.4,169.2,90.1,1,4,2,28.4,123.4,68.1
199,199,17,380.0,7,215.1,8,121.3,7.94340273805,8,6,3,122.8,176.1,81.1,0,5,2,0,153.0,62.1
200,200,17,386.7,8,237.5,8,128.3,7.28123595682,8,6,3,136.8,174.0,75.9,1,5,2,27.6,153.1,56.8
201,201,17,386.0,6,181.5,7,110.2,6.85569750173,8,6,3,141.8,166.5,77.7,1,4,1,27.6,123.0,30.9
202,202,17,401.1,7,219.3,6,94.7,7.53669942583,8,6,3,145.5,173.4,82.2,1,4,2,28.3,127.9,63.1
203,203,17,392.3,6,184.7,6,95.9,6.78726099135,8,6,3,153.6,165.2,73.5,1,4,1,30.3,122.3,32.1
204,204,17,402.5,7,211.3,6,99.9,6.70666920048,8,6,3,152.9,169.4,80.2,1,5,1,29.2,149.0,33.1
205,205,17,402.7,8,233.4,6,101.7,6.40301514454,8,6,3,154.3,163.3,85.1,1,5,2,27.3,144.4,61.7
206,206,17,417.9,7,219.4,5,82.8,6.84965649632,8,6,3,155.8,174.4,87.7,1,4,2,29.2,126.3,63.9
207,207,17,421.3,7,225.7,6,102.5,7.26061595993,8,6,3,159.2,177.3,84.8,1,4,2,29.7,135.0,61.0
208,208,17,396.7,5,165.4,7,118.9,7.24939145519,8,6,3,150.5,169.4,76.8,0,4,1,0,129.4,36.0
209,209,17,418.3,8,250.3,6,101.8,7.71690276181,8,6,3,153.0,182.5,82.8,1,5,2,25.3,159.9,65.1
210,210,16,392.5,7,215.8,7,128.3,6.86505341081,7,6,3,140.6,173.6,78.3,1,4,2,25.6,129.6,60.6
211,211,16,382.5,6,194.1,6,99.1,7.70813152889,7,6,3,132.2,173.1,77.2,0,4,2,0,130.8,63.3
212,212,16,386.9,7,218.6,6,100.1,7.50486231275,7,6,3,135.0,171.1,80.8,0,5,2,0,154.7,63.9
213,213,16,387.9,7,220.3,5,79.4,7.68756300787,7,6,3,125.3,176.2,86.4,1,4,2,25.4,130.0,64.9
214,214,16,389.2,6,198.4,6,100.3,7.97157449943,7,6,3,123.7,176.2,89.3,0,4,2,0,131.1,67.3
215,215,16,385.7,6,199.8,5,75.3,8.34932881534,7,6,3,117.8,179.1,88.8,0,4,2,0,132.9,66.9
216,216,16,397.5,7,227.5,5,81.0,8.01972308333,7,6,3,130.7,182.8,84.0,0,5,2,0,161.6,65.9
217,217,16,399.7,7,227.2,5,83.1,7.85478357436,7,6,3,130.6,185.5,83.6,0,5,2,0,162.1,65.1
218,218,16,391.3,7,222.8,4,61.8,7.55353945732,7,6,3,132.2,173.3,85.8,1,4,2,28.1,130.2,64.5
219,219,16,388.3,8,241.8,6,101.8,7.00073508045,7,6,3,127.1,178.8,82.4,1,5,2,25.2,154.2,62.4
220,220,16,375.5,7,206.1,5,83.5,6.10046104815,7,6,3,129.8,167.1,78.6,1,4,2,26.2,121.7,58.2
221,221,16,379.4,6,185.7,6,102.1,6.55742581608,7,6,3,132.3,170.9,76.2,1,4,1,28.7,124.0,33.0
222,222,16,367.8,6,182.1,7,118.6,6.73516889172,7,6,3,131.2,167.7,68.9,1,4,1,27.6,120.7,33.8
223,223,16,369.4,6,179.9,6,100.5,6.58461590882,7,6,3,127.5,169.0,72.9,1,4,1,25.3,121.7,32.9
224,224,16,348.8,4,127.0,8,131.1,6.96381121705,7,6,3,124.2,149.5,75.1,0,3,1,0,95.0,32.0
225,225,16,366.8,5,158.6,7,121.1,6.74354011876,7,6,3,133.7,157.4,75.7,1,3,1,30.0,94.0,34.6
226,226,16,365.4,6,180.5,5,78.5,6.75848848979,7,6,3,129.5,153.0,82.9,1,3,2,28.7,87.3,64.5
227,227,16,372.0,8,239.4,5,70.0,7.65636989702,7,6,3,125.8,171.7,74.5,1,5,2,28.7,150.4,60.3
228,228,16,365.5,8,234.6,6,85.8,7.48714175548,7,6,3,121.4,173.4,70.7,1,5,2,28.7,149.4,56.5
229,229,17,385.1,7,211.1,7,106.1,7.41528132028,8,6,3,140.9,175.8,68.4,1,5,1,28.7,153.0,29.4
230,230,17,386.2,8,230.6,7,108.0,6.87188432074,8,6,3,139.6,173.4,73.2,0,6,2,0,173.4,57.2
231,231,17,394.2,8,241.3,7,107.8,7.4406722103,8,6,3,145.1,173.0,76.1,1,5,2,31.5,148.9,60.9
232,232,17,362.2,5,143.0,8,131.1,5.87754950939,8,6,3,135.8,158.0,68.4,0,4,1,0,114.7,28.3
233,233,17,364.8,5,151.2,10,165.1,6.6581771927,8,6,3,127.5,163.8,73.5,0,4,1,0,120.5,30.7
234,234,17,363.5,4,124.9,9,145.9,6.82836320927,8,6,3,134.6,160.6,68.3,0,3,1,0,99.3,25.6
235,235,17,357.0,5,147.2,10,167.5,6.32682779914,8,6,3,132.2,157.2,67.6,0,4,1,0,120.0,27.2
236,236,17,346.5,5,150.4,11,175.3,7.02711136369,8,6,3,124.6,158.4,63.5,0,4,1,0,123.9,26.5
237,237,17,347.9,5,145.8,11,178.8,6.60728207893,8,6,3,130.5,155.0,62.4,0,4,1,0,120.0,25.8
238,238,17,356.4,5,151.3,10,159.6,7.04245528708,8,6,3,134.0,160.6,61.8,0,4,1,0,124.3,27.0
239,239,17,362.0,5,152.6,10,163.9,6.90891367983,8,6,3,131.6,161.3,69.1,0,4,1,0,125.2,27.4
240,240,17,369.2,5,157.6,9,143.5,7.27540680084,8,6,3,133.5,166.9,68.8,0,4,1,0,128.1,29.5
241,241,16,370.0,7,216.4,8,130.6,7.64054971844,7,6,3,121.4,166.8,81.8,1,4,2,25.6,126.3,64.5
242,242,16,374.0,7,212.2,7,114.2,7.26585622392,7,6,3,121.4,165.9,86.7,0,5,2,0,142.8,69.4
243,243,16,364.7,7,210.0,7,107.4,7.3659096519,7,6,3,114.8,167.7,82.2,0,5,2,0,145.1,64.9
244,244,16,355.1,7,200.0,7,111.4,6.75282348355,7,6,3,119.6,161.4,74.1,1,5,1,25.5,141.3,33.2
245,245,16,379.0,6,199.1,7,114.3,8.44976331029,7,6,3,125.7,165.4,87.9,0,4,2,0,125.5,73.6
246,246,17,401.2,6,196.3,6,96.1,8.10671018355,8,6,3,146.2,158.0,97.0,1,3,2,25.5,95.5,75.3
247,247,17,396.1,5,164.3,7,118.8,7.33467790704,8,6,3,145.6,157.8,92.7,0,3,2,0,93.3,71.0
248,248,16,391.1,7,218.2,6,106.2,6.62077223593,7,6,3,136.8,172.5,81.8,1,4,2,27.7,127.2,63.3
249,249,16,385.8,7,220.6,6,99.7,7.509360825,7,6,3,133.9,180.4,71.5,1,5,1,31.9,157.5,31.2
250,250,15,380.9,7,227.5,6,107.6,7.44354626186,6,6,3,125.4,182.1,73.4,1,5,1,33.3,164.3,29.9
251,251,15,369.3,7,219.2,6,105.1,7.06411454364,6,6,3,118.8,179.6,70.9,1,5,1,27.9,160.3,31.0
252,252,17,408.7,7,227.0,7,117.9,7.61109870711,8,6,3,155.6,184.1,69.0,1,5,1,32.6,162.8,31.6
253,253,17,414.3,8,259.6,8,133.3,8.22418420771,8,6,3,153.5,182.0,78.8,1,5,2,33.0,164.1,62.5
254,254,17,423.0,8,254.1,6,105.5,7.24717490596,8,6,3,162.3,181.5,79.2,1,5,2,32.9,160.0,61.2
255,255,17,419.4,7,226.8,6,104.6,7.09522416012,8,6,3,157.7,175.6,86.1,1,4,2,31.7,132.4,62.7
256,256,17,402.9,7,218.6,6,97.2,7.23705741307,8,6,3,147.6,170.4,84.9,1,4,2,29.1,128.0,61.5
257,257,17,387.9,7,212.4,8,130.9,7.06711002586,8,6,3,147.9,166.3,73.7,1,4,2,34.5,121.7,56.2
258,258,17,397.9,7,212.5,7,118.5,6.87354262628,8,6,3,155.2,160.1,82.6,1,4,2,36.7,115.9,59.9
259,259,17,384.3,6,180.2,8,138.1,6.28445210303,8,6,3,154.1,150.5,79.7,1,3,2,34.4,84.5,61.3
260,260,17,377.4,6,173.3,8,138.0,5.79525668111,8,6,3,154.4,147.1,75.9,1,3,2,34.8,81.0,57.5
261,261,17,394.0,8,239.0,9,155.0,7.05368072461,8,6,3,151.5,163.0,79.5,1,5,2,34.7,143.2,61.1
262,262,17,400.7,9,274.1,7,106.5,8.15143888417,8,6,3,143.8,178.9,78.0,1,6,2,32.1,178.9,63.1
263,263,17,401.1,8,244.3,6,94.1,7.65869363764,8,6,3,148.0,171.6,81.5,1,5,2,32.8,150.6,60.9
264,264,17,399.7,5,170.6,7,117.4,7.65791113432,8,6,3,155.7,156.4,87.6,1,2,2,34.9,69.7,66.0
265,265,17,397.6,5,162.5,7,122.4,6.89418979585,8,6,3,158.4,156.9,82.3,1,2,2,32.4,70.3,59.8
266,266,17,389.3,5,162.9,8,138.7,7.13888996974,8,6,3,159.4,148.0,81.9,1,2,2,31.5,71.0,60.4
267,267,17,396.7,5,169.4,6,102.5,7.47344809781,8,6,3,158.1,152.4,86.2,1,2,2,33.0,70.9,65.5
268,268,17,401.6,6,193.8,6,100.2,7.40173369993,8,6,3,153.3,162.8,85.5,1,3,2,32.6,97.8,63.4
269,269,17,383.8,5,161.5,7,115.4,7.18431707017,8,6,3,150.0,152.9,80.9,1,2,2,29.5,72.1,59.9
270,270,17,384.8,6,185.9,9,152.2,7.2435265217,8,6,3,151.8,156.0,77.0,1,3,2,30.3,98.1,57.5
271,271,17,385.6,5,160.0,8,137.6,7.01250983013,8,6,3,152.1,155.1,78.4,1,2,2,29.7,72.0,58.3
272,272,17,385.8,6,184.0,8,134.9,7.07049066439,8,6,3,155.2,155.6,75.0,1,3,2,28.9,98.7,56.4
273,273,17,372.3,5,151.6,9,157.2,6.38171215271,8,6,3,148.2,149.9,74.2,1,2,2,26.9,69.1,55.6
274,274,17,386.9,6,187.0,7,113.3,7.35366055305,8,6,3,153.9,160.0,73.0,1,3,2,32.0,97.0,58.0
275,275,17,379.8,6,175.5,9,157.2,6.2516056761,8,6,3,147.6,157.6,74.6,1,3,2,29.3,93.8,52.4
276,276,17,388.1,6,182.9,7,115.4,6.6661237524,8,6,3,145.3,164.5,78.3,1,3,2,29.9,95.9,57.1
277,277,17,404.2,8,239.1,8,142.4,6.72992657944,8,6,3,151.2,169.0,84.0,1,5,2,26.6,151.2,61.3
278,278,17,401.0,7,207.5,7,123.8,6.08151732228,8,6,3,155.2,165.5,80.3,1,5,1,31.4,141.6,34.5
279,279,17,405.0,8,242.5,8,137.6,6.85424406953,8,6,3,149.7,175.9,79.4,1,5,2,30.2,151.0,61.3
280,280,17,409.9,8,244.9,7,121.1,6.95079872685,8,6,3,153.0,175.5,81.4,1,5,2,30.3,152.7,61.9
281,281,17,389.1,6,184.0,7,118.7,6.84222938385,8,6,3,143.6,162.5,83.0,0,4,2,0,121.7,62.3
282,282,17,390.9,6,190.1,8,137.8,7.26339027144,8,6,3,141.6,159.6,89.7,0,4,2,0,120.8,69.3
283,283,17,389.8,8,240.6,8,128.8,7.61509723394,8,6,3,140.4,164.2,85.2,1,5,2,28.7,147.1,64.8
284,284,17,391.7,6,194.3,9,149.3,7.90648933025,8,6,3,143.1,165.0,83.6,1,3,2,28.7,99.8,65.8
285,285,17,408.3,8,258.5,8,128.9,8.49538369455,8,6,3,147.5,175.3,85.5,1,5,2,30.7,160.0,67.8
286,286,17,400.6,7,225.4,8,130.4,8.2404445554,8,6,3,141.5,172.1,87.0,1,4,2,27.9,129.7,67.8
287,287,17,405.6,7,227.9,7,114.3,8.35022895072,8,6,3,138.4,176.6,90.6,0,5,2,0,158.7,69.2
288,288,17,381.0,6,188.1,9,145.2,8.30736738932,8,6,3,128.8,161.8,90.4,0,4,2,0,122.3,65.8
289,289,16,381.7,7,228.6,7,111.3,8.84051044906,8,5,3,137.2,154.5,90.0,1,4,2,25.9,132.8,69.9
290,290,7,225.2,7,225.2,0,0,3.37575388406,0,5,2,0,157.4,67.8,0,5,2,0,157.4,67.8
291,291,9,262.9,7,221.5,1,18.2,5.97441303486,1,5,3,18.2,152.5,92.2,0,5,2,0,152.5,69.0
292,292,9,264.7,8,246.5,1,18.2,5.90009416121,1,5,3,18.2,152.1,94.4,0,5,3,0,152.1,94.4
293,293,8,241.7,7,217.1,0,0,4.48694534973,0,5,3,0,146.3,95.4,0,4,3,0,121.7,95.4
294,294,9,255.3,6,186.6,0,0,4.77126817523,1,5,3,27.9,150.5,76.9,1,4,1,27.9,127.8,30.9
295,295,8,246.1,7,224.7,0,0,5.00854626756,1,5,2,21.4,160.8,63.9,0,5,2,0,160.8,63.9
296,296,8,252.2,7,229.8,0,0,4.70007598723,0,5,3,0,162.3,89.9,0,5,2,0,162.3,67.5
297,297,7,231.0,7,231.0,0,0,2.45899708553,0,5,2,0,165.1,65.9,0,5,2,0,165.1,65.9
298,298,8,245.4,7,227.2,1,18.2,5.80116983276,1,5,2,18.2,163.4,63.8,0,5,2,0,163.4,63.8
299,299,8,242.7,7,224.5,1,18.2,6.03346323196,1,5,2,18.2,160.4,64.1,0,5,2,0,160.4,64.1
300,300,8,241.4,7,223.2,1,18.2,5.82942045637,1,5,2,18.2,159.7,63.5,0,5,2,0,159.7,63.5
301,301,8,246.1,7,227.9,1,18.2,5.81646370229,1,5,2,18.2,162.0,65.9,0,5,2,0,162.0,65.9
302,302,8,234.8,6,192.3,1,18.2,6.58287822417,1,5,2,18.2,153.9,62.7,0,4,2,0,129.6,62.7
303,303,10,292.9,8,250.1,1,18.2,6.43695062381,2,5,3,43.9,157.8,91.2,1,4,3,25.7,133.2,91.2
304,304,7,225.4,7,225.4,0,0,5.24467984406,0,5,2,0,161.2,64.2,0,5,2,0,161.2,64.2
305,305,9,258.0,6,197.9,1,18.2,7.08872343938,2,5,2,38.3,155.2,64.5,0,4,2,0,133.4,64.5
306,306,7,217.2,5,170.4,0,0,5.84343343298,0,5,2,0,155.1,62.1,0,4,1,0,133.2,37.2
307,307,8,227.3,5,165.8,2,37.5,7.29940066033,1,5,2,18.9,148.0,60.4,0,4,1,0,129.4,36.4
308,308,9,246.9,6,191.8,3,55.1,7.4684335707,2,5,2,37.3,147.3,62.3,0,4,2,0,129.5,62.3
309,309,10,283.8,7,230.9,3,52.9,8.1915674799,3,5,2,52.9,160.4,70.5,0,5,2,0,160.4,70.5
310,310,11,302.5,7,222.8,2,36.5,7.73330459765,3,5,3,63.4,155.6,83.5,1,5,1,26.9,155.6,40.3
311,311,10,291.5,6,203.5,0,0,7.58408421191,3,4,3,64.8,133.3,93.4,0,4,2,0,133.3,70.2
312,312,9,274.8,8,250.6,0,0,4.70451910401,1,5,3,29.7,158.2,86.9,1,5,2,29.7,158.2,62.7
313,313,7,212.4,6,191.1,0,0,5.25511089095,0,5,2,0,155.5,56.9,0,4,2,0,134.2,56.9
314,314,9,271.7,7,222.4,0,0,5.39940840381,1,5,3,25.2,162.2,84.3,1,5,1,25.2,162.2,35.0
315,315,7,227.2,7,227.2,0,0,5.46408185116,0,5,2,0,163.7,63.5,0,5,2,0,163.7,63.5
316,316,7,223.1,6,201.1,0,0,6.08268424456,1,4,2,22.0,141.9,59.2,0,4,2,0,141.9,59.2
317,317,8,253.2,8,253.2,0,0,5.45239134954,1,5,2,26.3,166.3,60.6,1,5,2,26.3,166.3,60.6
318,318,9,263.9,6,200.0,1,16.9,7.13315809754,2,5,2,39.1,166.2,58.6,0,5,1,0,166.2,33.8
319,319,10,282.5,7,226.6,2,32.0,8.056088105,3,5,2,55.9,166.8,59.8,0,5,2,0,166.8,59.8
320,320,11,296.4,7,226.0,3,47.3,8.54919453941,3,5,3,54.9,167.0,74.5,0,5,2,0,167.0,59.0
321,321,12,302.4,6,198.6,4,60.3,9.02592226464,4,5,3,65.6,164.3,72.5,0,5,1,0,164.3,34.3
322,322,13,313.0,6,199.5,7,113.5,9.19113285058,5,5,3,77.5,164.0,71.5,0,5,1,0,164.0,35.5
323,323,13,313.9,6,199.5,7,114.4,9.18373701937,5,5,3,77.2,163.7,73.0,0,5,1,0,163.7,35.8
324,324,13,321.4,6,202.5,5,76.8,9.25600290318,5,5,3,76.8,166.6,78.0,0,5,1,0,166.6,35.9
325,325,13,328.3,7,228.2,4,59.4,9.22086541353,5,5,3,84.4,166.4,77.5,1,5,1,25.0,166.4,36.8
326,326,13,326.5,7,229.4,5,75.4,9.60371856399,5,5,3,83.5,166.4,76.6,1,5,1,25.2,166.4,37.8
327,327,14,342.5,6,201.9,4,56.2,9.2220978043,6,5,3,102.9,164.0,75.6,0,5,1,0,164.0,37.9
328,328,14,336.1,6,200.8,7,113.8,9.33772038444,6,5,3,98.6,162.0,75.5,0,5,1,0,162.0,38.8
329,329,15,357.9,6,199.0,6,90.3,8.92778968006,6,6,3,94.0,185.2,78.7,0,5,1,0,161.2,37.8
330,330,15,359.9,7,226.1,6,89.4,9.06622197789,6,6,3,94.0,183.8,82.1,0,5,2,0,161.3,64.8
331,331,15,366.1,7,228.4,6,92.5,9.0584977205,6,6,3,95.4,186.2,84.5,0,5,2,0,163.1,65.3
332,332,16,374.4,6,201.2,8,129.8,8.88324265119,7,6,3,113.0,185.5,75.9,0,5,1,0,164.0,37.2
333,333,16,385.1,7,232.5,7,110.3,9.3146994047,7,6,3,119.0,190.7,75.4,1,5,1,26.2,169.2,37.1
334,334,16,382.6,7,234.0,8,126.1,9.52833493674,7,6,3,119.3,189.4,73.9,1,5,1,26.0,170.6,37.4
335,335,16,373.2,6,201.1,8,127.9,8.98899326955,7,6,3,114.0,187.8,71.4,0,5,1,0,165.0,36.1
336,336,16,372.3,6,198.1,6,89.2,8.55661293971,7,6,3,117.1,183.9,71.3,0,5,1,0,164.8,33.3
337,337,16,379.4,7,227.1,6,89.1,8.85880917505,7,6,3,119.0,187.0,73.4,1,5,1,25.0,167.9,34.2
338,338,16,376.9,6,200.7,7,107.3,8.80234580477,7,6,3,118.5,186.5,71.9,0,5,1,0,167.4,33.3
339,339,16,374.9,6,200.9,6,86.1,8.85390450592,7,6,3,119.4,185.2,70.3,0,5,1,0,167.9,33.0
340,340,16,373.7,7,220.5,5,68.2,8.3542379465,7,6,3,120.3,184.8,68.6,1,5,1,25.1,164.4,31.0
341,341,16,369.2,6,193.4,8,126.9,8.2170959996,7,6,3,114.8,182.1,72.3,0,5,1,0,162.3,31.1
342,342,16,372.0,7,219.7,7,108.0,8.15401741475,7,6,3,115.8,180.5,75.7,0,5,2,0,160.7,59.0
343,343,16,377.2,8,251.2,8,126.0,8.68327895057,7,6,3,116.7,185.2,75.3,1,5,2,25.4,167.0,58.8
344,344,16,375.4,8,251.7,8,123.7,9.01294439496,7,6,3,116.5,184.5,74.4,1,5,2,26.2,167.6,57.9
345,345,16,371.6,6,202.9,7,101.5,9.22203882013,7,6,3,111.9,183.7,76.0,0,5,1,0,166.7,36.2
346,346,16,370.5,7,224.2,8,123.6,8.78991609744,7,6,3,112.6,180.4,77.5,0,5,2,0,163.2,61.0
347,347,16,381.7,7,225.0,7,111.9,8.71420057531,7,6,3,120.5,188.2,73.0,1,5,1,26.5,168.5,30.0
348,348,15,376.4,8,254.0,6,100.0,8.27116045293,6,6,3,106.8,186.9,82.7,1,5,2,26.5,167.2,60.3
349,349,15,370.0,8,253.4,7,116.6,8.26893210126,6,6,3,107.8,183.2,79.0,1,5,2,27.5,165.9,60.0
350,350,15,369.5,8,253.0,7,116.5,8.37271646196,6,6,3,107.9,184.1,77.5,1,5,2,28.6,164.8,59.6
351,351,15,366.1,8,250.2,7,115.9,8.46450291061,6,6,3,106.9,183.7,75.5,1,5,2,28.2,164.4,57.6
352,352,15,334.6,6,171.9,6,94.1,6.44653469112,6,6,3,100.6,160.9,73.1,0,4,2,0,116.7,55.2
353,353,16,320.2,3,91.0,10,163.5,6.00631612,7,6,3,115.9,138.4,65.9,0,2,1,0,62.1,28.9
354,354,16,324.9,3,95.0,9,138.4,6.78984229076,7,6,3,112.1,142.9,69.9,0,2,1,0,63.6,31.4
355,355,16,319.6,3,94.0,9,138.9,6.54354643905,7,5,4,108.9,109.8,100.9,0,1,2,0,30.6,63.4
360,360,1,16.6,0,0,1,16.6,,0,1,0,0,16.6,0,0,0,0,0,0,0
361,361,1,15.4,0,0,1,15.4,,0,1,0,0,15.4,0,0,0,0,0,0,0
362,362,2,38.5,0,0,1,15.1,5.86898628385,1,1,0,23.4,15.1,0,0,0,0,0,0,0
363,363,3,55.9,0,0,2,31.9,4.66940395911,1,2,0,24.0,31.9,0,0,0,0,0,0,0
364,364,3,54.2,0,0,2,31.6,3.98789836046,1,2,0,22.6,31.6,0,0,0,0,0,0,0
365,365,3,52.0,0,0,2,31.0,3.2316146635,1,2,0,21.0,31.0,0,0,0,0,0,0,0
366,366,3,50.3,0,0,3,50.3,2.75922694488,1,2,0,19.9,30.4,0,0,0,0,0,0,0
367,367,3,50.9,0,0,2,29.9,3.52183664206,1,2,0,21.0,29.9,0,0,0,0,0,0,0
368,368,3,47.0,0,0,3,47.0,1.55349069303,1,2,0,17.4,29.6,0,0,0,0,0,0,0
369,369,4,64.3,0,0,4,64.3,1.86793111936,1,3,0,18.7,45.6,0,0,0,0,0,0,0
370,370,4,70.8,0,0,3,49.4,2.9234682599,1,3,0,21.4,49.4,0,0,0,0,0,0,0
371,371,4,76.5,0,0,2,31.3,4.16042866381,1,3,0,23.3,53.2,0,0,0,0,0,0,0
372,372,4,84.0,0,0,2,36.2,3.4127212993,1,3,0,23.8,60.2,0,0,0,0,0,0,0
373,373,5,95.3,0,0,3,48.2,4.52028760147,1,3,1,23.2,59.1,13.0,0,0,0,0,0,0
374,374,5,90.1,0,0,3,48.6,3.03265560194,1,3,1,20.8,55.9,13.4,0,0,0,0,0,0
375,375,5,94.7,0,0,3,47.5,4.58508451394,1,3,1,23.3,58.2,13.2,0,0,0,0,0,0
376,376,5,93.6,0,0,3,47.7,4.2528813762,1,3,1,21.9,58.3,13.4,0,0,0,0,0,0
377,377,6,104.9,0,0,4,59.3,4.27008977267,2,3,1,37.1,53.9,13.9,0,0,0,0,0,0
378,378,6,108.3,0,0,4,62.1,4.35924305356,2,3,1,38.1,56.2,14.0,0,0,0,0,0,0
379,379,6,112.1,0,0,4,66.2,3.69941436807,2,3,1,37.1,57.0,18.0,0,0,0,0,0,0
380,380,6,114.1,0,0,4,67.1,3.92551482823,2,3,1,37.5,57.7,18.9,0,0,0,0,0,0
381,381,7,129.6,0,0,5,84.4,3.25444750633,2,4,1,35.6,75.3,18.7,0,0,0,0,0,0
382,382,7,134.4,0,0,4,67.3,3.28988348325,2,4,1,38.8,75.5,20.1,0,0,0,0,0,0
383,383,7,128.6,0,0,4,61.8,3.87027746021,2,4,1,38.9,69.6,20.1,0,0,0,0,0,0
384,384,7,130.5,0,0,5,83.6,3.770878387,2,4,1,39.0,71.6,19.9,0,0,0,0,0,0
