,e_id,num_sat,sum_snr,num_sat_25,sum_snr_25,num_sat_u20,sum_sat_u20,snr_std,elev_0_30,elev_30_60,elev_60_90,sum_elev_0_30,sum_elev_30_60,sum_elev_60_90,elev_0_30_25,elev_30_60_25,elev_60_90_25,sum_elev_0_30_25,sum_elev_30_60_25,sum_elev_60_90_25
1,1,17,448.6,11,332.1,4,70.6,6.37032989265,7,7,3,144.6,210.8,93.2,2,6,3,50.7,188.2,93.2
2,2,16,440.3,11,343.8,3,51.6,6.80609714398,6,7,3,135.1,212.7,92.5,2,6,3,52.6,198.7,92.5
3,3,15,401.9,9,267.1,0,0,5.05307073071,5,7,3,119.1,202.6,80.2,1,5,3,29.3,157.6,80.2
4,4,17,446.5,11,329.0,4,71.1,5.791798207,7,7,3,148.9,206.4,91.2,2,6,3,53.3,184.5,91.2
5,5,17,447.4,11,321.5,2,35.3,4.7020255335,7,7,3,159.8,206.0,81.6,2,6,3,56.3,183.6,81.6
6,6,17,442.7,11,324.4,2,33.0,5.47917179229,7,7,3,152.0,209.6,81.1,2,7,2,54.9,209.6,59.9
7,7,17,445.0,10,299.8,2,32.9,5.43421215676,7,7,3,152.5,208.1,84.4,1,6,3,28.8,186.6,84.4
8,8,17,447.2,11,328.0,3,52.4,5.61843734817,7,7,3,152.0,203.4,91.8,2,6,3,54.3,181.9,91.8
9,9,17,409.4,7,211.1,6,106.2,5.89504403017,7,7,3,139.0,193.8,76.6,0,5,2,0,153.9,57.2
10,10,17,442.4,9,279.7,4,71.9,6.2116351925,7,7,3,150.1,210.1,82.2,1,6,2,32.5,188.7,58.5
11,11,17,438.8,9,277.5,3,49.4,6.05329273546,7,7,3,144.5,211.5,82.8,1,6,2,30.7,187.0,59.8
12,12,18,457.3,10,301.5,5,87.5,6.0848386534,8,7,3,159.2,206.2,91.9,1,6,3,27.8,181.8,91.9
13,13,18,470.7,12,356.4,4,68.1,5.89887825827,8,7,3,169.5,207.9,93.3,2,7,3,55.2,207.9,93.3
14,14,18,446.0,9,260.1,4,70.5,5.03441749134,8,7,3,172.1,184.8,89.1,1,5,3,26.5,144.5,89.1
15,15,18,463.4,10,301.7,4,72.9,5.95969030208,8,7,3,171.8,197.3,94.3,3,5,2,78.8,152.5,70.4
16,16,18,454.0,8,249.1,4,70.9,6.22561648783,8,7,3,165.2,197.9,90.9,1,5,2,25.4,154.5,69.2
17,17,18,463.0,11,324.5,3,50.5,5.8742264127,8,7,3,163.9,205.3,93.8,1,7,3,25.4,205.3,93.8
18,18,18,460.7,11,328.6,5,85.4,6.28831523516,8,7,3,162.7,206.4,91.6,2,6,3,52.9,184.1,91.6
19,19,18,449.0,10,294.3,5,85.4,6.14283152015,8,7,3,160.3,199.5,89.2,1,6,3,25.6,179.5,89.2
20,20,17,429.9,8,241.3,4,72.1,5.6579460002,7,7,3,144.5,198.5,86.9,0,5,3,0,154.4,86.9
21,21,17,447.2,10,305.5,4,71.5,6.04333006175,7,7,3,142.9,207.3,97.0,1,6,3,26.1,182.4,97.0
22,22,17,446.2,12,353.5,4,70.9,5.87719295743,7,7,3,147.0,205.9,93.3,2,7,3,54.3,205.9,93.3
23,23,17,442.1,11,322.7,3,50.7,5.6980775912,7,7,3,153.6,198.7,89.8,3,6,2,81.1,175.9,65.7
24,24,17,445.6,11,325.5,3,51.3,5.78163929532,7,7,3,155.8,200.9,88.9,3,6,2,80.4,181.1,64.0
25,25,16,421.1,9,278.3,2,35.6,5.79807079984,6,7,3,137.1,197.2,86.8,2,5,2,57.7,156.4,64.2
26,26,17,416.8,9,260.5,4,65.7,5.64781321554,7,7,3,144.2,189.0,83.6,1,5,3,32.4,144.5,83.6
27,27,18,428.8,8,237.8,7,119.9,6.1983447084,8,7,3,169.7,178.5,80.6,2,4,2,60.6,120.9,56.3
28,28,18,430.4,8,237.9,7,123.4,6.02405851945,8,7,3,167.4,183.4,79.6,2,4,2,59.8,122.5,55.6
29,29,18,438.3,9,265.5,5,82.6,6.14369595602,8,7,3,169.8,187.1,81.4,2,4,3,61.2,122.9,81.4
30,30,18,438.3,9,265.9,5,83.9,6.10826344823,8,7,3,170.4,186.5,81.4,2,4,3,61.4,123.1,81.4
31,31,18,435.4,9,263.5,5,85.5,5.72475418315,8,7,3,164.8,183.6,87.0,2,4,3,57.3,119.2,87.0
32,32,18,453.3,10,295.7,4,68.3,5.73074782103,8,7,3,164.7,197.1,91.5,1,6,3,27.6,176.6,91.5
33,33,18,458.0,12,346.3,3,48.0,5.74745183663,8,7,3,171.1,200.1,86.8,3,6,3,81.9,177.6,86.8
34,34,18,466.5,11,330.7,3,49.4,6.12221124989,8,7,3,174.0,200.7,91.8,2,6,3,60.9,178.0,91.8
35,35,18,445.7,10,285.2,4,64.9,5.59707264757,8,7,3,176.4,189.5,79.8,4,5,1,107.7,147.3,30.2
36,36,18,455.8,9,270.2,3,45.3,5.90468961734,8,7,3,165.1,202.2,88.5,1,6,2,25.3,180.1,64.8
37,37,17,437.4,11,329.3,4,62.6,6.90468724001,7,7,3,136.5,213.2,87.7,2,7,2,51.4,213.2,64.7
38,38,17,407.8,8,236.7,6,104.4,6.37258604816,7,7,3,129.3,191.1,87.4,0,5,3,0,149.3,87.4
39,39,18,434.6,9,255.4,4,70.3,4.84370084837,8,7,3,163.7,192.2,78.7,1,6,2,29.7,170.7,55.0
40,40,18,450.9,9,266.0,5,90.2,5.5986605541,8,7,3,163.8,197.4,89.7,1,5,3,28.5,147.8,89.7
41,41,18,430.5,6,174.6,4,74.6,4.49852917139,8,7,3,172.8,176.3,81.4,1,3,2,25.9,91.6,57.1
42,42,18,424.7,8,226.6,5,84.5,5.2953333753,8,7,3,152.2,191.6,80.9,1,5,2,25.1,143.9,57.6
43,43,18,442.2,9,271.4,7,124.1,6.51216057036,8,7,3,155.5,199.8,86.9,1,6,2,28.1,180.2,63.1
44,44,18,436.6,10,290.5,7,124.2,6.10797186155,8,7,3,154.1,193.9,88.6,1,6,3,29.9,172.0,88.6
45,45,18,412.1,6,170.6,5,82.1,5.17055830666,8,7,3,152.3,184.1,75.7,1,3,2,25.3,91.4,53.9
46,46,18,437.3,8,233.5,5,89.1,5.67154634192,8,7,3,161.3,203.3,72.7,1,5,2,27.8,154.5,51.2
47,47,18,464.1,12,348.3,4,70.5,5.69729037763,8,7,3,172.4,201.2,90.5,3,6,3,79.9,177.9,90.5
48,48,18,459.0,9,276.0,3,52.5,5.9456360665,8,7,3,178.0,194.8,86.2,2,5,2,58.7,152.1,65.2
49,49,18,440.8,9,257.5,3,53.6,4.87344411236,8,7,3,179.4,193.7,67.7,3,5,1,82.0,147.9,27.6
50,50,18,456.2,11,310.4,2,34.0,4.44194210602,8,7,3,180.4,199.7,76.1,3,7,1,83.2,199.7,27.5
51,51,18,436.2,9,249.9,3,52.4,4.56894890731,8,7,3,176.2,176.7,83.3,2,4,3,59.0,107.6,83.3
52,52,18,440.0,8,231.4,4,71.5,5.0940821747,8,7,3,175.1,179.3,85.6,3,3,2,82.3,88.3,60.8
53,53,18,438.7,9,262.1,4,68.7,5.7080753484,8,7,3,163.0,183.8,91.9,2,4,3,51.5,118.7,91.9
54,54,18,451.2,11,317.8,4,68.4,5.73605726446,8,7,3,170.6,188.4,92.2,3,5,3,76.1,149.5,92.2
55,55,18,465.8,10,298.1,3,52.3,5.46276761956,8,7,3,176.6,194.3,94.9,3,4,3,78.4,124.8,94.9
56,56,18,457.6,10,294.0,2,30.9,5.64160548233,8,7,3,167.8,193.8,96.0,2,5,3,51.7,146.3,96.0
57,57,18,432.0,10,281.3,4,64.7,5.42879035383,8,7,3,167.2,180.2,84.6,3,5,2,82.1,138.5,60.7
58,58,18,436.1,8,235.9,3,43.7,5.75998422747,8,7,3,163.1,193.2,79.8,1,5,2,32.0,147.4,56.5
59,59,19,469.2,8,241.5,3,46.3,5.80033271883,9,7,3,198.7,190.8,79.7,2,4,2,62.3,123.1,56.1
60,60,19,474.3,10,288.9,4,71.6,5.01610855437,9,7,3,207.1,185.0,82.2,2,6,2,62.6,167.8,58.5
61,61,19,488.0,9,277.1,3,54.4,5.49183870827,9,7,3,201.7,199.5,86.8,1,5,3,33.7,156.6,86.8
62,62,19,452.8,8,238.3,7,124.1,5.87499906682,9,7,3,183.1,189.3,80.4,1,5,2,27.9,148.2,62.2
63,63,19,460.2,10,273.1,4,72.5,4.14924075349,9,7,3,195.1,183.9,81.2,1,6,3,26.6,165.3,81.2
64,64,19,443.9,7,195.1,4,64.1,4.76307679812,9,7,3,191.0,174.9,78.0,2,3,2,54.9,85.1,55.1
65,65,19,461.3,7,206.8,3,53.9,4.95463631891,9,7,3,192.3,185.1,83.9,1,4,2,28.3,117.5,61.0
66,66,19,451.7,8,228.8,3,52.5,5.17503001658,9,7,3,182.4,184.5,84.8,1,5,2,25.3,143.6,59.9
67,67,18,433.1,8,227.5,4,70.1,4.98918110561,8,7,3,156.6,191.1,85.4,0,5,3,0,142.1,85.4
68,68,18,446.6,8,238.2,3,52.2,5.32716555125,8,7,3,168.3,180.4,97.9,1,4,3,26.2,114.1,97.9
69,69,18,462.6,10,297.8,4,70.6,5.6962319847,8,7,3,176.6,185.9,100.1,2,5,3,54.0,143.7,100.1
70,70,18,444.1,10,289.1,5,89.4,5.53478896516,8,7,3,178.2,173.7,92.2,3,4,3,80.8,116.1,92.2
71,71,18,439.6,9,260.0,5,89.2,5.36750084858,8,7,3,177.2,171.2,91.2,2,4,3,54.7,114.1,91.2
72,72,18,433.9,7,210.0,6,105.5,5.67476065546,8,7,3,174.2,164.5,95.2,1,3,3,29.3,85.5,95.2
73,73,18,445.1,10,292.2,4,62.4,6.25232244432,8,7,3,170.2,178.7,96.2,3,4,3,82.0,114.0,96.2
74,74,18,429.5,9,256.3,4,63.0,5.68528946843,8,7,3,154.7,191.2,83.6,1,5,3,26.3,146.4,83.6
75,75,19,473.9,9,272.3,4,61.7,6.26341367604,9,7,3,182.3,197.6,94.0,1,5,3,27.0,151.3,94.0
76,76,19,444.9,7,213.8,6,99.3,6.57396068321,9,7,3,180.3,165.7,98.9,1,3,3,29.9,85.0,98.9
77,77,19,474.1,10,299.3,5,83.6,6.42325362527,9,7,3,199.5,184.3,90.3,3,5,2,88.7,142.3,68.3
78,78,19,452.3,8,233.7,5,84.5,5.95487416456,9,7,3,196.1,164.4,91.8,2,3,3,61.5,80.4,91.8
79,79,19,437.9,7,200.9,7,123.0,5.64046574328,9,7,3,195.8,150.9,91.2,3,1,3,84.2,25.5,91.2
80,80,19,438.3,9,252.4,7,119.6,5.9408241695,9,7,3,194.1,154.0,90.2,3,3,3,85.8,76.4,90.2
81,81,19,469.6,10,287.8,3,45.8,5.49173754713,9,7,3,203.9,180.4,85.3,3,5,2,90.6,136.2,61.0
82,82,19,449.9,9,256.0,6,101.7,5.60412337751,9,7,3,176.4,189.4,84.1,1,6,2,26.8,169.4,59.8
83,83,19,445.7,11,306.8,7,117.0,5.70353845233,9,7,3,169.6,194.2,81.9,2,7,2,52.6,194.2,60.0
84,84,19,424.6,6,170.5,6,98.7,5.22285239448,9,7,3,164.7,172.0,87.9,0,3,3,0,82.6,87.9
85,85,19,414.7,6,164.3,9,159.2,4.76350035924,9,7,3,164.0,165.6,85.1,0,3,3,0,79.2,85.1
86,86,19,406.6,3,87.3,9,159.5,4.50135781984,9,7,3,167.4,160.1,79.1,0,1,2,0,29.3,58.0
87,87,19,401.7,3,88.0,8,133.3,4.94989514922,9,7,3,166.6,160.0,75.1,0,1,2,0,30.0,58.0
88,88,19,427.1,5,141.1,5,78.3,5.05069620585,9,7,3,168.5,172.6,86.0,0,2,3,0,55.1,86.0
89,89,19,458.9,11,313.0,6,98.6,5.94291066183,9,7,3,181.2,187.7,90.0,3,5,3,82.6,140.4,90.0
90,90,19,446.8,10,289.4,7,113.5,6.51359801218,9,7,3,178.6,181.3,86.9,3,5,2,80.6,145.5,63.3
91,91,19,449.9,10,288.4,6,97.2,6.23953158386,9,7,3,175.1,179.7,95.1,2,5,3,53.6,139.7,95.1
92,92,19,453.2,8,241.7,5,75.3,6.68708277378,9,7,3,173.4,182.9,96.9,1,4,3,31.3,113.5,96.9
93,93,19,460.2,9,269.6,4,57.7,6.82850064455,9,7,3,181.5,178.0,100.7,3,3,3,81.2,87.7,100.7
94,94,18,488.2,13,392.3,3,47.7,6.28560966724,8,7,3,185.9,200.6,101.7,4,6,3,113.4,177.2,101.7
95,95,18,467.8,11,329.2,3,45.2,6.3703254039,8,7,3,177.4,189.4,101.0,4,4,3,109.1,119.1,101.0
96,96,18,474.6,13,383.2,3,45.2,6.2859320054,8,7,3,178.8,194.3,101.5,4,6,3,110.7,171.0,101.5
97,97,18,477.5,14,409.1,3,45.1,6.20860935036,8,7,3,178.2,198.2,101.1,4,7,3,109.8,198.2,101.1
98,98,18,476.5,14,408.0,3,45.1,6.21381814569,8,7,3,178.0,198.0,100.5,4,7,3,109.5,198.0,100.5
99,99,18,471.3,13,382.2,3,41.4,6.59137136494,8,7,3,173.6,197.9,99.8,3,7,3,84.5,197.9,99.8
100,100,18,467.7,13,379.9,3,44.0,6.38161421585,8,7,3,176.2,192.4,99.1,4,6,3,108.8,172.0,99.1
101,101,18,464.5,13,376.0,3,44.8,6.25821551546,8,7,3,174.3,191.5,98.7,4,6,3,107.0,170.3,98.7
102,102,18,467.3,11,327.2,3,47.3,6.07958385659,8,7,3,174.0,193.1,100.2,3,5,3,81.9,145.1,100.2
103,103,18,465.1,12,352.0,3,44.1,6.28575784086,8,7,3,172.4,192.8,99.9,3,6,3,82.8,169.3,99.9
104,104,18,459.8,12,347.4,3,46.2,6.01363374755,8,7,3,171.4,189.3,99.1,3,6,3,81.0,167.3,99.1
105,105,18,461.8,12,346.9,3,49.1,5.8024560948,8,7,3,174.0,188.4,99.4,3,6,3,81.0,166.5,99.4
106,106,18,463.9,10,297.6,3,49.0,5.78627235035,8,7,3,175.7,188.5,99.7,2,5,3,56.4,141.5,99.7
107,107,18,459.3,12,345.1,3,46.1,5.96363982816,8,7,3,173.2,186.8,99.3,4,5,3,106.8,139.0,99.3
108,108,18,457.0,11,318.5,3,44.9,5.99056993153,8,7,3,173.1,184.4,99.5,3,5,3,81.3,137.7,99.5
109,109,18,459.8,12,345.1,3,44.9,6.02350515722,8,7,3,173.4,186.1,100.3,4,5,3,107.2,137.6,100.3
110,110,18,455.5,10,294.5,3,44.8,6.13212104387,8,7,3,169.3,185.4,100.8,2,5,3,55.2,138.5,100.8
111,111,18,455.7,12,343.6,3,45.6,6.12173082023,8,7,3,170.8,187.0,97.9,2,7,3,58.7,187.0,97.9
112,112,18,456.6,11,326.3,4,63.9,6.55393909394,8,7,3,164.8,195.0,96.8,2,6,3,58.5,171.0,96.8
113,113,18,448.0,10,295.9,4,67.7,5.97464140089,8,7,3,163.2,193.0,91.8,1,6,3,32.0,172.1,91.8
114,114,18,435.0,10,280.4,5,86.2,5.18425217252,8,7,3,164.9,181.3,88.8,2,5,3,55.9,135.7,88.8
115,115,19,431.4,7,193.7,6,102.2,4.84910916036,9,7,3,183.7,167.0,80.7,2,3,2,55.1,80.0,58.6
116,116,19,425.2,8,221.4,7,113.5,5.45930184256,9,7,3,175.1,176.8,73.3,1,5,2,30.9,138.1,52.4
117,117,19,421.8,6,168.1,7,111.6,5.41356321351,9,7,3,171.7,170.8,79.3,1,3,2,30.5,82.5,55.1
118,118,19,408.6,6,169.7,9,150.8,5.4416575992,9,7,3,172.8,153.6,82.2,2,2,2,54.7,54.0,61.0
119,119,19,422.9,6,169.0,7,119.6,5.06066703876,9,7,3,180.9,160.0,82.0,2,2,2,54.4,53.8,60.8
120,120,19,416.0,6,169.7,10,176.8,5.2521396364,9,7,3,177.8,159.1,79.1,2,2,2,53.3,54.7,61.7
121,121,19,441.2,8,224.9,7,124.5,5.12939014648,9,7,3,184.9,167.8,88.5,2,3,3,54.1,82.3,88.5
122,122,19,462.9,11,314.1,5,82.4,5.91919763015,9,7,3,187.5,180.7,94.7,2,6,3,58.2,161.2,94.7
123,123,19,459.9,8,242.8,4,65.7,6.1352781051,9,7,3,195.7,177.6,86.6,2,4,2,62.8,115.8,64.2
124,124,19,458.9,9,264.3,5,83.6,6.04936804974,9,7,3,196.3,166.1,96.5,2,4,3,60.4,107.4,96.5
125,125,19,463.3,9,270.3,5,84.8,6.11675868758,9,7,3,199.6,168.1,95.6,3,3,3,89.6,85.1,95.6
126,126,19,467.2,9,271.8,5,84.3,6.17763841401,9,7,3,198.6,171.8,96.8,3,3,3,88.0,87.0,96.8
127,127,19,465.6,9,264.1,5,87.0,5.808277014,9,7,3,196.1,173.7,95.8,2,4,3,60.0,108.3,95.8
128,128,19,453.8,10,288.0,6,98.7,6.37654235442,9,7,3,185.6,174.4,93.8,3,4,3,84.5,109.7,93.8
129,129,19,421.5,6,171.1,8,134.4,5.51958766152,9,7,3,173.3,161.5,86.7,1,2,3,30.3,54.1,86.7
130,130,19,448.4,9,269.3,8,135.6,6.59831628355,9,7,3,166.1,192.0,90.3,1,5,3,28.8,150.2,90.3
131,131,19,458.9,8,241.0,4,59.9,6.37864217709,9,7,3,172.0,186.7,100.2,0,5,3,0,140.8,100.2
132,132,19,461.8,9,269.6,6,98.8,6.8905308362,9,7,3,177.1,177.2,107.5,1,5,3,26.0,136.1,107.5
133,133,18,458.4,9,273.0,3,48.2,6.60534542892,8,7,3,168.3,180.0,110.1,1,5,3,26.5,136.4,110.1
134,134,18,443.1,8,244.1,4,63.8,6.74006894711,8,7,3,155.2,181.3,106.6,0,5,3,0,137.5,106.6
135,135,18,431.2,7,218.2,7,119.4,7.10395268782,8,7,3,158.3,165.6,107.3,1,3,3,26.8,84.1,107.3
136,136,18,432.6,7,219.0,7,119.6,7.16166263969,8,7,3,159.9,165.0,107.7,1,3,3,26.4,84.9,107.7
137,137,18,434.6,8,242.8,5,80.7,6.99253570284,8,7,3,162.9,165.8,105.9,2,3,3,51.4,85.5,105.9
138,138,18,439.1,9,268.9,5,77.6,7.11274516561,8,7,3,164.6,170.1,104.4,3,3,3,77.1,87.4,104.4
139,139,18,446.8,9,266.8,3,43.3,6.49819482223,8,7,3,165.5,179.9,101.4,3,3,3,77.1,88.3,101.4
140,140,18,444.5,8,242.0,3,47.4,6.62637086569,8,7,3,161.4,174.4,108.7,2,3,3,50.4,82.9,108.7
141,141,12,318.4,8,243.5,2,27.9,6.97649734118,3,6,3,53.9,165.0,99.5,1,4,3,26.0,118.0,99.5
142,142,10,282.6,7,213.1,0,0,4.04892303925,1,6,3,22.9,162.4,97.3,0,4,3,0,115.8,97.3
143,143,9,268.4,8,244.2,0,0,4.29178802417,1,5,3,26.0,137.4,105.0,1,4,3,26.0,113.2,105.0
144,144,10,284.9,8,240.5,0,0,4.77387566751,2,5,3,44.4,140.6,99.9,0,5,3,0,140.6,99.9
145,145,11,308.6,8,239.4,0,0,4.26435543461,2,6,3,46.4,165.3,96.9,0,5,3,0,142.5,96.9
146,146,10,282.0,7,210.2,0,0,4.08411557133,1,6,3,22.9,163.7,95.4,0,4,3,0,114.8,95.4
147,147,10,286.2,7,214.2,0,0,4.22237426627,2,5,3,47.5,143.1,95.6,0,4,3,0,118.6,95.6
148,148,11,304.6,7,208.0,0,0,4.11933357364,1,7,3,25.3,188.0,91.3,1,4,2,25.3,116.2,66.5
149,149,11,301.3,7,207.5,0,0,4.2931234656,2,6,3,47.3,161.6,92.4,0,4,3,0,115.1,92.4
150,150,9,256.9,6,185.4,0,0,4.62523272688,1,5,3,24.2,141.0,91.7,0,4,2,0,118.6,66.8
151,151,9,258.9,8,234.7,0,0,3.50606617165,1,5,3,25.1,139.8,94.0,1,4,3,25.1,115.6,94.0
152,152,12,323.2,7,205.7,0,0,4.2787707099,2,7,3,46.1,185.8,91.3,0,5,2,0,139.3,66.4
153,153,11,300.3,7,203.9,0,0,3.76589962692,1,7,3,24.4,185.9,90.0,0,4,3,0,113.9,90.0
154,154,11,301.7,8,230.4,0,0,4.0244480141,1,7,3,25.0,184.1,92.6,1,4,3,25.0,112.8,92.6
155,155,11,301.5,9,254.3,0,0,3.69038061599,1,7,3,25.3,184.6,91.6,1,5,3,25.3,137.4,91.6
156,156,13,335.6,7,197.2,0,0,3.8705826766,3,7,3,67.2,178.6,89.8,0,4,3,0,107.4,89.8
157,157,16,396.6,8,230.9,4,72.2,5.29941820706,6,7,3,125.7,173.8,97.1,1,4,3,28.6,105.2,97.1
158,158,16,384.3,7,206.8,5,87.8,5.97787239186,6,7,3,118.5,170.5,95.3,1,3,3,28.7,82.8,95.3
159,159,17,397.4,7,202.2,7,123.1,5.59469943471,7,7,3,135.2,171.5,90.7,1,3,3,26.9,84.6,90.7
160,160,18,407.7,7,198.1,8,138.6,5.50029410978,8,7,3,149.0,168.6,90.1,1,3,3,25.0,83.0,90.1
161,161,18,420.0,7,205.8,6,98.6,6.23330711958,8,7,3,152.3,169.3,98.4,1,3,3,29.5,77.9,98.4
162,162,18,415.1,6,184.5,8,139.2,6.50213891404,8,7,3,147.1,166.0,102.0,1,2,3,27.0,55.5,102.0
163,163,18,413.8,5,138.8,4,66.0,4.79311870582,8,7,3,158.0,171.2,84.6,0,3,2,0,77.9,60.9
164,164,18,416.5,5,144.4,4,67.6,5.00036926741,8,7,3,165.3,168.8,82.4,2,2,1,52.1,55.8,36.5
165,165,18,421.8,6,169.0,5,86.4,4.9136065585,8,7,3,162.0,172.3,87.5,2,2,2,51.9,53.8,63.3
166,166,18,433.5,8,227.7,4,68.9,5.10734764824,8,7,3,164.2,175.6,93.7,1,4,3,27.5,106.5,93.7
167,167,18,421.5,6,181.0,5,87.6,5.65885563156,8,7,3,161.1,163.8,96.6,1,2,3,29.0,55.4,96.6
168,168,18,428.8,7,204.1,5,88.6,5.19496991505,8,7,3,164.9,177.7,86.2,2,3,2,51.7,87.7,64.7
169,169,18,426.1,7,208.9,4,64.1,5.87795538237,8,7,3,166.0,170.3,89.8,1,4,2,28.4,112.9,67.6
170,170,18,415.1,8,236.0,8,134.9,6.71960598362,8,7,3,149.7,165.5,99.9,1,4,3,26.9,109.2,99.9
171,171,18,415.3,7,200.3,6,104.6,5.33289520259,8,7,3,155.4,165.9,94.0,1,3,3,27.7,78.6,94.0
172,172,18,428.3,7,210.9,7,127.6,6.08870431713,8,7,3,155.7,175.1,97.5,0,4,3,0,113.4,97.5
173,173,18,425.9,6,179.7,5,86.4,5.46003004612,8,7,3,154.7,175.7,95.5,0,3,3,0,84.2,95.5
174,174,18,441.9,10,281.9,5,91.4,4.8172789488,8,7,3,164.9,187.7,89.3,1,6,3,29.8,162.8,89.3
175,175,18,436.6,8,229.3,4,69.8,4.83434066582,8,7,3,165.5,181.7,89.4,1,4,3,29.2,110.7,89.4
176,176,18,449.5,10,285.3,4,72.8,4.88259882049,8,7,3,172.1,184.1,93.3,1,6,3,29.9,162.1,93.3
177,177,18,448.3,10,289.7,4,71.2,5.47598739119,8,7,3,175.2,177.1,96.0,2,5,3,57.3,136.4,96.0
178,178,18,455.3,9,267.2,2,34.7,5.36233840807,8,7,3,185.0,172.5,97.8,3,3,3,85.5,83.9,97.8
179,179,15,398.5,11,323.5,2,34.7,5.47274632894,5,6,4,110.6,166.6,121.3,2,5,4,55.7,146.5,121.3
180,180,12,336.9,10,291.2,0,0,3.72854468319,3,6,3,81.4,160.1,95.4,2,5,3,58.0,137.8,95.4
181,181,9,252.8,7,205.3,0,0,3.56946930385,1,6,2,27.3,161.9,63.6,1,4,2,27.3,114.4,63.6
182,182,12,346.7,11,323.6,0,0,2.73278357369,3,6,3,80.0,172.8,93.9,2,6,3,56.9,172.8,93.9
183,183,9,256.0,9,256.0,0,0,3.07616283343,2,6,1,57.4,163.0,35.6,2,6,1,57.4,163.0,35.6
184,184,12,342.5,9,272.7,0,0,3.82395757235,4,6,2,104.0,182.7,55.8,3,5,1,81.8,158.0,32.9
185,185,16,457.5,12,362.3,0,0,4.57332391884,6,7,3,157.6,212.8,87.1,3,6,3,86.1,189.1,87.1
186,186,10,300.3,9,276.6,0,0,4.21269246181,2,6,2,53.9,178.4,68.0,2,5,2,53.9,154.7,68.0
187,187,10,306.6,9,282.8,0,0,4.4199547509,2,5,3,59.5,140.7,106.4,2,4,3,59.5,116.9,106.4
188,188,11,341.1,11,341.1,0,0,3.21043752328,2,6,3,57.5,181.7,101.9,2,6,3,57.5,181.7,101.9
189,189,14,374.2,9,257.3,0,0,3.52342241216,5,6,3,123.7,159.0,91.5,2,4,3,53.9,111.9,91.5
190,190,14,396.3,11,324.2,0,0,3.72485710324,4,7,3,104.7,201.0,90.6,3,5,3,80.8,152.8,90.6
191,191,13,366.1,9,272.9,0,0,4.65484308034,3,7,3,77.7,203.2,85.2,2,4,3,54.6,133.1,85.2
192,192,12,331.1,10,286.8,0,0,4.02728384293,2,7,3,53.8,197.2,80.1,2,6,2,53.8,176.3,56.7
193,193,14,377.8,9,257.7,0,0,3.48466026219,4,7,3,102.3,189.1,86.4,3,4,2,77.4,117.3,63.0
194,194,11,309.7,10,286.6,0,0,3.22222396378,2,6,3,51.4,164.1,94.2,2,5,3,51.4,141.0,94.2
195,195,12,337.2,11,312.9,0,0,2.74325619392,3,6,3,79.8,162.5,94.9,3,5,3,79.8,138.2,94.9
196,196,10,283.6,8,235.1,0,0,3.22221455938,1,6,3,24.4,170.1,89.1,0,5,3,0,146.0,89.1
197,197,12,338.0,10,290.7,0,0,3.69774706184,3,6,3,79.4,166.0,92.6,2,5,3,56.3,141.8,92.6
198,198,14,402.3,12,354.3,0,0,3.14755268615,4,7,3,113.1,200.2,89.0,3,6,3,89.5,175.8,89.0
199,199,11,303.1,8,233.6,0,0,3.88648006205,2,7,2,56.0,187.3,59.8,2,4,2,56.0,117.8,59.8
200,200,12,330.2,7,211.9,0,0,4.54109184575,4,5,3,106.0,136.9,87.3,2,3,2,59.8,89.1,63.0
201,201,10,297.1,10,297.1,0,0,1.83512034119,3,5,2,89.5,145.7,61.9,3,5,2,89.5,145.7,61.9
202,202,11,337.6,11,337.6,0,0,3.25498219518,3,5,3,87.8,153.8,96.0,3,5,3,87.8,153.8,96.0
203,203,13,370.4,11,322.3,0,0,3.17397267854,5,5,3,134.8,141.0,94.6,3,5,3,86.7,141.0,94.6
204,204,10,294.9,8,247.0,0,0,3.93317796303,2,6,2,59.1,174.5,61.3,1,5,2,34.6,151.1,61.3
205,205,12,351.4,10,303.5,0,0,3.52441699456,4,6,2,105.3,183.9,62.2,2,6,2,57.4,183.9,62.2
206,206,11,319.6,10,296.4,0,0,3.31914556365,2,6,3,50.8,179.0,89.8,1,6,3,27.6,179.0,89.8
207,207,10,303.2,9,280.0,0,0,3.5398681708,2,5,3,51.0,156.1,96.1,1,5,3,27.8,156.1,96.1
208,208,11,322.0,9,276.2,0,0,4.14489828804,2,6,3,50.4,178.1,93.5,1,5,3,27.1,155.6,93.5
209,209,12,362.1,10,314.7,0,0,4.28000106202,3,6,3,81.8,178.5,101.8,2,5,3,57.2,155.7,101.8
210,210,11,341.8,10,317.6,0,0,4.0474908052,3,5,3,82.2,154.8,104.8,2,5,3,58.0,154.8,104.8
211,211,12,370.4,12,370.4,0,0,3.33203004825,3,6,3,81.9,186.6,101.9,3,6,3,81.9,186.6,101.9
212,212,12,374.5,11,350.1,0,0,3.8601597549,3,6,3,84.1,186.1,104.3,2,6,3,59.7,186.1,104.3
213,213,12,349.3,9,276.8,0,0,3.4747029522,3,6,3,75.5,186.6,87.2,1,6,2,26.4,186.6,63.8
214,214,12,343.5,9,272.9,0,0,3.49626424007,3,6,3,74.3,184.5,84.7,1,6,2,26.9,184.5,61.5
215,215,12,336.6,9,265.6,0,0,3.58595746058,3,7,2,80.9,200.4,55.3,3,5,1,80.9,152.2,32.5
216,216,12,338.2,10,291.2,0,0,3.23442655683,3,6,3,82.1,173.7,82.4,2,6,2,58.9,173.7,58.6
217,217,12,319.4,9,248.8,0,0,2.54266622173,5,4,3,136.7,101.8,80.9,4,3,2,113.9,78.4,56.5
218,218,12,336.4,8,240.7,0,0,3.56226009293,4,5,3,115.1,133.1,88.2,3,3,2,92.0,84.7,64.0
219,219,10,301.5,9,276.6,0,0,3.65794417064,3,4,3,81.9,117.1,102.5,2,4,3,57.0,117.1,102.5
220,220,12,365.8,11,341.6,0,0,3.86730663461,2,7,3,56.3,206.0,103.5,2,6,3,56.3,181.8,103.5
221,221,12,352.3,8,257.6,0,0,5.1881785792,3,6,3,71.6,176.4,104.3,0,5,3,0,153.3,104.3
222,222,11,331.1,8,260.6,0,0,5.28412717485,1,7,3,23.9,210.8,96.4,0,6,2,0,188.4,72.2
223,223,10,296.9,8,249.0,0,0,4.89227281878,1,7,2,29.2,196.3,71.4,1,5,2,29.2,148.4,71.4
224,224,13,392.5,11,344.8,0,0,5.3824501141,4,6,3,114.8,164.9,112.8,3,5,3,90.4,141.6,112.8
225,225,11,315.4,9,269.9,0,0,3.8977149483,2,7,2,52.7,198.4,64.3,2,5,2,52.7,152.9,64.3
226,226,12,353.9,10,307.4,0,0,4.86424026271,2,7,3,52.2,199.6,102.1,2,5,3,52.2,153.1,102.1
227,227,11,330.2,8,259.0,0,0,4.86267790046,2,6,3,47.2,180.8,102.2,0,5,3,0,156.8,102.2
228,228,11,329.1,9,280.4,0,0,5.03285568675,2,6,3,49.1,175.7,104.3,1,5,3,25.2,150.9,104.3
229,229,11,330.8,9,284.0,0,0,5.43747936255,2,6,3,49.6,174.9,106.3,1,5,3,25.5,152.2,106.3
230,230,12,356.3,10,309.3,0,0,4.86218400858,3,6,3,77.7,174.6,104.0,2,5,3,53.0,152.3,104.0
231,231,11,332.6,9,287.6,0,0,5.50150392661,2,6,3,48.3,177.3,107.0,1,5,3,26.0,154.6,107.0
232,232,12,338.1,10,292.9,0,0,3.07811187699,3,6,3,73.7,174.6,89.8,1,6,3,28.5,174.6,89.8
233,233,12,341.4,9,271.5,0,0,5.1169060254,3,7,2,72.4,193.9,75.1,1,6,2,25.5,170.9,75.1
234,234,12,336.9,10,289.3,0,0,3.4457153895,3,6,3,77.7,166.2,93.0,2,5,3,54.3,142.0,93.0
235,235,11,312.0,8,240.7,0,0,3.88980018183,3,5,3,78.9,134.6,98.5,2,3,3,55.1,87.1,98.5
236,236,13,382.5,10,310.3,0,0,5.33028358316,3,7,3,74.1,196.1,112.3,1,6,3,26.5,171.5,112.3
237,237,10,293.7,8,244.7,0,0,4.84929548148,1,7,2,24.4,194.9,74.4,0,6,2,0,170.3,74.4
238,238,11,309.5,9,262.3,0,0,2.81363562931,2,7,2,50.1,197.3,62.1,1,6,2,27.3,172.9,62.1
239,239,13,384.7,11,337.1,0,0,4.20088513262,4,6,3,99.9,183.3,101.5,2,6,3,52.3,183.3,101.5
240,240,13,383.0,11,335.7,0,0,3.79792453443,3,7,3,81.3,210.3,91.4,3,6,2,81.3,186.3,68.1
241,241,12,366.6,12,366.6,0,0,3.30220312133,3,6,3,84.6,189.0,93.0,3,6,3,84.6,189.0,93.0
242,242,12,350.1,10,303.9,0,0,4.58478214016,4,5,3,105.1,155.9,89.1,3,4,3,82.8,132.0,89.1
243,243,14,432.7,12,383.5,0,0,4.67620231939,4,7,3,103.0,218.5,111.2,2,7,3,53.8,218.5,111.2
244,244,14,427.2,12,379.0,0,0,5.08948495851,5,6,3,136.4,190.5,100.3,4,5,3,112.3,166.4,100.3
245,245,14,439.9,13,415.1,0,0,4.7648034218,5,6,3,140.0,196.7,103.2,4,6,3,115.2,196.7,103.2
246,246,15,449.1,12,378.5,0,0,5.62580787849,5,7,3,133.7,212.2,103.2,3,6,3,85.3,190.0,103.2
247,247,14,425.9,11,353.7,0,0,3.72107895259,5,7,2,133.4,223.9,68.6,2,7,2,61.2,223.9,68.6
248,248,11,353.9,11,353.9,0,0,3.3364924424,1,7,3,34.1,214.4,105.4,1,7,3,34.1,214.4,105.4
249,249,10,314.5,9,291.4,0,0,4.55661911704,2,5,3,61.5,146.3,106.7,2,4,3,61.5,123.2,106.7
250,250,10,315.5,9,291.1,0,0,4.03684420199,3,4,3,84.3,126.4,104.8,2,4,3,59.9,126.4,104.8
251,251,11,326.4,10,303.0,0,0,4.41454208477,2,6,3,59.2,172.0,95.2,2,6,2,59.2,172.0,71.8
252,252,11,325.8,9,278.1,0,0,4.16840933254,3,5,3,80.2,150.2,95.4,2,5,2,56.4,150.2,71.5
253,253,12,363.2,11,340.2,0,0,4.32294792796,3,6,3,83.0,177.0,103.2,2,6,3,60.0,177.0,103.2
254,254,13,379.4,11,331.6,0,0,4.64199062074,3,7,3,84.5,195.6,99.3,3,5,3,84.5,147.8,99.3
255,255,15,419.6,10,315.2,2,32.5,6.53686979117,5,7,3,111.6,205.6,102.4,2,5,3,55.3,157.5,102.4
256,256,17,471.5,11,359.5,5,88.0,7.71856051804,7,7,3,146.4,213.8,111.3,1,7,3,34.4,213.8,111.3
257,257,17,463.7,10,328.0,5,90.5,7.74148963473,7,7,3,149.3,202.4,112.0,1,6,3,32.7,183.3,112.0
258,258,17,477.6,12,378.9,3,52.6,6.58003330047,7,7,3,162.5,206.6,108.5,3,6,3,86.2,184.2,108.5
259,259,17,488.3,13,406.5,2,34.4,5.64053736489,7,7,3,170.1,217.5,100.7,3,7,3,88.3,217.5,100.7
260,260,17,477.6,12,380.1,3,51.9,6.30698725504,7,7,3,157.9,217.3,102.4,2,7,3,60.4,217.3,102.4
261,261,17,476.4,11,355.9,3,52.9,6.53400044113,7,7,3,158.5,212.5,105.4,2,6,3,62.1,188.4,105.4
262,262,17,473.1,11,346.8,2,36.0,5.9868360494,7,7,3,163.2,203.3,106.6,2,6,3,61.7,178.5,106.6
263,263,18,457.8,11,321.6,5,88.9,6.21412054257,8,7,3,170.2,187.0,100.6,2,6,3,56.9,164.1,100.6
264,264,18,487.7,11,350.3,5,89.8,7.23451467718,8,7,3,170.9,208.6,108.2,2,6,3,56.9,185.2,108.2
265,265,18,488.1,12,375.5,4,67.7,7.28231136546,8,7,3,177.2,203.9,107.0,3,6,3,85.6,182.9,107.0
266,266,19,473.2,12,336.6,5,93.0,4.76998412345,9,7,3,207.4,177.2,88.6,5,4,3,134.0,114.0,88.6
267,267,19,451.7,8,231.9,6,110.7,4.95601117671,9,7,3,185.1,180.4,86.2,1,4,3,27.3,118.4,86.2
271,271,3,72.4,1,28.8,1,18.8,5.03322295685,0,3,0,0,72.4,0,0,1,0,0,28.8,0
272,272,4,87.2,1,28.6,1,16.7,4.96051072639,1,3,0,21.2,66.0,0,0,1,0,0,28.6,0
273,273,8,157.1,1,26.3,6,109.4,3.04909237081,3,3,2,53.0,65.4,38.7,0,1,0,0,26.3,0
274,274,10,188.5,1,26.3,8,142.1,2.89952103324,3,5,2,52.0,98.5,38.0,0,1,0,0,26.3,0
275,275,10,186.4,1,25.9,8,137.7,3.33339999933,3,5,2,51.7,97.0,37.7,0,1,0,0,25.9,0
276,276,10,183.7,1,27.8,8,135.6,3.65788341956,3,5,2,49.8,96.4,37.5,0,1,0,0,27.8,0
277,277,10,192.6,2,53.3,8,139.3,4.23351705638,3,5,2,51.9,103.0,37.7,0,2,0,0,53.3,0
278,278,10,192.2,2,55.0,7,115.2,4.79555349603,3,5,2,54.1,103.1,35.0,0,2,0,0,55.0,0
279,279,12,215.2,2,52.8,10,162.4,4.17009555882,3,6,3,49.4,117.1,48.7,0,2,0,0,52.8,0
280,280,12,221.6,2,52.9,9,146.7,4.26408539343,3,6,3,49.8,119.5,52.3,0,2,0,0,52.9,0
281,281,12,225.8,2,54.4,9,148.4,4.50450952498,3,6,3,49.1,121.7,55.0,0,2,0,0,54.4,0
282,282,12,221.8,1,30.4,10,166.7,4.6393246635,3,6,3,49.7,121.8,50.3,0,1,0,0,30.4,0
283,283,12,220.8,2,53.6,10,167.2,4.25675933076,3,6,3,50.1,120.2,50.5,0,2,0,0,53.6,0
284,284,12,224.1,2,56.2,9,147.7,4.80778251664,3,6,3,51.2,121.5,51.4,0,2,0,0,56.2,0
285,285,12,229.2,1,26.7,8,135.7,3.73484817752,3,6,3,52.4,124.9,51.9,0,1,0,0,26.7,0
286,286,12,224.4,1,26.2,8,134.2,3.45437798637,3,6,3,52.4,119.7,52.3,0,1,0,0,26.2,0
287,287,12,224.9,1,26.7,8,131.6,3.97571224799,3,6,3,50.8,121.8,52.3,0,1,0,0,26.7,0
288,288,12,224.7,0,0,9,154.3,3.40591063781,3,6,3,55.1,120.4,49.2,0,0,0,0,0,0
