,e_id,num_sat,sum_snr,num_sat_25,sum_snr_25,snr_std,elev_0_30,elev_30_60,elev_60_90,elev_0_30_25,elev_30_60_25,elev_60_90_25
1,1,14,357.2,7,206.5,5.21475084483,6,6,2,2,4,1
2,2,15,360.9,6,166.9,3.55885214239,7,6,2,1,4,1
3,3,15,359.4,6,170.4,4.3347104039,7,6,2,0,4,2
4,4,15,345.5,5,140.7,4.63336759151,7,6,2,0,4,1
5,5,15,332.8,4,111.9,4.50077242048,7,6,2,1,3,0
6,6,15,321.2,3,80.6,3.80917438874,7,6,2,0,2,1
7,7,15,320.3,3,79.9,4.09701401139,7,6,2,1,1,1
8,8,15,323.1,4,113.7,5.09927165668,7,6,2,0,3,1
9,9,15,332.2,5,141.2,4.99326212677,7,6,2,1,4,0
10,10,15,339.7,7,192.7,5.79998357962,7,6,2,0,5,2
11,11,15,329.8,5,150.1,6.63043487764,7,6,2,1,3,1
12,12,13,301.8,5,152.5,6.83506232035,5,6,2,1,3,1
13,13,6,166.9,4,120.9,4.02562624528,1,4,1,1,2,1
14,14,8,219.3,5,150.3,3.81741778843,1,5,2,1,3,1
15,15,9,239.0,5,147.9,4.10155796957,1,6,2,1,3,1
16,16,8,213.5,5,144.6,3.67557089832,1,5,2,1,3,1
17,17,7,187.9,5,145.7,4.29684269468,1,5,1,1,3,1
18,18,7,190.0,4,121.4,4.34774161409,1,4,2,1,2,1
19,19,6,159.4,4,116.3,4.64011494111,1,3,2,1,2,1
20,20,6,168.7,5,144.4,3.1650697728,1,3,2,1,3,1
21,21,7,189.4,4,118.5,3.61840533148,1,4,2,1,2,1
22,22,6,162.9,3,90.8,3.56749211632,1,3,2,1,1,1
23,23,7,186.0,4,117.7,4.05327615874,1,4,2,1,2,1
24,24,7,178.0,3,86.2,3.4850701981,1,4,2,1,1,1
25,25,7,177.0,4,111.5,3.74318428232,1,4,2,1,2,1
26,26,8,216.6,6,172.7,3.58638297692,2,4,2,1,3,2
27,27,8,207.7,4,116.3,3.80598682529,2,4,2,1,2,1
28,28,10,252.3,5,147.1,5.05064352335,3,5,2,1,2,2
29,29,11,259.8,4,110.4,4.22109421402,4,5,2,1,3,0
30,30,12,271.0,3,81.6,4.1047275036,4,6,2,1,2,0
31,31,13,272.6,2,55.4,4.19153603813,5,6,2,1,1,0
32,32,13,284.3,4,107.5,4.65642649382,5,6,2,1,2,1
33,33,13,293.7,4,115.4,5.45029992118,5,6,2,1,2,1
34,34,13,295.0,5,143.9,6.15541246092,5,6,2,1,3,1
35,35,13,297.4,5,147.2,6.49758337719,5,6,2,1,3,1
36,36,13,295.5,5,145.8,6.22205547701,5,6,2,1,3,1
37,37,13,295.8,5,142.4,5.89061617951,5,6,2,1,3,1
38,38,13,294.9,6,168.4,5.92689437421,5,6,2,1,3,2
39,39,13,298.9,6,171.5,6.06100397878,5,6,2,1,3,2
40,40,13,296.3,6,170.5,6.06127895449,5,6,2,1,3,2
41,41,13,294.7,5,143.2,5.73779641433,5,6,2,1,2,2
42,42,13,302.6,6,172.2,5.91497447813,5,6,2,1,3,2
43,43,13,300.7,5,147.6,6.09977931505,5,6,2,1,3,1
44,44,13,309.7,6,172.4,5.66261921819,5,6,2,1,3,2
45,45,13,311.9,5,146.5,5.25348480193,5,6,2,1,3,1
46,46,13,313.7,6,174.5,5.71480309013,5,6,2,1,3,2
47,47,13,313.9,7,199.7,5.64056962026,5,6,2,1,4,2
48,48,13,318.2,7,202.1,5.64773610192,5,6,2,1,4,2
49,49,13,316.0,6,177.3,5.83158948293,5,6,2,1,3,2
50,50,14,329.1,7,204.0,6.61018611232,6,6,2,1,4,2
51,51,15,354.1,7,199.2,5.90405026434,7,6,2,1,5,1
52,52,15,339.9,6,165.3,5.48137104851,7,6,2,1,3,2
53,53,15,341.6,8,217.3,5.60375724297,7,6,2,1,5,2
54,54,15,342.5,4,117.3,5.60199794291,7,6,2,1,2,1
55,55,15,352.7,8,226.0,6.16092139058,7,6,2,1,5,2
56,56,15,344.5,7,197.3,5.90927438943,7,6,2,2,3,2
57,57,15,332.2,5,138.7,5.58248110056,7,6,2,1,4,0
58,58,15,306.9,3,79.9,4.55690998061,7,6,2,0,3,0
59,59,15,326.7,5,149.6,6.92244795678,7,6,2,1,3,1
60,60,15,333.5,5,148.0,6.79145120897,7,6,2,1,3,1
61,61,15,340.5,7,198.1,6.52445947405,7,6,2,1,5,1
62,62,15,346.9,7,201.7,6.78995757052,7,6,2,2,4,1
63,63,14,319.2,5,147.4,6.73795221117,6,6,2,1,3,1
64,64,14,317.2,6,169.4,6.61102974473,6,6,2,2,4,0
65,65,14,307.4,3,92.2,6.53578484319,6,6,2,0,3,0
66,66,15,326.1,4,122.6,6.61338469642,7,6,2,1,3,0
67,67,15,326.6,4,122.3,6.66359691229,7,6,2,1,3,0
68,68,15,332.7,5,146.0,6.61882596409,7,6,2,1,4,0
69,69,14,322.9,5,152.5,7.20027853552,6,6,2,1,4,0
70,70,15,323.0,4,118.1,6.33884471974,7,6,2,1,3,0
71,71,15,316.7,3,97.6,6.75921240833,7,6,2,1,2,0
72,72,14,297.4,4,113.9,6.03473462366,6,6,2,1,3,0
73,73,13,287.5,4,120.7,6.41909211569,5,6,2,1,3,0
74,74,12,258.4,3,84.5,5.53966414035,4,6,2,1,2,0
75,75,13,279.3,4,113.7,5.85901671982,5,6,2,1,3,0
76,76,13,282.1,4,112.5,5.71372616308,5,6,2,1,3,0
77,77,13,269.5,4,108.9,5.48822749398,5,6,2,1,3,0
78,78,14,274.3,1,28.0,4.76565667212,6,6,2,0,1,0
79,79,14,258.7,0,0,3.62537606992,6,6,2,0,0,0
80,80,14,250.8,0,0,3.20020603732,6,6,2,0,0,0
81,81,15,273.6,0,0,3.62723822527,7,6,2,0,0,0
82,82,14,266.1,1,30.6,4.53099824045,6,6,2,1,0,0
83,83,15,283.2,2,56.6,5.19961537039,7,6,2,1,1,0
84,84,15,272.0,1,29.1,4.42907063239,7,6,2,0,1,0
85,85,15,276.4,2,54.6,4.64103847164,7,6,2,0,2,0
86,86,15,277.6,2,52.9,3.98541388184,7,6,2,1,1,0
87,87,15,276.9,1,27.5,4.07550172196,7,6,2,0,1,0
