,e_id,num_sat,sum_snr,num_sat_25,sum_snr_25,snr_std,elev_0_30,elev_30_60,elev_60_90,elev_0_30_25,elev_30_60_25,elev_60_90_25
1,1,7,190.6,4,125.0,7.07900988503,4,3,0,1,3,0
2,2,7,197.2,6,179.9,6.79992997163,4,3,0,3,3,0
3,3,7,203.9,6,182.0,6.26809760765,4,3,0,3,3,0
4,4,7,204.8,6,185.3,7.02468436844,4,3,0,3,3,0
5,5,7,197.9,5,155.5,7.31453217591,4,3,0,3,2,0
6,6,7,200.7,5,158.8,7.52367691263,4,3,0,2,3,0
7,7,7,197.0,5,156.4,7.63170080276,4,3,0,2,3,0
8,8,7,197.0,4,130.3,7.15841163547,4,3,0,2,2,0
9,9,7,190.2,3,101.1,7.32045405826,4,3,0,1,2,0
10,10,7,197.1,4,128.3,6.92528149677,4,3,0,2,2,0
11,11,7,202.9,4,132.4,6.7298906805,4,3,0,2,2,0
12,12,7,201.9,5,158.1,7.1266769121,4,3,0,3,2,0
13,13,7,201.4,5,158.2,7.01087590479,4,3,0,3,2,0
14,14,7,198.5,5,156.0,7.04411270562,4,3,0,3,2,0
15,15,7,199.1,5,156.6,7.03013919797,4,3,0,3,2,0
16,16,7,200.7,5,158.7,7.2299641045,4,3,0,3,2,0
17,17,7,194.7,4,129.5,7.37211606244,4,3,0,2,2,0
18,18,7,193.9,4,131.3,7.91812267313,4,3,0,2,2,0
19,19,7,191.8,4,131.3,8.29859425847,4,3,0,2,2,0
20,20,7,191.1,4,130.8,8.23205118222,4,3,0,2,2,0
21,21,7,189.6,4,131.5,8.52768600333,4,3,0,2,2,0
22,22,7,190.9,4,130.6,8.17388407995,4,3,0,2,2,0
23,23,7,188.4,4,130.5,8.58417702742,4,3,0,2,2,0
24,24,7,185.5,4,129.0,8.63037272274,4,3,0,2,2,0
25,25,7,188.6,4,129.3,8.31361476592,4,3,0,2,2,0
26,26,7,188.8,4,128.9,8.4899380221,4,3,0,2,2,0
27,27,7,188.5,3,102.6,8.0976775036,4,3,0,2,1,0
28,28,7,190.0,4,128.3,8.14777211735,4,3,0,2,2,0
29,29,7,188.2,5,153.0,8.33215229726,4,3,0,3,2,0
30,30,8,189.7,3,93.3,7.20167391256,5,3,0,2,1,0
31,31,8,180.4,3,86.7,6.33155363466,5,3,0,2,1,0
32,32,8,197.4,4,122.1,7.65333727393,5,3,0,3,1,0
33,33,8,195.6,4,125.1,8.80697775306,5,3,0,3,1,0
34,34,8,199.8,4,124.7,8.04873548187,5,3,0,3,1,0
35,35,8,192.1,3,95.9,7.73848222476,5,3,0,2,1,0
36,36,8,196.8,3,98.3,7.89846277992,5,3,0,2,1,0
37,37,8,192.1,3,97.8,8.08374692118,5,3,0,2,1,0
38,38,8,206.0,3,100.7,7.6341338736,5,3,0,2,1,0
39,39,9,210.0,3,98.2,8.24196578493,5,3,1,2,1,0
40,40,9,217.4,3,99.6,8.17925899931,5,3,1,2,1,0
41,41,9,206.9,3,99.0,9.34136559134,5,3,1,2,1,0
42,42,10,223.6,3,99.4,9.25229100758,6,3,1,2,1,0
43,43,10,225.9,4,125.5,9.38455587063,6,3,1,3,1,0
44,44,11,255.7,4,127.7,8.97422571996,7,3,1,3,1,0
45,45,10,244.1,5,153.2,8.74902534254,7,3,0,4,1,0
46,46,10,250.5,5,151.1,7.21406804638,7,3,0,4,1,0
47,47,10,257.7,5,152.3,6.69046585324,7,3,0,4,1,0
48,48,10,255.6,4,127.1,6.81374427984,7,3,0,3,1,0
49,49,10,247.3,4,125.3,6.94439022201,7,3,0,3,1,0
50,50,11,247.6,4,119.4,6.96799175451,7,4,0,3,1,0
51,51,12,278.2,4,123.1,7.16225375059,8,4,0,3,1,0
52,52,12,274.9,4,122.5,7.20346612697,8,4,0,3,1,0
53,53,13,289.3,4,123.1,7.48338330176,8,5,0,3,1,0
54,54,14,303.9,4,122.6,7.44306226121,8,6,0,3,1,0
55,55,14,313.6,4,124.9,7.48403428845,8,6,0,3,1,0
56,56,14,307.7,4,123.8,7.38097122767,8,6,0,3,1,0
57,57,15,323.7,4,123.7,7.33973530079,8,7,0,3,1,0
58,58,17,351.1,4,124.6,7.56935578889,9,7,1,3,1,0
59,59,17,350.8,4,124.1,7.4501628486,9,7,1,3,1,0
60,60,17,355.3,4,124.9,7.46516912066,9,7,1,3,1,0
61,61,18,370.8,4,125.1,7.26044885989,9,8,1,3,1,0
62,62,18,374.7,4,125.5,7.30239686678,9,8,1,3,1,0
63,63,18,379.0,4,125.0,6.95060066996,9,8,1,3,1,0
64,64,18,387.5,5,151.1,7.00166413459,9,8,1,3,2,0
65,65,18,387.9,4,125.0,6.9550024316,9,8,1,3,1,0
66,66,18,381.4,4,124.2,7.11798789223,9,8,1,3,1,0
67,67,18,383.7,4,123.9,6.97189737024,9,8,1,3,1,0
68,68,18,388.7,5,149.3,6.84831213402,9,8,1,3,2,0
69,69,18,385.7,4,124.5,6.90190131993,9,8,1,3,1,0
70,70,18,374.1,3,95.0,6.42506580419,9,8,1,2,1,0
71,71,18,368.3,4,122.2,6.85763969761,9,8,1,3,1,0
72,72,18,369.4,4,121.7,6.9240039042,9,8,1,3,1,0
73,73,18,367.0,3,95.7,6.85959087177,9,8,1,2,1,0
74,74,18,369.0,3,95.7,6.81917711096,9,8,1,2,1,0
75,75,18,373.8,3,97.0,7.05124102552,9,8,1,2,1,0
76,76,18,373.8,4,124.3,7.26368890238,9,8,1,3,1,0
77,77,18,370.3,4,124.2,7.34997443417,9,8,1,3,1,0
78,78,18,375.4,5,148.2,7.24578759753,9,8,1,4,1,0
79,79,17,364.1,5,149.5,7.23301763565,8,8,1,3,2,0
80,80,16,346.7,4,123.3,7.07113557594,8,8,0,3,1,0
81,81,17,353.2,4,124.7,7.61343626523,8,8,1,3,1,0
82,82,18,365.8,5,148.6,7.25230637194,8,8,2,3,2,0
83,83,18,373.0,5,149.7,7.26251905378,8,8,2,3,2,0
84,84,17,356.8,4,126.1,7.45342893849,8,8,1,3,1,0
85,85,17,344.7,4,119.8,6.87400260145,8,8,1,3,1,0
86,86,17,341.6,4,118.5,6.75726188891,8,8,1,3,1,0
87,87,17,332.2,4,119.7,7.26533368328,8,8,1,3,1,0
88,88,17,338.1,5,145.8,7.35483534426,8,8,1,3,2,0
89,89,17,348.4,5,147.4,7.20637483311,8,8,1,3,2,0
90,90,18,371.3,5,147.8,7.07021969503,9,8,1,4,1,0
91,91,18,361.1,5,145.4,6.95050898592,9,8,1,4,1,0
92,92,18,339.6,2,62.2,5.69592217396,9,8,1,2,0,0
93,93,18,359.8,3,94.3,6.80846263107,9,8,1,3,0,0
94,94,17,357.7,5,151.1,7.38724058965,9,7,1,4,1,0
95,95,16,335.5,5,151.4,7.56083934935,9,6,1,4,1,0
96,96,17,360.7,6,174.8,7.33750939472,9,7,1,4,2,0
97,97,17,360.2,4,125.2,7.22087965148,9,7,1,3,1,0
98,98,17,346.7,4,120.0,7.07323039603,9,7,1,3,1,0
99,99,17,348.6,4,122.6,7.33147926651,9,7,1,3,1,0
100,100,17,356.3,4,123.5,7.04237698007,9,7,1,3,1,0
101,101,18,373.3,4,124.5,7.05909000042,9,7,2,3,1,0
102,102,18,370.9,4,125.5,7.12546982742,9,7,2,3,1,0
103,103,17,345.1,4,123.5,7.45134216098,9,6,2,3,1,0
104,104,17,342.0,4,123.0,7.36802511652,9,6,2,3,1,0
105,105,17,349.3,4,126.3,7.68107395218,9,6,2,3,1,0
106,106,17,341.3,4,125.4,7.68956512195,9,6,2,3,1,0
107,107,17,343.8,4,124.7,7.42567584565,9,6,2,3,1,0
108,108,16,333.4,4,126.6,7.61602477237,8,6,2,3,1,0
109,109,17,354.6,4,127.0,7.4030448823,8,7,2,3,1,0
110,110,17,356.5,4,126.6,7.33406134978,8,7,2,3,1,0
111,111,16,348.3,4,126.8,7.19061599123,8,7,1,3,1,0
112,112,16,345.5,5,151.8,7.26264127803,8,7,1,4,1,0
113,113,16,342.2,4,125.8,7.35226722402,8,7,1,3,1,0
114,114,16,350.0,5,153.9,7.49866654813,8,7,1,4,1,0
115,115,16,349.8,4,126.2,7.19202104187,8,7,1,3,1,0
116,116,16,346.3,4,125.6,7.08745076409,8,7,1,3,1,0
117,117,16,345.2,5,150.9,7.12998363719,8,7,1,3,2,0
118,118,16,361.2,5,153.9,6.73315181273,8,7,1,3,2,0
119,119,16,352.0,5,150.4,6.55265849357,8,7,1,3,2,0
120,120,16,355.9,5,152.8,6.86750500546,8,7,1,3,2,0
121,121,16,355.9,5,153.3,7.05293969443,8,7,1,3,2,0
122,122,17,371.3,5,152.3,6.96348142307,8,7,2,3,2,0
123,123,17,363.0,4,124.3,6.72236171734,8,7,2,3,1,0
124,124,17,329.5,2,56.5,4.81303377483,8,7,2,2,0,0
125,125,17,342.8,4,120.6,6.5906127538,8,7,2,3,1,0
126,126,17,355.5,4,124.0,6.87530747976,8,7,2,3,1,0
127,127,17,356.8,4,124.1,6.80366466995,8,7,2,3,1,0
128,128,17,360.5,4,125.8,6.98216214616,8,7,2,3,1,0
129,129,17,368.7,4,127.6,6.90569351631,8,7,2,3,1,0
130,130,17,370.6,4,128.5,6.9736109728,8,7,2,3,1,0
131,131,17,372.1,4,128.4,7.02280947635,8,7,2,3,1,0
132,132,17,370.6,4,128.1,6.72207185323,8,7,2,3,1,0
133,133,17,375.6,4,129.2,6.87427001472,8,7,2,3,1,0
134,134,17,382.4,5,155.1,6.79351442446,8,7,2,3,2,0
135,135,18,388.3,4,129.1,6.92810181588,9,7,2,3,1,0
136,136,18,390.4,4,130.0,7.14199583976,9,7,2,3,1,0
137,137,18,400.3,5,156.7,7.17767280726,9,7,2,3,2,0
138,138,18,394.0,6,180.6,7.06456683564,9,7,2,3,3,0
139,139,17,378.1,5,154.8,7.07354745014,9,7,1,3,2,0
140,140,17,380.3,4,131.4,7.27940285204,9,7,1,3,1,0
141,141,18,395.6,4,130.1,6.83593924486,9,7,2,3,1,0
142,142,18,393.9,4,129.5,6.79162546601,9,7,2,3,1,0
143,143,18,404.7,4,130.7,6.67050134812,9,7,2,3,1,0
144,144,18,397.0,4,128.8,6.47794649945,9,7,2,3,1,0
145,145,18,402.7,4,130.9,6.6624324789,9,7,2,3,1,0
146,146,18,398.7,4,129.8,6.56257212846,9,7,2,3,1,0
147,147,18,400.6,4,130.6,6.93093850043,9,7,2,3,1,0
148,148,18,400.4,4,130.6,6.99261982566,9,7,2,3,1,0
149,149,18,399.3,4,132.6,7.34160184477,9,7,2,3,1,0
150,150,18,396.8,4,131.7,7.20687761568,9,7,2,3,1,0
151,151,18,400.6,5,158.0,7.31607595096,9,7,2,3,2,0
152,152,18,392.7,4,133.7,7.50476319335,9,7,2,3,1,0
153,153,18,389.9,4,132.5,7.40922627451,9,7,2,3,1,0
154,154,17,381.5,5,158.3,7.43043225724,9,7,1,3,2,0
155,155,16,366.5,6,184.5,7.55676021851,8,7,1,3,3,0
156,156,16,358.2,5,156.3,7.36123857332,8,7,1,3,2,0
157,157,16,365.8,6,184.0,7.47519230522,8,7,1,3,3,0
158,158,16,363.0,5,159.6,7.5762677707,8,7,1,3,2,0
159,159,17,380.9,5,158.8,7.59246917908,8,7,2,3,2,0
160,160,16,353.4,5,159.5,8.36388067825,7,7,2,3,2,0
161,161,16,348.3,5,158.6,8.46315297825,8,7,1,3,2,0
162,162,16,358.5,5,157.6,7.51500443557,8,7,1,3,2,0
163,163,16,361.8,5,158.9,7.54346295367,8,7,1,3,2,0
164,164,16,364.7,5,157.9,7.12380691765,8,7,1,3,2,0
165,165,16,367.8,6,186.5,7.38980153094,8,7,1,4,2,0
166,166,16,362.0,6,184.7,7.46757434959,8,7,1,4,2,0
167,167,16,372.0,6,189.3,7.52648656413,8,7,1,4,2,0
168,168,16,372.9,6,188.1,7.32879878743,8,7,1,4,2,0
169,169,16,378.9,6,188.4,7.06231489433,8,7,1,4,2,0
170,170,16,385.5,6,190.2,7.05345955306,8,7,1,4,2,0
171,171,16,386.5,6,190.0,7.0387469292,8,7,1,4,2,0
172,172,16,384.4,6,186.6,6.74344125799,8,7,1,4,2,0
173,173,16,391.1,6,191.2,6.96285082898,8,7,1,4,2,0
174,174,16,387.4,6,190.2,7.07086746211,8,7,1,4,2,0
175,175,16,379.5,6,188.2,7.10663715597,8,7,1,4,2,0
176,176,16,377.8,6,187.6,6.94558612837,8,7,1,4,2,0
177,177,16,378.8,6,186.5,6.96232719714,8,7,1,4,2,0
178,178,16,381.1,6,186.5,6.71746169819,8,7,1,4,2,0
179,179,16,379.7,6,189.3,7.32772986675,8,7,1,4,2,0
180,180,17,395.5,6,190.2,7.5212150927,9,7,1,4,2,0
181,181,17,389.6,6,186.2,7.23388167706,9,7,1,4,2,0
182,182,17,394.9,6,189.3,7.48387973463,9,7,1,4,2,0
183,183,17,396.6,6,189.5,7.4651494213,9,7,1,4,2,0
184,184,17,389.7,6,186.3,7.45993711533,9,7,1,4,2,0
185,185,17,389.3,6,188.5,7.57561878661,9,7,1,4,2,0
186,186,17,353.5,4,122.0,6.61054749891,9,7,1,4,0,0
187,187,17,350.5,4,121.2,6.48336672707,9,7,1,4,0,0
188,188,17,370.2,5,157.8,7.52923713033,9,7,1,4,1,0
189,189,17,379.1,5,159.6,7.57116239424,9,7,1,4,1,0
190,190,17,378.7,5,158.3,7.47884762278,9,7,1,4,1,0
191,191,17,392.2,5,163.2,7.56007314001,9,7,1,4,1,0
192,192,17,394.6,6,188.4,7.56148814329,9,7,1,4,2,0
193,193,17,392.5,6,187.4,7.53416239148,9,7,1,4,2,0
194,194,17,395.6,6,188.6,7.4717605611,9,7,1,4,2,0
195,195,17,389.5,6,190.4,7.81264058697,9,7,1,4,2,0
196,196,16,371.3,6,187.1,7.49030206333,8,7,1,4,2,0
197,197,16,368.3,6,187.7,7.72115869975,8,7,1,4,2,0
198,198,16,369.7,6,187.6,7.66754795659,8,7,1,4,2,0
199,199,16,373.5,6,186.4,7.21858423331,8,7,1,4,2,0
200,200,16,380.3,6,186.4,6.77945118231,8,7,1,4,2,0
201,201,16,387.1,6,187.2,6.46956657487,8,7,1,4,2,0
202,202,16,387.7,6,188.8,6.99034751163,8,7,1,4,2,0
203,203,16,386.7,6,186.5,6.88192984077,8,7,1,4,2,0
204,204,16,395.8,7,217.3,7.07209304237,8,7,1,4,3,0
205,205,16,393.6,7,215.0,6.69686493816,8,7,1,4,3,0
206,206,16,392.0,6,189.0,6.7196230053,8,7,1,4,2,0
207,207,16,395.7,7,217.0,6.89431831293,8,7,1,4,3,0
208,208,17,420.2,7,219.4,6.60172660125,8,7,2,4,3,0
209,209,17,415.6,7,217.7,6.50020361672,8,7,2,4,3,0
210,210,17,412.3,8,243.5,7.1247032962,8,7,2,4,4,0
211,211,16,387.5,7,216.3,7.17572005678,8,7,1,4,3,0
212,212,17,401.8,8,238.4,6.83181355649,8,7,2,4,4,0
213,213,17,401.2,8,238.0,6.74110525062,8,7,2,4,4,0
214,214,17,406.9,8,240.8,6.78177163215,8,7,2,4,4,0
215,215,17,401.3,8,238.6,6.75309841742,8,7,2,4,4,0
216,216,18,417.9,8,239.5,7.01336958538,9,7,2,4,4,0
217,217,18,413.9,8,239.0,7.09245433519,9,7,2,4,4,0
218,218,18,412.7,8,235.9,6.83785359817,9,7,2,4,4,0
219,219,18,413.7,8,237.2,7.13650515885,9,7,2,4,4,0
220,220,18,421.4,8,235.9,6.75424823952,9,7,2,4,4,0
221,221,18,419.2,7,207.4,6.4011845309,9,7,2,3,4,0
222,222,18,423.4,7,211.8,6.62460259013,9,7,2,3,4,0
223,223,18,418.3,6,183.7,6.49254222745,9,7,2,3,3,0
224,224,18,415.6,6,182.8,6.58839343881,9,7,2,3,3,0
225,225,18,406.7,6,181.0,6.64896915692,9,7,2,3,3,0
226,226,18,412.6,5,157.4,6.44867114041,9,7,2,3,2,0
227,227,18,409.0,5,155.3,6.31948951359,9,7,2,3,2,0
228,228,18,400.7,4,129.3,6.61203349418,9,7,2,3,1,0
229,229,18,404.5,5,156.7,6.75450225062,9,7,2,3,2,0
230,230,18,396.5,4,131.9,7.43653979906,9,7,2,3,1,0
231,231,18,390.0,5,155.3,7.58233240539,9,7,2,3,2,0
232,232,18,397.9,6,181.6,7.4053615094,9,7,2,4,2,0
233,233,18,398.5,6,181.0,7.24683613634,9,7,2,4,2,0
234,234,18,392.8,6,180.2,7.30701158482,9,7,2,4,2,0
235,235,18,395.6,5,155.6,7.25522574794,9,7,2,3,2,0
236,236,18,394.9,5,158.4,7.44225921493,9,7,2,3,2,0
237,237,18,387.8,5,155.9,7.11991591343,9,7,2,3,2,0
238,238,18,395.4,6,181.8,7.09854997621,9,7,2,4,2,0
239,239,18,401.0,6,180.9,6.90614011166,9,7,2,4,2,0
240,240,18,398.6,6,178.7,6.82747237892,9,7,2,4,2,0
241,241,18,398.0,6,184.0,7.52117707378,9,7,2,4,2,0
242,242,18,402.8,6,185.4,7.63872144796,9,7,2,4,2,0
243,243,18,401.8,5,157.7,7.4189388456,9,7,2,4,1,0
244,244,18,401.2,5,159.7,7.75316928662,9,7,2,4,1,0
245,245,18,400.2,5,159.7,7.69055952986,9,7,2,4,1,0
246,246,18,400.0,5,158.6,7.4013953816,9,7,2,4,1,0
247,247,18,407.9,5,160.1,7.37843749511,9,7,2,4,1,0
248,248,18,406.5,6,184.3,7.02610677905,9,7,2,4,2,0
249,249,18,403.4,5,158.1,7.04697589616,9,7,2,4,1,0
250,250,17,392.1,6,184.6,7.06018246723,9,7,1,4,2,0
251,251,17,393.1,6,184.8,7.00361776261,9,7,1,4,2,0
252,252,17,396.3,5,157.7,6.40350317726,9,7,1,4,1,0
253,253,17,395.3,5,158.7,6.56706913766,9,7,1,4,1,0
254,254,17,395.3,6,185.8,6.72998120791,9,7,1,4,2,0
255,255,17,396.3,6,185.1,6.77577323567,9,7,1,4,2,0
256,256,17,394.8,6,185.1,6.84402379925,9,7,1,4,2,0
257,257,17,397.6,6,184.2,6.7176895538,9,7,1,4,2,0
258,258,17,400.4,6,187.3,6.9750553445,9,7,1,4,2,0
259,259,17,390.9,7,207.7,6.75309841742,9,7,1,4,3,0
260,260,17,402.7,7,212.1,6.80476692776,9,7,1,4,3,0
261,261,17,400.4,7,211.0,6.8102971344,9,7,1,4,3,0
262,262,17,394.0,7,207.9,6.64751169722,9,7,1,4,3,0
263,263,17,395.1,7,213.5,7.311981505,9,7,1,4,3,0
264,264,17,391.2,7,210.0,7.15147557789,9,7,1,4,3,0
265,265,17,381.0,6,182.5,7.26549055062,9,7,1,4,2,0
266,266,17,383.7,6,184.0,7.19659335258,9,7,1,4,2,0
267,267,17,386.7,6,184.3,7.20530339811,9,7,1,4,2,0
268,268,17,384.0,6,183.3,7.04218381904,9,7,1,4,2,0
269,269,17,384.0,6,184.4,7.1808671441,9,7,1,4,2,0
270,270,17,368.2,5,149.1,6.44738889237,9,7,1,4,1,0
271,271,17,368.4,5,150.1,6.46004689475,9,7,1,4,1,0
272,272,17,378.1,5,153.7,6.51901630075,9,7,1,4,1,0
273,273,17,375.4,5,154.5,6.85066012277,9,7,1,4,1,0
274,274,17,377.6,5,155.9,7.00989321896,9,7,1,4,1,0
275,275,17,376.7,5,157.6,7.18227495501,9,7,1,4,1,0
276,276,17,377.6,5,159.4,7.3089741374,9,7,1,4,1,0
277,277,17,373.1,5,157.2,7.13530987826,9,7,1,4,1,0
278,278,17,375.5,5,159.4,7.35407050151,9,7,1,4,1,0
279,279,17,374.5,5,158.3,7.20761443769,9,7,1,4,1,0
280,280,17,369.8,5,158.5,7.41233074403,9,7,1,4,1,0
281,281,17,367.8,5,158.5,7.49541036039,9,7,1,4,1,0
282,282,17,366.7,5,159.0,7.61583586236,9,7,1,4,1,0
283,283,17,364.8,5,158.8,7.50133811592,9,7,1,4,1,0
284,284,17,364.3,5,158.6,7.51463278427,9,7,1,4,1,0
285,285,17,361.7,5,159.2,7.5626160662,9,7,1,4,1,0
286,286,17,361.8,5,158.8,7.52655592669,9,7,1,4,1,0
287,287,17,364.9,5,158.3,7.29408503313,9,7,1,4,1,0
288,288,17,368.3,5,158.8,7.26910768049,9,7,1,4,1,0
289,289,17,373.8,5,158.8,7.1420307295,9,7,1,4,1,0
290,290,17,367.8,5,154.4,6.77550193496,9,7,1,4,1,0
291,291,17,373.1,5,159.2,7.26963871584,9,7,1,4,1,0
292,292,17,363.4,5,154.9,7.1638440634,9,7,1,4,1,0
293,293,17,361.9,6,180.9,7.34871437336,9,7,1,4,2,0
294,294,17,356.8,6,185.1,8.10662401627,9,7,1,4,2,0
295,295,18,370.6,6,183.7,7.82122969788,9,7,2,4,2,0
296,296,17,337.7,5,153.7,7.77744665495,8,7,2,3,2,0
297,297,17,340.2,4,127.0,7.49957351729,8,7,2,3,1,0
298,298,16,316.3,5,152.4,8.08889928647,8,7,1,3,2,0
299,299,18,367.8,6,181.5,7.85890278227,9,7,2,4,2,0
300,300,18,373.2,6,183.2,7.85441052568,9,7,2,4,2,0
301,301,18,376.7,6,183.6,7.80194587761,9,7,2,4,2,0
302,302,18,377.4,6,180.9,7.4028611321,9,7,2,4,2,0
303,303,18,382.7,6,183.4,7.45023796611,9,7,2,4,2,0
304,304,18,380.2,6,182.1,7.43905082145,9,7,2,4,2,0
305,305,18,376.1,6,181.1,7.46343811502,9,7,2,4,2,0
306,306,18,387.6,6,181.4,6.98595229097,9,7,2,4,2,0
307,307,18,384.5,6,179.3,6.82712056166,9,7,2,4,2,0
308,308,18,385.9,6,177.9,6.67974452566,9,7,2,4,2,0
309,309,18,392.6,6,179.4,6.69107297198,9,7,2,4,2,0
310,310,18,397.1,6,180.7,6.64336368459,9,7,2,4,2,0
311,311,18,391.0,6,177.7,6.58068077611,9,7,2,4,2,0
312,312,18,389.5,6,178.5,6.53075429288,9,7,2,4,2,0
313,313,18,391.8,6,180.8,6.71985644104,9,7,2,4,2,0
314,314,18,389.8,6,178.3,6.68371349953,9,7,2,4,2,0
315,315,18,392.8,5,152.4,6.36336532824,9,7,2,3,2,0
316,316,18,400.3,6,181.2,6.71741712345,9,7,2,4,2,0
317,317,18,402.9,6,178.0,6.346953878,9,7,2,4,2,0
318,318,18,397.8,6,176.5,6.35554412906,9,7,2,4,2,0
319,319,17,379.5,7,205.0,7.04756424339,9,7,1,5,2,0
320,320,17,370.1,6,179.2,7.51995384842,9,7,1,4,2,0
321,321,17,363.2,6,177.2,7.45762539087,9,7,1,4,2,0
322,322,17,370.9,6,179.0,6.92786360415,9,7,1,4,2,0
323,323,17,366.2,6,179.5,7.18792901533,9,7,1,4,2,0
324,324,18,385.6,5,150.2,6.5922017705,9,7,2,3,2,0
325,325,18,385.1,5,151.9,6.74052469787,9,7,2,3,2,0
326,326,18,390.4,6,178.8,6.78994835715,9,7,2,4,2,0
327,327,18,388.0,6,177.9,6.72171391153,9,7,2,4,2,0
328,328,18,385.6,6,179.0,7.00701795728,9,7,2,4,2,0
329,329,18,386.2,6,177.4,6.88239204503,9,7,2,4,2,0
330,330,18,379.1,5,148.1,6.42285797563,9,7,2,3,2,0
331,331,18,390.6,5,152.0,6.73140139242,9,7,2,3,2,0
332,332,18,391.9,5,152.5,6.60684186863,9,7,2,3,2,0
333,333,18,380.8,5,151.3,6.75993580045,9,7,2,3,2,0
334,334,18,382.3,5,153.6,7.08221790526,9,7,2,3,2,0
335,335,17,369.4,5,153.6,6.9462908003,9,7,1,3,2,0
336,336,18,392.6,5,153.2,6.69485218296,9,7,2,3,2,0
337,337,18,389.7,5,153.6,6.78937318427,9,7,2,3,2,0
338,338,18,388.2,5,154.1,6.87578872481,9,7,2,3,2,0
339,339,17,368.6,5,153.5,6.99787782957,9,7,1,3,2,0
340,340,17,364.2,6,178.6,7.3972570433,9,7,1,4,2,0
341,341,17,369.2,6,179.6,7.384632294,9,7,1,4,2,0
342,342,16,353.8,6,178.3,7.45706600033,8,7,1,4,2,0
343,343,16,350.8,4,126.9,7.04778925148,8,7,1,3,1,0
344,344,17,374.3,6,179.1,7.12067722325,9,7,1,4,2,0
345,345,17,374.4,5,153.0,6.96424165037,9,7,1,4,1,0
346,346,17,371.1,5,153.1,7.04785115353,9,7,1,4,1,0
347,347,18,386.0,6,179.7,7.27430790904,9,8,1,5,1,0
348,348,18,380.9,4,129.1,7.30987558347,9,8,1,3,1,0
349,349,18,381.8,6,176.9,6.79349939184,9,8,1,5,1,0
350,350,18,375.6,4,126.8,6.96765637027,9,8,1,3,1,0
351,351,18,376.5,5,154.1,7.23034862067,9,8,1,4,1,0
352,352,18,376.9,5,151.8,6.98891045021,9,8,1,4,1,0
353,353,18,378.1,6,179.8,7.20110058763,9,8,1,5,1,0
354,354,17,362.8,5,153.1,7.08952209457,8,8,1,4,1,0
355,355,17,359.3,5,150.7,6.89537355555,8,8,1,4,1,0
356,356,17,356.2,6,177.5,7.33937306988,8,8,1,5,1,0
357,357,17,356.4,5,152.3,7.16832801081,8,8,1,4,1,0
358,358,17,361.5,5,150.7,6.80394565459,8,8,1,4,1,0
359,359,18,375.3,5,149.7,6.8148842293,9,8,1,4,1,0
360,360,18,373.4,5,149.5,6.81315528719,9,8,1,4,1,0
361,361,18,370.8,5,147.2,6.83778429885,9,8,1,4,1,0
362,362,18,372.1,5,148.2,6.87542987367,9,8,1,4,1,0
363,363,18,378.9,5,150.3,6.77922865645,9,8,1,4,1,0
364,364,18,371.9,5,148.4,6.60322014928,9,8,1,4,1,0
365,365,18,374.5,5,149.5,6.75473448098,9,8,1,4,1,0
366,366,18,379.7,5,148.4,6.41968225549,9,8,1,4,1,0
367,367,18,377.3,6,172.9,6.43447871547,9,8,1,4,2,0
368,368,18,375.5,6,174.6,6.77895869922,9,8,1,4,2,0
369,369,18,376.0,6,176.3,6.98712167355,9,8,1,4,2,0
370,370,19,395.1,6,175.3,6.6808577031,9,8,2,4,2,0
371,371,19,393.2,6,175.5,6.78105806921,9,8,2,4,2,0
372,372,18,378.5,6,175.8,6.96848414232,9,8,1,4,2,0
373,373,18,378.8,6,174.6,6.84236132463,9,8,1,4,2,0
374,374,18,380.0,6,173.5,6.60319787847,9,8,1,4,2,0
375,375,18,379.5,6,174.9,6.81695550469,9,8,1,4,2,0
376,376,18,381.5,5,147.8,6.5898738917,9,8,1,4,1,0
377,377,18,378.3,5,146.9,6.51245413216,9,8,1,4,1,0
378,378,19,395.0,5,146.4,6.44264393077,9,8,2,4,1,0
379,379,19,389.3,4,122.2,6.490411281,9,8,2,3,1,0
380,380,18,370.6,4,122.4,6.72938148446,9,8,1,3,1,0
381,381,18,369.2,4,123.4,6.83011401928,9,8,1,3,1,0
382,382,17,358.7,4,123.6,6.97423830967,9,8,0,3,1,0
383,383,18,368.0,4,122.7,6.74730641003,9,8,1,3,1,0
384,384,18,367.0,4,124.5,7.0503974764,9,8,1,3,1,0
385,385,18,371.9,5,149.0,6.94119322586,9,8,1,3,2,0
386,386,18,361.6,4,120.8,6.74003743129,9,8,1,3,1,0
387,387,18,371.8,4,122.9,6.88734749781,9,8,1,3,1,0
388,388,17,363.1,5,149.1,6.71938044238,9,7,1,3,2,0
389,389,16,345.6,4,121.1,6.42723372325,9,6,1,3,1,0
390,390,16,351.7,5,148.2,6.58647288008,9,6,1,3,2,0
391,391,16,362.2,5,150.1,6.36897427639,9,6,1,3,2,0
392,392,16,352.3,5,146.4,6.22877395641,9,6,1,3,2,0
393,393,17,373.7,5,148.7,6.34056733405,9,7,1,3,2,0
394,394,17,367.1,4,122.4,6.35712893021,9,7,1,3,1,0
395,395,16,346.6,4,121.4,6.3988410409,8,7,1,3,1,0
396,396,16,340.3,4,121.5,6.67400117371,8,7,1,3,1,0
397,397,17,360.3,4,120.2,6.35909492265,9,7,1,3,1,0
398,398,17,364.6,4,120.1,6.12547117035,9,7,1,3,1,0
399,399,16,349.7,4,120.7,5.88273958288,9,6,1,3,1,0
400,400,16,353.7,4,120.5,5.82643043953,9,6,1,3,1,0
401,401,16,350.3,5,144.3,5.87429073733,9,6,1,4,1,0
402,402,16,337.8,3,93.6,5.96845876253,9,6,1,2,1,0
403,403,16,352.3,3,93.9,5.66312266628,9,6,1,2,1,0
404,404,16,354.2,4,118.2,5.50149979551,9,6,1,3,1,0
405,405,16,346.8,3,92.0,5.52286157712,9,6,1,2,1,0
406,406,16,346.3,3,93.7,5.66462340614,9,6,1,2,1,0
407,407,15,327.5,3,94.4,5.8457147512,9,6,0,2,1,0
408,408,15,324.7,3,92.3,5.56774725754,9,6,0,2,1,0
409,409,15,323.4,3,92.6,5.99247146724,9,6,0,2,1,0
410,410,15,319.5,3,94.8,6.20633317093,9,6,0,2,1,0
411,411,15,317.3,3,94.2,6.15779026538,9,6,0,2,1,0
412,412,16,338.9,3,93.7,5.91125691654,9,7,0,2,1,0
413,413,16,329.5,3,90.8,5.71051296587,9,7,0,2,1,0
414,414,15,313.3,3,90.6,5.83620065584,8,7,0,2,1,0
415,415,15,317.9,2,65.4,5.77648764595,8,7,0,2,0,0
416,416,15,315.2,3,91.0,6.09822768945,8,7,0,2,1,0
417,417,15,312.8,3,89.7,5.72549020567,8,7,0,2,1,0
418,418,16,324.7,3,90.1,5.91421662888,8,7,1,2,1,0
419,419,16,332.2,3,89.3,5.84190322869,8,7,1,2,1,0
420,420,17,343.5,3,90.7,5.90714298416,9,7,1,2,1,0
421,421,17,354.1,4,119.2,6.33134708276,9,7,1,3,1,0
422,422,17,359.5,5,144.9,6.31596366826,9,7,1,4,1,0
423,423,17,357.7,3,91.1,5.92780090163,9,7,1,3,0,0
424,424,17,352.6,4,117.9,6.26498791135,9,7,1,4,0,0
425,425,17,364.5,4,118.0,5.92315992773,9,7,1,4,0,0
426,426,18,380.9,4,117.5,5.77949101045,9,7,2,4,0,0
427,427,18,380.6,4,116.4,5.77715808643,9,7,2,4,0,0
428,428,18,378.2,4,116.5,5.82084377236,9,7,2,4,0,0
429,429,19,371.7,2,61.6,5.85777835459,9,8,2,0,2,0
430,430,19,387.9,3,90.0,6.0157444499,9,8,2,1,2,0
431,431,19,387.3,2,64.2,5.83335839594,9,8,2,0,2,0
432,432,19,391.2,3,90.5,6.04132939167,9,8,2,1,2,0
433,433,19,394.1,3,91.0,6.11812569242,9,8,2,1,2,0
434,434,19,385.1,3,91.0,6.42080408876,9,8,2,1,2,0
435,435,19,380.1,3,91.8,6.52316161281,9,8,2,1,2,0
436,436,19,382.1,2,65.4,6.35932340364,9,8,2,0,2,0
437,437,18,361.7,3,90.8,6.20127806772,8,8,2,1,2,0
438,438,18,369.3,2,66.2,5.9590020878,8,8,2,0,2,0
439,439,18,374.3,2,66.1,5.87271579848,8,8,2,0,2,0
440,440,18,371.7,3,91.1,6.02692488168,8,8,2,0,3,0
441,441,19,379.0,2,63.2,5.38190057518,9,8,2,0,2,0
442,442,18,364.0,2,65.0,6.00730492137,9,8,1,0,2,0
443,443,18,370.5,3,90.4,5.91640292149,9,8,1,0,3,0
444,444,18,371.6,2,64.5,5.74468779905,9,8,1,0,2,0
445,445,18,373.7,3,90.0,5.79148857111,9,8,1,0,3,0
446,446,18,384.8,5,143.9,6.00632564156,9,8,1,2,3,0
447,447,18,377.1,4,117.8,6.03287561908,9,8,1,1,3,0
448,448,18,377.4,4,117.9,6.29369432331,9,8,1,1,3,0
449,449,18,378.2,3,92.5,6.32584696853,9,8,1,1,2,0
450,450,18,381.7,4,117.0,5.90368501294,9,8,1,2,2,0
451,451,18,382.5,4,115.7,5.78357206944,9,8,1,1,3,0
452,452,18,380.1,4,116.5,6.0478727422,9,8,1,2,2,0
453,453,18,383.9,4,116.9,6.05900453439,9,8,1,2,2,0
454,454,18,382.9,5,142.7,6.20197364749,9,8,1,2,3,0
455,455,18,388.5,5,143.1,6.27827720843,9,8,1,2,3,0
456,456,18,382.1,4,116.7,6.1323448692,9,8,1,1,3,0
457,457,18,386.5,6,169.8,6.33318111272,9,8,1,2,4,0
458,458,18,386.0,5,141.5,6.21253213718,9,8,1,2,3,0
459,459,17,369.0,5,142.3,6.13101445401,9,8,0,2,3,0
460,460,17,369.6,5,140.4,5.6748412779,9,8,0,2,3,0
461,461,17,359.6,2,61.6,5.23427617334,9,8,0,0,2,0
462,462,17,369.2,5,140.6,5.87943824848,9,8,0,2,3,0
463,463,17,369.1,5,142.5,6.0088354064,9,8,0,2,3,0
464,464,17,371.6,5,143.0,5.91830410924,9,8,0,2,3,0
465,465,17,363.5,4,113.6,5.68003469335,9,8,0,2,2,0
466,466,17,361.8,4,114.1,5.93066557122,9,8,0,1,3,0
467,467,17,366.6,4,117.2,6.29473402699,9,8,0,2,2,0
468,468,18,373.7,5,143.8,6.65017813905,9,8,1,2,3,0
469,469,18,377.8,6,173.8,6.98434290049,9,8,1,3,3,0
470,470,18,375.0,5,150.2,7.20481864898,9,8,1,2,3,0
471,471,18,371.6,5,149.1,7.15148871562,9,8,1,2,3,0
472,472,18,378.9,5,148.7,6.85310148765,8,9,1,1,4,0
473,473,18,386.4,6,174.8,6.80423743404,8,9,1,2,4,0
474,474,18,363.9,3,89.9,5.64897179608,8,9,1,0,3,0
475,475,19,384.5,6,168.4,6.18835919075,9,9,1,2,4,0
476,476,19,393.0,6,168.1,5.88465642893,9,9,1,2,4,0
477,477,19,392.9,6,171.9,6.44097809579,9,9,1,2,4,0
478,478,19,397.5,6,176.3,6.91532749665,9,9,1,2,4,0
479,479,19,389.3,6,174.4,7.00443468548,9,9,1,2,4,0
480,480,19,399.8,6,177.3,6.97298882112,9,9,1,2,4,0
481,481,19,388.2,5,147.8,6.8023731669,9,9,1,1,4,0
482,482,19,391.2,6,174.0,6.92707207162,9,9,1,2,4,0
483,483,19,393.3,6,176.6,7.10813305697,9,9,1,2,4,0
484,484,19,391.0,6,176.9,7.37477524685,9,9,1,2,4,0
485,485,19,383.8,6,175.5,7.38617326872,9,9,1,2,4,0
486,486,19,392.2,6,176.2,7.13382520029,9,9,1,2,4,0
487,487,19,398.2,5,150.6,6.96573484912,9,9,1,1,4,0
488,488,19,396.7,6,174.1,6.93418095359,9,9,1,2,4,0
489,489,19,398.0,5,147.7,6.61524908585,9,9,1,1,4,0
490,490,20,392.2,4,120.1,6.77859634593,9,9,2,1,3,0
491,491,20,389.4,4,120.8,6.89241383124,9,9,2,1,3,0
492,492,20,391.7,4,122.7,7.02823441181,9,9,2,1,3,0
493,493,20,380.8,4,120.8,6.99980450855,9,9,2,1,3,0
494,494,20,380.1,4,122.7,7.1634654213,9,9,2,1,3,0
495,495,20,380.4,4,123.2,7.17720074446,9,9,2,1,3,0
496,496,20,383.2,4,122.4,7.06134026342,9,9,2,1,3,0
497,497,20,366.4,4,119.8,6.79617539503,9,9,2,1,3,0
498,498,19,357.0,4,120.6,7.01743026224,8,9,2,1,3,0
499,499,19,350.8,4,120.9,7.13770975767,8,9,2,1,3,0
500,500,19,354.6,4,120.0,6.85267267619,8,9,2,1,3,0
501,501,19,350.1,4,115.5,6.43271517801,8,9,2,1,3,0
502,502,19,343.1,3,88.6,6.17677691838,8,9,2,0,3,0
503,503,19,355.3,4,118.5,6.67482833737,8,9,2,1,3,0
504,504,19,361.5,4,119.2,6.77141394272,8,9,2,1,3,0
505,505,19,365.3,4,118.4,6.69907473754,8,9,2,1,3,0
506,506,18,362.5,4,121.3,6.8209141089,8,9,1,1,3,0
507,507,18,361.0,5,149.1,7.27180066884,8,9,1,1,4,0
508,508,18,361.0,5,149.4,7.3719039142,8,9,1,1,4,0
509,509,18,360.2,5,148.1,7.23308484257,8,9,1,1,4,0
510,510,19,384.3,5,148.6,6.87312334833,8,9,2,1,4,0
511,511,19,386.5,5,149.9,6.94056640256,8,9,2,1,4,0
512,512,19,380.2,5,147.9,6.83389385805,8,9,2,1,4,0
513,513,19,378.6,5,150.2,7.25288004905,8,9,2,1,4,0
514,514,19,393.0,5,151.2,7.00097319885,8,9,2,1,4,0
515,515,18,375.7,5,151.1,7.04588370073,8,9,1,1,4,0
516,516,17,368.4,5,152.8,6.96982466654,7,9,1,1,4,0
517,517,17,365.4,5,151.4,6.85369157719,7,9,1,1,4,0
518,518,17,362.0,5,151.2,6.87290609825,7,9,1,1,4,0
519,519,18,381.6,5,151.4,6.68870865933,8,9,1,1,4,0
520,520,18,375.9,5,152.8,7.04775725695,8,9,1,1,4,0
521,521,18,380.4,5,151.0,6.59206296372,8,9,1,1,4,0
522,522,18,378.2,5,151.6,6.74213170068,8,9,1,1,4,0
523,523,18,380.7,5,153.1,6.90705095835,8,9,1,1,4,0
524,524,18,379.5,5,151.2,6.77019853736,8,9,1,1,4,0
525,525,18,377.4,5,152.0,6.81192725601,8,9,1,1,4,0
526,526,18,372.6,5,152.2,7.08096038684,8,9,1,1,4,0
527,527,18,360.2,5,153.0,7.54943619935,8,9,1,1,4,0
528,528,18,363.9,5,152.1,7.38179397931,8,9,1,1,4,0
529,529,18,369.4,6,177.3,7.1315830728,8,9,1,2,4,0
530,530,18,379.9,6,180.8,7.23817268313,8,9,1,2,4,0
531,531,18,381.4,6,179.4,7.03009404078,8,9,1,2,4,0
532,532,18,379.4,6,181.1,7.38349156649,7,9,2,2,4,0
533,533,18,382.1,6,182.1,7.5761083876,7,9,2,2,4,0
534,534,19,386.3,6,179.2,7.49400149984,8,9,2,2,4,0
535,535,19,386.0,6,181.7,7.85672133752,8,9,2,2,4,0
536,536,19,391.3,6,181.5,7.55244431987,8,9,2,2,4,0
537,537,19,393.0,6,181.7,7.42976470077,8,9,2,2,4,0
538,538,19,397.2,6,180.2,6.97427604241,8,9,2,2,4,0
539,539,19,400.6,6,180.4,6.89897441314,8,9,2,2,4,0
540,540,19,401.0,6,180.1,6.90816535254,8,9,2,2,4,0
541,541,19,401.2,5,153.9,6.72278572864,8,9,2,1,4,0
542,542,20,419.6,5,155.9,7.00485545889,9,9,2,1,4,0
543,543,19,400.0,5,153.1,6.7819505897,8,9,2,1,4,0
544,544,19,403.0,5,152.8,6.71043091321,8,9,2,1,4,0
545,545,19,398.3,4,125.9,6.55313415485,8,9,2,1,3,0
546,546,19,396.0,4,126.5,6.80655858464,8,9,2,1,3,0
547,547,19,387.7,4,127.1,6.8614441049,8,9,2,1,3,0
548,548,19,389.0,4,128.2,7.0406630137,8,9,2,1,3,0
549,549,19,386.8,4,127.9,7.0237150497,8,9,2,1,3,0
550,550,19,374.1,4,128.3,7.47922268219,8,9,2,1,3,0
551,551,20,391.3,4,129.8,7.44907447448,9,9,2,1,3,0
552,552,20,386.3,4,128.8,7.45684249532,9,9,2,1,3,0
553,553,20,388.2,4,129.0,7.4419790803,9,9,2,1,3,0
554,554,20,391.5,4,131.7,7.74690940073,9,9,2,1,3,0
555,555,20,396.7,4,131.7,7.69451445067,9,9,2,1,3,0
556,556,20,394.5,4,130.2,7.547385396,9,9,2,1,3,0
557,557,19,377.4,4,131.2,7.86201914455,9,8,2,1,3,0
558,558,19,382.8,4,129.2,7.56500484108,9,8,2,1,3,0
559,559,18,373.9,4,128.6,7.47928948777,8,8,2,1,3,0
560,560,18,377.6,5,155.4,7.87449759783,8,8,2,1,4,0
561,561,18,368.5,5,153.8,7.73934223954,8,8,2,1,4,0
562,562,19,390.2,5,152.2,7.29933105963,9,8,2,1,4,0
563,563,19,382.6,5,145.8,6.76175606106,9,8,2,1,4,0
564,564,18,376.9,6,176.8,7.30295177138,8,8,2,2,4,0
565,565,18,378.8,6,176.4,7.18415103849,8,8,2,2,4,0
566,566,18,384.6,6,179.2,7.33155950026,8,8,2,2,4,0
567,567,18,386.3,7,204.0,7.25973090482,8,8,2,2,5,0
568,568,19,404.3,6,179.6,7.03100901146,8,9,2,1,5,0
569,569,18,396.8,7,210.9,7.64708496728,8,9,1,2,5,0
570,570,18,399.9,6,188.0,7.54408611391,8,9,1,2,4,0
571,571,19,413.0,6,182.3,7.16753564703,8,9,2,2,4,0
572,572,19,418.0,6,183.4,7.08182336847,8,9,2,2,4,0
573,573,19,412.8,7,206.9,7.09763983505,8,9,2,2,5,0
574,574,19,407.6,7,205.5,6.94329160021,8,9,2,2,5,0
575,575,19,419.4,6,179.2,6.33735329484,8,9,2,2,4,0
576,576,19,425.5,7,206.3,6.39952026711,8,9,2,2,5,0
577,577,18,404.0,7,204.1,6.42240766858,8,8,2,2,5,0
578,578,18,410.7,7,209.6,6.62723880041,8,8,2,2,5,0
579,579,18,410.9,7,213.3,7.20717008635,8,8,2,2,5,0
580,580,18,408.0,7,211.5,7.14249915069,8,8,2,2,5,0
581,581,18,423.0,7,213.4,6.59331211956,8,8,2,2,5,0
582,582,18,420.2,7,212.6,6.66988157777,8,8,2,2,5,0
583,583,18,416.3,7,211.7,6.88423651673,8,8,2,2,5,0
584,584,19,429.7,8,237.3,7.12392394665,9,8,2,2,6,0
585,585,19,424.7,8,237.4,7.18859964891,9,8,2,2,6,0
586,586,19,432.0,7,212.9,7.00755231687,9,8,2,2,5,0
587,587,19,434.3,7,214.4,6.8975290092,9,8,2,2,5,0
588,588,19,430.1,7,212.8,6.8595602812,9,9,1,2,5,0
589,589,20,448.9,7,214.7,6.93765279585,9,10,1,2,5,0
590,590,20,437.3,7,213.8,7.41735340799,9,10,1,2,5,0
591,591,20,442.2,7,215.5,7.27315901829,9,10,1,2,5,0
592,592,20,440.8,7,215.2,7.14926569656,9,10,1,2,5,0
593,593,20,445.0,7,211.8,6.65894728522,9,10,1,2,5,0
594,594,20,442.1,7,213.4,6.9433402397,9,10,1,2,5,0
595,595,20,446.3,7,211.2,6.6598779031,9,10,1,2,5,0
596,596,20,442.8,6,185.3,6.6574374713,9,10,1,2,4,0
597,597,20,438.1,6,187.4,7.00183998374,9,10,1,2,4,0
598,598,19,412.0,6,185.4,7.15970694294,9,9,1,2,4,0
599,599,19,410.7,6,185.6,7.14930168757,9,9,1,2,4,0
600,600,19,407.6,6,183.0,6.92036996611,9,9,1,2,4,0
601,601,19,415.6,6,186.9,7.09489974131,9,9,1,2,4,0
602,602,19,403.6,6,184.8,7.32008771877,9,9,1,2,4,0
603,603,19,408.6,6,186.5,7.39567994652,9,9,1,2,4,0
604,604,19,410.1,6,185.6,7.31287017357,9,9,1,2,4,0
605,605,20,422.9,6,184.9,7.18188327449,9,10,1,2,4,0
606,606,20,423.7,6,185.4,7.21994860749,9,10,1,2,4,0
607,607,20,437.7,6,186.7,6.89273263357,9,10,1,2,4,0
608,608,20,431.1,6,180.8,6.423679467,9,10,1,2,4,0
609,609,20,438.7,6,185.7,6.76253417153,9,10,1,2,4,0
610,610,20,440.1,6,185.1,6.7506315494,9,10,1,2,4,0
611,611,20,436.4,6,182.8,6.51432429747,9,10,1,2,4,0
612,612,20,432.3,6,184.4,6.97388172511,9,10,1,2,4,0
613,613,20,437.7,6,183.2,6.51421724506,9,10,1,2,4,0
614,614,20,432.7,6,183.7,6.73133090774,9,10,1,2,4,0
615,615,20,433.8,6,185.5,6.86385651917,9,10,1,2,4,0
616,616,20,438.8,6,185.0,6.6872541765,9,10,1,2,4,0
617,617,20,439.6,6,185.2,6.68656154261,9,10,1,2,4,0
618,618,20,442.0,6,185.1,6.64577428066,9,10,1,2,4,0
619,619,18,408.9,6,186.4,6.80650640283,8,9,1,2,4,0
620,620,18,406.6,6,184.2,6.72360975255,8,9,1,2,4,0
621,621,18,406.3,6,186.2,6.97430625313,8,9,1,2,4,0
622,622,18,415.4,6,185.7,6.57003496772,8,9,1,2,4,0
623,623,18,413.3,6,185.4,6.60936402466,8,9,1,2,4,0
624,624,18,407.9,6,182.2,6.53768612502,8,9,1,2,4,0
625,625,18,413.5,6,185.1,6.67698466248,8,9,1,2,4,0
626,626,18,406.1,6,186.4,7.08130420763,8,9,1,2,4,0
627,627,18,404.8,6,182.9,6.69827799547,8,9,1,2,4,0
628,628,18,406.2,6,186.1,6.94914298567,8,9,1,2,4,0
629,629,18,416.1,6,187.3,6.59270987754,8,9,1,2,4,0
630,630,18,412.1,6,185.6,6.52555809849,8,9,1,2,4,0
631,631,18,421.4,6,187.4,6.43006622314,8,9,1,2,4,0
632,632,18,421.2,6,187.0,6.46820276884,8,9,1,2,4,0
633,633,17,400.8,6,183.7,6.09154428406,7,9,1,2,4,0
634,634,17,405.6,6,185.0,6.09036727377,7,9,1,2,4,0
635,635,17,406.3,6,186.2,6.16096583337,7,9,1,2,4,0
636,636,17,407.4,6,184.4,5.91987554519,7,9,1,2,4,0
637,637,17,406.9,6,186.3,6.18010327346,7,9,1,2,4,0
638,638,17,412.0,6,184.4,5.81592008805,7,9,1,2,4,0
639,639,17,399.7,6,183.1,6.26656627996,7,9,1,2,4,0
640,640,17,415.5,6,186.5,5.97568603002,7,9,1,2,4,0
641,641,17,418.7,6,187.1,5.91267332789,7,9,1,2,4,0
642,642,17,413.2,6,183.9,5.83571659998,7,9,1,2,4,0
643,643,17,385.6,5,151.2,5.6816849717,7,9,1,1,4,0
644,644,18,403.5,6,176.8,6.11355773959,7,10,1,2,4,0
645,645,18,403.5,5,156.2,6.75079516014,7,10,1,1,4,0
646,646,18,402.7,5,155.4,6.68455687788,7,10,1,1,4,0
647,647,18,416.6,6,183.2,6.50576416113,7,10,1,2,4,0
648,648,18,419.8,5,157.4,6.42848033964,7,10,1,1,4,0
649,649,18,420.1,6,183.3,6.46038961572,7,10,1,2,4,0
650,650,18,411.0,5,157.5,6.66959739503,7,10,1,1,4,0
651,651,18,410.2,6,184.4,7.01870516707,7,10,1,1,5,0
652,652,18,406.5,5,156.7,6.67191215205,7,10,1,1,4,0
653,653,18,409.6,5,158.1,6.6722623575,7,10,1,1,4,0
654,654,18,412.6,4,131.1,6.5954133399,7,10,1,0,4,0
655,655,18,407.9,6,178.7,6.26729502482,7,10,1,2,4,0
656,656,18,408.0,6,187.5,7.3366124576,7,10,1,2,4,0
657,657,18,415.5,5,159.6,6.65284105609,7,10,1,1,4,0
658,658,18,403.0,5,155.6,6.41137673468,7,10,1,1,4,0
659,659,19,418.7,5,155.6,6.50112900676,7,11,1,1,4,0
660,660,19,412.0,5,154.8,6.53998497772,7,11,1,1,4,0
661,661,19,411.2,5,154.2,6.41658578213,7,11,1,1,4,0
662,662,18,393.4,5,155.4,6.60598856851,6,11,1,1,4,0
663,663,17,372.7,5,152.4,6.34315865833,6,10,1,1,4,0
664,664,17,365.4,5,153.9,6.8145497456,6,10,1,1,4,0
665,665,17,375.6,5,158.3,6.98869360004,6,10,1,1,4,0
666,666,17,380.3,5,157.1,6.57977627905,6,10,1,1,4,0
667,667,17,381.2,5,156.3,6.53620010134,6,10,1,1,4,0
668,668,16,362.2,5,158.0,7.09684202069,6,9,1,1,4,0
669,669,16,360.3,5,157.9,7.36597753187,6,9,1,1,4,0
670,670,16,366.0,5,154.1,6.52936954588,6,9,1,1,4,0
671,671,16,367.5,5,155.3,6.67799558251,6,9,1,1,4,0
672,672,16,369.3,5,154.7,6.44848496419,6,9,1,1,4,0
673,673,16,366.5,4,127.0,6.16889711915,6,9,1,1,3,0
674,674,16,370.4,4,128.0,6.17403163797,6,9,1,1,3,0
675,675,16,366.8,5,154.3,6.25315920156,6,9,1,1,4,0
676,676,16,360.3,4,128.4,6.56589356701,6,9,1,1,3,0
677,677,16,359.0,5,154.8,6.65781495688,6,9,1,1,4,0
678,678,16,350.0,5,146.4,6.00827207551,6,9,1,1,4,0
679,679,17,374.7,5,146.5,5.44392537875,7,9,1,1,4,0
680,680,16,355.1,5,150.7,6.31130929364,6,9,1,1,4,0
681,681,16,359.8,5,153.2,6.69057795212,6,9,1,1,4,0
682,682,16,358.9,5,149.5,6.25819129888,6,9,1,1,4,0
683,683,16,366.6,5,152.0,6.08450217082,6,9,1,1,4,0
684,684,16,369.6,5,154.8,6.46807544792,6,9,1,1,4,0
685,685,16,374.6,6,180.3,6.08669313612,6,9,1,2,4,0
686,686,16,377.7,5,155.0,5.8878936528,6,9,1,1,4,0
687,687,16,382.8,7,206.9,5.94872535366,6,9,1,2,5,0
688,688,16,378.2,6,181.8,6.01563241342,6,9,1,1,5,0
689,689,16,373.4,6,180.7,6.24850648822,6,9,1,1,5,0
690,690,16,381.4,6,183.5,6.3180033766,6,9,1,1,5,0
691,691,17,397.3,6,183.8,6.3677669463,7,9,1,1,5,0
692,692,17,395.0,7,208.0,6.2218306366,7,9,1,2,5,0
693,693,17,396.8,7,209.8,6.43254020815,7,9,1,2,5,0
694,694,17,402.4,7,211.1,6.17624124224,7,9,1,2,5,0
695,695,19,425.9,7,209.9,6.53981508046,7,11,1,2,5,0
696,696,19,437.6,7,214.4,6.67608107197,7,11,1,2,5,0
697,697,19,433.6,7,212.2,6.6639643646,7,11,1,2,5,0
698,698,19,431.5,6,184.9,6.54878230724,7,11,1,1,5,0
699,699,19,427.4,6,186.2,7.02610004706,7,11,1,1,5,0
700,700,19,431.1,6,187.5,7.13675110777,7,11,1,1,5,0
701,701,19,429.1,7,209.5,6.62883123249,7,11,1,2,5,0
702,702,19,435.1,7,212.2,6.80375713199,7,11,1,2,5,0
703,703,19,434.8,7,213.8,6.84042421994,7,11,1,2,5,0
704,704,19,429.0,7,209.5,6.70062840729,7,11,1,2,5,0
705,705,20,445.6,7,213.3,7.07051699145,8,11,1,2,5,0
706,706,20,441.9,7,212.0,7.02128155943,8,11,1,2,5,0
707,707,20,448.5,7,212.4,6.65763313403,8,11,1,2,5,0
708,708,20,442.5,7,213.6,6.92659823852,8,11,1,2,5,0
709,709,20,442.2,7,215.3,7.1341211239,8,11,1,2,5,0
710,710,20,441.5,7,211.8,6.75448194281,8,11,1,2,5,0
711,711,20,446.8,7,212.8,6.745556042,8,11,1,2,5,0
712,712,20,452.7,7,212.8,6.73766123721,8,11,1,2,5,0
713,713,20,450.4,7,212.1,6.72306321161,8,11,1,2,5,0
714,714,20,451.6,8,237.3,6.78881432947,8,11,1,3,5,0
715,715,20,443.1,8,236.2,7.19367229255,8,11,1,3,5,0
716,716,20,442.9,8,239.5,7.59130215583,8,11,1,3,5,0
717,717,20,436.4,8,236.2,7.52753541829,8,11,1,3,5,0
718,718,20,433.6,7,210.4,7.36739616933,8,11,1,2,5,0
719,719,20,431.4,7,210.9,7.48135225604,8,11,1,2,5,0
720,720,20,422.9,6,182.4,7.1672115256,8,11,1,1,5,0
721,721,20,430.3,6,183.5,6.92374062271,8,11,1,1,5,0
722,722,20,427.5,6,183.8,6.96335332104,8,11,1,1,5,0
723,723,20,428.9,6,181.7,6.78252204295,8,11,1,1,5,0
724,724,20,430.9,6,181.7,6.82568485093,8,11,1,1,5,0
725,725,20,424.9,5,156.9,6.95091625918,8,11,1,1,4,0
726,726,20,425.7,5,156.2,6.72671617703,8,11,1,1,4,0
727,727,20,427.3,6,182.2,6.89975400019,8,11,1,2,4,0
728,728,20,433.6,7,207.7,6.68081306114,8,11,1,2,5,0
729,729,20,424.5,7,205.4,6.80347241062,8,11,1,2,5,0
730,730,20,423.5,7,206.7,7.06621874615,8,11,1,2,5,0
731,731,20,417.7,6,178.3,6.92328451106,8,11,1,1,5,0
732,732,19,409.2,7,208.7,7.35875974803,8,10,1,1,6,0
733,733,19,413.3,8,232.6,7.05867224067,8,10,1,2,6,0
734,734,18,411.2,8,235.2,6.67525916855,7,10,1,2,6,0
735,735,19,425.2,8,235.0,6.71023918661,7,11,1,2,6,0
736,736,18,407.7,8,239.1,7.48168351611,7,10,1,2,6,0
737,737,17,401.4,8,241.7,7.22693593034,7,9,1,2,6,0
738,738,17,393.9,8,236.8,7.0457225238,7,9,1,2,6,0
739,739,17,401.3,8,239.2,7.03566544367,7,9,1,2,6,0
740,740,17,396.3,7,216.1,7.41543005774,7,9,1,2,5,0
741,741,17,377.6,6,181.4,6.89835871358,7,9,1,2,4,0
742,742,17,392.0,7,213.2,7.36919761775,7,9,1,2,5,0
743,743,17,387.0,7,213.1,7.47052049529,7,9,1,2,5,0
744,744,17,390.9,7,215.0,7.52117598752,7,9,1,2,5,0
745,745,17,384.3,7,213.7,7.65697970712,7,9,1,2,5,0
746,746,16,378.5,6,190.9,7.46833035781,6,9,1,2,4,0
747,747,17,391.3,6,189.4,7.48917846747,7,9,1,2,4,0
748,748,17,386.2,6,187.3,7.39309097182,7,9,1,2,4,0
749,749,19,418.4,6,187.1,7.2204631236,8,10,1,2,4,0
750,750,19,427.0,6,188.9,7.09599590577,8,10,1,2,4,0
751,751,19,421.2,6,186.3,6.94422642933,8,10,1,2,4,0
752,752,19,424.1,6,189.4,7.16981163145,8,10,1,2,4,0
753,753,19,423.1,6,189.3,7.14073234896,8,10,1,2,4,0
754,754,19,414.4,6,184.7,6.89177406098,8,10,1,2,4,0
755,755,19,423.5,6,187.4,6.9876792155,8,10,1,2,4,0
756,756,19,429.3,6,189.4,6.82759707887,8,10,1,2,4,0
757,757,19,424.4,6,185.4,6.56820713964,8,10,1,2,4,0
758,758,19,427.8,6,187.7,6.77390935526,8,10,1,2,4,0
759,759,19,424.6,6,187.7,6.90896104274,8,10,1,2,4,0
760,760,19,423.1,6,185.1,6.61690198,8,10,1,2,4,0
761,761,19,425.7,6,187.5,6.74680777884,8,10,1,2,4,0
762,762,19,417.4,6,184.1,6.73036672532,8,10,1,2,4,0
763,763,19,415.7,5,159.1,6.83094095905,8,10,1,2,3,0
764,764,19,415.8,6,186.5,7.07760656012,8,10,1,2,4,0
765,765,19,412.9,6,184.7,6.94326633282,8,10,1,2,4,0
766,766,19,409.7,6,186.0,7.29057310095,8,10,1,2,4,0
767,767,19,414.8,5,159.4,6.89170617736,8,10,1,2,3,0
768,768,19,418.0,5,162.1,7.10242525089,8,10,1,2,3,0
769,769,19,419.0,5,160.4,6.832224985,8,10,1,2,3,0
770,770,19,411.8,5,157.7,6.85547973078,8,10,1,2,3,0
771,771,19,417.6,5,161.6,7.29760835612,8,10,1,2,3,0
772,772,18,398.9,6,185.5,7.37516810487,7,10,1,2,4,0
773,773,18,398.9,6,185.8,7.4552893887,7,10,1,2,4,0
774,774,18,398.2,5,160.3,7.48571624579,7,10,1,2,3,0
775,775,18,395.2,5,160.6,7.54821538879,7,10,1,2,3,0
776,776,18,399.5,5,159.9,7.41464942825,7,10,1,2,3,0
777,777,18,397.5,5,159.2,7.38418421158,7,10,1,2,3,0
778,778,18,400.3,5,159.9,7.3225790128,7,10,1,2,3,0
779,779,19,408.4,5,158.8,7.36903986541,8,10,1,2,3,0
780,780,19,418.5,5,159.2,7.15618164055,8,10,1,2,3,0
781,781,19,418.4,5,159.7,7.11903387229,8,10,1,2,3,0
782,782,19,404.4,5,157.6,7.10260227412,8,10,1,2,3,0
783,783,19,419.8,5,159.7,7.00432197402,8,10,1,2,3,0
784,784,19,417.3,5,160.4,7.07885823549,8,10,1,2,3,0
785,785,19,408.5,5,157.4,6.91222749111,8,10,1,2,3,0
786,786,19,413.3,5,160.3,7.08796855563,8,10,1,2,3,0
787,787,19,408.0,5,159.8,7.09607419675,8,10,1,2,3,0
788,788,19,406.9,5,158.8,6.97378130794,8,10,1,2,3,0
789,789,19,408.0,5,160.8,7.2697884812,8,10,1,2,3,0
790,790,19,411.7,5,160.3,7.10305510417,8,10,1,2,3,0
791,791,19,411.6,5,158.5,6.92252446939,8,10,1,2,3,0
792,792,19,416.2,5,157.7,6.8423090388,8,10,1,2,3,0
793,793,19,415.9,5,155.9,6.71605826333,8,10,1,2,3,0
794,794,19,415.8,6,182.4,6.80312535677,8,10,1,3,3,0
795,795,19,418.4,6,185.8,7.27893299166,8,10,1,3,3,0
796,796,19,435.1,6,186.8,6.72458177138,8,10,1,3,3,0
797,797,18,405.3,5,156.5,6.47586015182,8,9,1,2,3,0
798,798,18,409.8,5,159.9,6.79238327748,8,9,1,2,3,0
799,799,19,429.3,5,158.8,6.46232446005,8,10,1,2,3,0
800,800,19,419.9,5,157.7,6.59140854952,8,10,1,2,3,0
801,801,19,421.2,5,158.2,6.66275323735,8,10,1,2,3,0
802,802,19,426.6,5,159.1,6.58098003686,8,10,1,2,3,0
803,803,19,397.1,5,148.7,5.95660231265,8,10,1,2,3,0
804,804,19,402.3,5,150.8,6.16962470543,8,10,1,2,3,0
805,805,19,410.2,5,154.3,6.38182268782,8,10,1,2,3,0
806,806,19,406.2,5,155.0,6.66763150913,8,10,1,2,3,0
807,807,19,398.7,5,149.9,6.16263500261,8,10,1,2,3,0
808,808,19,402.4,5,154.3,6.63145525736,8,10,1,2,3,0
809,809,19,407.6,5,157.4,6.95815815516,8,10,1,2,3,0
810,810,19,409.3,5,158.7,7.10033769068,8,10,1,2,3,0
811,811,19,407.1,5,156.7,6.89322067165,8,10,1,2,3,0
812,812,18,390.3,5,156.6,6.8409020733,7,10,1,2,3,0
813,813,18,387.1,5,156.7,6.81188168028,7,10,1,2,3,0
814,814,18,383.2,5,158.6,7.20962501178,7,10,1,2,3,0
815,815,18,387.9,5,158.6,7.09135762327,7,10,1,2,3,0
816,816,18,391.8,5,158.5,7.09382498665,7,10,1,2,3,0
817,817,18,389.5,5,158.0,7.04716370889,7,10,1,2,3,0
818,818,18,386.5,5,157.0,7.10043955189,7,10,1,2,3,0
819,819,19,398.0,5,155.6,7.16855544266,8,10,1,2,3,0
820,820,19,395.9,5,154.7,7.03398184422,8,10,1,2,3,0
821,821,19,396.9,5,154.1,6.91736098819,8,10,1,2,3,0
822,822,19,406.5,6,181.0,6.74647839693,8,10,1,2,4,0
823,823,19,393.0,5,145.6,5.88324014637,8,10,1,2,3,0
824,824,19,407.7,6,176.6,6.20540228703,8,10,1,2,4,0
825,825,19,406.0,6,173.8,6.05851582775,8,10,1,2,4,0
826,826,19,410.6,5,149.5,5.9823717646,8,10,1,2,3,0
827,827,19,404.5,6,173.8,6.28480484421,8,10,1,2,4,0
828,828,19,420.8,6,179.3,6.40168106577,8,10,1,2,4,0
829,829,19,416.6,7,201.6,6.3910390483,8,10,1,3,4,0
830,830,19,408.1,8,226.9,6.83476236662,8,10,1,4,4,0
831,831,19,409.5,8,229.8,7.08765502837,8,10,1,4,4,0
832,832,19,419.0,7,204.6,6.61986643211,8,10,1,3,4,0
833,833,19,409.6,7,203.4,6.78587714706,8,10,1,3,4,0
834,834,19,411.3,7,201.8,6.34572195534,8,10,1,3,4,0
835,835,19,409.9,7,201.3,6.43858525741,8,10,1,3,4,0
836,836,19,408.6,6,173.3,6.16094091697,8,10,1,2,4,0
837,837,19,409.4,6,172.0,5.69964603395,8,10,1,2,4,0
838,838,19,407.9,5,148.0,5.90631043241,8,10,1,1,4,0
839,839,19,409.0,5,146.6,5.74454737655,8,10,1,1,4,0
840,840,19,413.3,5,146.0,5.65413992094,8,10,1,1,4,0
841,841,19,416.5,6,172.7,5.80752184167,8,10,1,2,4,0
842,842,19,419.4,6,171.6,5.62947028347,8,10,1,2,4,0
843,843,19,398.8,3,87.6,4.99487456598,8,10,1,1,2,0
844,844,19,413.1,6,167.6,5.72250098679,8,10,1,1,5,0
845,845,19,415.1,6,169.7,5.84079222376,8,10,1,2,4,0
846,846,19,400.4,3,88.7,5.47832518053,8,10,1,1,2,0
847,847,19,407.3,5,142.2,5.6737417133,8,10,1,1,4,0
848,848,19,409.1,6,168.4,5.73227244367,8,10,1,2,4,0
849,849,19,394.4,6,166.4,6.07548039157,8,10,1,2,4,0
850,850,18,393.5,6,170.8,6.06068709839,7,10,1,2,4,0
851,851,18,393.6,6,171.9,6.23906101532,7,10,1,2,4,0
852,852,18,398.7,6,175.3,6.52941308956,7,10,1,2,4,0
853,853,18,400.6,7,199.0,6.36453613875,7,10,1,2,5,0
854,854,18,403.2,6,174.5,6.3504515819,7,10,1,2,4,0
855,855,18,375.2,2,63.2,5.55753036796,7,10,1,0,2,0
856,856,18,385.3,4,116.3,5.92278474073,7,10,1,1,3,0
857,857,18,390.8,6,172.9,6.92878810292,7,10,1,2,4,0
858,858,18,384.5,6,173.4,7.19854061099,7,10,1,2,4,0
859,859,18,392.6,7,200.3,6.92921257634,7,10,1,2,5,0
860,860,18,394.0,7,200.4,6.88697738608,7,10,1,2,5,0
861,861,19,404.2,7,199.2,6.90216086174,8,10,1,2,5,0
862,862,19,400.7,7,197.7,6.94533374423,8,10,1,2,5,0
863,863,19,395.4,5,146.1,6.75079375883,8,10,1,2,3,0
864,864,19,402.8,6,173.2,6.79779375974,8,10,1,2,4,0
865,865,19,404.2,6,173.7,6.84282609788,8,10,1,2,4,0
866,866,19,413.9,6,175.3,6.69935844009,8,10,1,2,4,0
867,867,19,414.9,6,173.7,6.47921553262,8,10,1,2,4,0
868,868,19,417.3,6,173.5,6.31807025095,8,10,1,2,4,0
869,869,19,416.9,6,176.0,6.60423397774,8,10,1,2,4,0
870,870,19,397.9,6,171.4,6.83579758733,8,10,1,2,4,0
871,871,19,401.1,6,173.5,6.78690689955,8,10,1,2,4,0
872,872,19,398.5,6,175.6,7.0243103343,8,10,1,2,4,0
873,873,19,396.7,6,175.4,6.95226413539,8,10,1,2,4,0
874,874,19,394.9,6,175.6,6.95902796197,8,10,1,2,4,0
875,875,19,390.2,6,173.6,6.92027701166,8,10,1,2,4,0
876,876,19,383.4,5,149.1,7.14108449182,8,10,1,1,4,0
877,877,19,390.8,6,176.6,7.31087870016,8,10,1,2,4,0
878,878,19,396.1,5,151.6,7.09533245804,8,10,1,1,4,0
879,879,19,409.4,6,176.9,6.79144628854,8,10,1,2,4,0
880,880,18,394.4,6,175.3,6.41770427058,8,9,1,2,4,0
881,881,18,403.0,6,177.5,6.5158529656,8,9,1,2,4,0
882,882,18,400.6,6,178.1,6.63725866713,8,9,1,2,4,0
883,883,18,394.2,6,174.9,6.29537645466,8,9,1,2,4,0
884,884,18,395.7,6,177.5,6.61346665346,8,9,1,2,4,0
885,885,18,397.8,6,178.2,6.632894852,8,9,1,2,4,0
886,886,18,377.1,4,117.2,5.80093805802,8,9,1,0,4,0
887,887,18,384.0,5,145.3,6.12919724136,8,9,1,1,4,0
888,888,18,388.3,6,173.3,6.37714720984,8,9,1,2,4,0
889,889,16,365.8,6,176.2,6.12882533607,7,8,1,2,4,0
890,890,16,364.6,6,178.7,6.86963123707,7,8,1,2,4,0
891,891,16,364.5,7,204.0,7.10269608435,7,8,1,2,5,0
892,892,17,376.6,7,203.6,7.0904088076,8,8,1,2,5,0
893,893,17,377.6,7,203.4,6.95834771632,8,8,1,2,5,0
894,894,17,375.5,7,204.0,7.05778668856,8,8,1,2,5,0
895,895,17,370.6,7,201.8,6.97432792461,8,8,1,2,5,0
896,896,17,376.1,7,205.1,7.16044075213,8,8,1,2,5,0
897,897,17,376.6,7,205.6,7.22124622616,8,8,1,2,5,0
898,898,17,373.1,7,203.4,7.12961408905,8,8,1,2,5,0
899,899,17,371.7,6,177.8,7.13038754,8,8,1,1,5,0
900,900,17,368.5,7,202.5,7.19613867048,8,8,1,2,5,0
901,901,17,357.6,6,174.0,7.18600559912,8,8,1,1,5,0
902,902,17,364.9,6,175.8,6.92350536005,8,8,1,1,5,0
903,903,17,373.2,6,177.1,6.89022111828,8,8,1,1,5,0
904,904,17,380.3,6,175.3,6.57236303641,8,8,1,1,5,0
905,905,17,384.4,7,202.6,6.80761360105,8,8,1,2,5,0
906,906,17,390.2,6,177.2,6.42272504929,8,8,1,1,5,0
907,907,18,406.8,6,176.3,6.07211563092,8,9,1,1,5,0
908,908,18,409.6,7,202.4,6.16138088249,8,9,1,2,5,0
909,909,18,410.7,5,152.4,6.08877945849,8,9,1,0,5,0
910,910,18,407.4,6,176.9,6.12823743972,8,9,1,1,5,0
911,911,18,401.3,6,177.3,6.42902171885,8,9,1,1,5,0
912,912,18,413.8,5,152.7,6.0755913669,8,9,1,0,5,0
913,913,18,407.9,5,152.3,6.15459071979,8,9,1,0,5,0
914,914,18,418.3,6,178.7,5.9670801697,8,9,1,1,5,0
915,915,19,437.7,6,178.8,5.92613894598,8,10,1,1,5,0
916,916,19,432.6,4,125.9,5.85558163271,8,10,1,0,4,0
917,917,19,425.5,5,151.0,6.16752009268,8,10,1,0,5,0
918,918,19,437.9,6,179.7,6.33985352276,8,10,1,1,5,0
919,919,19,434.2,6,179.5,6.1907070518,8,10,1,1,5,0
920,920,19,426.5,3,101.5,6.14259883664,8,10,1,0,3,0
921,921,19,422.0,4,126.2,6.17079994246,8,10,1,0,4,0
922,922,19,423.2,5,153.1,6.38669120605,8,10,1,0,5,0
923,923,18,409.3,5,152.3,6.33571936478,8,9,1,0,5,0
924,924,18,406.3,5,154.4,6.80655441516,8,9,1,0,5,0
925,925,18,415.6,7,205.5,6.50618609604,8,9,1,2,5,0
926,926,18,414.2,5,153.3,6.24931891714,8,9,1,1,4,0
927,927,18,410.3,6,178.3,6.22305695848,8,9,1,1,5,0
928,928,18,415.9,5,154.0,6.30055760578,8,9,1,1,4,0
929,929,18,422.0,5,155.1,6.04027874525,8,9,1,1,4,0
930,930,18,423.8,6,180.9,6.07165276677,8,9,1,2,4,0
931,931,18,429.8,6,182.9,6.11512642893,8,9,1,2,4,0
932,932,18,415.6,5,154.2,6.32538200557,8,9,1,1,4,0
933,933,18,416.2,5,156.9,6.663028419,8,9,1,1,4,0
934,934,18,418.7,5,155.8,6.12220057408,8,9,1,1,4,0
935,935,18,410.9,5,155.0,6.20254270019,8,9,1,1,4,0
936,936,18,404.3,4,130.8,6.50304353079,8,9,1,1,3,0
937,937,18,401.5,4,131.1,6.55990245823,8,9,1,1,3,0
938,938,18,400.2,5,156.1,6.64264298923,8,9,1,1,4,0
939,939,18,396.4,5,156.3,6.75752787686,8,9,1,1,4,0
940,940,18,397.4,5,156.4,6.71981753565,8,9,1,1,4,0
941,941,18,391.4,5,156.4,6.87101518505,8,9,1,1,4,0
942,942,18,389.5,4,128.5,6.7182927531,8,9,1,1,3,0
943,943,18,390.2,5,157.4,7.20927144525,8,9,1,1,4,0
944,944,18,395.1,5,157.4,7.02409717875,8,9,1,1,4,0
945,945,18,393.4,5,155.5,6.89878269076,8,9,1,1,4,0
946,946,18,397.0,5,154.8,6.82273209225,8,9,1,1,4,0
947,947,18,360.5,3,86.3,4.85735410372,8,9,1,0,3,0
948,948,18,365.8,3,93.4,5.84551668884,8,9,1,0,3,0
949,949,18,388.8,5,154.9,6.98089830727,8,9,1,1,4,0
950,950,19,397.8,5,155.5,7.0291623119,8,10,1,1,4,0
951,951,19,395.0,5,153.5,6.90474029899,8,10,1,1,4,0
952,952,19,412.1,5,157.6,6.78666132423,8,10,1,1,4,0
953,953,19,404.0,5,155.0,6.61498387722,8,10,1,1,4,0
954,954,19,404.6,5,158.4,7.18899418743,8,10,1,1,4,0
955,955,19,414.6,5,159.2,7.21599911827,8,10,1,1,4,0
956,956,19,410.5,5,159.0,7.42686367813,8,10,1,1,4,0
957,957,19,412.4,5,158.3,7.05891663739,8,10,1,1,4,0
958,958,19,426.6,5,161.2,6.91924597859,8,10,1,1,4,0
959,959,19,419.8,5,162.8,7.31083470567,8,10,1,1,4,0
960,960,19,412.6,5,157.2,6.86053635398,8,10,1,1,4,0
961,961,19,422.2,5,161.2,7.0062336488,8,10,1,1,4,0
962,962,19,404.8,5,154.7,6.59582980073,8,10,1,1,4,0
963,963,19,410.9,5,156.0,6.71803890906,8,10,1,1,4,0
964,964,20,426.3,4,133.1,7.04685633531,8,11,1,1,3,0
965,965,20,429.8,4,133.5,7.08489126314,8,11,1,1,3,0
966,966,19,407.1,4,133.2,7.23385882156,7,11,1,1,3,0
967,967,19,411.0,4,133.7,7.1394874257,7,11,1,1,3,0
968,968,19,417.4,4,133.0,6.86278633336,7,11,1,1,3,0
969,969,19,410.3,4,132.9,7.0091585867,7,11,1,1,3,0
970,970,19,422.3,5,160.8,6.98377819627,7,11,1,1,4,0
971,971,19,419.4,5,160.2,7.01330815151,7,11,1,1,4,0
972,972,20,420.4,5,152.2,6.56767202207,8,11,1,1,4,0
973,973,19,404.4,5,154.5,6.79887761635,7,11,1,1,4,0
974,974,19,409.2,5,159.3,7.18418096517,7,11,1,1,4,0
975,975,19,408.5,5,159.2,7.15347623343,7,11,1,1,4,0
976,976,19,414.0,5,160.2,7.22986819742,7,11,1,1,4,0
977,977,19,416.9,5,161.4,7.15326776838,7,11,1,1,4,0
978,978,19,412.0,5,161.7,7.29385305567,7,11,1,1,4,0
979,979,19,411.2,5,159.7,7.10948629098,7,11,1,1,4,0
980,980,19,414.9,5,163.5,7.41741273598,7,11,1,1,4,0
981,981,19,412.0,5,161.9,7.4792500484,7,11,1,1,4,0
982,982,19,409.4,5,162.7,7.55817206157,7,11,1,1,4,0
983,983,19,403.7,5,162.3,7.65342105213,7,11,1,1,4,0
984,984,19,409.7,5,165.0,7.96849424828,7,11,1,1,4,0
985,985,19,407.4,5,164.1,7.90037381601,7,11,1,1,4,0
986,986,19,417.2,5,165.3,7.76139418958,7,11,1,1,4,0
987,987,19,401.2,5,164.7,8.21335383912,7,11,1,1,4,0
988,988,19,400.6,5,162.4,8.0314840996,7,11,1,1,4,0
989,989,19,400.3,5,165.0,8.30154287076,7,11,1,1,4,0
990,990,19,397.3,5,164.5,8.33252627671,7,11,1,1,4,0
991,991,19,397.9,5,161.9,7.99884129036,7,11,1,1,4,0
992,992,19,402.6,5,163.8,8.11807959891,7,11,1,1,4,0
993,993,19,401.5,5,163.7,8.24816832404,7,11,1,1,4,0
994,994,19,394.8,5,161.6,8.19061651101,7,11,1,1,4,0
995,995,19,401.3,5,163.0,8.24651973376,7,11,1,1,4,0
996,996,19,411.1,5,163.6,8.05779198639,7,11,1,1,4,0
997,997,19,405.3,5,161.9,7.95012596906,7,11,1,1,4,0
998,998,19,408.3,5,162.8,8.03111274543,7,11,1,1,4,0
999,999,19,400.9,5,162.5,8.3178522869,7,11,1,1,4,0
1000,1000,19,401.3,5,162.3,8.20748837934,7,11,1,1,4,0
1001,1001,19,399.1,5,162.2,8.16635874822,7,11,1,1,4,0
1002,1002,19,414.6,6,189.5,8.19332919361,7,11,1,1,5,0
1003,1003,19,413.5,5,162.3,8.05268833829,7,11,1,1,4,0
1004,1004,19,408.4,5,160.4,7.92692133627,7,11,1,1,4,0
1005,1005,19,408.8,5,159.6,7.7936058662,7,11,1,1,4,0
1006,1006,19,407.7,5,159.1,7.60309263023,7,11,1,1,4,0
1007,1007,19,406.0,6,184.7,7.5678451822,7,11,1,1,5,0
1008,1008,19,405.9,6,182.9,7.67204235638,7,11,1,1,5,0
1009,1009,19,406.7,4,132.3,7.47800282935,7,11,1,0,4,0
1010,1010,20,407.7,4,125.0,6.93574076794,8,11,1,0,4,0
1011,1011,20,409.2,4,127.0,7.07556209409,8,11,1,0,4,0
1012,1012,20,416.4,4,129.8,7.40437992713,8,11,1,0,4,0
1013,1013,20,404.0,4,129.7,7.24474401131,8,11,1,0,4,0
1014,1014,19,411.3,4,133.4,7.21328777104,8,10,1,0,4,0
1015,1015,19,412.2,6,179.7,6.7337849423,8,10,1,1,5,0
1016,1016,19,408.2,6,178.0,6.63377411918,8,10,1,1,5,0
1017,1017,19,409.4,5,156.6,7.03075532698,8,10,1,1,4,0
1018,1018,19,410.6,5,155.6,6.86722447062,8,10,1,1,4,0
1019,1019,19,403.5,5,151.7,6.65342105205,8,10,1,1,4,0
1020,1020,19,405.9,5,154.9,6.9840461471,8,10,1,1,4,0
1021,1021,19,401.2,5,153.8,6.98691341469,8,10,1,1,4,0
1022,1022,19,400.9,5,154.7,7.03285938372,8,10,1,1,4,0
1023,1023,19,395.2,5,154.6,7.25511313948,8,10,1,1,4,0
1024,1024,19,394.6,5,155.3,7.253662112,8,10,1,1,4,0
1025,1025,19,396.3,5,154.0,6.92269342168,8,10,1,1,4,0
1026,1026,19,382.4,5,151.9,7.15229893929,8,10,1,1,4,0
1027,1027,20,393.1,4,122.2,6.61684254484,9,10,1,1,3,0
1028,1028,19,372.2,5,149.2,7.12654620547,8,10,1,1,4,0
1029,1029,20,390.3,5,151.4,7.18721635596,9,10,1,1,4,0
1030,1030,19,374.8,5,150.5,7.22248357602,8,10,1,1,4,0
1031,1031,20,403.1,5,153.1,7.1156221757,9,10,1,1,4,0
1032,1032,18,371.5,5,155.0,7.35496142181,7,10,1,1,4,0
1033,1033,18,372.0,5,156.9,7.70026737504,7,10,1,1,4,0
1034,1034,18,378.8,5,156.6,7.36535788214,7,10,1,1,4,0
1035,1035,18,382.1,5,157.0,7.47936813591,7,10,1,1,4,0
1036,1036,18,381.4,5,156.8,7.5482673422,7,10,1,1,4,0
1037,1037,18,385.4,5,157.2,7.40896824514,7,10,1,1,4,0
1038,1038,18,380.6,5,155.2,7.38959699786,7,10,1,1,4,0
1039,1039,18,382.6,5,157.5,7.64038975155,7,10,1,1,4,0
1040,1040,18,385.0,5,158.0,7.67500824977,7,10,1,1,4,0
1041,1041,18,388.3,5,156.8,7.53507918344,7,10,1,1,4,0
1042,1042,18,381.0,4,132.3,7.80738715049,7,10,1,0,4,0
1043,1043,18,388.1,5,160.0,7.86093385329,7,10,1,1,4,0
1044,1044,18,381.2,4,132.8,7.94285143314,7,10,1,0,4,0
1045,1045,18,382.9,4,134.1,8.05603942653,7,10,1,0,4,0
1046,1046,17,368.6,4,134.0,8.11096752044,6,10,1,0,4,0
1047,1047,17,359.4,4,131.9,8.16371995658,6,10,1,0,4,0
1048,1048,17,362.6,4,133.6,8.33102369954,6,10,1,0,4,0
1049,1049,17,367.6,5,159.0,8.22674976918,6,10,1,1,4,0
1050,1050,17,361.8,4,132.1,8.03369741263,6,10,1,0,4,0
1051,1051,17,363.4,4,134.9,8.58265179095,6,10,1,0,4,0
1052,1052,17,368.0,5,161.3,8.72833873419,6,10,1,1,4,0
1053,1053,17,363.5,5,159.5,8.49759048894,6,10,1,1,4,0
1054,1054,17,365.4,5,159.6,8.57813139532,6,10,1,1,4,0
1055,1055,17,368.1,4,134.8,8.58466056748,6,10,1,0,4,0
1056,1056,17,374.9,4,134.2,8.18803377245,6,10,1,0,4,0
1057,1057,17,369.7,4,133.4,8.26650754907,6,10,1,0,4,0
1058,1058,17,374.9,6,185.3,8.2096831278,6,10,1,1,5,0
1059,1059,17,370.7,5,158.6,7.94563328095,6,10,1,0,5,0
1060,1060,17,375.3,4,133.6,7.79154424775,6,10,1,0,4,0
1061,1061,17,369.7,4,131.5,7.59375711087,6,10,1,0,4,0
1062,1062,17,371.0,4,133.0,7.75270351327,6,10,1,0,4,0
1063,1063,17,372.4,4,133.5,7.7719423721,6,10,1,0,4,0
1064,1064,17,366.4,4,130.6,7.46618356718,6,10,1,0,4,0
1065,1065,17,366.3,4,131.5,7.46894551184,6,10,1,0,4,0
1066,1066,17,370.5,4,132.4,7.53868942425,6,10,1,0,4,0
1067,1067,17,371.4,4,132.9,7.43741534801,6,10,1,0,4,0
1068,1068,17,368.8,4,131.3,7.24279560911,6,10,1,0,4,0
1069,1069,17,367.7,5,157.9,7.51854080805,6,10,1,1,4,0
1070,1070,17,376.2,4,133.1,7.21038874696,6,10,1,0,4,0
1071,1071,17,368.8,4,132.3,7.43660461738,6,10,1,0,4,0
1072,1072,18,377.7,6,184.6,7.90147045139,7,10,1,1,5,0
1073,1073,18,384.5,5,160.5,7.71127050559,7,10,1,1,4,0
1074,1074,18,381.3,5,158.7,7.60450717744,7,10,1,1,4,0
1075,1075,18,385.4,5,160.1,7.74109650911,7,10,1,1,4,0
1076,1076,18,381.0,5,158.8,7.69690541329,7,10,1,1,4,0
1077,1077,18,388.5,5,160.8,7.72316987649,7,10,1,1,4,0
1078,1078,18,378.7,5,158.0,7.70928690445,7,10,1,1,4,0
1079,1079,18,396.8,6,185.6,7.56440754044,7,10,1,1,5,0
1080,1080,18,393.6,6,186.8,7.90725653323,7,10,1,1,5,0
1081,1081,18,388.0,5,157.3,7.63700143051,7,10,1,1,4,0
1082,1082,18,393.7,7,209.5,7.83024344566,7,10,1,1,6,0
1083,1083,18,400.7,7,211.3,7.88864700909,7,10,1,1,6,0
1084,1084,18,396.1,5,158.2,7.70580165103,7,10,1,0,5,0
1085,1085,18,399.2,7,211.3,7.99113888339,7,10,1,1,6,0
1086,1086,18,400.2,6,184.8,7.67884795281,7,10,1,0,6,0
1087,1087,18,382.2,5,151.9,7.14216971482,7,10,1,0,5,0
1088,1088,18,389.4,6,184.5,7.98100686557,7,10,1,0,6,0
1089,1089,18,384.9,5,159.3,8.10223280773,7,10,1,0,5,0
1090,1090,18,384.0,5,159.2,7.89258773638,7,10,1,0,5,0
1091,1091,18,381.8,5,160.6,8.1032955452,7,10,1,0,5,0
1092,1092,18,389.8,5,161.2,7.93193264946,7,10,1,0,5,0
1093,1093,18,382.0,6,182.9,7.77927529935,7,10,1,1,5,0
1094,1094,18,381.5,5,158.3,7.79588671501,7,10,1,0,5,0
1095,1095,18,381.4,5,158.5,7.63474171441,7,10,1,0,5,0
1096,1096,18,374.1,5,157.1,7.53761157365,7,10,1,0,5,0
1097,1097,18,378.5,6,182.9,7.79960825227,7,10,1,1,5,0
1098,1098,19,392.3,5,157.3,7.79653544289,8,10,1,0,5,0
1099,1099,19,387.4,5,155.3,7.59509306042,8,10,1,0,5,0
1100,1100,19,393.7,6,181.7,7.94422074686,8,10,1,1,5,0
1101,1101,19,406.2,5,159.1,7.91704061905,8,10,1,1,4,0
1102,1102,18,372.5,4,128.9,7.79475481426,7,10,1,0,4,0
1103,1103,18,375.8,4,131.4,7.96725323954,7,10,1,0,4,0
1104,1104,18,384.0,5,159.4,8.00088230429,7,10,1,1,4,0
1105,1105,18,375.2,5,156.6,7.86318467306,7,10,1,1,4,0
1106,1106,18,372.7,4,131.0,7.81374898513,7,10,1,0,4,0
1107,1107,18,372.3,4,133.4,8.01771934713,7,10,1,0,4,0
1108,1108,18,376.3,5,159.0,7.95904755034,7,10,1,1,4,0
1109,1109,18,368.8,4,130.5,7.71704674455,7,10,1,0,4,0
1110,1110,17,360.2,5,158.4,7.90639633089,6,10,1,1,4,0
1111,1111,17,359.0,5,157.8,8.05094988915,6,10,1,1,4,0
1112,1112,17,350.8,5,155.8,8.12195644353,6,10,1,1,4,0
1113,1113,17,356.1,5,158.6,8.28780109914,6,10,1,1,4,0
1114,1114,17,368.2,6,183.9,7.81705337895,6,10,1,1,5,0
1115,1115,17,371.5,4,132.2,7.43144649842,6,10,1,0,4,0
1116,1116,17,379.4,5,157.6,7.31447497211,6,10,1,1,4,0
1117,1117,17,377.0,5,159.3,7.59412021005,6,10,1,1,4,0
1118,1118,17,373.2,4,131.1,7.3077114789,6,10,1,0,4,0
1119,1119,17,378.4,5,158.6,7.48966444705,6,10,1,1,4,0
1120,1120,17,367.4,5,157.6,7.85778931642,6,10,1,1,4,0
1121,1121,17,361.4,4,130.8,7.83725548451,6,10,1,0,4,0
1122,1122,17,364.8,4,131.0,7.88020136351,7,9,1,1,3,0
1123,1123,17,367.9,5,156.8,7.79030317314,7,9,1,2,3,0
1124,1124,17,363.6,5,156.2,7.6602776021,7,9,1,2,3,0
1125,1125,17,365.9,5,157.0,7.7431041427,7,9,1,2,3,0
1126,1126,17,362.1,5,155.1,7.54544564622,7,9,1,2,3,0
1127,1127,17,358.1,5,151.8,7.34131639902,7,9,1,2,3,0
1128,1128,17,360.1,5,155.3,7.72012267504,7,9,1,2,3,0
1129,1129,17,363.5,5,153.2,7.31840447896,7,9,1,2,3,0
1130,1130,17,364.7,5,155.0,7.31813822354,7,9,1,2,3,0
1131,1131,17,369.5,5,152.7,6.94630667841,7,9,1,2,3,0
1132,1132,17,363.3,5,154.4,7.496062692,7,9,1,2,3,0
1133,1133,17,357.1,5,151.7,7.23847969088,7,9,1,2,3,0
1134,1134,17,358.7,5,155.1,7.59267739338,7,9,1,2,3,0
1135,1135,17,359.6,5,155.3,7.6956251896,7,9,1,2,3,0
1136,1136,17,357.1,5,152.5,7.30158121473,7,9,1,2,3,0
1137,1137,17,360.1,6,177.8,7.42085198058,7,9,1,2,4,0
1138,1138,17,364.8,5,156.1,7.55596277978,7,9,1,2,3,0
1139,1139,17,368.7,5,157.8,7.43579874265,7,9,1,2,3,0
1140,1140,17,366.6,5,153.0,7.03401922592,7,9,1,2,3,0
1141,1141,17,367.6,5,155.6,7.22924005444,7,9,1,2,3,0
1142,1142,17,374.2,5,156.5,7.16230430387,7,9,1,2,3,0
1143,1143,17,370.3,5,155.6,7.10908180553,7,9,1,2,3,0
1144,1144,17,379.0,5,157.9,7.20854272619,7,9,1,2,3,0
1145,1145,17,374.5,6,183.2,7.7110930407,7,9,1,2,4,0
1146,1146,17,371.7,5,154.4,7.21707534051,7,9,1,2,3,0
1147,1147,17,369.8,6,180.9,7.41941015572,7,9,1,2,4,0
1148,1148,17,368.3,5,156.7,7.68358161736,7,9,1,2,3,0
1149,1149,17,362.7,5,155.2,7.78483631624,7,9,1,2,3,0
1150,1150,17,366.1,6,184.1,8.04587947154,7,9,1,2,4,0
1151,1151,17,373.2,5,158.8,7.66567981713,7,9,1,2,3,0
1152,1152,17,365.9,5,157.5,7.69013405375,7,9,1,2,3,0
1153,1153,17,373.1,6,184.0,7.5811540717,7,9,1,2,4,0
1154,1154,17,378.5,6,185.4,7.68293085161,7,9,1,2,4,0
1155,1155,17,367.2,6,182.6,7.8366127887,7,9,1,2,4,0
1156,1156,17,376.3,6,186.6,7.98443338444,7,9,1,2,4,0
1157,1157,17,376.5,6,186.0,8.03096488965,7,9,1,2,4,0
1158,1158,17,373.4,5,158.7,7.85333855571,7,9,1,2,3,0
1159,1159,17,369.6,6,184.4,8.25628993734,7,9,1,3,3,0
1160,1160,17,369.7,7,210.2,8.28229419055,7,9,1,3,4,0
1161,1161,17,367.4,6,182.5,7.97753739829,7,9,1,2,4,0
1162,1162,17,372.5,6,183.4,7.96365826371,7,9,1,2,4,0
1163,1163,17,373.4,6,182.7,7.82455599191,7,9,1,2,4,0
1164,1164,17,374.9,6,181.3,7.70041538223,7,9,1,2,4,0
1165,1165,17,374.4,6,182.4,7.78664958533,7,9,1,2,4,0
1166,1166,17,371.9,5,156.7,7.69224686062,7,9,1,2,3,0
1167,1167,17,367.4,6,181.7,7.84202479856,7,9,1,2,4,0
1168,1168,17,372.4,6,182.2,7.69524776958,7,9,1,2,4,0
1169,1169,17,372.7,6,182.7,7.77741356524,7,9,1,2,4,0
1170,1170,17,375.0,6,180.7,7.37199589863,7,9,1,2,4,0
1171,1171,17,378.7,7,207.5,7.54855362071,7,9,1,3,4,0
1172,1172,17,389.1,7,207.9,7.10403779137,7,9,1,3,4,0
1173,1173,17,392.8,6,182.6,6.9276141806,7,9,1,2,4,0
1174,1174,17,384.5,6,177.8,6.74909580001,7,9,1,2,4,0
1175,1175,17,394.9,6,182.7,6.94853983815,7,9,1,2,4,0
1176,1176,17,390.8,6,176.9,6.38444225764,7,9,1,2,4,0
1177,1177,17,390.5,6,178.1,6.41402415667,7,9,1,2,4,0
1178,1178,17,394.1,6,182.5,6.79468866966,7,9,1,2,4,0
1179,1179,17,388.4,6,181.3,6.86504894803,7,9,1,2,4,0
1180,1180,17,382.6,6,179.9,6.86016313474,7,9,1,2,4,0
1181,1181,17,378.6,6,180.4,7.26935044432,7,9,1,2,4,0
1182,1182,17,380.3,6,181.6,7.28892693627,7,9,1,2,4,0
1183,1183,17,372.6,6,178.5,7.25949682262,7,9,1,2,4,0
1184,1184,17,369.7,6,178.2,7.4072698789,7,9,1,2,4,0
1185,1185,17,373.4,6,178.0,7.13555719412,7,9,1,2,4,0
1186,1186,17,361.2,5,148.0,7.03794338275,7,9,1,2,3,0
1187,1187,17,349.0,6,169.4,6.89218440571,7,9,1,2,4,0
1188,1188,17,354.5,6,172.6,6.98239909049,7,9,1,2,4,0
1189,1189,17,357.1,6,171.6,6.88871092697,7,9,1,2,4,0
1190,1190,17,350.7,6,172.6,7.20978195803,7,9,1,2,4,0
1191,1191,17,343.0,4,117.1,6.91732692336,7,9,1,2,2,0
1192,1192,17,347.4,6,171.2,7.27417874888,7,9,1,2,4,0
1193,1193,18,365.1,6,173.7,7.50256818775,8,9,1,2,4,0
1194,1194,18,363.7,5,147.5,7.40329594503,8,9,1,2,3,0
1195,1195,18,369.0,6,172.7,7.22804993635,8,9,1,2,4,0
1196,1196,18,367.4,5,149.1,7.36069760831,8,9,1,2,3,0
1197,1197,18,363.1,5,148.1,7.29067136064,8,9,1,2,3,0
1198,1198,18,364.9,5,149.7,7.45991685457,8,9,1,2,3,0
1199,1199,18,359.7,4,121.4,7.18734590628,8,9,1,1,3,0
1200,1200,17,350.0,4,120.9,6.88248523,7,9,1,1,3,0
1201,1201,17,351.6,5,148.4,7.12076499525,7,9,1,2,3,0
1202,1202,17,349.2,5,147.3,6.92514068662,7,9,1,2,3,0
1203,1203,17,352.7,5,151.5,7.25897011007,7,9,1,2,3,0
1204,1204,17,350.4,5,152.2,7.38155491351,7,9,1,2,3,0
1205,1205,17,347.2,5,151.8,7.41143790129,7,9,1,2,3,0
1206,1206,17,343.4,5,148.4,7.14519069025,7,9,1,2,3,0
1207,1207,17,332.9,4,117.9,6.8261661361,7,9,1,2,2,0
1208,1208,17,342.4,4,122.6,7.19027631802,7,9,1,2,2,0
1209,1209,17,338.9,4,118.8,6.72318201974,7,9,1,2,2,0
1210,1210,17,349.2,4,122.1,6.98131961232,7,9,1,2,2,0
1211,1211,17,356.5,4,125.8,7.25523644565,7,9,1,2,2,0
1212,1212,17,352.7,4,126.1,7.39772918258,7,9,1,2,2,0
1213,1213,17,348.2,4,126.2,7.3852247168,7,9,1,2,2,0
1214,1214,16,324.3,4,126.4,7.77737905724,6,9,1,2,2,0
1215,1215,16,340.5,4,126.8,7.36579651724,6,9,1,2,2,0
1216,1216,16,338.8,4,126.3,7.21290510128,6,9,1,2,2,0
1217,1217,16,332.1,4,125.7,7.30661515341,6,9,1,2,2,0
1218,1218,16,332.1,4,124.5,7.17801910929,6,9,1,2,2,0
1219,1219,16,333.8,5,151.6,7.52346329824,6,9,1,2,3,0
1220,1220,16,335.0,5,152.2,7.61050808641,6,9,1,2,3,0
1221,1221,16,347.5,5,153.3,7.30052224159,6,9,1,2,3,0
1222,1222,16,344.6,5,152.4,7.18385922282,6,9,1,2,3,0
1223,1223,16,350.5,5,155.2,7.30218859886,6,9,1,2,3,0
1224,1224,16,350.0,5,155.2,7.19560050772,6,9,1,2,3,0
1225,1225,17,363.6,5,156.4,7.4842236031,6,10,1,2,3,0
1226,1226,17,359.7,5,154.1,7.44740381136,6,10,1,2,3,0
1227,1227,17,355.2,5,149.0,6.92301150045,6,10,1,2,3,0
1228,1228,17,374.6,5,153.6,6.57485182119,6,10,1,2,3,0
1229,1229,17,361.9,4,123.9,6.27653191987,6,10,1,2,2,0
1230,1230,17,368.1,5,150.0,6.32278791822,6,10,1,2,3,0
1231,1231,17,371.8,5,154.1,6.82392525475,6,10,1,2,3,0
1232,1232,17,360.6,5,148.8,6.42581535225,6,10,1,2,3,0
1233,1233,17,363.1,4,124.9,6.46974292607,6,10,1,2,2,0
1234,1234,17,365.9,5,151.6,6.56520462474,6,10,1,2,3,0
1235,1235,17,370.9,5,153.2,6.65763051826,6,10,1,2,3,0
1236,1236,17,370.2,5,152.2,6.65192917616,6,10,1,2,3,0
1237,1237,17,372.5,6,179.8,6.98953524501,6,10,1,2,4,0
1238,1238,17,373.5,5,154.5,6.79970263191,6,10,1,2,3,0
1239,1239,17,352.4,4,115.5,5.49531217333,6,10,1,2,2,0
1240,1240,17,362.8,5,151.0,6.7116557964,6,10,1,2,3,0
1241,1241,17,362.9,5,152.7,7.05328980397,6,10,1,2,3,0
1242,1242,16,339.6,5,153.1,7.47578312509,5,10,1,2,3,0
1243,1243,16,347.1,6,181.8,7.75890617291,5,10,1,2,4,0
1244,1244,16,342.4,5,153.4,7.46029490034,5,10,1,2,3,0
1245,1245,16,341.2,6,180.0,7.89206352399,5,10,1,2,4,0
1246,1246,16,347.1,4,126.0,7.08966089927,5,10,1,2,2,0
1247,1247,17,374.6,6,179.2,6.99910183313,6,10,1,2,4,0
1248,1248,17,370.7,5,153.8,7.34969987382,6,10,1,2,3,0
1249,1249,17,382.9,6,180.1,7.03931188148,6,10,1,2,4,0
1250,1250,17,371.6,5,153.2,7.05496800343,6,10,1,2,3,0
1251,1251,17,374.1,5,156.0,7.29824213323,6,10,1,2,3,0
1252,1252,17,366.7,6,182.1,7.75634939146,6,10,1,2,4,0
1253,1253,17,366.9,5,155.6,7.62055077522,6,10,1,2,3,0
1254,1254,17,364.8,5,153.7,7.52944709321,6,10,1,2,3,0
1255,1255,17,358.5,6,180.1,7.84409669377,6,10,1,2,4,0
1256,1256,17,361.9,6,181.6,7.75764802896,7,9,1,2,4,0
1257,1257,18,372.8,6,180.5,7.76825280446,8,9,1,2,4,0
1258,1258,18,378.7,6,181.6,7.82192536016,8,9,1,2,4,0
1259,1259,18,373.8,6,177.7,7.54250699467,8,9,1,2,4,0
1260,1260,18,381.8,6,178.3,7.47268664883,8,9,1,2,4,0
1261,1261,18,376.7,5,152.1,7.41221611345,8,9,1,2,3,0
1262,1262,18,380.6,4,127.2,7.4294503179,8,8,2,2,2,0
1263,1263,18,382.4,6,178.3,7.53331598124,8,8,2,2,4,0
1264,1264,18,376.1,5,151.9,7.61503715353,8,8,2,2,3,0
1265,1265,18,380.4,7,205.3,7.9097110827,8,8,2,2,5,0
1266,1266,18,382.4,7,203.3,7.58801083926,8,8,2,2,5,0
1267,1267,18,388.2,8,231.2,7.71591174895,8,8,2,3,5,0
1268,1268,18,387.1,6,176.5,7.18384398349,8,8,2,2,4,0
1269,1269,18,386.0,7,203.6,7.49103167498,8,8,2,2,5,0
1270,1270,18,383.6,7,203.0,7.69322764735,8,8,2,2,5,0
1271,1271,18,375.0,5,147.1,7.20898132642,8,8,2,1,4,0
1272,1272,17,355.2,4,119.8,6.98949842516,7,8,2,1,3,0
1273,1273,17,370.4,6,178.7,7.49223617762,7,8,2,2,4,0
1274,1274,17,365.8,6,178.2,7.71704568586,7,8,2,2,4,0
1275,1275,18,389.9,7,207.3,7.73784731342,8,8,2,3,4,0
1276,1276,18,391.3,7,206.5,7.65499751327,8,8,2,3,4,0
1277,1277,16,362.6,7,208.5,7.51193494825,6,8,2,3,4,0
1278,1278,16,359.4,7,207.8,7.60893115578,6,8,2,3,4,0
1279,1279,16,354.8,7,208.2,7.80277728334,6,8,2,3,4,0
1280,1280,16,357.9,7,208.0,7.55060428045,6,8,2,3,4,0
1281,1281,17,373.0,6,179.8,7.16048696175,7,8,2,3,3,0
1282,1282,17,362.7,6,182.8,8.0707760761,7,8,2,3,3,0
1283,1283,17,373.7,6,183.6,7.59121493028,7,8,2,3,3,0
1284,1284,17,367.1,6,180.2,7.33778496791,7,8,2,3,3,0
1285,1285,16,346.2,6,180.5,7.65296238938,6,8,2,3,3,0
1286,1286,17,364.7,5,157.2,7.59828250717,7,8,2,2,3,0
1287,1287,17,358.3,5,155.4,7.57021543714,7,8,2,2,3,0
1288,1288,17,364.2,5,157.4,7.70199076633,7,8,2,2,3,0
1289,1289,17,356.4,6,183.3,8.13664098204,7,8,2,3,3,0
1290,1290,16,340.6,5,158.2,8.20389135309,6,8,2,2,3,0
1291,1291,16,327.4,5,157.7,8.59867237814,6,8,2,2,3,0
1292,1292,16,340.3,5,158.6,8.26855237229,6,8,2,2,3,0
1293,1293,16,346.7,5,159.7,8.15513897286,6,8,2,2,3,0
1294,1294,16,346.2,5,157.1,7.9489097785,6,8,2,2,3,0
1295,1295,17,376.9,5,159.6,7.52792839248,7,8,2,2,3,0
1296,1296,16,363.8,6,185.9,7.68902898074,6,8,2,3,3,0
1297,1297,16,357.9,6,183.3,7.39393614164,6,8,2,3,3,0
1298,1298,16,365.5,6,186.7,7.45135054873,6,8,2,3,3,0
1299,1299,16,367.3,6,185.3,7.26782578676,6,8,2,3,3,0
1300,1300,16,357.7,5,159.4,7.70532013179,6,8,2,2,3,0
1301,1301,16,360.3,5,161.6,7.94650604564,6,8,2,2,3,0
1302,1302,16,360.1,5,157.9,7.42809699721,6,8,2,2,3,0
1303,1303,16,360.1,5,157.0,7.20633691043,6,8,2,2,3,0
1304,1304,16,354.7,6,175.5,6.58480257867,6,8,2,3,3,0
1305,1305,16,362.7,6,181.2,7.15399363992,6,8,2,3,3,0
1306,1306,16,368.0,6,185.6,7.44625185356,6,8,2,3,3,0
1307,1307,16,373.7,6,185.0,7.09581743001,6,8,2,3,3,0
1308,1308,17,386.2,6,186.2,7.57349286113,7,8,2,3,3,0
1309,1309,16,360.0,6,182.8,7.60254343405,7,7,2,3,3,0
1310,1310,16,360.9,6,185.5,7.89708543282,7,7,2,3,3,0
1311,1311,16,364.0,6,180.0,7.03552888322,7,7,2,3,3,0
1312,1312,16,370.7,7,208.9,7.25366286782,7,7,2,3,4,0
1313,1313,16,355.0,4,122.3,6.46362901163,7,7,2,1,3,0
1314,1314,16,360.0,4,128.0,7.15979515536,7,7,2,1,3,0
1315,1315,16,358.3,4,128.4,7.46962460012,7,7,2,1,3,0
1316,1316,16,359.8,4,130.5,7.53727404305,7,7,2,1,3,0
1317,1317,16,355.5,4,127.1,7.01695268617,7,7,2,1,3,0
1318,1318,16,363.9,4,129.1,6.96715807677,7,7,2,1,3,0
1319,1319,16,362.9,5,156.0,7.29641178937,7,7,2,1,4,0
1320,1320,16,362.7,5,157.2,7.50268563027,7,7,2,2,3,0
1321,1321,16,364.3,4,131.1,7.39763194092,7,7,2,1,3,0
1322,1322,16,360.1,5,152.3,7.07328012075,7,7,2,2,3,0
1323,1323,16,367.2,5,157.2,7.38168905694,7,7,2,2,3,0
1324,1324,16,364.4,5,156.2,7.354227809,7,7,2,2,3,0
1325,1325,16,354.2,4,124.8,6.66081826805,7,7,2,1,3,0
1326,1326,16,355.0,4,127.4,7.28998171008,7,7,2,1,3,0
1327,1327,16,356.6,4,128.2,7.21497285742,7,7,2,1,3,0
1328,1328,16,355.2,4,126.5,6.92897298787,7,7,2,1,3,0
1329,1329,17,368.1,3,101.1,7.02985754186,8,7,2,1,2,0
1330,1330,17,368.0,4,125.1,6.74102344298,8,7,2,1,3,0
1331,1331,17,371.6,4,126.7,7.02255818982,8,7,2,1,3,0
1332,1332,16,360.8,6,179.7,7.24090233788,7,7,2,3,3,0
1333,1333,16,341.7,3,99.3,7.23353014325,7,7,2,1,2,0
1334,1334,16,338.0,4,124.1,7.2468383911,7,7,2,2,2,0
1335,1335,16,352.1,4,127.0,7.03974135415,7,7,2,2,2,0
1336,1336,17,368.7,5,153.7,7.19008713029,8,7,2,3,2,0
1337,1337,17,358.0,3,98.4,6.71854325947,8,7,2,1,2,0
1338,1338,17,365.8,4,129.7,7.47848875894,8,7,2,2,2,0
1339,1339,17,369.0,4,130.1,7.4726560362,8,7,2,2,2,0
1340,1340,16,349.1,4,127.8,7.40407264056,7,7,2,2,2,0
1341,1341,17,368.3,4,129.3,7.39365785458,8,7,2,2,2,0
1342,1342,17,364.6,4,128.3,7.4955918418,8,7,2,2,2,0
1343,1343,17,366.2,4,129.0,7.39713279112,8,7,2,2,2,0
1344,1344,17,371.8,5,155.2,7.3528705879,8,7,2,3,2,0
1345,1345,17,369.3,5,154.1,7.29807589469,8,7,2,3,2,0
1346,1346,17,371.0,6,180.9,7.36423191954,8,7,2,3,3,0
1347,1347,17,371.4,5,155.5,7.36215980938,8,7,2,2,3,0
1348,1348,17,372.9,5,156.5,7.3304963318,8,7,2,2,3,0
1349,1349,17,364.7,5,155.9,7.33553999777,8,7,2,2,3,0
1350,1350,17,370.6,5,158.0,7.40287106466,8,7,2,2,3,0
1351,1351,17,376.2,5,159.1,7.24825536818,8,7,2,2,3,0
1352,1352,17,374.9,6,183.1,7.0976332012,8,7,2,3,3,0
1353,1353,17,377.5,6,186.3,7.30791271399,8,7,2,3,3,0
1354,1354,18,392.0,6,187.9,7.68317914864,8,8,2,3,3,0
1355,1355,18,388.1,6,184.6,7.47207655907,8,8,2,3,3,0
1356,1356,18,387.1,6,187.6,7.93395326298,8,8,2,3,3,0
1357,1357,18,387.3,6,185.8,7.73390168635,8,8,2,3,3,0
1358,1358,19,395.5,5,161.6,7.98013249388,9,8,2,2,3,0
1359,1359,19,398.1,5,162.5,8.06448788903,9,8,2,2,3,0
1360,1360,19,400.6,5,163.1,8.08773166647,9,8,2,2,3,0
1361,1361,19,398.5,5,163.4,8.28431195462,9,8,2,2,3,0
1362,1362,19,402.2,5,160.1,7.7793210666,9,8,2,2,3,0
1363,1363,19,413.3,6,187.9,7.62447582323,9,8,2,3,3,0
1364,1364,19,414.1,6,187.8,7.56567347991,9,8,2,3,3,0
1365,1365,19,404.6,6,186.8,7.84484782688,9,8,2,3,3,0
1366,1366,19,404.7,6,187.9,7.99020233369,9,8,2,3,3,0
1367,1367,19,401.3,6,184.9,7.81605036287,9,8,2,3,3,0
1368,1368,19,413.7,6,186.9,7.60700277561,9,8,2,3,3,0
1369,1369,19,419.9,6,187.8,7.44244583454,9,8,2,3,3,0
1370,1370,19,414.1,5,159.7,7.2670086834,9,8,2,2,3,0
1371,1371,19,414.2,6,184.4,7.24653173747,9,8,2,3,3,0
1372,1372,19,418.9,7,211.8,7.42012042588,9,8,2,3,4,0
1373,1373,19,421.7,7,213.3,7.37785528037,9,8,2,3,4,0
1374,1374,19,412.7,7,208.0,7.16554866841,9,8,2,3,4,0
1375,1375,19,417.4,6,185.4,7.33848702478,9,8,2,2,4,0
1376,1376,19,417.0,6,187.3,7.55876007035,9,8,2,2,4,0
1377,1377,19,404.2,6,181.1,7.22032948658,9,8,2,2,4,0
1378,1378,19,398.2,5,156.3,7.27532479531,9,8,2,1,4,0
1379,1379,19,398.0,5,157.8,7.45150010408,9,8,2,1,4,0
1380,1380,19,395.1,4,131.1,7.25423046567,9,8,2,1,3,0
1381,1381,19,399.1,4,131.5,7.28739198008,9,8,2,1,3,0
1382,1382,20,400.4,5,156.7,7.57305472678,10,8,2,1,4,0
1383,1383,19,382.3,4,130.0,7.5036716159,10,7,2,1,3,0
1384,1384,19,392.1,5,156.2,7.46273784481,10,7,2,1,4,0
1385,1385,19,390.5,5,157.7,7.65567098598,10,7,2,1,4,0
1386,1386,19,384.2,4,130.4,7.55480560434,10,7,2,1,3,0
1387,1387,19,391.9,4,131.8,7.65969553393,10,7,2,1,3,0
1388,1388,19,388.9,6,184.0,7.99152694571,10,7,2,2,4,0
1389,1389,19,387.2,4,130.3,7.60742173782,10,7,2,1,3,0
1390,1390,19,387.6,5,157.1,7.78488564106,10,7,2,1,4,0
1391,1391,19,394.1,5,157.7,7.69569257511,10,7,2,2,3,0
1392,1392,19,391.3,5,158.7,7.84442290804,10,7,2,2,3,0
1393,1393,19,392.2,6,182.7,7.78419451263,10,7,2,3,3,0
1394,1394,19,396.1,7,211.0,7.92235714229,10,7,2,3,4,0
1395,1395,19,400.4,6,186.1,7.93850266495,10,7,2,3,3,0
1396,1396,19,395.1,6,183.3,7.81853024581,10,7,2,3,3,0
1397,1397,19,400.2,5,159.4,7.87451660078,10,7,2,2,3,0
1398,1398,19,403.3,5,161.3,7.95381404703,10,7,2,2,3,0
1399,1399,19,402.4,5,158.5,7.74937839424,10,7,2,2,3,0
1400,1400,19,405.7,5,159.4,7.4326881948,10,7,2,2,3,0
1401,1401,19,400.6,5,158.9,7.64484308086,10,7,2,2,3,0
1402,1402,20,407.1,5,157.9,7.58873645956,11,7,2,2,3,0
1403,1403,20,406.9,5,158.1,7.80387724147,11,7,2,2,3,0
1404,1404,20,407.0,6,183.1,7.78003517784,11,7,2,3,3,0
1405,1405,20,403.8,4,132.3,7.69852344011,11,7,2,2,2,0
1406,1406,20,404.0,5,159.7,7.87581240588,11,7,2,2,3,0
1407,1407,20,394.6,4,130.3,7.53316177417,11,7,2,2,2,0
1408,1408,20,396.6,4,131.7,7.62172103786,11,7,2,2,2,0
1409,1409,20,401.8,4,132.7,7.7377339264,11,7,2,2,2,0
1410,1410,20,397.8,4,131.1,7.52336011157,11,7,2,2,2,0
1411,1411,20,397.2,4,130.7,7.48095124827,11,7,2,2,2,0
1412,1412,20,394.1,3,105.9,7.57665910266,11,7,2,1,2,0
1413,1413,20,400.3,4,131.3,7.43436366866,11,7,2,2,2,0
1414,1414,20,394.9,3,104.8,7.25058799793,11,7,2,1,2,0
1415,1415,20,397.8,3,105.0,7.35926912847,11,7,2,1,2,0
1416,1416,20,400.9,4,130.7,7.38379983477,11,7,2,2,2,0
1417,1417,20,395.7,4,130.0,7.46403834536,11,7,2,2,2,0
1418,1418,20,392.5,4,130.2,7.66199609831,11,7,2,2,2,0
1419,1419,20,393.1,3,104.8,7.75788054344,11,7,2,1,2,0
1420,1420,20,385.8,4,130.6,7.93406380243,11,7,2,2,2,0
1421,1421,20,387.0,3,103.5,7.59941133454,11,7,2,1,2,0
1422,1422,20,378.5,4,127.3,7.44020903781,11,7,2,2,2,0
1423,1423,20,380.2,4,127.0,7.54543431138,11,7,2,2,2,0
1424,1424,20,380.7,4,127.3,7.51960770253,11,7,2,2,2,0
1425,1425,19,368.9,4,129.1,7.77519297066,11,7,1,2,2,0
1426,1426,19,370.3,4,128.3,7.73612699086,11,7,1,2,2,0
1427,1427,19,362.9,4,124.8,7.27675141194,11,7,1,2,2,0
1428,1428,19,364.1,4,126.0,7.83760242012,11,7,1,2,2,0
1429,1429,19,366.9,4,122.7,7.4502717875,11,7,1,2,2,0
1430,1430,19,365.6,3,96.6,7.17025613904,11,7,1,1,2,0
1431,1431,19,371.0,4,122.8,7.35291643615,10,8,1,1,3,0
1432,1432,19,371.6,4,123.5,7.44799121236,10,8,1,1,3,0
1433,1433,19,361.6,4,119.9,7.18285401584,10,8,1,1,3,0
1434,1434,19,365.8,5,147.6,7.51172183406,10,8,1,2,3,0
1435,1435,20,369.3,4,117.9,7.05640992663,10,8,2,1,3,0
1436,1436,20,369.8,5,145.6,7.33634786525,10,8,2,2,3,0
1437,1437,20,366.1,5,146.6,7.65344607625,10,8,2,2,3,0
1438,1438,19,357.2,6,173.7,7.94362078092,9,8,2,3,3,0
1439,1439,19,360.1,6,173.1,7.83888940696,9,8,2,3,3,0
1440,1440,19,357.7,5,145.4,7.62086624598,9,8,2,2,3,0
1441,1441,18,359.0,5,151.4,8.08478761933,8,8,2,2,3,0
1442,1442,18,352.8,4,124.3,7.93050699366,8,8,2,1,3,0
1443,1443,18,359.7,4,124.6,7.99148443841,8,8,2,1,3,0
1444,1444,18,361.0,4,126.5,8.11130091997,8,8,2,1,3,0
1445,1445,18,352.5,4,125.0,8.02116685072,8,8,2,1,3,0
1446,1446,19,376.2,4,127.3,8.10226305835,9,8,2,1,3,0
1447,1447,18,367.3,5,153.6,7.93306351494,9,7,2,2,3,0
1448,1448,18,369.0,5,154.0,7.99198127537,9,7,2,2,3,0
1449,1449,18,366.8,5,154.5,8.03371978568,9,7,2,2,3,0
1450,1450,18,377.8,5,157.2,8.06888642283,9,7,2,2,3,0
1451,1451,17,360.0,4,130.3,7.95232115578,9,6,2,1,3,0
1452,1452,17,367.2,5,155.9,7.76965250188,9,6,2,2,3,0
1453,1453,17,374.9,5,156.9,7.62160724905,9,6,2,2,3,0
1454,1454,17,369.7,5,156.7,7.76435103913,9,6,2,1,4,0
1455,1455,18,383.4,5,155.2,7.43362788478,10,6,2,2,3,0
1456,1456,18,384.4,4,130.3,7.33711132629,10,6,2,1,3,0
1457,1457,18,386.4,4,131.7,7.40230488747,10,6,2,1,3,0
1458,1458,18,383.7,4,130.6,7.27123664537,10,6,2,1,3,0
1459,1459,18,383.8,4,131.7,7.36035129881,10,6,2,1,3,0
1460,1460,18,381.0,3,105.4,7.50137242345,10,6,2,1,2,0
1461,1461,18,376.7,3,104.1,7.26982527143,10,6,2,1,2,0
1462,1462,18,378.9,3,105.9,7.54509969528,10,6,2,1,2,0
1463,1463,18,373.4,3,106.3,7.63600004793,10,6,2,1,2,0
1464,1464,18,375.5,3,106.8,7.64346232671,10,6,2,1,2,0
1465,1465,19,387.7,3,107.2,7.64449501887,10,7,2,1,2,0
1466,1466,19,386.2,3,107.4,7.67853010422,10,7,2,1,2,0
1467,1467,19,377.8,3,106.3,7.65537307008,10,7,2,1,2,0
1468,1468,19,379.5,3,107.7,7.85980223848,10,7,2,1,2,0
1469,1469,19,380.0,3,107.5,7.74410169814,10,7,2,1,2,0
1470,1470,19,387.3,3,107.0,7.55132535519,10,7,2,1,2,0
1471,1471,19,385.7,3,107.7,7.81728853248,10,7,2,1,2,0
1472,1472,19,389.9,3,107.7,7.73868916171,10,7,2,1,2,0
1473,1473,19,386.4,3,106.2,7.47151706492,10,7,2,1,2,0
1474,1474,18,373.8,3,106.3,7.58822617419,10,6,2,1,2,0
1475,1475,18,370.6,3,104.5,7.37083991454,10,6,2,1,2,0
1476,1476,18,361.5,3,104.1,7.39166860092,10,6,2,1,2,0
1477,1477,18,369.9,3,105.5,7.39142985451,10,6,2,1,2,0
1478,1478,18,366.7,3,103.8,7.19409934318,10,6,2,1,2,0
1479,1479,18,370.1,3,103.4,7.10162689636,10,6,2,1,2,0
1480,1480,17,359.9,3,103.1,7.0031033037,9,6,2,1,2,0
1481,1481,17,354.7,3,103.1,7.23817494059,9,6,2,1,2,0
1482,1482,17,349.4,3,102.4,7.33409142695,9,6,2,1,2,0
1483,1483,18,364.2,3,103.0,7.38822592731,9,7,2,1,2,0
1484,1484,18,381.4,3,102.6,6.78197341477,9,7,2,1,2,0
1485,1485,18,376.5,3,101.7,7.04625474152,9,7,2,1,2,0
1486,1486,18,382.5,4,127.1,7.08181183198,9,7,2,1,3,0
1487,1487,17,374.4,4,127.8,7.08321337845,8,7,2,1,3,0
1488,1488,17,375.4,3,99.1,6.34864506156,8,7,2,1,2,0
1489,1489,17,373.0,4,125.9,6.71491426076,8,7,2,1,3,0
1490,1490,17,375.9,4,125.2,6.57484622947,8,7,2,1,3,0
1491,1491,17,376.7,4,125.7,6.58350769191,8,7,2,1,3,0
1492,1492,17,369.0,4,124.9,6.58554008683,8,7,2,1,3,0
1493,1493,17,372.8,3,100.6,6.69223100934,8,7,2,1,2,0
1494,1494,17,372.0,3,103.6,7.04194888633,8,7,2,1,2,0
1495,1495,17,346.6,2,68.2,5.89712666823,8,7,2,1,1,0
1496,1496,17,352.0,3,99.4,6.63950963817,8,7,2,1,2,0
1497,1497,17,350.4,3,100.8,6.89237643641,8,7,2,1,2,0
1498,1498,17,355.5,3,103.1,7.35610990546,8,7,2,1,2,0
1499,1499,17,361.1,4,128.7,7.34217771029,8,7,2,2,2,0
1500,1500,17,358.2,4,129.6,7.56139576284,8,7,2,2,2,0
1501,1501,17,359.8,4,128.4,7.12968628136,8,7,2,2,2,0
1502,1502,17,360.6,4,128.1,7.14780406427,8,7,2,2,2,0
1503,1503,17,358.7,4,129.0,7.29040465269,8,7,2,2,2,0
1504,1504,17,352.1,4,128.3,7.31948447236,8,7,2,2,2,0
1505,1505,17,346.4,4,125.7,7.18849161958,8,7,2,2,2,0
1506,1506,16,349.0,4,126.7,6.81281879988,8,6,2,2,2,0
1507,1507,16,341.9,4,124.2,6.93202411517,8,6,2,2,2,0
1508,1508,16,347.6,4,127.3,7.03434431912,8,6,2,2,2,0
1509,1509,17,363.5,4,128.3,7.07674318579,8,7,2,2,2,0
1510,1510,17,361.2,4,125.9,6.92613868319,8,7,2,2,2,0
1511,1511,17,367.0,4,126.9,6.93684747859,8,7,2,2,2,0
1512,1512,17,361.4,4,126.6,7.18879847606,9,6,2,2,2,0
1513,1513,17,357.9,3,99.9,6.97738468617,9,6,2,1,2,0
1514,1514,18,379.2,3,99.8,6.90558171507,9,7,2,1,2,0
1515,1515,18,381.2,3,100.1,6.82732878223,9,7,2,1,2,0
1516,1516,17,360.5,3,98.9,6.77942388668,8,7,2,1,2,0
1517,1517,16,341.1,3,99.8,7.44394328744,8,6,2,1,2,0
1518,1518,17,359.1,2,73.9,6.97957103014,9,6,2,1,1,0
1519,1519,17,360.2,3,98.8,7.01871447925,9,6,2,2,1,0
1520,1520,17,358.7,4,125.4,7.1337227308,9,6,2,2,2,0
1521,1521,17,358.8,4,127.2,7.38583700303,9,6,2,2,2,0
1522,1522,18,383.8,4,128.2,7.25636074364,9,7,2,2,2,0
1523,1523,18,383.5,4,128.9,7.36002495378,9,7,2,2,2,0
1524,1524,17,367.5,5,154.4,7.62776468683,9,6,2,3,2,0
1525,1525,17,360.9,4,126.6,7.45299979085,9,6,2,2,2,0
1526,1526,17,356.9,4,126.9,7.82835156564,9,6,2,2,2,0
1527,1527,18,383.0,3,101.9,7.41671844,9,7,2,1,2,0
1528,1528,18,386.0,3,102.5,7.21691006246,9,7,2,1,2,0
1529,1529,18,386.0,3,101.4,6.82005884244,9,7,2,1,2,0
1530,1530,18,397.0,4,127.0,6.7873777508,9,7,2,2,2,0
1531,1531,18,394.6,5,152.8,6.98785126913,9,7,2,2,3,0
1532,1532,18,394.7,5,152.4,6.76207465167,9,7,2,2,3,0
1533,1533,18,403.0,5,155.7,6.93845964334,9,7,2,2,3,0
1534,1534,18,402.6,5,155.4,6.88937801342,9,7,2,2,3,0
1535,1535,18,400.7,5,152.8,6.7228441888,9,7,2,2,3,0
1536,1536,19,417.2,5,154.7,6.98930260306,10,7,2,2,3,0
1537,1537,19,410.3,5,154.4,7.13780807346,10,7,2,2,3,0
1538,1538,19,403.1,4,125.8,6.90171179716,10,7,2,1,3,0
1539,1539,19,402.3,4,126.1,6.9533239138,10,7,2,1,3,0
1540,1540,19,410.8,4,127.0,6.85472902028,10,7,2,1,3,0
1541,1541,19,407.1,4,125.5,6.66931964757,10,7,2,1,3,0
1542,1542,19,407.9,5,152.0,6.97535762776,10,7,2,2,3,0
1543,1543,19,411.4,4,126.8,6.85811509746,10,7,2,1,3,0
1544,1544,18,389.6,4,125.3,6.76593737015,9,7,2,1,3,0
1545,1545,18,380.1,4,125.5,6.98546810929,9,7,2,1,3,0
1546,1546,18,385.4,4,126.8,6.92488172665,9,7,2,1,3,0
1547,1547,18,377.7,4,125.2,6.86630733878,9,7,2,1,3,0
1548,1548,18,373.1,3,101.3,6.95902338952,9,7,2,1,2,0
1549,1549,18,371.6,3,101.8,7.20769378326,9,7,2,1,2,0
1550,1550,18,360.7,3,101.3,7.38752039025,9,7,2,1,2,0
1551,1551,18,360.2,3,102.0,7.33363635738,9,7,2,1,2,0
1552,1552,18,361.8,3,103.1,7.4937621118,9,7,2,1,2,0
1553,1553,18,351.6,3,102.1,7.46647408715,9,7,2,1,2,0
1554,1554,18,360.4,3,102.7,7.40393818543,9,7,2,1,2,0
1555,1555,18,366.6,4,128.3,7.24203416338,9,7,2,2,2,0
1556,1556,19,377.2,4,128.9,7.249625923,10,7,2,2,2,0
1557,1557,19,378.1,4,131.3,7.48799038461,10,7,2,2,2,0
1558,1558,19,376.8,4,133.0,7.76001522275,10,7,2,2,2,0
1559,1559,19,378.6,4,132.3,7.63936021938,10,7,2,2,2,0
1560,1560,19,376.8,4,130.8,7.50881353489,10,7,2,2,2,0
1561,1561,19,384.9,4,132.3,7.54330577322,10,7,2,2,2,0
1562,1562,19,391.8,4,132.5,7.54553428985,10,7,2,2,2,0
1563,1563,19,383.3,4,129.9,7.37487040227,10,7,2,2,2,0
1564,1564,19,379.3,4,130.5,7.69561278524,10,7,2,2,2,0
1565,1565,19,386.4,4,130.4,7.55257208037,10,7,2,2,2,0
1566,1566,18,367.3,4,127.8,7.5744518126,10,6,2,2,2,0
1567,1567,19,378.6,3,102.8,7.55210361461,11,6,2,2,1,0
1568,1568,19,384.2,4,128.9,7.76921123891,11,6,2,2,2,0
1569,1569,19,383.0,3,102.3,7.53520004818,11,6,2,2,1,0
1570,1570,19,378.8,4,129.0,7.73004315974,11,6,2,2,2,0
1571,1571,19,383.1,4,129.1,7.59979608837,11,6,2,2,2,0
1572,1572,19,376.4,4,128.0,7.50665591598,11,6,2,2,2,0
1573,1573,20,396.7,4,130.2,7.57039072898,11,7,2,2,2,0
1574,1574,20,393.1,4,128.0,7.33638911612,11,7,2,2,2,0
1575,1575,20,397.3,3,104.2,7.46255741404,11,7,2,1,2,0
1576,1576,19,378.0,4,128.8,7.70926381297,11,7,1,2,2,0
1577,1577,19,382.2,3,103.6,7.75408588766,11,7,1,1,2,0
1578,1578,18,368.3,3,103.1,7.63976738858,11,6,1,1,2,0
1579,1579,18,367.1,3,103.6,7.64918082675,11,6,1,1,2,0
1580,1580,20,406.0,3,104.5,7.37891733608,11,7,2,1,2,0
1581,1581,19,382.4,3,104.1,7.50539377198,11,6,2,1,2,0
1582,1582,19,385.6,3,104.4,7.61354594597,11,6,2,1,2,0
1583,1583,19,386.0,3,105.6,7.79168097381,11,6,2,1,2,0
1584,1584,19,387.3,3,105.3,7.67718576606,11,6,2,1,2,0
1585,1585,19,384.9,3,104.5,7.45276352842,11,6,2,1,2,0
1586,1586,19,386.3,3,105.8,7.69213542317,11,6,2,1,2,0
1587,1587,19,392.2,4,131.4,7.58773248148,11,6,2,2,2,0
1588,1588,19,388.9,4,130.5,7.48480331751,11,6,2,2,2,0
1589,1589,18,377.8,4,132.0,7.65889631804,10,6,2,2,2,0
1590,1590,18,382.0,4,132.4,7.48469462268,10,6,2,2,2,0
1591,1591,18,380.7,4,130.9,7.19879483378,10,6,2,2,2,0
1592,1592,18,377.9,4,129.9,7.23085482069,10,6,2,2,2,0
1593,1593,18,383.8,3,106.2,7.28500115512,10,6,2,1,2,0
1594,1594,18,372.3,3,104.1,7.43412244119,10,6,2,1,2,0
1595,1595,18,365.5,3,101.6,6.9957526797,10,6,2,1,2,0
1596,1596,17,349.4,3,100.9,7.06656897361,10,6,1,1,2,0
1597,1597,18,371.6,3,102.1,7.11818071785,10,7,1,1,2,0
1598,1598,17,356.4,4,128.6,7.33629173838,10,6,1,2,2,0
1599,1599,17,347.2,3,99.5,6.95633968152,10,6,1,1,2,0
1600,1600,18,374.6,4,127.9,7.08518660877,10,7,1,2,2,0
1601,1601,18,374.0,4,128.9,7.25149522557,10,7,1,2,2,0
1602,1602,18,384.4,4,130.5,7.27600587121,10,7,1,2,2,0
1603,1603,18,380.1,4,127.9,7.13699969917,10,7,1,2,2,0
1604,1604,19,402.8,5,154.8,7.23371734772,10,7,2,2,3,0
1605,1605,19,403.0,3,104.7,7.2894821289,10,7,2,1,2,0
1606,1606,19,405.6,4,130.2,7.32995137327,10,7,2,1,3,0
1607,1607,19,411.8,4,130.4,7.13666916591,10,7,2,1,3,0
1608,1608,18,391.6,4,129.7,7.18316841629,10,7,1,1,3,0
1609,1609,17,378.2,4,129.6,7.19384438661,9,7,1,1,3,0
1610,1610,17,377.9,4,129.4,7.09346219292,9,7,1,1,3,0
1611,1611,17,375.3,4,128.3,7.27345597118,9,7,1,1,3,0
1612,1612,18,393.7,3,103.6,7.17617016943,10,7,1,1,2,0
1613,1613,17,368.2,3,102.8,7.33740918372,10,6,1,1,2,0
1614,1614,18,385.5,3,101.3,6.98900396842,10,7,1,1,2,0
1615,1615,18,372.9,2,73.6,6.53805601617,10,7,1,1,1,0
1616,1616,17,355.1,3,102.1,7.59480763029,10,6,1,1,2,0
1617,1617,17,352.9,3,101.7,7.57966513307,10,6,1,1,2,0
1618,1618,17,360.3,3,101.2,7.09845675026,10,6,1,1,2,0
1619,1619,17,365.1,4,126.5,7.07809379457,10,6,1,2,2,0
1620,1620,17,371.2,4,128.7,7.3893454697,10,6,1,2,2,0
1621,1621,17,363.2,4,126.2,7.15095633259,10,6,1,2,2,0
1622,1622,17,377.0,4,128.4,7.40679834778,10,6,1,2,2,0
1623,1623,17,369.0,4,128.2,7.55409413731,10,6,1,2,2,0
1624,1624,17,368.3,4,129.4,7.64329290755,10,6,1,2,2,0
1625,1625,17,364.2,5,155.2,7.85473817289,10,6,1,2,3,0
1626,1626,18,384.7,5,154.7,7.56305303709,10,6,2,2,3,0
1627,1627,18,381.9,4,129.7,7.50264659186,10,6,2,2,2,0
1628,1628,17,361.2,4,131.9,7.91597416992,10,6,1,2,2,0
1629,1629,17,364.2,4,132.0,8.05399973707,10,6,1,2,2,0
1630,1630,18,382.0,4,131.7,7.94299954866,10,6,2,2,2,0
1631,1631,18,387.0,4,132.1,7.91104960687,10,6,2,2,2,0
1632,1632,18,385.5,4,132.7,7.96545851861,10,6,2,2,2,0
1633,1633,18,381.8,4,132.5,7.92537910683,10,6,2,2,2,0
1634,1634,19,401.3,4,132.0,7.6767744201,10,7,2,2,2,0
1635,1635,17,357.7,3,101.7,7.13609301575,10,6,1,1,2,0
1636,1636,18,372.8,3,103.9,7.4854281098,10,6,2,1,2,0
1637,1637,18,379.8,4,129.3,7.39952303709,10,6,2,2,2,0
1638,1638,19,390.7,3,103.0,7.16482228409,10,7,2,1,2,0
1639,1639,19,385.2,3,102.1,7.12279923947,10,7,2,1,2,0
1640,1640,19,382.9,3,101.1,7.01073529359,10,7,2,1,2,0
1641,1641,19,388.9,3,102.2,7.25817949562,10,7,2,1,2,0
1642,1642,19,379.6,3,103.5,7.63868654703,10,7,2,1,2,0
1643,1643,19,389.8,3,104.7,7.58450636773,10,7,2,1,2,0
1644,1644,19,389.4,3,104.5,7.56170716206,10,7,2,1,2,0
1645,1645,19,384.9,3,103.4,7.55919717882,10,7,2,1,2,0
1646,1646,19,384.7,4,128.8,7.56316867905,10,7,2,2,2,0
1647,1647,19,369.2,3,95.6,6.69859459817,10,7,2,1,2,0
1648,1648,18,354.2,4,127.9,7.78864600145,10,7,1,2,2,0
1649,1649,18,367.3,4,129.8,7.91101036324,10,7,1,2,2,0
1650,1650,19,387.1,4,129.7,7.80988277798,10,7,2,2,2,0
1651,1651,19,384.0,4,129.9,7.90055516593,10,7,2,2,2,0
1652,1652,19,386.0,4,131.0,7.82270649086,10,7,2,2,2,0
1653,1653,19,385.3,4,128.9,7.57023256265,10,7,2,2,2,0
1654,1654,18,371.6,4,128.4,7.52956699186,10,7,1,2,2,0
1655,1655,18,372.6,4,128.2,7.54656135172,10,7,1,2,2,0
1656,1656,18,373.7,4,129.5,7.78188990269,10,7,1,2,2,0
1657,1657,18,373.4,4,131.0,7.99633903161,10,7,1,2,2,0
1658,1658,18,379.2,4,130.7,7.58869127677,10,7,1,2,2,0
1659,1659,18,378.1,4,130.0,7.50164469984,10,7,1,2,2,0
1660,1660,18,379.3,4,131.2,7.57012748013,10,7,1,2,2,0
1661,1661,18,390.0,4,131.5,7.10931451978,10,7,1,2,2,0
1662,1662,18,379.7,4,129.8,7.20567359975,10,7,1,2,2,0
1663,1663,18,385.5,4,130.1,7.15765735583,10,7,1,2,2,0
1664,1664,18,388.1,4,131.6,7.29852030845,10,7,1,2,2,0
1665,1665,18,383.3,5,156.1,7.2346772945,10,7,1,2,3,0
1666,1666,18,380.1,4,130.6,7.28433048318,10,7,1,2,2,0
1667,1667,18,380.3,4,128.6,7.13333562397,10,7,1,2,2,0
1668,1668,18,372.7,4,129.2,7.22377384036,10,7,1,2,2,0
1669,1669,18,369.5,4,128.9,7.3874142221,10,7,1,2,2,0
1670,1670,18,367.0,3,103.5,7.4188066972,10,7,1,1,2,0
1671,1671,18,356.9,3,103.8,7.67538506837,10,7,1,1,2,0
1672,1672,18,351.8,3,103.8,7.7448443741,10,7,1,1,2,0
1673,1673,18,349.0,3,103.6,7.89556009926,10,7,1,1,2,0
1674,1674,18,345.8,3,103.2,7.76469300851,10,7,1,1,2,0
1675,1675,19,356.6,3,103.7,7.76366555977,10,8,1,1,2,0
1676,1676,19,357.1,3,104.1,7.83024575208,10,8,1,1,2,0
1677,1677,19,358.8,3,104.2,7.91898304062,10,8,1,1,2,0
1678,1678,19,350.2,3,102.1,7.89937076478,10,8,1,1,2,0
1679,1679,19,353.6,3,102.6,7.89534987873,10,8,1,1,2,0
1680,1680,18,317.5,2,68.5,6.93551294925,10,7,1,1,1,0
1681,1681,18,324.4,3,99.5,7.82999929048,10,7,1,1,2,0
1682,1682,19,341.6,3,99.3,7.84754589717,10,8,1,1,2,0
1683,1683,19,332.0,3,99.2,8.03103992887,10,8,1,1,2,0
1684,1684,19,330.1,2,74.6,8.18038589862,10,8,1,1,1,0
1685,1685,19,335.9,2,75.2,8.19387162236,10,8,1,1,1,0
1686,1686,19,336.9,2,74.8,8.03935131653,10,8,1,1,1,0
1687,1687,19,338.9,2,73.5,7.75551492139,10,8,1,1,1,0
1688,1688,19,356.8,2,74.3,7.70689294271,10,8,1,1,1,0
1689,1689,19,360.7,2,74.5,7.60075019381,10,8,1,1,1,0
1690,1690,19,362.5,2,73.7,7.46216969843,10,8,1,1,1,0
1691,1691,19,370.9,3,100.3,7.60479227179,10,8,1,1,2,0
1692,1692,19,364.7,2,74.8,7.69498203624,10,8,1,1,1,0
1693,1693,19,367.9,2,74.0,7.30556945277,10,8,1,1,1,0
1694,1694,19,379.3,2,74.6,7.2908779022,10,8,1,1,1,0
1695,1695,19,391.7,4,127.5,7.53843950532,10,8,1,2,2,0
1696,1696,19,383.5,5,152.4,7.60958921054,10,8,1,2,3,0
1697,1697,19,377.4,5,151.2,7.74483415835,10,8,1,2,3,0
1698,1698,19,383.6,5,151.6,7.61503591126,10,8,1,2,3,0
1699,1699,19,382.7,5,149.9,7.43118921165,10,8,1,2,3,0
1700,1700,19,382.2,5,152.3,7.71313908988,10,8,1,2,3,0
1701,1701,19,380.2,5,151.2,7.66383242806,10,8,1,2,3,0
1702,1702,18,362.1,5,150.5,7.66606348863,9,8,1,2,3,0
1703,1703,18,372.0,6,179.0,7.74330830649,9,7,2,3,3,0
1704,1704,18,373.7,5,152.3,7.48599782251,9,7,2,2,3,0
1705,1705,18,367.3,5,150.1,7.30370351037,9,7,2,2,3,0
1706,1706,18,373.4,5,150.9,6.93789442734,9,7,2,2,3,0
1707,1707,18,374.1,4,123.2,6.89869979225,9,7,2,1,3,0
1708,1708,18,381.7,5,150.2,6.92510116488,9,7,2,2,3,0
1709,1709,18,376.8,4,125.6,7.04431351809,9,7,2,1,3,0
1710,1710,18,380.4,5,151.7,7.29165518206,9,7,2,2,3,0
1711,1711,18,388.6,5,154.0,7.06889532004,9,7,2,2,3,0
1712,1712,18,383.0,5,151.2,6.92119979021,9,7,2,2,3,0
1713,1713,18,382.5,5,154.4,7.33406636265,9,7,2,2,3,0
1714,1714,18,382.6,5,156.3,7.47892900655,9,7,2,2,3,0
1715,1715,18,378.3,5,153.0,6.98167770163,9,7,2,2,3,0
1716,1716,18,380.0,5,153.6,6.8654196469,9,7,2,2,3,0
1717,1717,18,384.3,5,151.1,6.52157054343,9,7,2,2,3,0
1718,1718,18,372.6,4,123.7,6.54046229703,9,7,2,1,3,0
1719,1719,17,358.1,4,124.4,6.69206070434,9,7,1,1,3,0
1720,1720,17,353.9,4,123.9,6.71027526393,9,7,1,1,3,0
1721,1721,17,354.5,4,123.5,6.63787594482,9,7,1,1,3,0
1722,1722,17,349.1,4,121.4,6.65675795493,9,7,1,1,3,0
1723,1723,17,350.2,4,123.5,6.72077004517,9,7,1,1,3,0
1724,1724,18,363.0,4,120.8,6.43382605042,9,7,2,1,3,0
1725,1725,18,361.9,4,121.4,6.67766005356,9,7,2,1,3,0
1726,1726,17,355.6,4,121.9,6.47979892571,9,7,1,1,3,0
1727,1727,17,356.2,4,122.8,6.46907234917,9,7,1,1,3,0
1728,1728,17,352.9,4,121.8,6.41512459189,9,7,1,1,3,0
1729,1729,17,359.6,4,121.9,6.31121201187,9,7,1,1,3,0
1730,1730,17,361.5,4,123.9,6.48594067739,9,7,1,1,3,0
1731,1731,17,361.6,4,123.4,6.4948792046,9,7,1,1,3,0
1732,1732,17,353.6,4,122.8,6.90117743577,9,7,1,1,3,0
1733,1733,18,357.7,4,120.8,7.02849708272,9,7,2,1,3,0
1734,1734,18,359.9,4,120.5,6.93036559788,9,7,2,1,3,0
1735,1735,18,364.4,4,122.0,6.94348803872,9,7,2,1,3,0
1736,1736,18,368.1,4,118.7,6.3898126641,9,7,2,1,3,0
1737,1737,18,362.8,3,91.7,6.46740444548,9,7,2,1,2,0
1738,1738,19,380.2,5,143.7,6.73480963493,10,7,2,2,3,0
1739,1739,19,372.6,4,116.1,6.59392774005,10,7,2,2,2,0
1740,1740,19,366.1,4,115.6,6.60050946111,10,7,2,2,2,0
1741,1741,19,365.6,4,115.2,6.68325567615,10,7,2,1,3,0
1742,1742,19,365.4,4,116.6,6.79027512383,10,7,2,1,3,0
1743,1743,19,367.3,2,64.8,6.22861252889,10,7,2,1,1,0
1744,1744,19,365.2,2,64.8,6.02066616353,10,7,2,1,1,0
1745,1745,19,358.0,2,62.9,5.65973259964,10,7,2,1,1,0
1746,1746,19,366.2,2,65.3,5.96068994005,10,7,2,1,1,0
1747,1747,19,359.2,2,65.2,6.02913976582,10,7,2,1,1,0
1748,1748,19,367.8,2,65.5,5.96660295957,10,7,2,1,1,0
1749,1749,19,367.3,3,91.6,6.31225022666,10,7,2,1,2,0
1750,1750,19,367.0,2,66.2,6.26908314738,10,7,2,1,1,0
1751,1751,19,370.1,3,91.2,6.27911697148,10,7,2,1,2,0
1752,1752,19,377.1,3,88.9,5.9762835368,10,7,2,1,2,0
1753,1753,19,391.2,3,89.8,5.52065764368,10,7,2,1,2,0
1754,1754,19,398.3,4,113.6,5.53636568782,10,7,2,2,2,0
1755,1755,19,396.0,4,113.7,5.70110279678,10,7,2,2,2,0
1756,1756,19,395.2,2,63.7,5.85178035587,10,7,2,1,1,0
1757,1757,19,397.2,4,115.1,5.90409214813,10,7,2,2,2,0
1758,1758,19,395.2,4,114.7,5.86306707752,10,7,2,2,2,0
1759,1759,19,398.1,3,91.9,5.91930630518,10,7,2,1,2,0
1760,1760,20,409.9,3,92.6,6.12617120918,10,8,2,1,2,0
1761,1761,20,400.5,3,92.8,6.21812926683,10,8,2,1,2,0
1762,1762,20,415.1,3,94.9,6.20173787189,10,8,2,1,2,0
1763,1763,20,413.3,3,94.4,6.05729442816,10,8,2,1,2,0
1764,1764,20,411.4,3,94.1,6.01551502804,10,8,2,1,2,0
1765,1765,20,408.8,3,94.6,6.51503524246,10,8,2,1,2,0
1766,1766,20,421.1,4,121.3,6.52037091292,10,8,2,2,2,0
1767,1767,20,409.3,3,93.7,6.18191547559,10,8,2,1,2,0
1768,1768,20,409.0,3,95.2,6.46215704577,10,8,2,1,2,0
1769,1769,20,409.4,3,95.7,6.5584096275,10,8,2,1,2,0
1770,1770,19,392.4,3,95.8,6.60221919097,10,8,1,1,2,0
1771,1771,19,382.6,3,94.3,6.506254301,10,8,1,1,2,0
1772,1772,19,383.9,3,95.9,6.76744442855,10,8,1,1,2,0
1773,1773,19,380.8,3,97.1,6.87502046781,10,8,1,1,2,0
1774,1774,19,379.4,3,96.5,6.66808756788,10,8,1,1,2,0
1775,1775,19,382.7,3,99.0,6.96637286378,10,8,1,1,2,0
1776,1776,20,396.0,3,99.7,6.98321295378,10,8,2,1,2,0
1777,1777,20,397.1,3,98.7,6.89679368677,10,8,2,1,2,0
1778,1778,20,389.5,3,101.0,7.55742054296,10,8,2,1,2,0
1779,1779,19,373.2,3,101.1,7.59512385895,10,7,2,1,2,0
1780,1780,19,367.2,3,100.3,7.52623870242,10,7,2,1,2,0
1781,1781,19,382.8,3,102.1,7.45418364418,10,7,2,1,2,0
1782,1782,19,381.3,3,102.4,7.57694255485,10,7,2,1,2,0
1783,1783,19,382.5,3,101.2,7.23395178858,10,7,2,1,2,0
1784,1784,18,380.6,3,101.2,6.83599661156,9,7,2,1,2,0
1785,1785,18,380.7,3,101.4,6.87418444361,9,7,2,1,2,0
1786,1786,18,369.8,3,100.3,6.81082375792,9,7,2,1,2,0
1787,1787,18,372.4,3,100.5,6.78916861313,9,7,2,1,2,0
1788,1788,18,373.0,3,100.3,6.74402180196,9,7,2,1,2,0
1789,1789,18,370.9,3,101.0,6.86255587974,9,7,2,1,2,0
1790,1790,18,368.5,3,100.7,7.08634192162,9,7,2,1,2,0
1791,1791,18,365.4,3,101.7,7.22145496176,9,7,2,1,2,0
1792,1792,18,368.0,3,101.5,7.17062818006,9,7,2,1,2,0
1793,1793,18,370.8,3,102.1,7.00075626167,9,7,2,1,2,0
1794,1794,18,376.2,3,103.3,7.10914903487,9,7,2,1,2,0
1795,1795,18,379.0,3,102.1,7.05217715421,9,7,2,1,2,0
1796,1796,17,366.6,3,102.6,7.07521564835,9,7,1,1,2,0
1797,1797,17,372.4,3,103.8,7.23027234863,9,7,1,1,2,0
1798,1798,17,370.3,3,103.1,7.20279765908,9,7,1,1,2,0
1799,1799,17,367.3,3,101.6,7.12876835332,9,7,1,1,2,0
1800,1800,17,373.3,4,128.0,7.12899526788,9,7,1,2,2,0
1801,1801,17,374.3,4,128.4,7.09588219446,9,7,1,2,2,0
1802,1802,17,361.4,3,99.9,6.80028113606,9,7,1,1,2,0
1803,1803,17,366.3,3,99.0,6.72357026131,9,7,1,1,2,0
1804,1804,17,360.5,3,100.8,6.9676458173,9,7,1,1,2,0
1805,1805,17,356.5,3,100.2,6.90713079957,9,7,1,1,2,0
1806,1806,18,360.9,3,100.5,7.40470835903,10,7,1,1,2,0
1807,1807,18,359.3,3,99.7,7.12783597957,10,7,1,1,2,0
1808,1808,18,361.6,3,99.3,6.8703873415,10,7,1,1,2,0
1809,1809,18,354.5,3,99.7,7.10099182983,10,7,1,1,2,0
1810,1810,18,362.0,3,99.9,7.07280532486,10,7,1,1,2,0
1811,1811,18,356.2,3,98.4,6.92717486671,10,7,1,1,2,0
1812,1812,18,364.6,3,99.1,6.88897006066,10,7,1,1,2,0
1813,1813,18,359.5,3,98.0,6.88568895742,10,7,1,1,2,0
1814,1814,18,357.9,3,96.7,6.73570381492,10,7,1,1,2,0
1815,1815,18,351.9,3,96.7,6.84073009519,10,7,1,1,2,0
1816,1816,18,351.8,3,96.7,6.90457838064,10,7,1,1,2,0
1817,1817,18,349.0,3,94.0,6.49903964751,10,7,1,1,2,0
1818,1818,18,352.8,3,94.6,6.37900969633,10,7,1,1,2,0
1819,1819,18,350.4,3,93.9,6.32129919632,10,7,1,1,2,0
1820,1820,18,345.4,3,92.4,6.21382603449,10,7,1,1,2,0
1821,1821,18,349.0,3,94.4,6.38766171789,10,7,1,1,2,0
1822,1822,17,341.8,2,66.2,5.81791098551,9,7,1,1,1,0
1823,1823,17,332.8,2,63.2,5.47443255185,9,7,1,1,1,0
1824,1824,17,326.7,2,59.9,5.07496740065,9,7,1,1,1,0
1825,1825,17,325.1,2,62.4,5.49448921782,9,7,1,1,1,0
1826,1826,17,328.8,2,64.2,5.96448434732,9,7,1,1,1,0
1827,1827,17,313.2,2,60.9,5.25351422999,9,7,1,1,1,0
1828,1828,18,332.3,2,63.2,5.56830726089,9,7,2,1,1,0
1829,1829,18,335.1,2,66.8,6.29866932726,9,7,2,1,1,0
