,e_id,num_sat,sum_snr,num_sat_25,sum_snr_25,num_sat_u20,sum_sat_u20,snr_std,elev_0_30,elev_30_60,elev_60_90,sum_elev_0_30,sum_elev_30_60,sum_elev_60_90,elev_0_30_25,elev_30_60_25,elev_60_90_25,sum_elev_0_30_25,sum_elev_30_60_25,sum_elev_60_90_25
1,1,7,125.9,1,31.1,5,71.9,6.94608488561,3,2,2,41.4,54.0,30.5,0,1,0,0,31.1,0
2,2,7,123.6,1,29.6,5,71.0,6.48507443875,3,2,2,41.4,52.6,29.6,0,1,0,0,29.6,0
3,3,7,128.8,1,32.6,5,71.4,7.62932937201,3,2,2,41.8,57.4,29.6,0,1,0,0,32.6,0
4,4,7,129.8,1,33.0,5,72.3,7.65263726717,3,2,2,42.7,57.5,29.6,0,1,0,0,33.0,0
5,5,7,127.1,1,31.2,5,72.1,7.01542518143,3,2,2,42.5,55.0,29.6,0,1,0,0,31.2,0
6,6,7,130.1,1,31.8,5,74.2,7.15691473831,3,2,2,44.6,55.9,29.6,0,1,0,0,31.8,0
7,7,7,129.6,1,31.8,5,74.2,7.09493447736,3,2,2,44.6,55.4,29.6,0,1,0,0,31.8,0
8,8,7,131.4,1,33.1,5,74.2,7.56234405585,3,2,2,44.6,57.2,29.6,0,1,0,0,33.1,0
9,9,7,126.4,1,34.2,5,68.1,8.21215707409,3,2,2,42.3,58.3,25.8,0,1,0,0,34.2,0
10,10,7,126.3,1,34.1,5,68.1,8.17941667497,3,2,2,42.3,58.2,25.8,0,1,0,0,34.1,0
11,11,7,126.7,1,33.6,5,68.8,7.96345821027,3,2,2,43.0,57.9,25.8,0,1,0,0,33.6,0
12,12,7,126.0,1,33.8,5,68.8,7.91959594929,3,2,2,43.0,57.2,25.8,0,1,0,0,33.8,0
13,13,7,129.6,1,34.2,5,71.1,8.00238059818,3,2,2,43.0,58.5,28.1,0,1,0,0,34.2,0
14,14,7,130.2,1,34.0,5,71.3,8.00083328994,3,2,2,43.2,58.9,28.1,0,1,0,0,34.0,0
15,15,8,147.1,1,34.2,6,89.0,7.41743842962,4,2,2,60.9,58.1,28.1,0,1,0,0,34.2,0
16,16,8,148.3,1,34.2,6,89.8,7.4321574449,4,2,2,60.9,58.5,28.9,0,1,0,0,34.2,0
17,17,8,148.6,1,34.3,6,89.8,7.41730601846,4,2,2,60.9,58.8,28.9,0,1,0,0,34.3,0
18,18,10,183.7,1,34.5,8,124.8,6.64948619569,5,3,2,80.1,74.7,28.9,0,1,0,0,34.5,0
19,19,10,181.8,2,59.3,8,122.5,6.66563325324,5,3,2,77.6,75.3,28.9,0,2,0,0,59.3,0
20,20,9,171.2,1,34.8,7,111.6,6.82234889495,5,3,1,80.7,75.5,15.0,0,1,0,0,34.8,0
21,21,9,167.6,1,32.4,7,110.8,6.14527822352,5,3,1,79.8,72.8,15.0,0,1,0,0,32.4,0
22,22,9,164.7,1,32.4,7,107.8,6.2337789502,5,3,1,77.1,72.6,15.0,0,1,0,0,32.4,0
23,23,9,164.6,1,32.4,7,107.8,6.22142355985,5,3,1,77.1,72.5,15.0,0,1,0,0,32.4,0
24,24,9,166.3,2,58.5,7,107.8,6.46660223336,5,3,1,77.0,74.3,15.0,0,2,0,0,58.5,0
25,25,9,169.4,2,59.1,7,110.3,6.51839278077,5,3,1,79.6,74.8,15.0,0,2,0,0,59.1,0
26,26,8,154.4,2,60.0,6,94.4,7.15661532131,4,3,1,63.7,75.7,15.0,0,2,0,0,60.0,0
27,27,8,156.0,2,60.6,6,95.4,7.12079449821,4,3,1,63.7,77.3,15.0,0,2,0,0,60.6,0
28,28,8,161.1,2,61.5,6,99.6,7.04027951961,4,3,1,66.4,79.7,15.0,0,2,0,0,61.5,0
29,29,9,173.7,2,59.8,7,113.9,6.64059485287,4,4,1,68.1,90.6,15.0,0,2,0,0,59.8,0
30,30,9,172.9,2,59.3,7,113.6,6.51065366235,4,4,1,69.0,88.9,15.0,0,2,0,0,59.3,0
31,31,10,188.3,2,60.1,7,108.0,6.53861181326,5,4,1,83.5,89.8,15.0,0,2,0,0,60.1,0
32,32,10,189.7,2,60.5,8,129.2,6.50197405921,5,4,1,84.0,90.7,15.0,0,2,0,0,60.5,0
33,33,10,193.4,2,59.7,8,133.7,6.02701326437,5,4,1,84.5,93.9,15.0,0,2,0,0,59.7,0
34,34,10,193.9,2,60.7,7,112.9,6.31795501373,5,4,1,84.7,94.2,15.0,0,2,0,0,60.7,0
35,35,10,191.4,2,60.0,8,131.4,6.15705557335,5,4,1,81.9,94.5,15.0,0,2,0,0,60.0,0
36,36,10,194.7,2,60.6,8,134.1,6.2127199268,5,4,1,84.6,95.1,15.0,0,2,0,0,60.6,0
37,37,11,208.1,2,60.8,9,147.3,6.24560936688,6,4,1,99.0,94.1,15.0,0,2,0,0,60.8,0
38,38,11,205.1,1,34.3,8,126.7,6.00855450776,6,4,1,99.9,91.4,13.8,0,1,0,0,34.3,0
39,39,11,209.3,2,60.3,8,128.1,6.09903121964,6,4,1,101.9,93.6,13.8,0,2,0,0,60.3,0
40,40,11,212.3,2,61.0,9,151.3,6.01531379065,6,4,1,102.6,93.8,15.9,0,2,0,0,61.0,0
41,41,11,216.8,2,62.6,8,132.8,6.26569302559,6,4,1,105.5,95.4,15.9,0,2,0,0,62.6,0
42,42,11,211.8,2,61.2,8,129.5,6.15099400688,6,4,1,101.9,94.0,15.9,0,2,0,0,61.2,0
43,43,11,209.4,2,61.2,8,128.1,6.20649220209,6,4,1,100.2,94.0,15.2,0,2,0,0,61.2,0
44,44,11,211.0,2,63.2,8,126.9,6.56381263928,6,4,1,99.8,96.0,15.2,0,2,0,0,63.2,0
45,45,11,208.6,2,62.2,9,146.4,6.33944362342,6,4,1,100.0,93.4,15.2,0,2,0,0,62.2,0
46,46,11,206.8,2,62.5,9,144.3,6.62404710128,6,4,1,100.8,90.8,15.2,0,2,0,0,62.5,0
47,47,11,204.1,2,62.5,8,121.5,6.66053505904,6,4,1,98.1,90.8,15.2,0,2,0,0,62.5,0
48,48,11,205.4,2,62.9,9,142.5,6.69523575524,6,4,1,98.0,92.2,15.2,0,2,0,0,62.9,0
49,49,11,207.5,2,63.1,8,124.1,6.70078692801,6,4,1,99.9,92.4,15.2,0,2,0,0,63.1,0
50,50,11,207.3,2,62.8,8,123.1,6.72240487272,6,4,1,100.4,91.7,15.2,0,2,0,0,62.8,0
51,51,11,208.4,2,63.1,8,124.6,6.59823667905,6,4,1,99.7,93.5,15.2,0,2,0,0,63.1,0
52,52,11,207.9,2,62.8,8,124.1,6.64319200385,6,4,1,99.7,93.0,15.2,0,2,0,0,62.8,0
53,53,11,208.8,2,63.3,8,123.7,6.79084945818,6,3,2,100.1,64.6,44.1,0,1,1,0,34.4,28.9
54,54,11,207.1,2,63.4,9,143.7,6.76078263356,6,3,2,98.3,64.7,44.1,0,1,1,0,34.5,28.9
55,55,11,204.1,2,62.6,8,119.9,6.77220254221,6,3,2,97.0,63.4,43.7,0,1,1,0,34.1,28.5
56,56,11,206.1,2,63.9,8,120.4,7.03509384831,6,3,2,97.7,64.3,44.1,0,1,1,0,35.0,28.9
57,57,11,205.8,2,63.2,8,121.0,6.87262024929,6,3,2,98.1,63.8,43.9,0,1,1,0,34.5,28.7
58,58,11,203.1,2,63.1,9,140.0,6.80533213404,6,3,2,95.5,63.9,43.7,0,1,1,0,34.6,28.5
59,59,11,203.6,2,63.9,9,139.7,6.98003646773,6,3,2,95.2,64.3,44.1,0,1,1,0,35.0,28.9
60,60,11,204.2,2,64.3,8,119.2,7.19253400788,6,3,2,95.4,64.1,44.7,0,1,1,0,34.8,29.5
61,61,11,199.6,2,62.8,9,136.8,6.9122158005,6,3,2,92.3,63.7,43.6,0,1,1,0,34.4,28.4
62,62,11,202.3,2,63.7,8,118.4,7.10668059581,6,3,2,94.1,64.3,43.9,0,1,1,0,35.0,28.7
63,63,11,199.3,2,63.9,8,114.3,7.41792668902,6,3,2,94.3,60.8,44.2,0,1,1,0,34.9,29.0
64,64,11,195.0,2,62.4,8,112.1,7.29302281761,6,3,2,91.5,60.2,43.3,0,1,1,0,34.3,28.1
65,65,11,198.1,2,63.8,8,113.8,7.54976218771,6,3,2,93.2,60.6,44.3,0,1,1,0,34.7,29.1
66,66,10,180.5,2,63.3,8,117.2,7.71567668236,5,3,2,76.1,60.5,43.9,0,1,1,0,34.6,28.7
67,67,9,167.2,2,62.5,7,104.7,7.80461046078,5,3,1,78.8,60.1,28.3,0,1,1,0,34.2,28.3
68,68,9,165.6,2,63.3,7,102.3,7.99218368157,5,3,1,76.4,60.4,28.8,0,1,1,0,34.5,28.8
69,69,9,168.0,2,63.4,7,104.6,7.975901203,5,3,1,78.7,60.5,28.8,0,1,1,0,34.6,28.8
70,70,9,167.7,2,61.8,7,105.9,7.64149854413,5,3,1,80.0,59.6,28.1,0,1,1,0,33.7,28.1
71,71,10,183.8,2,62.1,8,121.7,7.3119080957,5,3,2,78.9,59.9,45.0,0,1,1,0,34.0,28.1
72,72,10,182.9,2,62.5,8,120.4,7.42390283701,5,3,2,78.2,60.4,44.3,0,1,1,0,34.3,28.2
73,73,10,181.3,2,62.1,8,119.2,7.31954005841,5,3,2,77.1,60.1,44.1,0,1,1,0,34.0,28.1
74,74,10,182.2,2,62.0,8,120.2,7.25944595376,5,3,2,76.5,61.8,43.9,0,1,1,0,34.1,27.9
75,75,10,187.1,2,60.4,7,106.3,6.87676442005,5,3,2,80.9,63.1,43.1,0,1,1,0,33.3,27.1
76,76,10,184.4,2,61.2,8,123.2,7.03612898625,5,3,2,78.0,63.1,43.3,0,1,1,0,33.7,27.5
77,77,11,202.4,2,61.4,9,141.0,6.71639784408,5,4,2,80.2,79.3,42.9,0,1,1,0,34.1,27.3
78,78,11,203.2,2,61.3,8,121.0,6.79412848114,5,4,2,81.7,79.0,42.5,0,1,1,0,34.2,27.1
79,79,11,198.1,2,61.5,9,136.6,6.82707178012,5,4,2,79.0,76.6,42.5,0,1,1,0,34.4,27.1
80,80,11,199.9,2,59.9,8,119.8,6.35831595772,5,4,2,79.3,79.2,41.4,0,1,1,0,33.7,26.2
81,81,11,200.2,2,60.3,9,139.9,6.42137057021,5,4,2,79.8,79.2,41.2,0,1,1,0,34.1,26.2
82,82,11,203.6,2,60.0,8,123.4,6.31069798762,5,4,2,83.5,79.0,41.1,0,1,1,0,33.9,26.1
83,83,11,202.4,2,59.7,9,142.7,6.22735899078,5,4,2,82.6,79.2,40.6,0,1,1,0,34.1,25.6
84,84,11,199.3,2,60.5,9,138.8,6.5138035251,5,4,2,80.8,77.4,41.1,0,1,1,0,34.4,26.1
85,85,11,199.5,2,59.9,9,139.6,6.44798770583,5,4,2,81.6,77.6,40.3,0,1,1,0,34.6,25.3
86,86,11,199.9,2,59.7,9,140.2,6.39845151722,5,4,2,82.1,77.7,40.1,0,1,1,0,34.6,25.1
87,87,11,197.0,2,60.0,9,137.0,6.50529853972,5,4,2,78.9,78.1,40.0,0,1,1,0,35.0,25.0
88,88,11,198.7,2,60.4,9,138.3,6.50096496334,5,4,2,80.2,78.0,40.5,0,1,1,0,34.9,25.5
89,89,11,200.2,2,59.9,9,140.3,6.25363894065,5,4,2,79.3,80.3,40.6,0,1,1,0,34.3,25.6
90,90,11,202.3,2,61.6,9,140.7,6.51574317257,5,4,2,79.7,80.8,41.8,0,1,1,0,34.8,26.8
91,91,11,199.8,2,61.5,9,138.3,6.85686119551,5,4,2,80.0,82.3,37.5,0,1,1,0,35.6,25.9
92,92,11,202.6,2,62.6,9,140.0,6.97349527595,5,4,2,80.1,84.4,38.1,0,1,1,0,36.1,26.5
93,93,11,200.2,2,62.8,9,137.4,7.08406662871,5,4,2,77.5,84.3,38.4,0,1,1,0,36.0,26.8
94,94,11,196.9,2,62.5,9,134.4,7.09351816802,5,4,2,77.3,81.5,38.1,0,1,1,0,36.0,26.5
95,95,11,195.6,2,62.2,9,133.4,7.04156490871,5,4,2,76.2,81.2,38.2,0,1,1,0,35.6,26.6
96,96,12,212.0,2,63.3,10,148.7,7.00367868706,6,4,2,90.1,83.2,38.7,0,1,1,0,36.2,27.1
97,97,12,208.7,2,62.2,10,146.5,6.94150341763,6,4,2,87.9,83.0,37.8,0,1,1,0,36.0,26.2
98,98,12,208.3,2,61.2,10,147.1,6.70094407641,6,4,2,88.0,82.7,37.6,0,1,1,0,35.2,26.0
99,99,12,216.8,2,61.8,10,155.0,6.73192304463,6,4,2,95.9,83.9,37.0,0,1,1,0,36.4,25.4
100,100,12,218.6,2,62.2,10,156.4,6.74467242056,6,4,2,97.5,83.7,37.4,0,1,1,0,36.4,25.8
101,101,12,216.2,2,59.6,10,156.6,6.20246773959,6,4,2,97.7,81.8,36.7,0,1,1,0,34.5,25.1
102,102,12,215.5,1,34.2,10,156.6,5.91123096446,6,4,2,95.7,81.5,38.3,0,1,0,0,34.2,0
103,103,11,199.7,2,59.0,9,140.7,6.15359466269,6,3,2,94.1,67.0,38.6,0,1,1,0,34.0,25.0
104,104,11,199.7,2,59.9,9,139.8,6.25769344669,6,3,2,93.2,67.1,39.4,0,1,1,0,34.1,25.8
105,105,11,204.2,2,60.6,9,143.6,6.37907089274,6,3,2,97.0,68.1,39.1,0,1,1,0,35.1,25.5
106,106,11,206.5,2,62.3,9,144.2,6.71566689303,6,3,2,97.6,69.1,39.8,0,1,1,0,36.1,26.2
107,107,11,201.5,1,36.2,9,140.7,6.7799436844,6,3,2,94.1,69.2,38.2,0,1,0,0,36.2,0
108,108,11,200.1,2,61.7,9,138.4,7.11877159986,6,3,2,91.8,69.7,38.6,0,1,1,0,36.7,25.0
109,109,11,191.9,1,36.9,9,131.4,7.16329025468,6,3,2,88.5,66.2,37.2,0,1,0,0,36.9,0
110,110,11,190.3,1,35.4,9,131.6,6.75040739511,6,3,2,91.7,61.7,36.9,0,1,0,0,35.4,0
111,111,12,210.9,1,35.0,10,152.0,6.27898732426,6,4,2,94.3,79.3,37.3,0,1,0,0,35.0,0
112,112,12,217.6,2,60.6,10,157.0,6.24926662364,6,4,2,94.3,84.3,39.0,0,1,1,0,35.0,25.6
113,113,12,217.3,2,59.7,10,157.6,6.13373063601,6,4,2,93.3,85.3,38.7,0,1,1,0,34.4,25.3
114,114,12,223.6,2,60.4,10,163.2,6.07847668317,6,4,2,98.6,85.9,39.1,0,1,1,0,34.7,25.7
115,115,12,217.9,2,59.1,10,158.8,5.86677212371,6,4,2,97.6,81.8,38.5,0,1,1,0,34.0,25.1
116,116,12,221.6,2,60.0,10,161.6,6.01548506823,6,4,2,98.4,84.2,39.0,0,1,1,0,34.4,25.6
117,117,12,220.2,2,60.9,10,159.3,6.19802021177,6,4,2,96.1,84.3,39.8,0,1,1,0,34.5,26.4
118,118,12,219.1,2,61.2,10,157.9,6.29133001307,6,4,2,96.8,82.5,39.8,0,1,1,0,34.8,26.4
119,119,12,218.9,2,60.2,10,158.7,6.1392120213,6,4,2,97.6,82.2,39.1,0,1,1,0,34.5,25.7
120,120,12,214.1,2,60.5,10,153.6,6.37943547422,6,4,2,94.2,80.9,39.0,0,1,1,0,34.9,25.6
121,121,12,213.7,2,60.4,10,153.3,6.40914947319,6,4,2,93.4,81.3,39.0,0,1,1,0,34.8,25.6
122,122,12,213.2,2,60.3,10,152.9,6.40402335657,6,4,2,93.0,81.4,38.8,0,1,1,0,34.9,25.4
123,123,12,211.2,1,34.5,10,151.8,6.45403327033,6,4,2,90.9,82.0,38.3,0,1,0,0,34.5,0
124,124,12,210.8,1,34.8,10,151.1,6.5269139768,6,4,2,90.2,82.3,38.3,0,1,0,0,34.8,0
125,125,12,213.1,1,34.8,9,133.1,6.52400578749,6,4,2,91.5,83.6,38.0,0,1,0,0,34.8,0
126,126,12,205.3,1,33.8,10,147.9,6.24360885347,6,4,2,88.8,79.5,37.0,0,1,0,0,33.8,0
127,127,12,207.3,1,34.9,10,149.0,6.54149343527,6,4,2,88.3,82.2,36.8,0,1,0,0,34.9,0
128,128,12,208.3,1,34.6,10,149.5,6.55486749514,6,4,2,88.7,82.0,37.6,0,1,0,0,34.6,0
129,129,12,209.3,1,34.3,10,150.2,6.54612422921,6,4,2,89.6,81.5,38.2,0,1,0,0,34.3,0
130,130,12,211.3,2,60.1,10,151.2,6.59730776127,6,4,2,90.0,82.4,38.9,0,1,1,0,34.6,25.5
131,131,12,213.3,2,59.8,8,112.3,6.65365586453,6,4,2,90.8,84.0,38.5,0,1,1,0,34.7,25.1
132,132,10,184.6,2,60.1,7,104.2,7.01636183027,5,4,1,73.9,84.8,25.9,0,1,1,0,34.2,25.9
133,133,10,185.1,2,60.3,8,124.8,6.92458582797,5,4,1,74.7,84.6,25.8,0,1,1,0,34.5,25.8
134,134,10,185.3,2,60.6,7,104.6,6.97886491885,5,4,1,74.3,85.0,26.0,0,1,1,0,34.6,26.0
135,135,10,189.7,2,60.4,6,88.1,6.87492222178,5,4,1,77.9,85.7,26.1,0,1,1,0,34.3,26.1
136,136,10,186.6,2,61.4,7,104.8,7.12151669239,5,4,1,78.2,81.5,26.9,0,1,1,0,34.5,26.9
137,137,10,190.8,2,61.4,6,88.1,6.97452507344,5,4,1,81.2,83.0,26.6,0,1,1,0,34.8,26.6
138,138,10,186.4,2,60.6,8,125.8,6.77072128112,5,4,1,80.2,79.9,26.3,0,1,1,0,34.3,26.3
139,139,10,188.8,2,60.6,8,128.2,6.67779071916,5,4,1,81.4,80.9,26.5,0,1,1,0,34.1,26.5
140,140,10,183.7,2,60.6,8,123.1,6.81877310567,5,4,1,76.3,80.8,26.6,0,1,1,0,34.0,26.6
141,141,10,184.4,2,60.4,8,124.0,6.8059124623,5,4,1,79.2,79.0,26.2,0,1,1,0,34.2,26.2
142,142,10,185.4,2,61.4,8,124.0,7.30193277306,5,4,1,77.4,81.3,26.7,0,1,1,0,34.7,26.7
143,143,11,196.5,2,60.3,9,136.2,6.9283869302,6,4,1,89.6,80.8,26.1,0,1,1,0,34.2,26.1
144,144,11,196.0,2,61.2,8,114.0,7.09165963394,6,4,1,90.8,78.6,26.6,0,1,1,0,34.6,26.6
145,145,11,198.0,2,61.3,8,115.6,7.00585469447,6,4,1,91.2,79.9,26.9,0,1,1,0,34.4,26.9
146,146,11,200.4,2,61.9,8,117.4,7.1143261356,6,4,1,92.1,81.7,26.6,0,1,1,0,35.3,26.6
147,147,11,204.1,2,61.5,8,120.0,7.07352297464,6,4,1,95.3,82.2,26.6,0,1,1,0,34.9,26.6
148,148,11,202.7,2,62.0,8,118.8,7.14354126594,6,4,1,93.1,82.8,26.8,0,1,1,0,35.2,26.8
149,149,11,201.7,2,61.9,8,118.8,7.09299270087,6,4,1,92.2,82.8,26.7,0,1,1,0,35.2,26.7
150,150,11,199.5,2,61.8,9,137.7,6.94582935685,6,4,1,89.7,82.8,27.0,0,1,1,0,34.8,27.0
151,151,12,216.6,2,62.1,9,133.1,6.93495756033,7,4,1,103.4,86.1,27.1,0,1,1,0,35.0,27.1
152,152,12,215.3,2,61.8,9,132.4,6.92183085782,7,4,1,102.9,85.7,26.7,0,1,1,0,35.1,26.7
153,153,11,204.6,2,61.3,8,121.5,6.9309451015,6,4,1,90.3,87.6,26.7,0,1,1,0,34.6,26.7
154,154,12,217.3,2,61.5,9,134.5,6.79149981204,6,4,2,88.5,88.2,40.6,0,1,1,0,34.6,26.9
155,155,12,216.4,2,60.3,10,156.1,6.33264749078,6,4,2,90.0,86.5,39.9,0,1,1,0,34.0,26.3
156,156,12,218.8,2,60.7,9,136.9,6.49143958447,6,4,2,91.6,87.2,40.0,0,1,1,0,34.5,26.2
157,157,12,218.1,2,60.8,9,136.5,6.49169049282,6,4,2,90.2,87.3,40.6,0,1,1,0,34.3,26.5
158,158,12,220.0,2,61.5,9,137.1,6.59687713079,6,4,2,90.8,87.9,41.3,0,1,1,0,34.3,27.2
159,159,12,217.6,2,62.3,9,134.6,6.7227339316,6,4,2,90.4,85.5,41.7,0,1,1,0,34.7,27.6
160,160,12,221.7,2,61.6,9,138.5,6.57282629122,6,4,2,91.3,88.8,41.6,0,1,1,0,34.1,27.5
161,161,12,224.0,2,62.2,9,140.2,6.61311827607,6,4,2,92.3,89.7,42.0,0,1,1,0,34.3,27.9
162,162,13,233.5,2,62.3,10,149.0,6.58768275667,6,4,3,94.4,83.1,56.0,0,1,1,0,34.6,27.7
163,163,13,235.0,2,61.5,10,152.6,6.28982695127,6,4,3,95.0,82.3,57.7,0,1,1,0,34.2,27.3
164,164,12,223.3,2,62.5,9,139.8,6.56027415355,5,4,3,81.8,83.1,58.4,0,1,1,0,34.6,27.9
165,165,12,220.0,2,62.1,9,135.6,6.74460502696,5,4,3,78.0,82.0,60.0,0,1,1,0,34.1,28.0
166,166,12,223.9,2,61.7,8,117.9,6.78734897148,5,4,3,79.2,82.0,62.7,0,1,1,0,34.1,27.6
167,167,12,221.8,2,62.2,8,116.9,6.83252027683,5,4,3,78.3,80.6,62.9,0,1,1,0,34.4,27.8
168,168,12,217.2,2,63.0,9,133.2,6.93476092529,5,4,3,75.7,80.7,60.8,0,1,1,0,34.5,28.5
169,169,12,213.4,2,61.9,10,151.5,6.79770460367,5,4,3,75.0,78.5,59.9,0,1,1,0,34.3,27.6
170,170,12,214.5,2,61.9,9,131.3,6.86309299475,5,4,3,76.3,78.4,59.8,0,1,1,0,34.4,27.5
171,171,12,218.8,2,61.7,9,135.4,6.7552448759,5,4,3,78.2,82.3,58.3,0,1,1,0,34.4,27.3
172,172,12,220.7,2,60.5,9,139.2,6.40460889918,5,4,3,79.3,82.0,59.4,0,1,1,0,34.1,26.4
173,173,12,223.1,2,60.8,9,140.6,6.50418862711,5,4,3,81.4,82.2,59.5,0,1,1,0,34.3,26.5
174,174,12,219.9,2,59.6,8,119.1,6.30283125414,5,4,3,80.9,81.7,57.3,0,1,1,0,33.8,25.8
175,175,12,216.9,2,59.4,10,157.5,6.21583388686,5,4,3,78.1,81.7,57.1,0,1,1,0,33.8,25.6
176,176,13,224.3,1,34.0,11,166.0,6.33108934605,6,4,3,87.1,82.1,55.1,0,1,0,0,34.0,0
177,177,13,220.6,1,34.2,11,162.1,6.44028785788,6,4,3,87.5,78.0,55.1,0,1,0,0,34.2,0
178,178,13,217.9,1,33.6,11,160.4,6.262126697,6,4,3,85.6,77.4,54.9,0,1,0,0,33.6,0
179,179,13,221.1,1,34.0,11,163.5,6.252660972,6,4,3,85.0,80.3,55.8,0,1,0,0,34.0,0
180,180,13,219.3,1,34.0,11,162.2,6.23730505579,6,4,3,83.7,80.3,55.3,0,1,0,0,34.0,0
181,181,13,217.8,1,33.2,11,161.7,5.93290476701,6,4,3,84.1,79.7,54.0,0,1,0,0,33.2,0
182,182,13,215.9,1,33.8,11,160.2,5.96957027187,6,4,3,82.6,80.3,53.0,0,1,0,0,33.8,0
183,183,13,215.5,1,34.1,11,158.8,6.24675300271,6,4,3,84.6,77.2,53.7,0,1,0,0,34.1,0
184,184,13,214.5,1,33.1,11,158.7,6.01872079432,6,4,3,85.7,76.2,52.6,0,1,0,0,33.1,0
185,185,12,199.3,1,33.3,10,143.9,6.22800979933,6,4,2,85.2,76.4,37.7,0,1,0,0,33.3,0
186,186,12,199.6,1,33.9,10,142.5,6.4967590988,6,4,2,83.8,77.0,38.8,0,1,0,0,33.9,0
187,187,12,197.6,1,33.2,10,141.8,6.24504652189,6,4,2,83.8,75.5,38.3,0,1,0,0,33.2,0
188,188,12,195.5,1,32.7,10,140.1,6.21909936966,6,4,2,84.2,72.9,38.4,0,1,0,0,32.7,0
189,189,12,199.2,1,33.8,10,142.5,6.42961896227,6,4,2,85.2,75.4,38.6,0,1,0,0,33.8,0
190,190,12,201.2,1,33.6,10,143.6,6.58542927894,6,4,2,84.0,77.3,39.9,0,1,0,0,33.6,0
191,191,12,202.8,1,32.7,10,147.8,6.05460005435,6,4,2,84.0,80.6,38.2,0,1,0,0,32.7,0
192,192,12,203.0,1,33.4,10,145.8,6.29643959037,6,4,2,81.1,81.0,40.9,0,1,0,0,33.4,0
193,193,12,203.3,1,33.4,10,147.2,6.19463966717,6,4,2,81.1,82.4,39.8,0,1,0,0,33.4,0
194,194,12,203.3,1,32.9,10,147.4,6.12601877736,6,4,2,80.2,82.9,40.2,0,1,0,0,32.9,0
195,195,12,205.4,1,32.5,10,150.6,5.91313381509,6,4,2,81.5,84.4,39.5,0,1,0,0,32.5,0
196,196,12,204.5,1,33.2,10,149.2,6.05556968769,6,4,2,81.5,84.6,38.4,0,1,0,0,33.2,0
197,197,12,203.4,1,32.7,10,148.3,5.98779060787,6,4,2,81.3,83.4,38.7,0,1,0,0,32.7,0
198,198,12,208.2,1,33.0,10,152.7,6.08179100415,6,4,2,83.5,85.4,39.3,0,1,0,0,33.0,0
199,199,12,204.2,1,32.9,10,149.3,6.02703505176,6,4,2,82.7,82.7,38.8,0,1,0,0,32.9,0
200,200,12,202.8,1,32.5,10,149.1,5.77549683026,6,4,2,81.7,82.3,38.8,0,1,0,0,32.5,0
201,201,12,203.8,1,33.0,10,150.3,5.8610941165,6,4,2,82.9,82.8,38.1,0,1,0,0,33.0,0
202,202,12,201.9,1,33.0,10,147.7,5.88111384008,6,4,2,84.0,80.1,37.8,0,1,0,0,33.0,0
203,203,12,203.9,1,32.9,10,149.9,5.84550461829,6,4,2,83.4,81.5,39.0,0,1,0,0,32.9,0
204,204,11,191.3,1,33.2,9,137.0,6.16448773954,5,4,2,70.5,81.8,39.0,0,1,0,0,33.2,0
205,205,11,187.6,1,33.3,10,154.3,6.07607828066,5,4,2,70.0,81.4,36.2,0,1,0,0,33.3,0
206,206,11,187.4,1,33.0,9,134.2,6.11903141474,5,4,2,70.6,80.2,36.6,0,1,0,0,33.0,0
207,207,11,185.9,1,33.2,10,152.7,6.22318246559,5,4,2,70.5,77.5,37.9,0,1,0,0,33.2,0
208,208,11,189.4,1,33.5,9,135.7,6.23695730013,5,4,2,72.7,78.1,38.6,0,1,0,0,33.5,0
209,209,12,202.4,1,32.6,10,149.2,5.92963793672,6,4,2,82.9,80.2,39.3,0,1,0,0,32.6,0
210,210,12,202.4,1,31.1,9,129.7,5.66814597447,6,4,2,82.1,78.7,41.6,0,1,0,0,31.1,0
211,211,12,204.7,1,31.9,9,129.6,5.93333546135,6,4,2,82.2,79.3,43.2,0,1,0,0,31.9,0
212,212,12,204.6,1,32.2,9,129.1,6.13299570876,6,4,2,81.7,79.6,43.3,0,1,0,0,32.2,0
213,213,12,205.4,1,32.4,9,131.1,6.07091925544,6,4,2,82.3,81.2,41.9,0,1,0,0,32.4,0
214,214,12,207.6,1,32.5,8,112.8,6.1425490711,6,4,2,83.3,82.2,42.1,0,1,0,0,32.5,0
215,215,12,205.9,1,32.8,9,129.6,6.30071544759,6,4,2,80.9,81.5,43.5,0,1,0,0,32.8,0
216,216,12,209.8,1,32.9,8,110.8,6.53686515546,6,4,2,83.3,81.6,44.9,0,1,0,0,32.9,0
217,217,12,210.2,1,33.3,9,130.8,6.65006265635,6,4,2,82.2,81.9,46.1,0,1,0,0,33.3,0
218,218,12,205.0,1,33.4,9,125.9,6.66644696608,6,4,2,81.1,78.2,45.7,0,1,0,0,33.4,0
219,219,12,205.0,1,32.3,9,127.9,6.30581741992,6,4,2,82.6,77.6,44.8,0,1,0,0,32.3,0
220,220,12,207.6,1,33.2,9,128.4,6.60757141467,6,4,2,83.1,78.5,46.0,0,1,0,0,33.2,0
221,221,12,210.0,1,33.3,9,129.5,6.63270135561,6,4,2,84.2,78.6,47.2,0,1,0,0,33.3,0
222,222,12,209.6,1,32.4,9,130.3,6.42330038834,6,4,2,85.0,77.7,46.9,0,1,0,0,32.4,0
223,223,12,210.7,2,58.8,9,130.2,6.68042708669,6,4,2,84.9,78.7,47.1,0,1,1,0,33.4,25.4
224,224,12,209.7,2,58.5,9,129.4,6.6521527616,6,4,2,84.1,78.4,47.2,0,1,1,0,33.1,25.4
225,225,12,202.9,2,58.1,9,124.5,6.63495678322,6,4,2,82.7,74.8,45.4,0,1,1,0,33.0,25.1
226,226,12,200.3,2,57.9,10,142.4,6.50782163433,6,4,2,80.8,74.2,45.3,0,1,1,0,32.4,25.5
227,227,12,201.3,2,57.7,9,123.2,6.58236279766,6,4,2,83.2,72.4,45.7,0,1,1,0,32.4,25.3
228,228,12,201.3,2,57.7,9,123.2,6.60249608447,6,4,2,83.2,72.6,45.5,0,1,1,0,32.6,25.1
229,229,12,200.4,2,58.5,10,141.9,6.6147218728,6,4,2,83.2,73.7,43.5,0,1,1,0,32.9,25.6
230,230,11,183.2,2,59.2,9,124.0,7.05341954464,5,4,2,65.3,74.0,43.9,0,1,1,0,33.2,26.0
231,231,11,180.7,2,58.4,9,122.3,6.9039251023,5,4,2,64.9,73.6,42.2,0,1,1,0,32.8,25.6
232,232,11,181.2,2,57.0,9,124.2,6.56248290041,5,4,2,66.8,72.4,42.0,0,1,1,0,31.6,25.4
233,233,11,181.2,2,57.6,9,123.6,6.73529374402,5,4,2,66.8,73.3,41.1,0,1,1,0,32.5,25.1
234,234,10,166.6,2,57.1,8,109.5,6.8854435829,5,3,2,66.8,58.3,41.5,0,1,1,0,31.6,25.5
235,235,10,168.7,2,58.1,8,110.6,7.07327521183,5,3,2,66.8,58.8,43.1,0,1,1,0,32.1,26.0
236,236,9,157.8,2,58.3,7,99.5,7.23498445057,4,3,2,55.0,59.9,42.9,0,1,1,0,32.5,25.8
237,237,9,157.4,2,59.0,7,98.4,7.42486438335,4,3,2,53.2,60.0,44.2,0,1,1,0,32.6,26.4
238,238,9,151.7,1,30.6,7,97.0,6.62233174779,4,3,2,51.8,58.0,41.9,0,1,0,0,30.6,0
239,239,9,161.0,2,58.8,7,102.2,7.48589414239,4,3,2,56.1,60.7,44.2,0,1,1,0,33.3,25.5
240,240,9,162.8,2,59.6,7,103.2,7.55867786793,4,3,2,57.1,60.9,44.8,0,1,1,0,33.5,26.1
241,241,9,162.0,2,60.4,7,101.6,7.72997412674,4,3,2,55.7,61.5,44.8,0,1,1,0,34.1,26.3
242,242,10,179.0,2,60.6,8,118.4,7.45519952785,4,3,3,57.5,63.0,58.5,0,1,1,0,34.3,26.3
243,243,10,179.1,2,59.8,8,119.3,7.2442237526,4,3,3,58.0,62.6,58.5,0,1,1,0,33.9,25.9
244,244,10,185.5,2,61.3,7,104.1,7.39207533632,4,3,3,59.3,66.6,59.6,0,1,1,0,34.6,26.7
245,245,11,200.8,2,61.3,8,119.3,7.18573080993,5,3,3,72.0,68.1,60.7,0,1,1,0,34.5,26.8
246,246,11,200.7,2,60.9,9,139.8,6.97730085869,5,3,3,75.2,65.9,59.6,0,1,1,0,33.8,27.1
247,247,11,201.4,2,59.1,8,121.1,6.78726079438,5,3,3,74.6,66.3,60.5,0,1,1,0,33.7,25.4
248,248,11,205.3,2,60.2,7,103.6,6.97327365407,5,3,3,77.2,66.7,61.4,0,1,1,0,34.1,26.1
249,249,12,219.5,2,58.6,9,138.1,6.51717428078,5,4,3,75.8,81.8,61.9,0,1,1,0,33.4,25.2
250,250,13,230.2,2,60.0,10,150.0,6.52935187422,6,4,3,87.7,82.8,59.7,0,1,1,0,34.4,25.6
251,251,13,232.3,2,60.6,10,151.5,6.62122654994,6,4,3,89.2,83.2,59.9,0,1,1,0,34.8,25.8
252,252,12,213.5,2,60.8,10,152.7,6.84815281442,6,3,3,85.3,68.7,59.5,0,1,1,0,34.7,26.1
253,253,12,211.5,2,59.7,9,131.1,6.75400554553,6,3,3,87.9,63.1,60.5,0,1,1,0,33.8,25.9
254,254,12,212.9,2,59.4,9,132.9,6.73275012476,6,3,3,89.7,63.2,60.0,0,1,1,0,33.9,25.5
255,255,11,203.2,2,58.6,7,103.9,6.22657063063,5,3,3,81.1,62.8,59.3,0,1,1,0,33.5,25.1
256,256,11,206.5,2,59.7,6,85.6,6.54447719976,5,3,3,86.0,60.9,59.6,0,1,1,0,34.3,25.4
257,257,11,204.9,2,59.7,8,124.8,6.45090550374,5,3,3,84.6,61.2,59.1,0,1,1,0,34.2,25.5
258,258,11,203.4,2,59.6,9,143.8,6.40303905118,5,3,3,83.1,61.1,59.2,0,1,1,0,34.1,25.5
259,259,11,201.3,1,33.9,9,143.4,6.2059648726,5,3,3,83.0,60.9,57.4,0,1,0,0,33.9,0
260,260,11,202.0,1,34.5,8,122.1,6.45434314664,5,3,3,81.2,61.5,59.3,0,1,0,0,34.5,0
261,261,11,198.0,1,32.4,8,121.5,5.82940820324,5,3,3,80.6,59.4,58.0,0,1,0,0,32.4,0
262,262,11,194.6,1,32.1,9,139.4,5.73784882085,5,3,3,80.7,59.1,54.8,0,1,0,0,32.1,0
263,263,11,197.2,1,31.9,7,100.3,5.90255722701,5,3,3,80.2,58.9,58.1,0,1,0,0,31.9,0
264,264,11,196.6,1,31.8,8,120.3,5.81103965037,5,3,3,78.0,60.2,58.4,0,1,0,0,31.8,0
265,265,10,184.4,1,33.1,7,106.2,6.33617480118,5,3,2,77.8,61.5,45.1,0,1,0,0,33.1,0
266,266,10,186.8,1,34.4,7,107.4,6.57922656718,5,3,2,80.6,62.8,43.4,0,1,0,0,34.4,0
267,267,10,193.8,1,35.2,7,113.4,6.63773723158,5,3,2,86.0,63.9,43.9,0,1,0,0,35.2,0
268,268,10,191.7,1,34.5,7,113.0,6.25940181736,5,3,2,86.4,63.2,42.1,0,1,0,0,34.5,0
269,269,10,190.3,1,34.6,8,131.3,6.33246485273,5,3,2,83.8,63.3,43.2,0,1,0,0,34.6,0
270,270,11,205.7,2,60.0,9,145.7,6.35814438339,5,4,2,84.1,77.8,43.8,0,1,1,0,35.0,25.0
271,271,11,203.6,2,59.4,9,144.2,6.23401227869,5,4,2,82.8,77.8,43.0,0,1,1,0,34.4,25.0
272,272,12,219.7,1,34.6,8,119.4,6.22041482588,6,4,2,96.0,78.1,45.6,0,1,0,0,34.6,0
273,273,12,219.3,1,34.9,9,139.1,6.2589753736,6,4,2,95.3,78.7,45.3,0,1,0,0,34.9,0
274,274,12,216.7,1,34.6,8,116.7,6.25800699226,6,4,2,93.3,78.5,44.9,0,1,0,0,34.6,0
275,275,11,199.4,1,34.5,9,140.9,6.23635966075,6,3,2,91.2,65.2,43.0,0,1,0,0,34.5,0
276,276,11,200.3,1,34.7,9,141.6,6.28529307916,6,3,2,92.0,65.5,42.8,0,1,0,0,34.7,0
277,277,11,203.4,1,34.3,9,145.8,5.99123602364,6,3,2,95.1,65.1,43.2,0,1,0,0,34.3,0
278,278,11,205.3,1,34.9,9,146.5,6.13649292793,6,3,2,95.0,67.1,43.2,0,1,0,0,34.9,0
279,279,11,202.3,1,34.8,9,143.6,6.34814217633,6,3,2,91.9,67.0,43.4,0,1,0,0,34.8,0
280,280,11,198.9,1,34.2,9,141.3,6.18123259259,6,3,2,90.4,65.6,42.9,0,1,0,0,34.2,0
281,281,11,200.3,1,34.4,9,141.8,6.29292532062,6,3,2,89.7,68.3,42.3,0,1,0,0,34.4,0
282,282,11,203.6,1,34.9,9,145.6,6.23930357419,6,3,2,92.3,68.7,42.6,0,1,0,0,34.9,0
283,283,11,206.4,1,34.5,8,127.1,6.24328002372,6,3,2,95.1,69.1,42.2,0,1,0,0,34.5,0
284,284,11,211.2,1,34.9,8,131.8,6.18562850485,6,3,2,98.7,69.7,42.8,0,1,0,0,34.9,0
285,285,12,219.8,1,35.2,8,120.4,6.5120633978,6,4,2,97.4,80.4,42.0,0,1,0,0,35.2,0
286,286,12,216.9,1,35.0,8,118.0,6.48342291751,6,4,2,95.6,77.9,43.4,0,1,0,0,35.0,0
287,287,12,216.8,1,34.8,8,117.5,6.50221407513,6,4,2,94.6,78.2,44.0,0,1,0,0,34.8,0
288,288,12,219.9,1,35.2,8,119.4,6.66580486854,6,4,2,95.3,79.7,44.9,0,1,0,0,35.2,0
289,289,12,221.6,1,35.2,7,98.6,6.78264273158,6,4,2,95.8,80.3,45.5,0,1,0,0,35.2,0
290,290,12,219.7,1,34.4,7,98.0,6.55847242931,6,4,2,95.7,79.2,44.8,0,1,0,0,34.4,0
291,291,12,222.7,1,35.2,8,118.8,6.81821868677,6,4,2,97.1,78.7,46.9,0,1,0,0,35.2,0
292,292,12,221.8,2,60.6,7,98.8,6.96599967809,6,4,2,96.5,79.7,45.6,0,1,1,0,35.4,25.2
293,293,12,223.2,1,34.3,7,100.9,6.58082614322,6,4,2,98.5,78.9,45.8,0,1,0,0,34.3,0
294,294,12,221.2,1,34.8,7,98.3,6.70960415217,6,4,2,96.3,79.9,45.0,0,1,0,0,34.8,0
295,295,12,221.1,1,34.2,8,119.3,6.57655961454,6,4,2,97.4,77.7,46.0,0,1,0,0,34.2,0
296,296,12,221.1,1,34.8,8,119.3,6.65584159012,6,4,2,97.2,78.3,45.6,0,1,0,0,34.8,0
297,297,12,215.9,1,34.9,8,114.6,6.67933833595,6,4,2,95.0,75.2,45.7,0,1,0,0,34.9,0
298,298,12,217.4,1,34.6,8,117.9,6.53213501688,6,4,2,96.1,77.3,44.0,0,1,0,0,34.6,0
299,299,12,217.6,1,34.1,8,118.1,6.39649525249,6,4,2,95.6,76.8,45.2,0,1,0,0,34.1,0
300,300,12,221.8,1,34.5,8,122.5,6.09214596216,6,4,2,96.3,81.4,44.1,0,1,0,0,34.5,0
301,301,12,218.9,1,33.6,9,141.6,5.81806877258,6,4,2,94.7,80.5,43.7,0,1,0,0,33.6,0
302,302,11,208.3,1,33.5,7,109.4,5.93013873822,5,4,2,85.0,79.4,43.9,0,1,0,0,33.5,0
303,303,11,207.1,1,34.2,7,109.0,6.05608634501,5,4,2,84.1,80.0,43.0,0,1,0,0,34.2,0
304,304,11,214.5,1,34.6,6,93.5,6.16960290456,5,4,2,86.5,83.6,44.4,0,1,0,0,34.6,0
305,305,11,209.0,1,33.5,7,111.3,5.80172388174,5,4,2,82.0,83.6,43.4,0,1,0,0,33.5,0
306,306,12,227.0,1,34.5,9,148.7,5.86404039012,5,4,3,84.8,84.6,57.6,0,1,0,0,34.5,0
307,307,12,225.2,1,34.7,8,127.9,5.83022427969,6,3,3,98.6,69.8,56.8,0,1,0,0,34.7,0
308,308,12,223.2,1,34.2,8,125.8,5.74915013482,6,3,3,95.1,70.3,57.8,0,1,0,0,34.2,0
309,309,12,227.1,1,34.8,9,146.5,6.01439560932,6,3,3,96.2,70.5,60.4,0,1,0,0,34.8,0
310,310,12,223.9,1,34.7,9,146.1,5.84114844457,6,3,3,96.1,70.3,57.5,0,1,0,0,34.7,0
311,311,12,226.4,1,34.4,8,127.5,5.83318614533,6,3,3,97.0,71.6,57.8,0,1,0,0,34.4,0
312,312,11,216.8,1,35.1,6,95.0,6.08497404193,5,3,3,85.5,72.7,58.6,0,1,0,0,35.1,0
313,313,11,213.4,1,35.2,6,91.6,6.27518924017,5,3,3,83.5,71.2,58.7,0,1,0,0,35.2,0
314,314,11,210.7,1,34.6,7,110.3,6.16203921383,5,3,3,82.3,70.4,58.0,0,1,0,0,34.6,0
315,315,11,212.6,1,35.2,7,110.0,6.38280360172,5,3,3,82.0,71.5,59.1,0,1,0,0,35.2,0
316,316,11,213.5,2,60.6,7,109.1,6.53566439552,5,3,3,80.5,72.8,60.2,0,1,1,0,35.4,25.2
317,317,11,212.6,1,34.8,7,110.9,6.22994236074,5,3,3,82.3,72.0,58.3,0,1,0,0,34.8,0
318,318,11,211.7,1,35.2,7,108.9,6.40661589864,5,3,3,80.3,71.9,59.5,0,1,0,0,35.2,0
319,319,11,213.2,2,60.5,7,109.1,6.61586248071,5,3,3,80.5,71.5,61.2,0,1,1,0,35.4,25.1
320,320,11,217.8,2,60.3,8,135.2,6.23137224053,5,3,3,87.0,70.6,60.2,0,1,1,0,35.3,25.0
321,321,11,218.2,2,60.4,7,113.7,6.33281497081,5,3,3,85.1,72.4,60.7,0,1,1,0,35.3,25.1
322,322,10,201.3,2,60.9,6,97.7,6.4373994059,4,3,3,69.1,71.1,61.1,0,1,1,0,35.3,25.6
323,323,10,200.6,2,60.6,6,95.5,6.63914318434,4,3,3,66.9,72.6,61.1,0,1,1,0,35.5,25.1
324,324,11,208.2,2,60.0,8,125.9,6.55043371222,5,3,3,77.7,70.3,60.2,0,1,1,0,35.0,25.0
325,325,11,212.6,2,61.6,7,107.7,6.74508575321,5,3,3,79.1,72.3,61.2,0,1,1,0,35.6,26.0
326,326,11,213.9,2,61.8,7,108.6,6.70065125736,5,3,3,80.0,72.8,61.1,0,1,1,0,35.4,26.4
327,327,11,211.6,2,60.1,7,108.6,6.48510180757,5,3,3,80.0,70.8,60.8,0,1,1,0,35.0,25.1
328,328,11,208.0,2,60.6,8,124.4,6.73014926216,5,3,3,75.9,70.7,61.4,0,1,1,0,35.1,25.5
329,329,11,209.6,2,61.3,7,106.2,6.7931382492,5,3,3,77.6,71.5,60.5,0,1,1,0,35.6,25.7
330,330,11,210.0,2,59.6,7,108.1,6.38176379153,5,3,3,79.5,70.5,60.0,0,1,1,0,34.6,25.0
331,331,11,208.8,2,61.9,8,123.7,6.84190297824,5,3,3,78.1,68.2,62.5,0,1,1,0,35.5,26.4
332,332,11,207.4,2,61.0,8,123.7,6.70408288081,5,3,3,78.1,68.1,61.2,0,1,1,0,35.4,25.6
333,333,11,204.5,2,60.9,8,120.1,6.87814721352,5,3,3,74.5,67.3,62.7,0,1,1,0,34.6,26.3
334,334,10,189.9,2,61.4,7,105.4,7.18477557061,5,3,2,72.7,68.1,49.1,0,1,1,0,35.4,26.0
335,335,10,188.5,2,62.0,7,103.8,7.25614681954,5,3,2,72.7,66.2,49.6,0,1,1,0,35.1,26.9
336,336,10,188.0,2,60.5,7,104.7,7.0082491077,5,3,2,73.6,65.9,48.5,0,1,1,0,34.8,25.7
337,337,10,185.5,2,62.1,7,100.1,7.63256910294,5,3,2,69.0,66.4,50.1,0,1,1,0,35.3,26.8
338,338,10,186.4,2,61.4,7,103.5,7.21760194093,5,3,2,72.4,66.2,47.8,0,1,1,0,35.1,26.3
339,339,10,185.3,2,61.6,7,100.5,7.55293173395,5,3,2,69.4,66.5,49.4,0,1,1,0,35.4,26.2
340,340,9,169.3,2,62.7,6,83.4,8.12118286404,5,2,2,68.0,50.8,50.5,0,1,1,0,35.4,27.3
341,341,9,168.9,2,62.6,6,83.4,8.10123447383,5,2,2,68.0,50.9,50.0,0,1,1,0,35.5,27.1
342,342,9,170.5,2,61.1,6,86.8,7.5521704018,5,2,2,71.4,50.5,48.6,0,1,1,0,35.1,26.0
343,343,9,172.0,2,61.8,6,86.8,7.74539289585,5,2,2,71.4,50.9,49.7,0,1,1,0,35.5,26.3
344,344,10,194.2,2,62.5,7,107.9,7.26036423941,5,3,2,75.8,67.9,50.5,0,1,1,0,35.8,26.7
345,345,9,179.4,2,60.9,6,95.4,6.93559658573,4,3,2,63.4,67.2,48.8,0,1,1,0,35.2,25.7
346,346,9,179.2,2,60.9,6,95.0,7.03499190555,4,3,2,63.0,67.6,48.6,0,1,1,0,35.6,25.3
347,347,9,178.5,2,61.5,6,94.1,7.27633149327,4,3,2,65.1,64.5,48.9,0,1,1,0,35.5,26.0
348,348,9,179.2,2,61.3,6,94.7,7.21828311381,4,3,2,65.4,64.7,49.1,0,1,1,0,35.4,25.9
349,349,9,187.5,2,61.9,6,102.3,6.826602376,4,3,2,67.8,70.6,49.1,0,1,1,0,36.1,25.8
350,350,9,188.7,2,61.9,6,103.0,6.79687428161,4,3,2,67.9,71.1,49.7,0,1,1,0,36.0,25.9
351,351,9,187.0,1,36.0,5,82.9,6.68352036314,4,3,2,67.9,71.2,47.9,0,1,0,0,36.0,0
352,352,9,186.8,1,36.1,6,102.0,6.78879796266,4,3,2,67.2,70.9,48.7,0,1,0,0,36.1,0
353,353,9,188.4,1,36.6,6,103.9,6.807899823,4,3,2,68.6,71.9,47.9,0,1,0,0,36.6,0
354,354,9,179.8,1,36.3,6,95.4,7.39692128148,4,3,2,60.9,70.8,48.1,0,1,0,0,36.3,0
355,355,9,178.1,1,35.5,6,95.4,7.11906673035,4,3,2,60.9,70.0,47.2,0,1,0,0,35.5,0
356,356,9,176.1,1,36.4,6,93.9,7.37071909653,4,3,2,59.2,71.1,45.8,0,1,0,0,36.4,0
357,357,9,178.8,1,36.5,6,96.2,7.36953187116,4,3,2,60.0,72.7,46.1,0,1,0,0,36.5,0
358,358,9,177.6,1,36.2,6,94.9,7.34183219639,4,3,2,59.5,71.6,46.5,0,1,0,0,36.2,0
359,359,9,178.0,1,36.5,6,94.5,7.47408485665,4,3,2,59.5,71.5,47.0,0,1,0,0,36.5,0
360,360,8,163.5,1,36.4,5,81.0,7.47432510092,3,3,2,46.0,71.4,46.1,0,1,0,0,36.4,0
361,361,8,162.3,1,36.0,5,80.4,7.3543840181,3,3,2,46.6,69.8,45.9,0,1,0,0,36.0,0
362,362,8,162.9,1,36.0,5,80.0,7.62119928695,3,3,2,49.8,66.2,46.9,0,1,0,0,36.0,0
363,363,8,161.4,1,36.2,5,78.8,7.70449775873,3,3,2,48.6,66.4,46.4,0,1,0,0,36.2,0
364,364,8,157.5,1,35.8,5,75.8,7.67229477685,3,3,2,45.6,66.0,45.9,0,1,0,0,35.8,0
365,365,8,158.5,1,36.2,5,75.8,7.82367058538,3,3,2,45.6,66.4,46.5,0,1,0,0,36.2,0
366,366,8,161.2,1,36.0,5,79.5,7.37427962583,3,3,2,46.7,68.8,45.7,0,1,0,0,36.0,0
367,367,8,160.3,1,35.7,5,78.1,7.48731069401,3,3,2,45.3,68.5,46.5,0,1,0,0,35.7,0
368,368,8,160.9,1,36.2,5,77.7,7.77531579515,3,3,2,45.3,68.6,47.0,0,1,0,0,36.2,0
369,369,8,160.9,1,36.3,5,77.9,7.69757614912,3,3,2,45.5,68.7,46.7,0,1,0,0,36.3,0
370,370,8,160.8,1,35.1,5,78.8,7.34049433913,3,3,2,45.5,68.4,46.9,0,1,0,0,35.1,0
371,371,8,163.4,2,60.7,4,58.5,7.64978991308,3,3,2,44.4,70.7,48.3,0,1,1,0,35.6,25.1
372,372,8,162.7,1,35.8,4,58.5,7.66754523951,3,3,2,44.4,70.6,47.7,0,1,0,0,35.8,0
373,373,9,180.5,1,35.4,5,77.7,6.75853370028,3,4,2,47.6,86.2,46.7,0,1,0,0,35.4,0
374,374,9,185.0,1,35.4,5,82.0,6.54352945877,3,4,2,47.3,91.2,46.5,0,1,0,0,35.4,0
375,375,9,186.8,2,60.4,5,83.2,6.48885797177,3,4,2,48.2,91.7,46.9,0,1,1,0,35.4,25.0
376,376,9,181.9,1,35.0,5,80.2,6.42231353261,3,4,2,48.4,87.0,46.5,0,1,0,0,35.0,0
377,377,10,194.0,1,35.3,6,92.3,6.56353563257,3,4,3,47.3,87.7,59.0,0,1,0,0,35.3,0
378,378,10,195.0,1,35.7,6,92.6,6.64964493622,3,4,3,47.4,89.6,58.0,0,1,0,0,35.7,0
379,379,11,209.0,1,35.5,8,127.4,6.49322724075,4,4,3,62.2,87.8,59.0,0,1,0,0,35.5,0
380,380,12,223.9,1,35.4,8,121.4,6.4296837662,5,4,3,76.1,88.8,59.0,0,1,0,0,35.4,0
381,381,12,219.5,1,35.7,8,119.4,6.4483201947,5,4,3,76.4,87.0,56.1,0,1,0,0,35.7,0
382,382,12,219.9,1,35.7,9,140.5,6.27609099534,5,4,3,77.8,86.7,55.4,0,1,0,0,35.7,0
383,383,12,218.7,1,35.4,8,121.4,6.11140885409,5,4,3,78.1,87.3,53.3,0,1,0,0,35.4,0
384,384,13,231.8,1,35.9,10,153.6,6.13859167011,6,4,3,91.8,86.3,53.7,0,1,0,0,35.9,0
385,385,13,233.1,1,35.9,11,175.8,5.97067620617,6,4,3,94.6,85.8,52.7,0,1,0,0,35.9,0
386,386,13,228.7,1,35.4,11,172.3,5.82629978895,6,4,3,94.9,82.3,51.5,0,1,0,0,35.4,0
387,387,13,231.3,1,36.0,11,172.8,6.08939810086,6,4,3,94.9,82.9,53.5,0,1,0,0,36.0,0
388,388,13,231.2,1,36.1,11,174.3,6.00733525975,6,4,3,97.2,83.0,51.0,0,1,0,0,36.1,0
389,389,13,232.4,1,35.6,11,176.1,5.82711390057,6,4,3,98.4,82.5,51.5,0,1,0,0,35.6,0
390,390,13,235.5,1,36.0,10,157.3,5.97701795126,6,4,3,99.0,82.9,53.6,0,1,0,0,36.0,0
391,391,13,234.8,1,36.6,11,176.6,6.09611057171,6,4,3,98.5,83.5,52.8,0,1,0,0,36.6,0
392,392,13,231.5,1,35.9,10,154.0,6.02888347022,6,4,3,97.1,81.4,53.0,0,1,0,0,35.9,0
393,393,13,233.8,1,36.2,10,155.5,6.08589162926,6,4,3,96.4,83.9,53.5,0,1,0,0,36.2,0
394,394,13,238.1,1,36.4,10,159.9,5.97436832837,6,4,3,98.0,86.9,53.2,0,1,0,0,36.4,0
395,395,13,236.8,1,35.9,11,179.6,5.80543511919,6,4,3,97.7,86.4,52.7,0,1,0,0,35.9,0
396,396,13,239.1,1,36.6,10,159.8,6.05192277138,6,4,3,98.8,86.2,54.1,0,1,0,0,36.6,0
397,397,12,223.4,1,36.2,10,164.9,6.14947644975,5,4,3,84.7,85.1,53.6,0,1,0,0,36.2,0
398,398,12,224.8,1,35.9,9,146.8,6.01760044798,5,4,3,85.1,86.2,53.5,0,1,0,0,35.9,0
399,399,12,225.1,1,36.4,9,147.2,6.07265979367,5,4,3,84.3,87.9,52.9,0,1,0,0,36.4,0
400,400,13,240.5,1,36.3,10,163.8,5.84508340402,6,4,3,100.9,87.8,51.8,0,1,0,0,36.3,0
401,401,13,239.3,1,35.8,12,203.5,5.67853583512,6,4,3,100.7,87.3,51.3,0,1,0,0,35.8,0
402,402,13,240.8,1,36.2,11,184.3,5.78419597498,6,4,3,101.7,87.7,51.4,0,1,0,0,36.2,0
403,403,12,228.7,1,36.4,10,170.0,5.87281229416,6,4,2,101.6,84.8,42.3,0,1,0,0,36.4,0
404,404,12,227.2,1,36.3,10,168.6,5.8887154539,6,4,2,100.2,84.7,42.3,0,1,0,0,36.3,0
405,405,12,226.1,1,36.2,10,167.2,5.8385020391,6,4,2,101.3,84.6,40.2,0,1,0,0,36.2,0
406,406,12,227.5,1,36.4,10,168.3,5.88935223068,6,4,2,102.4,84.8,40.3,0,1,0,0,36.4,0
407,407,12,222.3,1,35.4,10,165.4,5.76637983172,6,4,2,98.7,83.8,39.8,0,1,0,0,35.4,0
408,408,12,220.5,1,36.0,10,162.6,6.08098750952,6,4,2,95.1,84.4,41.0,0,1,0,0,36.0,0
409,409,12,223.3,1,36.1,9,146.0,6.03737726521,6,4,2,97.6,84.5,41.2,0,1,0,0,36.1,0
410,410,11,204.3,1,35.9,9,148.0,6.22078627009,6,3,2,97.0,67.4,39.9,0,1,0,0,35.9,0
411,411,11,206.7,1,36.0,8,129.0,6.28608853667,6,3,2,97.5,67.5,41.7,0,1,0,0,36.0,0
412,412,11,208.0,1,35.9,9,149.7,6.2187546254,6,3,2,99.4,67.4,41.2,0,1,0,0,35.9,0
413,413,11,203.8,1,35.7,9,147.3,6.12112586198,6,3,2,97.4,67.2,39.2,0,1,0,0,35.7,0
414,414,11,203.5,1,35.6,9,147.7,6.11015548084,6,3,2,96.2,67.1,40.2,0,1,0,0,35.6,0
415,415,11,204.2,1,36.0,8,126.7,6.35928812483,6,3,2,96.6,66.1,41.5,0,1,0,0,36.0,0
416,416,11,205.9,1,35.3,8,129.6,6.09767466856,6,3,2,99.5,65.4,41.0,0,1,0,0,35.3,0
417,417,11,204.9,1,34.9,9,149.1,6.12847304132,6,3,2,99.1,65.0,40.8,0,1,0,0,34.9,0
418,418,11,208.8,1,35.9,8,130.2,6.26686814634,6,3,2,97.5,68.6,42.7,0,1,0,0,35.9,0
419,419,11,211.2,1,36.0,7,112.3,6.21240694095,6,3,2,99.9,68.7,42.6,0,1,0,0,36.0,0
420,420,11,209.9,1,35.6,8,131.2,6.11176213245,6,3,2,98.5,68.3,43.1,0,1,0,0,35.6,0
421,421,11,212.2,1,36.2,7,111.1,6.36795957045,6,3,2,98.6,68.9,44.7,0,1,0,0,36.2,0
422,422,11,215.1,1,36.1,8,135.2,5.95253956499,6,3,2,102.5,68.8,43.8,0,1,0,0,36.1,0
423,423,10,196.2,1,35.5,7,117.8,6.008105636,6,2,2,102.2,51.1,42.9,0,1,0,0,35.5,0
424,424,10,196.6,1,37.5,8,136.8,6.5887446115,6,2,2,102.5,53.1,41.0,0,1,0,0,37.5,0
425,425,10,194.2,1,37.1,8,135.4,6.61963409529,6,2,2,101.8,52.7,39.7,0,1,0,0,37.1,0
426,426,10,195.5,1,36.4,7,116.3,6.40195282707,6,2,2,100.7,52.0,42.8,0,1,0,0,36.4,0
427,427,10,198.3,1,36.4,6,95.6,6.72624214055,6,2,2,102.2,50.6,45.5,0,1,0,0,36.4,0
428,428,10,203.7,1,36.7,6,100.4,6.57436942477,6,2,2,101.3,55.9,46.5,0,1,0,0,36.7,0
429,429,10,201.0,1,36.1,7,120.6,6.17053932453,6,2,2,101.7,55.0,44.3,0,1,0,0,36.1,0
430,430,10,202.4,1,36.3,6,101.2,6.25978345383,6,2,2,101.9,55.7,44.8,0,1,0,0,36.3,0
431,431,10,201.7,1,36.6,7,119.3,6.51034219957,6,2,2,99.6,56.3,45.8,0,1,0,0,36.6,0
432,432,10,203.5,1,36.5,6,100.2,6.46825581848,6,2,2,100.2,57.5,45.8,0,1,0,0,36.5,0
433,433,10,202.2,1,36.4,5,79.7,6.57128433244,6,2,2,100.1,56.6,45.5,0,1,0,0,36.4,0
434,434,10,204.7,1,36.6,6,100.2,6.61900462473,6,2,2,102.1,55.8,46.8,0,1,0,0,36.6,0
435,435,11,213.6,1,36.3,7,112.3,6.5395440486,6,3,2,100.0,69.3,44.3,0,1,0,0,36.3,0
436,436,11,205.5,1,37.2,9,148.1,6.60179039077,6,3,2,99.3,68.0,38.2,0,1,0,0,37.2,0
437,437,11,212.8,1,37.1,7,107.8,6.96281029992,6,3,2,97.6,67.9,47.3,0,1,0,0,37.1,0
438,438,11,209.6,1,36.1,8,127.0,6.67508256673,6,3,2,96.2,66.9,46.5,0,1,0,0,36.1,0
439,439,11,207.2,1,36.4,8,125.2,6.71807602328,6,3,2,94.4,67.2,45.6,0,1,0,0,36.4,0
440,440,11,205.2,1,36.4,8,123.1,6.88336598422,6,3,2,94.9,64.6,45.7,0,1,0,0,36.4,0
441,441,11,200.9,1,34.8,9,141.6,6.41128266843,6,3,2,93.7,63.0,44.2,0,1,0,0,34.8,0
442,442,11,197.6,1,33.9,9,140.4,6.05215213412,6,3,2,92.8,62.1,42.7,0,1,0,0,33.9,0
443,443,11,200.7,1,33.7,8,122.9,6.01154949017,6,3,2,94.7,61.9,44.1,0,1,0,0,33.7,0
444,444,11,199.8,1,33.8,9,142.5,6.01053620358,6,3,2,94.7,62.0,43.1,0,1,0,0,33.8,0
445,445,11,202.5,1,34.2,8,122.3,6.28051821834,6,3,2,94.1,62.4,46.0,0,1,0,0,34.2,0
446,446,11,206.3,2,61.9,8,122.2,6.95318109017,6,3,2,94.0,64.5,47.8,0,1,1,0,36.3,25.6
447,447,11,205.3,2,61.7,8,121.9,7.06544729331,6,3,2,93.6,64.7,47.0,0,1,1,0,36.4,25.3
448,448,11,206.3,1,36.0,8,124.3,6.8121015313,6,3,2,96.0,64.3,46.0,0,1,0,0,36.0,0
449,449,11,202.5,1,35.9,8,121.1,6.89339604918,6,3,2,92.8,64.2,45.5,0,1,0,0,35.9,0
450,450,11,205.6,2,61.5,8,121.6,7.09174936746,6,3,2,93.3,64.5,47.8,0,1,1,0,36.2,25.3
451,451,11,204.2,2,60.9,8,120.8,6.88495065012,6,3,2,90.8,65.6,47.8,0,1,1,0,35.6,25.3
452,452,11,205.6,1,36.5,8,122.5,7.02573192564,6,3,2,92.5,66.5,46.6,0,1,0,0,36.5,0
453,453,11,211.9,2,61.3,8,127.2,6.93934762456,6,3,2,95.2,68.2,48.5,0,1,1,0,36.2,25.1
454,454,11,211.5,2,61.7,8,127.3,6.83784920996,6,3,2,95.3,67.6,48.6,0,1,1,0,35.6,26.1
455,455,11,210.6,2,62.5,8,126.0,7.11355939546,6,3,2,93.2,69.2,48.2,0,1,1,0,36.4,26.1
456,456,11,206.3,2,60.7,8,125.1,6.73785776584,6,3,2,92.3,68.2,45.8,0,1,1,0,35.4,25.3
457,457,11,213.5,2,61.6,7,108.0,7.03753572573,6,3,2,93.7,70.1,49.7,0,1,1,0,35.7,25.9
458,458,11,206.0,2,62.1,7,99.9,7.50694224156,6,3,2,86.1,70.4,49.5,0,1,1,0,36.2,25.9
459,459,11,212.9,2,62.7,7,104.1,7.54524534212,6,3,2,91.8,70.6,50.5,0,1,1,0,36.6,26.1
460,460,11,210.9,2,61.4,7,107.0,7.03705775294,6,3,2,93.7,70.2,47.0,0,1,1,0,36.2,25.2
461,461,11,214.8,2,63.0,8,128.5,7.25411481975,6,3,2,93.0,72.4,49.4,0,1,1,0,36.9,26.1
462,462,11,211.8,2,63.1,7,104.6,7.42527624218,6,3,2,94.5,68.3,49.0,0,1,1,0,37.2,25.9
463,463,11,211.6,2,62.6,7,104.7,7.3083887044,6,3,2,93.9,68.6,49.1,0,1,1,0,36.7,25.9
464,464,11,207.2,2,62.8,8,122.4,7.28646316498,6,3,2,90.5,68.8,47.9,0,1,1,0,36.9,25.9
465,465,11,211.2,2,63.3,8,125.6,7.3142327007,6,3,2,92.8,70.0,48.4,0,1,1,0,37.2,26.1
466,466,11,212.4,2,63.6,7,106.6,7.32863623677,6,3,2,94.1,70.0,48.3,0,1,1,0,37.2,26.4
467,467,10,199.2,2,63.7,8,135.5,7.1990431463,5,3,2,82.2,70.8,46.2,0,1,1,0,37.4,26.3
468,468,10,202.7,2,63.6,6,96.8,7.23326420858,5,3,2,84.5,71.0,47.2,0,1,1,0,37.6,26.0
469,469,10,199.7,2,62.4,6,95.2,7.09711208873,5,3,2,83.0,70.5,46.2,0,1,1,0,37.1,25.3
470,470,10,195.0,1,37.6,7,112.2,7.27369690506,5,3,2,83.3,68.7,43.0,0,1,0,0,37.6,0
471,471,10,194.4,1,37.5,6,91.2,7.24341846859,5,3,2,84.4,68.6,41.4,0,1,0,0,37.5,0
472,472,10,191.9,1,37.1,6,90.4,7.12420755827,5,3,2,82.9,68.2,40.8,0,1,0,0,37.1,0
473,473,10,191.3,1,37.5,7,109.9,7.1874968599,5,3,2,82.8,68.6,39.9,0,1,0,0,37.5,0
474,474,10,191.4,1,37.6,7,109.3,7.28548023278,5,3,2,85.6,66.9,38.9,0,1,0,0,37.6,0
475,475,10,190.6,1,37.1,6,88.3,7.24203777338,5,3,2,86.8,65.5,38.3,0,1,0,0,37.1,0
476,476,11,201.4,1,37.0,8,120.5,7.01219716572,6,3,2,97.7,65.4,38.3,0,1,0,0,37.0,0
477,477,11,201.5,1,37.3,9,140.5,7.05971928363,6,3,2,97.6,65.7,38.2,0,1,0,0,37.3,0
478,478,11,201.1,1,37.3,8,120.0,7.04908762633,6,3,2,97.3,65.7,38.1,0,1,0,0,37.3,0
479,479,11,199.9,1,36.9,9,139.7,6.85770966272,6,3,2,96.8,65.3,37.8,0,1,0,0,36.9,0
480,480,11,194.2,1,34.8,9,137.8,6.21262643917,6,3,2,94.9,63.2,36.1,0,1,0,0,34.8,0
481,481,11,199.5,1,37.2,9,138.9,7.00946113867,6,3,2,96.0,65.6,37.9,0,1,0,0,37.2,0
482,482,11,197.7,1,36.3,9,138.3,6.73781728887,6,3,2,95.4,64.7,37.6,0,1,0,0,36.3,0
483,483,11,199.8,1,36.6,9,140.1,6.7988635414,6,3,2,97.2,65.0,37.6,0,1,0,0,36.6,0
484,484,11,199.8,1,36.6,9,140.4,6.65000341763,6,3,2,97.5,65.0,37.3,0,1,0,0,36.6,0
485,485,11,198.9,1,35.9,9,140.7,6.42305506466,6,3,2,97.8,64.3,36.8,0,1,0,0,35.9,0
486,486,11,199.5,1,36.6,9,140.7,6.5842649897,6,3,2,97.8,65.0,36.7,0,1,0,0,36.6,0
487,487,11,197.3,1,36.6,9,138.3,6.7682010501,6,3,2,97.7,62.7,36.9,0,1,0,0,36.6,0
488,488,11,196.1,1,36.0,9,138.1,6.57542255815,6,3,2,97.5,62.1,36.5,0,1,0,0,36.0,0
489,489,11,197.2,1,36.7,9,137.3,6.89174737046,6,3,2,96.7,62.8,37.7,0,1,0,0,36.7,0
490,490,11,194.6,1,36.5,9,137.0,6.6734480661,6,3,2,95.8,63.2,35.6,0,1,0,0,36.5,0
491,491,11,192.1,1,36.2,9,135.6,6.55641254457,6,3,2,94.4,62.9,34.8,0,1,0,0,36.2,0
492,492,11,193.8,1,35.7,9,136.2,6.54061437203,6,3,2,95.0,62.4,36.4,0,1,0,0,35.7,0
493,493,11,194.4,1,36.6,9,136.2,6.77230993223,6,3,2,95.0,63.3,36.1,0,1,0,0,36.6,0
494,494,11,192.4,1,35.9,9,134.9,6.57882277394,6,3,2,93.7,62.6,36.1,0,1,0,0,35.9,0
495,495,11,192.9,1,36.8,9,136.0,6.722688856,6,3,2,95.4,62.9,34.6,0,1,0,0,36.8,0
496,496,11,189.1,1,36.5,10,152.6,6.75935715071,6,3,2,94.5,62.6,32.0,0,1,0,0,36.5,0
497,497,11,197.5,1,36.5,9,139.9,6.611408872,6,3,2,96.9,62.6,38.0,0,1,0,0,36.5,0
498,498,12,210.7,1,36.9,10,153.2,6.52957722888,6,3,3,96.9,63.0,50.8,0,1,0,0,36.9,0
499,499,12,205.8,1,34.5,10,149.1,6.04596033428,6,3,3,93.4,59.8,52.6,0,1,0,0,34.5,0
500,500,12,201.4,1,27.5,10,149.0,4.68883263885,6,3,3,93.4,52.8,55.2,0,1,0,0,27.5,0
501,501,12,204.4,2,58.5,10,145.9,6.05495039141,6,3,3,89.8,56.4,58.2,0,1,1,0,31.1,27.4
502,502,12,193.1,1,27.4,11,165.7,4.23866581353,6,3,3,91.0,52.7,49.4,0,1,0,0,27.4,0
503,503,12,185.6,0,0,12,185.6,2.68542643755,6,3,3,91.0,45.1,49.5,0,0,0,0,0,0
504,504,12,183.9,0,0,12,183.9,2.47059985355,6,3,3,91.0,43.9,49.0,0,0,0,0,0,0
505,505,12,191.4,0,0,10,147.1,3.52484686966,6,3,3,91.0,47.3,53.1,0,0,0,0,0,0
506,506,11,170.7,0,0,10,149.5,3.012911609,5,3,3,75.1,46.5,49.1,0,0,0,0,0,0
507,507,10,157.5,0,0,9,135.2,3.37416656376,4,3,3,60.8,47.6,49.1,0,0,0,0,0,0
508,508,10,153.6,0,0,9,133.0,3.1102697275,4,3,3,58.6,45.9,49.1,0,0,0,0,0,0
509,509,10,147.3,0,0,10,147.3,2.33049827767,4,3,3,55.5,43.3,48.5,0,0,0,0,0,0
510,510,10,147.3,0,0,10,147.3,2.33049827767,4,3,3,55.5,43.3,48.5,0,0,0,0,0,0
511,511,10,141.6,0,0,10,141.6,2.35617392303,4,3,3,55.5,43.3,42.8,0,0,0,0,0,0
512,512,10,141.6,0,0,10,141.6,2.35617392303,4,3,3,55.5,43.3,42.8,0,0,0,0,0,0
