,e_id,num_sat,sum_snr,num_sat_25,sum_snr_25,snr_std,elev_0_30,elev_30_60,elev_60_90,elev_0_30_25,elev_30_60_25,elev_60_90_25
1,1,7,125.9,1,31.1,6.94608488561,3,1,3,0,1,0
2,2,7,123.6,1,29.6,6.48507443875,3,1,3,0,1,0
3,3,7,128.8,1,32.6,7.62932937201,3,1,3,0,1,0
4,4,7,129.8,1,33.0,7.65263726717,3,1,3,0,1,0
5,5,7,127.1,1,31.2,7.01542518143,3,1,3,0,1,0
6,6,7,130.1,1,31.8,7.15691473831,3,1,3,0,1,0
7,7,7,129.6,1,31.8,7.09493447736,3,1,3,0,1,0
8,8,7,131.4,1,33.1,7.56234405585,3,1,3,0,1,0
9,9,7,126.4,1,34.2,8.21215707409,3,1,3,0,1,0
10,10,7,126.3,1,34.1,8.17941667497,3,1,3,0,1,0
11,11,7,126.7,1,33.6,7.96345821027,3,1,3,0,1,0
12,12,7,126.0,1,33.8,7.91959594929,3,1,3,0,1,0
13,13,7,129.6,1,34.2,8.00238059818,3,1,3,0,1,0
14,14,7,130.2,1,34.0,8.00083328994,3,1,3,0,1,0
15,15,8,147.1,1,34.2,7.41743842962,3,2,3,0,1,0
16,16,8,148.3,1,34.2,7.4321574449,3,2,3,0,1,0
17,17,8,148.6,1,34.3,7.41730601846,3,2,3,0,1,0
18,18,10,183.7,1,34.5,6.64948619569,4,3,3,0,1,0
19,19,10,181.8,1,34.3,6.66563325324,4,3,3,0,1,0
20,20,9,171.2,1,34.8,6.82234889495,4,3,2,0,1,0
21,21,9,167.6,1,32.4,6.14527822352,4,3,2,0,1,0
22,22,9,164.7,1,32.4,6.2337789502,4,3,2,0,1,0
23,23,9,164.6,1,32.4,6.22142355985,4,3,2,0,1,0
24,24,9,166.3,2,58.5,6.46660223336,4,3,2,0,1,1
25,25,9,169.4,2,59.1,6.51839278077,4,3,2,0,1,1
26,26,8,154.4,2,60.0,7.15661532131,3,3,2,0,1,1
27,27,8,156.0,2,60.6,7.12079449821,3,3,2,0,1,1
28,28,8,161.1,2,61.5,7.04027951961,3,3,2,0,1,1
29,29,9,173.7,2,59.8,6.64059485287,3,4,2,0,1,1
30,30,9,172.9,2,59.3,6.51065366235,3,4,2,0,1,1
31,31,10,188.3,2,60.1,6.53861181326,4,4,2,0,1,1
32,32,10,189.7,2,60.5,6.50197405921,4,4,2,0,1,1
33,33,10,193.4,2,59.7,6.02701326437,4,4,2,0,1,1
34,34,10,193.9,2,60.7,6.31795501373,4,4,2,0,1,1
35,35,10,191.4,2,60.0,6.15705557335,4,4,2,0,1,1
36,36,10,194.7,2,60.6,6.2127199268,4,4,2,0,1,1
37,37,11,208.1,2,60.8,6.24560936688,5,4,2,0,1,1
38,38,11,205.1,1,34.3,6.00855450776,5,4,2,0,1,0
39,39,11,209.3,2,60.3,6.09903121964,5,4,2,0,1,1
40,40,11,212.3,2,61.0,6.01531379065,5,4,2,0,1,1
41,41,11,216.8,2,62.6,6.26569302559,5,4,2,0,1,1
42,42,11,211.8,2,61.2,6.15099400688,5,4,2,0,1,1
43,43,11,209.4,2,61.2,6.20649220209,5,4,2,0,1,1
44,44,11,211.0,2,63.2,6.56381263928,5,4,2,0,1,1
45,45,11,208.6,2,62.2,6.33944362342,5,4,2,0,1,1
46,46,11,206.8,2,62.5,6.62404710128,5,4,2,0,1,1
47,47,11,204.1,2,62.5,6.66053505904,5,4,2,0,1,1
48,48,11,205.4,2,62.9,6.69523575524,5,4,2,0,1,1
49,49,11,207.5,2,63.1,6.70078692801,5,4,2,0,1,1
50,50,11,207.3,2,62.8,6.72240487272,5,4,2,0,1,1
51,51,11,208.4,2,63.1,6.59823667905,5,4,2,0,1,1
52,52,11,207.9,2,62.8,6.64319200385,5,4,2,0,1,1
53,53,11,208.8,2,63.3,6.79084945818,5,4,2,0,1,1
54,54,11,207.1,2,63.4,6.76078263356,5,4,2,0,1,1
55,55,11,204.1,2,62.6,6.77220254221,5,4,2,0,1,1
56,56,11,206.1,2,63.9,7.03509384831,5,4,2,0,1,1
57,57,11,205.8,2,63.2,6.87262024929,5,4,2,0,1,1
58,58,11,203.1,2,63.1,6.80533213404,5,4,2,0,1,1
59,59,11,203.6,2,63.9,6.98003646773,5,4,2,0,1,1
60,60,11,204.2,2,64.3,7.19253400788,5,4,2,0,1,1
61,61,11,199.6,2,62.8,6.9122158005,5,4,2,0,1,1
62,62,11,202.3,2,63.7,7.10668059581,5,4,2,0,1,1
63,63,11,199.3,2,63.9,7.41792668902,5,4,2,0,1,1
64,64,11,195.0,2,62.4,7.29302281761,5,4,2,0,1,1
65,65,11,198.1,2,63.8,7.54976218771,5,4,2,0,1,1
66,66,10,180.5,2,63.3,7.71567668236,4,4,2,0,1,1
67,67,9,167.2,2,62.5,7.80461046078,4,4,1,0,1,1
68,68,9,165.6,2,63.3,7.99218368157,4,4,1,0,1,1
69,69,9,168.0,2,63.4,7.975901203,4,4,1,0,1,1
70,70,9,167.7,2,61.8,7.64149854413,4,4,1,0,1,1
71,71,10,183.8,2,62.1,7.3119080957,4,4,2,0,1,1
72,72,10,182.9,2,62.5,7.42390283701,4,4,2,0,1,1
73,73,10,181.3,2,62.1,7.31954005841,4,4,2,0,1,1
74,74,10,182.2,2,62.0,7.25944595376,4,4,2,0,1,1
75,75,10,187.1,2,60.4,6.87676442005,4,4,2,0,1,1
76,76,10,184.4,2,61.2,7.03612898625,4,4,2,0,1,1
77,77,11,202.4,2,61.4,6.71639784408,4,5,2,0,1,1
78,78,11,203.2,2,61.3,6.79412848114,4,5,2,0,1,1
79,79,11,198.1,2,61.5,6.82707178012,4,5,2,0,1,1
80,80,11,199.9,2,59.9,6.35831595772,4,5,2,0,1,1
81,81,11,200.2,2,60.3,6.42137057021,4,5,2,0,1,1
82,82,11,203.6,2,60.0,6.31069798762,4,5,2,0,1,1
83,83,11,202.4,2,59.7,6.22735899078,4,5,2,0,1,1
84,84,11,199.3,2,60.5,6.5138035251,4,5,2,0,1,1
85,85,11,199.5,2,59.9,6.44798770583,4,5,2,0,1,1
86,86,11,199.9,2,59.7,6.39845151722,4,5,2,0,1,1
87,87,11,197.0,1,35.0,6.50529853972,4,5,2,0,1,0
88,88,11,198.7,2,60.4,6.50096496334,4,5,2,0,1,1
89,89,11,200.2,2,59.9,6.25363894065,4,5,2,0,1,1
90,90,11,202.3,2,61.6,6.51574317257,4,5,2,0,1,1
91,91,11,199.8,2,61.5,6.85686119551,4,5,2,0,1,1
92,92,11,202.6,2,62.6,6.97349527595,4,5,2,0,1,1
93,93,11,200.2,2,62.8,7.08406662871,4,5,2,0,1,1
94,94,11,196.9,2,62.5,7.09351816802,4,5,2,0,1,1
95,95,11,195.6,2,62.2,7.04156490871,4,5,2,0,1,1
96,96,12,212.0,2,63.3,7.00367868706,5,5,2,0,1,1
97,97,12,208.7,2,62.2,6.94150341763,5,5,2,0,1,1
98,98,12,208.3,2,61.2,6.70094407641,5,5,2,0,1,1
99,99,12,216.8,2,61.8,6.73192304463,5,5,2,0,1,1
100,100,12,218.6,2,62.2,6.74467242056,5,5,2,0,1,1
101,101,12,216.2,2,59.6,6.20246773959,5,5,2,0,1,1
102,102,12,215.5,1,34.2,5.91123096446,5,5,2,0,1,0
103,103,11,199.7,1,34.0,6.15359466269,5,4,2,0,1,0
104,104,11,199.7,2,59.9,6.25769344669,5,4,2,0,1,1
105,105,11,204.2,2,60.6,6.37907089274,5,4,2,0,1,1
106,106,11,206.5,2,62.3,6.71566689303,5,4,2,0,1,1
107,107,11,201.5,1,36.2,6.7799436844,5,4,2,0,1,0
108,108,11,200.1,1,36.7,7.11877159986,5,4,2,0,1,0
109,109,11,191.9,1,36.9,7.16329025468,5,4,2,0,1,0
110,110,11,190.3,1,35.4,6.75040739511,5,4,2,0,1,0
111,111,12,210.9,1,35.0,6.27898732426,5,5,2,0,1,0
112,112,12,217.6,2,60.6,6.24926662364,5,5,2,0,1,1
113,113,12,217.3,2,59.7,6.13373063601,5,5,2,0,1,1
114,114,12,223.6,2,60.4,6.07847668317,5,5,2,0,1,1
115,115,12,217.9,2,59.1,5.86677212371,5,5,2,0,1,1
116,116,12,221.6,2,60.0,6.01548506823,5,5,2,0,1,1
117,117,12,220.2,2,60.9,6.19802021177,5,5,2,0,1,1
118,118,12,219.1,2,61.2,6.29133001307,5,5,2,0,1,1
119,119,12,218.9,2,60.2,6.1392120213,5,5,2,0,1,1
120,120,12,214.1,2,60.5,6.37943547422,5,5,2,0,1,1
121,121,12,213.7,2,60.4,6.40914947319,5,5,2,0,1,1
122,122,12,213.2,2,60.3,6.40402335657,5,5,2,0,1,1
123,123,12,211.2,1,34.5,6.45403327033,5,5,2,0,1,0
124,124,12,210.8,1,34.8,6.5269139768,5,5,2,0,1,0
125,125,12,213.1,1,34.8,6.52400578749,5,5,2,0,1,0
126,126,12,205.3,1,33.8,6.24360885347,5,5,2,0,1,0
127,127,12,207.3,1,34.9,6.54149343527,5,5,2,0,1,0
128,128,12,208.3,1,34.6,6.55486749514,5,5,2,0,1,0
129,129,12,209.3,1,34.3,6.54612422921,5,5,2,0,1,0
130,130,12,211.3,2,60.1,6.59730776127,5,5,2,0,1,1
131,131,12,213.3,2,59.8,6.65365586453,5,5,2,0,1,1
132,132,10,184.6,2,60.1,7.01636183027,4,5,1,0,1,1
133,133,10,185.1,2,60.3,6.92458582797,4,5,1,0,1,1
134,134,10,185.3,2,60.6,6.97886491885,4,5,1,0,1,1
135,135,10,189.7,2,60.4,6.87492222178,4,5,1,0,1,1
136,136,10,186.6,2,61.4,7.12151669239,4,5,1,0,1,1
137,137,10,190.8,2,61.4,6.97452507344,4,5,1,0,1,1
138,138,10,186.4,2,60.6,6.77072128112,4,5,1,0,1,1
139,139,10,188.8,2,60.6,6.67779071916,4,5,1,0,1,1
140,140,10,183.7,2,60.6,6.81877310567,4,5,1,0,1,1
141,141,10,184.4,2,60.4,6.8059124623,4,5,1,0,1,1
142,142,10,185.4,2,61.4,7.30193277306,4,5,1,0,1,1
143,143,11,196.5,2,60.3,6.9283869302,5,5,1,0,1,1
144,144,11,196.0,2,61.2,7.09165963394,5,5,1,0,1,1
145,145,11,198.0,2,61.3,7.00585469447,5,5,1,0,1,1
146,146,11,200.4,2,61.9,7.1143261356,5,5,1,0,1,1
147,147,11,204.1,2,61.5,7.07352297464,5,5,1,0,1,1
148,148,11,202.7,2,62.0,7.14354126594,5,5,1,0,1,1
149,149,11,201.7,2,61.9,7.09299270087,5,5,1,0,1,1
150,150,11,199.5,2,61.8,6.94582935685,5,5,1,0,1,1
151,151,12,216.6,2,62.1,6.93495756033,6,5,1,0,1,1
152,152,12,215.3,2,61.8,6.92183085782,6,5,1,0,1,1
153,153,11,204.6,2,61.3,6.9309451015,5,5,1,0,1,1
154,154,12,217.3,2,61.5,6.79149981204,5,5,2,0,1,1
155,155,12,216.4,2,60.3,6.33264749078,5,5,2,0,1,1
156,156,12,218.8,2,60.7,6.49143958447,5,5,2,0,1,1
157,157,12,218.1,2,60.8,6.49169049282,5,5,2,0,1,1
158,158,12,220.0,2,61.5,6.59687713079,5,5,2,0,1,1
159,159,12,217.6,2,62.3,6.7227339316,5,5,2,0,1,1
160,160,12,221.7,2,61.6,6.57282629122,5,5,2,0,1,1
161,161,12,224.0,2,62.2,6.61311827607,5,5,2,0,1,1
162,162,13,233.5,2,62.3,6.58768275667,5,5,3,0,1,1
163,163,13,235.0,2,61.5,6.28982695127,5,5,3,0,1,1
164,164,12,223.3,2,62.5,6.56027415355,4,5,3,0,1,1
165,165,12,220.0,2,62.1,6.74460502696,4,5,3,0,1,1
166,166,12,223.9,2,61.7,6.78734897148,4,5,3,0,1,1
167,167,12,221.8,2,62.2,6.83252027683,4,5,3,0,1,1
168,168,12,217.2,2,63.0,6.93476092529,4,5,3,0,1,1
169,169,12,213.4,2,61.9,6.79770460367,4,5,3,0,1,1
170,170,12,214.5,2,61.9,6.86309299475,4,5,3,0,1,1
171,171,12,218.8,2,61.7,6.7552448759,4,5,3,0,1,1
172,172,12,220.7,2,60.5,6.40460889918,4,5,3,0,1,1
173,173,12,223.1,2,60.8,6.50418862711,4,5,3,0,1,1
174,174,12,219.9,2,59.6,6.30283125414,4,5,3,0,1,1
175,175,12,216.9,2,59.4,6.21583388686,4,5,3,0,1,1
176,176,13,224.3,1,34.0,6.33108934605,5,5,3,0,1,0
177,177,13,220.6,1,34.2,6.44028785788,5,5,3,0,1,0
178,178,13,217.9,1,33.6,6.262126697,5,5,3,0,1,0
179,179,13,221.1,1,34.0,6.252660972,5,5,3,0,1,0
180,180,13,219.3,1,34.0,6.23730505579,5,5,3,0,1,0
181,181,13,217.8,1,33.2,5.93290476701,5,5,3,0,1,0
182,182,13,215.9,1,33.8,5.96957027187,5,5,3,0,1,0
183,183,13,215.5,1,34.1,6.24675300271,5,5,3,0,1,0
184,184,13,214.5,1,33.1,6.01872079432,5,5,3,0,1,0
185,185,12,199.3,1,33.3,6.22800979933,5,5,2,0,1,0
186,186,12,199.6,1,33.9,6.4967590988,5,5,2,0,1,0
187,187,12,197.6,1,33.2,6.24504652189,5,5,2,0,1,0
188,188,12,195.5,1,32.7,6.21909936966,5,5,2,0,1,0
189,189,12,199.2,1,33.8,6.42961896227,5,5,2,0,1,0
190,190,12,201.2,1,33.6,6.58542927894,5,5,2,0,1,0
191,191,12,202.8,1,32.7,6.05460005435,5,5,2,0,1,0
192,192,12,203.0,1,33.4,6.29643959037,5,5,2,0,1,0
193,193,12,203.3,1,33.4,6.19463966717,5,5,2,0,1,0
194,194,12,203.3,1,32.9,6.12601877736,5,5,2,0,1,0
195,195,12,205.4,1,32.5,5.91313381509,5,5,2,0,1,0
196,196,12,204.5,1,33.2,6.05556968769,5,5,2,0,1,0
197,197,12,203.4,1,32.7,5.98779060787,5,5,2,0,1,0
198,198,12,208.2,1,33.0,6.08179100415,5,5,2,0,1,0
199,199,12,204.2,1,32.9,6.02703505176,5,5,2,0,1,0
200,200,12,202.8,1,32.5,5.77549683026,5,5,2,0,1,0
201,201,12,203.8,1,33.0,5.8610941165,5,5,2,0,1,0
202,202,12,201.9,1,33.0,5.88111384008,5,5,2,0,1,0
203,203,12,203.9,1,32.9,5.84550461829,5,5,2,0,1,0
204,204,11,191.3,1,33.2,6.16448773954,4,5,2,0,1,0
205,205,11,187.6,1,33.3,6.07607828066,4,5,2,0,1,0
206,206,11,187.4,1,33.0,6.11903141474,4,5,2,0,1,0
207,207,11,185.9,1,33.2,6.22318246559,4,5,2,0,1,0
208,208,11,189.4,1,33.5,6.23695730013,4,5,2,0,1,0
209,209,12,202.4,1,32.6,5.92963793672,5,5,2,0,1,0
210,210,12,202.4,1,31.1,5.66814597447,5,5,2,0,1,0
211,211,12,204.7,1,31.9,5.93333546135,5,5,2,0,1,0
212,212,12,204.6,1,32.2,6.13299570876,5,5,2,0,1,0
213,213,12,205.4,1,32.4,6.07091925544,5,5,2,0,1,0
214,214,12,207.6,1,32.5,6.1425490711,5,5,2,0,1,0
215,215,12,205.9,1,32.8,6.30071544759,5,5,2,0,1,0
216,216,12,209.8,1,32.9,6.53686515546,5,5,2,0,1,0
217,217,12,210.2,1,33.3,6.65006265635,5,5,2,0,1,0
218,218,12,205.0,1,33.4,6.66644696608,5,5,2,0,1,0
219,219,12,205.0,1,32.3,6.30581741992,5,5,2,0,1,0
220,220,12,207.6,1,33.2,6.60757141467,5,5,2,0,1,0
221,221,12,210.0,1,33.3,6.63270135561,5,5,2,0,1,0
222,222,12,209.6,1,32.4,6.42330038834,5,5,2,0,1,0
223,223,12,210.7,2,58.8,6.68042708669,5,5,2,0,1,1
224,224,12,209.7,2,58.5,6.6521527616,5,5,2,0,1,1
225,225,12,202.9,2,58.1,6.63495678322,5,5,2,0,1,1
226,226,12,200.3,2,57.9,6.50782163433,5,5,2,0,1,1
227,227,12,201.3,2,57.7,6.58236279766,5,5,2,0,1,1
228,228,12,201.3,2,57.7,6.60249608447,5,5,2,0,1,1
229,229,12,200.4,2,58.5,6.6147218728,5,5,2,0,1,1
230,230,11,183.2,2,59.2,7.05341954464,4,5,2,0,1,1
231,231,11,180.7,2,58.4,6.9039251023,4,5,2,0,1,1
232,232,11,181.2,2,57.0,6.56248290041,4,5,2,0,1,1
233,233,11,181.2,2,57.6,6.73529374402,4,5,2,0,1,1
234,234,10,166.6,2,57.1,6.8854435829,4,4,2,0,1,1
235,235,10,168.7,2,58.1,7.07327521183,4,4,2,0,1,1
236,236,9,157.8,2,58.3,7.23498445057,3,4,2,0,1,1
237,237,9,157.4,2,59.0,7.42486438335,3,4,2,0,1,1
238,238,9,151.7,1,30.6,6.62233174779,3,4,2,0,1,0
239,239,9,161.0,2,58.8,7.48589414239,3,4,2,0,1,1
240,240,9,162.8,2,59.6,7.55867786793,3,4,2,0,1,1
241,241,9,162.0,2,60.4,7.72997412674,3,4,2,0,1,1
242,242,10,179.0,2,60.6,7.45519952785,3,4,3,0,1,1
243,243,10,179.1,2,59.8,7.2442237526,3,4,3,0,1,1
244,244,10,185.5,2,61.3,7.39207533632,3,4,3,0,1,1
245,245,11,200.8,2,61.3,7.18573080993,4,4,3,0,1,1
246,246,11,200.7,2,60.9,6.97730085869,4,4,3,0,1,1
247,247,11,201.4,2,59.1,6.78726079438,4,4,3,0,1,1
248,248,11,205.3,2,60.2,6.97327365407,4,4,3,0,1,1
249,249,12,219.5,2,58.6,6.51717428078,4,5,3,0,1,1
250,250,13,230.2,2,60.0,6.52935187422,5,5,3,0,1,1
251,251,13,232.3,2,60.6,6.62122654994,5,5,3,0,1,1
252,252,12,213.5,2,60.8,6.84815281442,5,4,3,0,1,1
253,253,12,211.5,2,59.7,6.75400554553,5,4,3,0,1,1
254,254,12,212.9,2,59.4,6.73275012476,5,4,3,0,1,1
255,255,11,203.2,2,58.6,6.22657063063,4,4,3,0,1,1
256,256,11,206.5,2,59.7,6.54447719976,4,4,3,0,1,1
257,257,11,204.9,2,59.7,6.45090550374,4,4,3,0,1,1
258,258,11,203.4,2,59.6,6.40303905118,4,4,3,0,1,1
259,259,11,201.3,1,33.9,6.2059648726,4,4,3,0,1,0
260,260,11,202.0,1,34.5,6.45434314664,4,4,3,0,1,0
261,261,11,198.0,1,32.4,5.82940820324,4,4,3,0,1,0
262,262,11,194.6,1,32.1,5.73784882085,4,4,3,0,1,0
263,263,11,197.2,1,31.9,5.90255722701,4,4,3,0,1,0
264,264,11,196.6,1,31.8,5.81103965037,4,4,3,0,1,0
265,265,10,184.4,1,33.1,6.33617480118,4,4,2,0,1,0
266,266,10,186.8,1,34.4,6.57922656718,4,4,2,0,1,0
267,267,10,193.8,1,35.2,6.63773723158,4,4,2,0,1,0
268,268,10,191.7,1,34.5,6.25940181736,4,4,2,0,1,0
269,269,10,190.3,1,34.6,6.33246485273,4,4,2,0,1,0
270,270,11,205.7,1,35.0,6.35814438339,4,5,2,0,1,0
271,271,11,203.6,1,34.4,6.23401227869,4,5,2,0,1,0
272,272,12,219.7,1,34.6,6.22041482588,5,5,2,0,1,0
273,273,12,219.3,1,34.9,6.2589753736,5,5,2,0,1,0
274,274,12,216.7,1,34.6,6.25800699226,5,5,2,0,1,0
275,275,11,199.4,1,34.5,6.23635966075,5,4,2,0,1,0
276,276,11,200.3,1,34.7,6.28529307916,5,4,2,0,1,0
277,277,11,203.4,1,34.3,5.99123602364,5,4,2,0,1,0
278,278,11,205.3,1,34.9,6.13649292793,5,4,2,0,1,0
279,279,11,202.3,1,34.8,6.34814217633,5,4,2,0,1,0
280,280,11,198.9,1,34.2,6.18123259259,5,4,2,0,1,0
281,281,11,200.3,1,34.4,6.29292532062,5,4,2,0,1,0
282,282,11,203.6,1,34.9,6.23930357419,5,4,2,0,1,0
283,283,11,206.4,1,34.5,6.24328002372,5,4,2,0,1,0
284,284,11,211.2,1,34.9,6.18562850485,5,4,2,0,1,0
285,285,12,219.8,1,35.2,6.5120633978,5,5,2,0,1,0
286,286,12,216.9,1,35.0,6.48342291751,5,5,2,0,1,0
287,287,12,216.8,1,34.8,6.50221407513,5,5,2,0,1,0
288,288,12,219.9,1,35.2,6.66580486854,5,5,2,0,1,0
289,289,12,221.6,1,35.2,6.78264273158,5,5,2,0,1,0
290,290,12,219.7,1,34.4,6.55847242931,5,5,2,0,1,0
291,291,12,222.7,1,35.2,6.81821868677,5,5,2,0,1,0
292,292,12,221.8,2,60.6,6.96599967809,5,5,2,0,1,1
293,293,12,223.2,1,34.3,6.58082614322,5,5,2,0,1,0
294,294,12,221.2,1,34.8,6.70960415217,5,5,2,0,1,0
295,295,12,221.1,1,34.2,6.57655961454,5,5,2,0,1,0
296,296,12,221.1,1,34.8,6.65584159012,5,5,2,0,1,0
297,297,12,215.9,1,34.9,6.67933833595,5,5,2,0,1,0
298,298,12,217.4,1,34.6,6.53213501688,5,5,2,0,1,0
299,299,12,217.6,1,34.1,6.39649525249,5,5,2,0,1,0
300,300,12,221.8,1,34.5,6.09214596216,5,5,2,0,1,0
301,301,12,218.9,1,33.6,5.81806877258,5,5,2,0,1,0
302,302,11,208.3,1,33.5,5.93013873822,4,5,2,0,1,0
303,303,11,207.1,1,34.2,6.05608634501,4,5,2,0,1,0
304,304,11,214.5,1,34.6,6.16960290456,4,5,2,0,1,0
305,305,11,209.0,1,33.5,5.80172388174,4,5,2,0,1,0
306,306,12,227.0,1,34.5,5.86404039012,4,5,3,0,1,0
307,307,12,225.2,1,34.7,5.83022427969,5,4,3,0,1,0
308,308,12,223.2,1,34.2,5.74915013482,5,4,3,0,1,0
309,309,12,227.1,1,34.8,6.01439560932,5,4,3,0,1,0
310,310,12,223.9,1,34.7,5.84114844457,5,4,3,0,1,0
311,311,12,226.4,1,34.4,5.83318614533,5,4,3,0,1,0
312,312,11,216.8,1,35.1,6.08497404193,4,4,3,0,1,0
313,313,11,213.4,1,35.2,6.27518924017,4,4,3,0,1,0
314,314,11,210.7,1,34.6,6.16203921383,4,4,3,0,1,0
315,315,11,212.6,1,35.2,6.38280360172,4,4,3,0,1,0
316,316,11,213.5,2,60.6,6.53566439552,4,4,3,0,1,1
317,317,11,212.6,1,34.8,6.22994236074,4,4,3,0,1,0
318,318,11,211.7,1,35.2,6.40661589864,4,4,3,0,1,0
319,319,11,213.2,2,60.5,6.61586248071,4,4,3,0,1,1
320,320,11,217.8,1,35.3,6.23137224053,4,4,3,0,1,0
321,321,11,218.2,2,60.4,6.33281497081,4,4,3,0,1,1
322,322,10,201.3,2,60.9,6.4373994059,4,3,3,0,1,1
323,323,10,200.6,2,60.6,6.63914318434,4,3,3,0,1,1
324,324,11,208.2,1,35.0,6.55043371222,5,3,3,0,1,0
325,325,11,212.6,2,61.6,6.74508575321,5,3,3,0,1,1
326,326,11,213.9,2,61.8,6.70065125736,5,3,3,0,1,1
327,327,11,211.6,2,60.1,6.48510180757,5,3,3,0,1,1
328,328,11,208.0,2,60.6,6.73014926216,5,3,3,0,1,1
329,329,11,209.6,2,61.3,6.7931382492,5,3,3,0,1,1
330,330,11,210.0,1,34.6,6.38176379153,5,3,3,0,1,0
331,331,11,208.8,2,61.9,6.84190297824,5,3,3,0,1,1
332,332,11,207.4,2,61.0,6.70408288081,5,3,3,0,1,1
333,333,11,204.5,2,60.9,6.87814721352,5,3,3,0,1,1
334,334,10,189.9,2,61.4,7.18477557061,5,3,2,0,1,1
335,335,10,188.5,2,62.0,7.25614681954,5,3,2,0,1,1
336,336,10,188.0,2,60.5,7.0082491077,4,4,2,0,1,1
337,337,10,185.5,2,62.1,7.63256910294,4,4,2,0,1,1
338,338,10,186.4,2,61.4,7.21760194093,4,4,2,0,1,1
339,339,10,185.3,2,61.6,7.55293173395,4,4,2,0,1,1
340,340,9,169.3,2,62.7,8.12118286404,4,3,2,0,1,1
341,341,9,168.9,2,62.6,8.10123447383,4,3,2,0,1,1
342,342,9,170.5,2,61.1,7.5521704018,4,3,2,0,1,1
343,343,9,172.0,2,61.8,7.74539289585,4,3,2,0,1,1
344,344,10,194.2,2,62.5,7.26036423941,4,4,2,0,1,1
345,345,9,179.4,2,60.9,6.93559658573,3,4,2,0,1,1
346,346,9,179.2,2,60.9,7.03499190555,3,4,2,0,1,1
347,347,9,178.5,2,61.5,7.27633149327,3,4,2,0,1,1
348,348,9,179.2,2,61.3,7.21828311381,3,4,2,0,1,1
349,349,9,187.5,2,61.9,6.826602376,3,4,2,0,1,1
350,350,9,188.7,2,61.9,6.79687428161,3,4,2,0,1,1
351,351,9,187.0,1,36.0,6.68352036314,3,4,2,0,1,0
352,352,9,186.8,1,36.1,6.78879796266,3,4,2,0,1,0
353,353,9,188.4,1,36.6,6.807899823,3,4,2,0,1,0
354,354,9,179.8,1,36.3,7.39692128148,3,4,2,0,1,0
355,355,9,178.1,1,35.5,7.11906673035,3,4,2,0,1,0
356,356,9,176.1,1,36.4,7.37071909653,3,4,2,0,1,0
357,357,9,178.8,1,36.5,7.36953187116,3,4,2,0,1,0
358,358,9,177.6,1,36.2,7.34183219639,3,4,2,0,1,0
359,359,9,178.0,1,36.5,7.47408485665,3,4,2,0,1,0
360,360,8,163.5,1,36.4,7.47432510092,3,3,2,0,1,0
361,361,8,162.3,1,36.0,7.3543840181,3,3,2,0,1,0
362,362,8,162.9,1,36.0,7.62119928695,3,3,2,0,1,0
363,363,8,161.4,1,36.2,7.70449775873,3,3,2,0,1,0
364,364,8,157.5,1,35.8,7.67229477685,3,3,2,0,1,0
365,365,8,158.5,1,36.2,7.82367058538,3,3,2,0,1,0
366,366,8,161.2,1,36.0,7.37427962583,3,3,2,0,1,0
367,367,8,160.3,1,35.7,7.48731069401,3,3,2,0,1,0
368,368,8,160.9,1,36.2,7.77531579515,3,3,2,0,1,0
369,369,8,160.9,1,36.3,7.69757614912,3,3,2,0,1,0
370,370,8,160.8,1,35.1,7.34049433913,3,3,2,0,1,0
371,371,8,163.4,2,60.7,7.64978991308,3,3,2,0,1,1
372,372,8,162.7,1,35.8,7.66754523951,3,3,2,0,1,0
373,373,9,180.5,1,35.4,6.75853370028,3,4,2,0,1,0
374,374,9,185.0,1,35.4,6.54352945877,3,4,2,0,1,0
375,375,9,186.8,1,35.4,6.48885797177,3,4,2,0,1,0
376,376,9,181.9,1,35.0,6.42231353261,3,4,2,0,1,0
377,377,10,194.0,1,35.3,6.56353563257,3,4,3,0,1,0
378,378,10,195.0,1,35.7,6.64964493622,3,4,3,0,1,0
379,379,11,209.0,1,35.5,6.49322724075,3,5,3,0,1,0
380,380,12,223.9,1,35.4,6.4296837662,4,5,3,0,1,0
381,381,12,219.5,1,35.7,6.4483201947,4,5,3,0,1,0
382,382,12,219.9,1,35.7,6.27609099534,4,5,3,0,1,0
383,383,12,218.7,1,35.4,6.11140885409,4,5,3,0,1,0
384,384,13,231.8,1,35.9,6.13859167011,5,5,3,0,1,0
385,385,13,233.1,1,35.9,5.97067620617,5,5,3,0,1,0
386,386,13,228.7,1,35.4,5.82629978895,5,5,3,0,1,0
387,387,13,231.3,1,36.0,6.08939810086,5,5,3,0,1,0
388,388,13,231.2,1,36.1,6.00733525975,5,5,3,0,1,0
389,389,13,232.4,1,35.6,5.82711390057,5,5,3,0,1,0
390,390,13,235.5,1,36.0,5.97701795126,5,5,3,0,1,0
391,391,13,234.8,1,36.6,6.09611057171,5,5,3,0,1,0
392,392,13,231.5,1,35.9,6.02888347022,5,5,3,0,1,0
393,393,13,233.8,1,36.2,6.08589162926,5,5,3,0,1,0
394,394,13,238.1,1,36.4,5.97436832837,5,5,3,0,1,0
395,395,13,236.8,1,35.9,5.80543511919,5,5,3,0,1,0
396,396,13,239.1,1,36.6,6.05192277138,5,5,3,0,1,0
397,397,12,223.4,1,36.2,6.14947644975,4,5,3,0,1,0
398,398,12,224.8,1,35.9,6.01760044798,4,5,3,0,1,0
399,399,12,225.1,1,36.4,6.07265979367,4,5,3,0,1,0
400,400,13,240.5,1,36.3,5.84508340402,5,5,3,0,1,0
401,401,13,239.3,1,35.8,5.67853583512,5,5,3,0,1,0
402,402,13,240.8,1,36.2,5.78419597498,5,5,3,0,1,0
403,403,12,228.7,1,36.4,5.87281229416,5,5,2,0,1,0
404,404,12,227.2,1,36.3,5.8887154539,5,5,2,0,1,0
405,405,12,226.1,1,36.2,5.8385020391,5,5,2,0,1,0
406,406,12,227.5,1,36.4,5.88935223068,5,5,2,0,1,0
407,407,12,222.3,1,35.4,5.76637983172,5,5,2,0,1,0
408,408,12,220.5,1,36.0,6.08098750952,5,5,2,0,1,0
409,409,12,223.3,1,36.1,6.03737726521,5,5,2,0,1,0
410,410,11,204.3,1,35.9,6.22078627009,5,4,2,0,1,0
411,411,11,206.7,1,36.0,6.28608853667,5,4,2,0,1,0
412,412,11,208.0,1,35.9,6.2187546254,5,4,2,0,1,0
413,413,11,203.8,1,35.7,6.12112586198,5,4,2,0,1,0
414,414,11,203.5,1,35.6,6.11015548084,5,4,2,0,1,0
415,415,11,204.2,1,36.0,6.35928812483,5,4,2,0,1,0
416,416,11,205.9,1,35.3,6.09767466856,5,4,2,0,1,0
417,417,11,204.9,1,34.9,6.12847304132,5,4,2,0,1,0
418,418,11,208.8,1,35.9,6.26686814634,5,4,2,0,1,0
419,419,11,211.2,1,36.0,6.21240694095,5,4,2,0,1,0
420,420,11,209.9,1,35.6,6.11176213245,5,4,2,0,1,0
421,421,11,212.2,1,36.2,6.36795957045,5,4,2,0,1,0
422,422,11,215.1,1,36.1,5.95253956499,5,4,2,0,1,0
423,423,10,196.2,1,35.5,6.008105636,5,3,2,0,1,0
424,424,10,196.6,1,37.5,6.5887446115,5,3,2,0,1,0
425,425,10,194.2,1,37.1,6.61963409529,5,3,2,0,1,0
426,426,10,195.5,1,36.4,6.40195282707,5,3,2,0,1,0
427,427,10,198.3,1,36.4,6.72624214055,5,3,2,0,1,0
428,428,10,203.7,1,36.7,6.57436942477,5,3,2,0,1,0
429,429,10,201.0,1,36.1,6.17053932453,5,3,2,0,1,0
430,430,10,202.4,1,36.3,6.25978345383,5,3,2,0,1,0
431,431,10,201.7,1,36.6,6.51034219957,5,3,2,0,1,0
432,432,10,203.5,1,36.5,6.46825581848,5,3,2,0,1,0
433,433,10,202.2,1,36.4,6.57128433244,5,3,2,0,1,0
434,434,10,204.7,1,36.6,6.61900462473,5,3,2,0,1,0
435,435,11,213.6,1,36.3,6.5395440486,5,4,2,0,1,0
436,436,11,205.5,1,37.2,6.60179039077,5,4,2,0,1,0
437,437,11,212.8,1,37.1,6.96281029992,5,4,2,0,1,0
438,438,11,209.6,1,36.1,6.67508256673,5,4,2,0,1,0
439,439,11,207.2,1,36.4,6.71807602328,5,4,2,0,1,0
440,440,11,205.2,1,36.4,6.88336598422,5,4,2,0,1,0
441,441,11,200.9,1,34.8,6.41128266843,5,4,2,0,1,0
442,442,11,197.6,1,33.9,6.05215213412,5,4,2,0,1,0
443,443,11,200.7,1,33.7,6.01154949017,5,4,2,0,1,0
444,444,11,199.8,1,33.8,6.01053620358,5,4,2,0,1,0
445,445,11,202.5,1,34.2,6.28051821834,5,4,2,0,1,0
446,446,11,206.3,2,61.9,6.95318109017,5,4,2,0,1,1
447,447,11,205.3,2,61.7,7.06544729331,5,4,2,0,1,1
448,448,11,206.3,1,36.0,6.8121015313,5,4,2,0,1,0
449,449,11,202.5,1,35.9,6.89339604918,5,4,2,0,1,0
450,450,11,205.6,2,61.5,7.09174936746,5,4,2,0,1,1
451,451,11,204.2,2,60.9,6.88495065012,5,4,2,0,1,1
452,452,11,205.6,1,36.5,7.02573192564,5,4,2,0,1,0
453,453,11,211.9,2,61.3,6.93934762456,5,4,2,0,1,1
454,454,11,211.5,2,61.7,6.83784920996,5,4,2,0,1,1
455,455,11,210.6,2,62.5,7.11355939546,5,4,2,0,1,1
456,456,11,206.3,2,60.7,6.73785776584,5,4,2,0,1,1
457,457,11,213.5,2,61.6,7.03753572573,5,4,2,0,1,1
458,458,11,206.0,2,62.1,7.50694224156,5,4,2,0,1,1
459,459,11,212.9,2,62.7,7.54524534212,5,4,2,0,1,1
460,460,11,210.9,2,61.4,7.03705775294,5,4,2,0,1,1
461,461,11,214.8,2,63.0,7.25411481975,5,4,2,0,1,1
462,462,11,211.8,2,63.1,7.42527624218,5,4,2,0,1,1
463,463,11,211.6,2,62.6,7.3083887044,5,4,2,0,1,1
464,464,11,207.2,2,62.8,7.28646316498,5,4,2,0,1,1
465,465,11,211.2,2,63.3,7.3142327007,5,4,2,0,1,1
466,466,11,212.4,2,63.6,7.32863623677,5,4,2,0,1,1
467,467,10,199.2,2,63.7,7.1990431463,5,3,2,0,1,1
468,468,10,202.7,2,63.6,7.23326420858,5,3,2,0,1,1
469,469,10,199.7,2,62.4,7.09711208873,5,3,2,0,1,1
470,470,10,195.0,1,37.6,7.27369690506,5,3,2,0,1,0
471,471,10,194.4,1,37.5,7.24341846859,5,3,2,0,1,0
472,472,10,191.9,1,37.1,7.12420755827,5,3,2,0,1,0
473,473,10,191.3,1,37.5,7.1874968599,5,3,2,0,1,0
474,474,10,191.4,1,37.6,7.28548023278,5,3,2,0,1,0
475,475,10,190.6,1,37.1,7.24203777338,5,3,2,0,1,0
476,476,11,201.4,1,37.0,7.01219716572,5,4,2,0,1,0
477,477,11,201.5,1,37.3,7.05971928363,5,4,2,0,1,0
478,478,11,201.1,1,37.3,7.04908762633,5,4,2,0,1,0
479,479,11,199.9,1,36.9,6.85770966272,5,4,2,0,1,0
480,480,11,194.2,1,34.8,6.21262643917,5,4,2,0,1,0
481,481,11,199.5,1,37.2,7.00946113867,5,4,2,0,1,0
482,482,11,197.7,1,36.3,6.73781728887,5,4,2,0,1,0
483,483,11,199.8,1,36.6,6.7988635414,5,4,2,0,1,0
484,484,11,199.8,1,36.6,6.65000341763,5,4,2,0,1,0
485,485,11,198.9,1,35.9,6.42305506466,5,4,2,0,1,0
486,486,11,199.5,1,36.6,6.5842649897,5,4,2,0,1,0
487,487,11,197.3,1,36.6,6.7682010501,5,4,2,0,1,0
488,488,11,196.1,1,36.0,6.57542255815,5,4,2,0,1,0
489,489,11,197.2,1,36.7,6.89174737046,5,4,2,0,1,0
490,490,11,194.6,1,36.5,6.6734480661,5,4,2,0,1,0
491,491,11,192.1,1,36.2,6.55641254457,5,4,2,0,1,0
492,492,11,193.8,1,35.7,6.54061437203,5,4,2,0,1,0
493,493,11,194.4,1,36.6,6.77230993223,5,4,2,0,1,0
494,494,11,192.4,1,35.9,6.57882277394,5,4,2,0,1,0
495,495,11,192.9,1,36.8,6.722688856,5,4,2,0,1,0
496,496,11,189.1,1,36.5,6.75935715071,5,4,2,0,1,0
497,497,11,197.5,1,36.5,6.611408872,5,4,2,0,1,0
498,498,12,210.7,1,36.9,6.52957722888,5,4,3,0,1,0
499,499,12,205.8,1,34.5,6.04596033428,5,4,3,0,1,0
500,500,12,201.4,1,27.5,4.68883263885,5,4,3,0,1,0
501,501,12,204.4,2,58.5,6.05495039141,5,4,3,0,1,1
502,502,12,193.1,1,27.4,4.23866581353,5,4,3,0,1,0
503,503,12,185.6,0,0,2.68542643755,5,4,3,0,0,0
504,504,12,183.9,0,0,2.47059985355,5,4,3,0,0,0
505,505,12,191.4,0,0,3.52484686966,5,4,3,0,0,0
506,506,11,170.7,0,0,3.012911609,4,4,3,0,0,0
507,507,10,157.5,0,0,3.37416656376,3,4,3,0,0,0
508,508,10,153.6,0,0,3.1102697275,3,4,3,0,0,0
509,509,10,147.3,0,0,2.33049827767,3,4,3,0,0,0
510,510,10,147.3,0,0,2.33049827767,3,4,3,0,0,0
511,511,10,141.6,0,0,2.35617392303,3,4,3,0,0,0
512,512,10,141.6,0,0,2.35617392303,3,4,3,0,0,0
