,e_id,num_sat,sum_snr,num_sat_25,sum_snr_25,num_sat_u20,sum_sat_u20,snr_std,elev_0_30,elev_30_60,elev_60_90,sum_elev_0_30,sum_elev_30_60,sum_elev_60_90,elev_0_30_25,elev_30_60_25,elev_60_90_25,sum_elev_0_30_25,sum_elev_30_60_25,sum_elev_60_90_25
1,1,5,143.7,4,120.5,0,0,3.73804761874,4,1,0,120.5,23.2,0,4,0,0,120.5,0,0
2,2,5,147.7,5,147.7,0,0,2.67824569448,4,1,0,120.3,27.4,0,4,1,0,120.3,27.4,0
3,3,5,142.2,4,118.6,0,0,5.44912837067,4,1,0,115.8,26.4,0,3,1,0,92.2,26.4,0
4,4,5,118.8,1,31.4,0,0,4.44780844911,4,1,0,98.6,20.2,0,1,0,0,31.4,0,0
5,5,5,141.2,5,141.2,0,0,2.34371499974,4,1,0,112.6,28.6,0,4,1,0,112.6,28.6,0
6,6,5,138.9,4,119.3,1,19.6,4.71402163763,4,1,0,109.9,29.0,0,3,1,0,90.3,29.0,0
7,7,5,145.5,3,98.8,0,0,5.52946652038,4,1,0,121.0,24.5,0,3,0,0,98.8,0,0
8,8,5,141.1,3,99.6,1,19.8,6.92437722831,4,1,0,121.3,19.8,0,3,0,0,99.6,0,0
9,9,5,137.6,3,98.7,2,38.9,7.7276775295,4,1,0,118.2,19.4,0,3,0,0,98.7,0,0
10,10,5,143.1,4,123.7,1,19.4,6.55377753666,4,1,0,123.7,19.4,0,4,0,0,123.7,0,0
11,11,5,141.6,3,100.8,1,17.5,7.54930460374,4,1,0,124.1,17.5,0,3,0,0,100.8,0,0
12,12,5,143.5,3,100.4,1,19.9,6.74462749157,4,1,0,123.6,19.9,0,3,0,0,100.4,0,0
13,13,5,144.4,3,101.6,0,0,7.02972261188,4,1,0,122.4,22.0,0,3,0,0,101.6,0,0
14,14,5,138.4,3,94.1,1,19.7,5.95079826578,4,1,0,118.7,19.7,0,3,0,0,94.1,0,0
15,15,5,136.7,3,91.4,0,0,4.67471924291,4,1,0,113.9,22.8,0,3,0,0,91.4,0,0
16,16,5,140.0,3,92.1,0,0,5.01248441394,4,1,0,116.2,23.8,0,3,0,0,92.1,0,0
17,17,5,141.4,4,119.3,0,0,3.93344632606,4,1,0,109.5,31.9,0,3,1,0,87.4,31.9,0
18,18,5,139.1,4,115.7,0,0,3.08901278728,4,1,0,110.7,28.4,0,3,1,0,87.3,28.4,0
19,19,5,128.4,3,84.4,1,19.3,4.36084854128,4,1,0,103.7,24.7,0,3,0,0,84.4,0,0
20,20,6,153.0,3,85.8,1,18.0,4.44342210464,5,1,0,127.2,25.8,0,2,1,0,60.0,25.8,0
21,21,6,153.0,3,87.0,1,18.0,4.60912139133,5,1,0,126.2,26.8,0,2,1,0,60.2,26.8,0
22,22,6,150.8,3,88.0,1,15.9,5.46504040851,5,1,0,122.5,28.3,0,2,1,0,59.7,28.3,0
23,23,7,176.9,3,88.7,1,17.2,4.72783046993,6,1,0,148.3,28.6,0,2,1,0,60.1,28.6,0
24,24,7,180.0,3,90.6,1,18.2,4.75689975069,6,1,0,151.6,28.4,0,2,1,0,62.2,28.4,0
25,25,7,191.4,4,123.3,1,19.7,5.13707346741,6,1,0,161.4,30.0,0,3,1,0,93.3,30.0,0
26,26,8,224.7,5,158.9,1,19.7,6.19756576638,7,1,0,195.2,29.5,0,4,1,0,129.4,29.5,0
27,27,13,313.4,5,146.7,4,77.5,5.17324230028,7,5,1,188.8,103.6,21.0,5,0,0,146.7,0,0
28,28,13,310.7,5,147.8,4,73.2,5.58927544499,7,5,1,186.1,103.0,21.6,4,1,0,120.2,27.6,0
29,29,13,305.1,4,120.3,4,68.6,5.99616330323,7,5,1,185.8,99.8,19.5,3,1,0,94.2,26.1,0
30,30,13,305.9,4,122.5,4,69.0,6.22018014415,7,5,1,185.3,97.6,23.0,3,1,0,96.5,26.0,0
31,31,13,301.1,5,146.5,5,87.6,5.91263315023,7,5,1,181.3,100.9,18.9,4,1,0,118.7,27.8,0
32,32,13,309.6,5,146.2,4,71.0,5.57641553836,7,5,1,184.9,103.5,21.2,3,2,0,93.7,52.5,0
33,33,13,316.6,6,179.2,3,50.8,6.49276717903,7,5,1,196.1,99.2,21.3,5,1,0,152.3,26.9,0
34,34,13,319.9,6,182.8,4,70.4,6.37448841587,7,5,1,192.0,107.1,20.8,4,2,0,126.3,56.5,0
35,35,14,355.3,6,192.6,3,50.5,6.81177471187,8,5,1,228.9,107.7,18.7,5,1,0,163.5,29.1,0
36,36,14,345.0,8,234.3,4,67.7,6.17572347499,8,5,1,214.6,113.4,17.0,5,3,0,152.9,81.4,0
37,37,14,337.6,6,177.1,3,52.2,6.02390840962,8,5,1,206.0,113.3,18.3,4,2,0,122.6,54.5,0
38,38,14,345.2,8,232.3,3,51.0,6.17572347499,8,5,1,211.7,116.5,17.0,5,3,0,149.8,82.5,0
39,39,14,317.8,4,119.8,6,104.6,6.0202223317,8,5,1,193.4,107.4,17.0,3,1,0,94.1,25.7,0
40,40,14,335.3,4,134.3,5,86.4,7.09688447354,8,5,1,207.6,110.7,17.0,3,1,0,104.3,30.0,0
41,41,14,343.2,6,187.8,4,67.1,7.36946476951,8,5,1,210.1,116.1,17.0,4,2,0,133.7,54.1,0
42,42,14,339.2,6,195.2,7,122.5,8.30110544737,8,5,1,210.9,111.3,17.0,4,2,0,136.3,58.9,0
43,43,14,334.4,6,191.5,6,98.8,8.14331789712,8,5,1,214.0,106.1,14.3,5,1,0,161.8,29.7,0
44,44,14,337.7,6,190.5,6,103.5,7.81971655707,8,5,1,222.1,101.3,14.3,5,1,0,163.5,27.0,0
45,45,14,337.0,7,216.6,5,79.9,8.1904661811,8,5,1,225.2,97.5,14.3,6,1,0,190.2,26.4,0
46,46,14,330.9,6,189.6,6,95.3,8.40316855467,8,5,1,223.6,93.0,14.3,5,1,0,164.6,25.0,0
47,47,14,346.4,6,194.2,6,107.0,7.60755841614,8,5,1,221.6,110.4,14.4,5,1,0,164.4,29.8,0
48,48,14,330.5,5,161.1,7,126.0,7.16288127305,8,5,1,206.5,109.6,14.4,4,1,0,130.6,30.5,0
49,49,14,337.6,5,163.1,6,104.5,7.45673233681,8,5,1,210.3,112.9,14.4,4,1,0,131.3,31.8,0
50,50,14,336.5,5,166.2,5,82.3,7.85832308818,8,5,1,207.4,114.7,14.4,4,1,0,134.3,31.9,0
51,51,14,334.2,6,195.4,6,94.9,8.60468821868,8,5,1,209.3,110.5,14.4,4,2,0,137.2,58.2,0
52,52,14,344.3,7,220.9,5,81.8,8.13846179813,8,5,1,218.3,111.6,14.4,5,2,0,162.7,58.2,0
53,53,15,366.1,7,224.1,6,98.2,8.11246542292,9,5,1,240.9,110.8,14.4,5,2,0,164.1,60.0,0
54,54,15,362.0,7,224.0,7,113.6,8.44060480794,9,5,1,236.2,111.4,14.4,5,2,0,163.4,60.6,0
55,55,15,361.0,6,199.0,7,114.4,8.49316251604,9,5,1,236.6,110.0,14.4,4,2,0,137.4,61.6,0
56,56,15,364.8,7,223.5,7,117.5,8.22159178192,9,5,1,237.2,113.2,14.4,5,2,0,162.3,61.2,0
57,57,15,370.9,7,221.1,6,102.7,7.71737063538,9,5,1,243.0,113.5,14.4,5,2,0,161.4,59.7,0
58,58,15,364.3,7,220.4,6,100.9,7.81700222653,9,5,1,236.7,113.2,14.4,5,2,0,161.5,58.9,0
59,59,15,359.5,7,223.2,6,93.3,8.5379544779,9,5,1,237.0,108.1,14.4,5,2,0,162.4,60.8,0
60,60,15,355.7,7,223.1,6,89.6,8.68602051465,9,5,1,235.5,105.8,14.4,5,2,0,164.6,58.5,0
61,61,15,351.5,7,222.8,5,65.7,9.14593326228,9,5,1,232.2,104.9,14.4,5,2,0,165.2,57.6,0
62,62,15,342.9,7,221.7,7,99.6,9.3330289066,9,5,1,229.8,98.7,14.4,5,2,0,164.2,57.5,0
63,63,15,342.9,7,220.8,8,122.1,9.17222515455,9,5,1,225.7,102.8,14.4,5,2,0,163.6,57.2,0
64,64,15,341.3,7,219.6,7,101.1,9.19610683672,9,5,1,224.6,102.3,14.4,5,2,0,163.9,55.7,0
65,65,16,375.5,8,253.9,7,101.1,9.30453070642,10,5,1,258.6,102.5,14.4,6,2,0,197.9,56.0,0
66,66,16,370.5,8,253.3,8,117.2,9.44901890851,10,5,1,255.1,101.0,14.4,6,2,0,197.5,55.8,0
67,67,17,380.4,6,195.6,9,137.4,8.80493678369,11,5,1,273.4,92.6,14.4,6,0,0,195.6,0,0
68,68,18,400.6,6,190.6,9,137.8,8.24437221398,12,5,1,282.5,103.7,14.4,5,1,0,157.3,33.3,0
69,69,18,399.1,6,193.6,8,118.1,8.40257702456,12,5,1,279.8,104.9,14.4,5,1,0,162.8,30.8,0
70,70,18,412.8,8,249.5,8,118.3,8.49823511089,12,5,1,283.9,114.5,14.4,5,3,0,165.0,84.5,0
71,71,18,388.9,7,205.2,9,139.3,7.18883711632,12,5,1,258.8,115.7,14.4,4,3,0,119.5,85.7,0
72,72,18,377.9,5,147.2,9,141.7,6.4383476344,12,5,1,252.6,110.9,14.4,3,2,0,91.4,55.8,0
73,73,18,381.9,4,119.1,7,106.7,6.09476631796,12,5,1,255.2,112.3,14.4,3,1,0,90.1,29.0,0
74,74,18,397.7,6,183.4,9,147.9,6.91660170062,12,5,1,268.3,115.0,14.4,4,2,0,127.0,56.4,0
75,75,18,399.0,7,211.9,9,141.1,7.5371238078,12,5,1,270.6,114.0,14.4,5,2,0,156.6,55.3,0
76,76,18,406.6,8,240.8,9,143.9,7.9820304721,12,5,1,284.7,107.5,14.4,6,2,0,187.7,53.1,0
77,77,18,387.3,5,167.1,10,154.5,8.45863638016,12,5,1,268.8,104.1,14.4,3,2,0,110.1,57.0,0
78,78,18,396.1,5,167.5,10,160.2,8.26313373273,12,5,1,272.7,109.0,14.4,3,2,0,106.4,61.1,0
79,79,18,409.4,6,194.2,9,147.6,7.90236168885,12,5,1,277.8,117.2,14.4,4,2,0,133.4,60.8,0
80,80,18,419.3,6,193.3,5,72.1,7.53981371452,12,5,1,278.4,126.5,14.4,4,2,0,131.4,61.9,0
81,81,18,416.3,6,192.6,6,91.3,7.52023197042,12,5,1,272.8,129.1,14.4,4,2,0,129.4,63.2,0
82,82,18,400.7,6,188.3,8,126.7,7.73799935299,12,5,1,260.1,126.2,14.4,4,2,0,125.7,62.6,0
83,83,18,399.5,4,137.3,8,128.0,7.66807531816,12,5,1,267.8,117.3,14.4,3,1,0,104.6,32.7,0
84,84,18,415.1,6,192.1,6,92.1,7.68919324835,12,5,1,283.9,116.8,14.4,5,1,0,162.8,29.3,0
85,85,18,416.9,7,221.4,7,107.7,8.10135347362,12,5,1,286.4,116.3,14.2,5,2,0,165.7,55.7,0
86,86,18,413.3,7,219.2,6,87.9,8.13757724379,12,5,1,281.8,117.4,14.1,5,2,0,164.0,55.2,0
87,87,19,419.9,7,213.3,7,98.4,8.10932248163,13,5,1,291.6,114.5,13.8,5,2,0,161.5,51.8,0
88,88,20,456.5,8,250.5,8,120.3,8.36715854429,13,6,1,295.4,147.5,13.6,5,3,0,165.4,85.1,0
89,89,20,467.8,9,280.1,6,80.1,8.52055718465,13,6,1,301.5,152.9,13.4,6,3,0,193.0,87.1,0
90,90,20,457.8,9,269.8,7,99.1,8.13393799881,13,6,1,293.6,150.8,13.4,6,3,0,184.8,85.0,0
91,91,20,453.4,8,246.5,7,96.3,8.33098844202,13,6,1,295.0,145.0,13.4,6,2,0,185.9,60.6,0
92,92,20,480.4,9,284.6,6,85.9,8.20549238396,12,7,1,289.6,175.2,15.6,6,3,0,196.5,88.1,0
93,93,20,472.3,8,252.0,7,107.3,7.7283670911,12,7,1,283.9,172.8,15.6,6,2,0,189.7,62.3,0
94,94,20,467.6,7,226.5,7,107.4,7.77726781954,12,7,1,286.4,165.6,15.6,5,2,0,167.8,58.7,0
95,95,21,478.5,7,226.7,9,139.1,7.89754934865,14,6,1,313.4,149.5,15.6,5,2,0,167.1,59.6,0
96,96,20,457.8,7,221.6,8,122.9,7.60331645091,13,6,1,296.5,145.7,15.6,5,2,0,161.9,59.7,0
97,97,20,455.1,7,212.5,7,109.0,6.79957235497,13,6,1,292.2,147.3,15.6,5,2,0,152.3,60.2,0
98,98,20,447.4,7,209.8,8,127.4,6.62372927237,13,6,1,290.5,141.3,15.6,5,2,0,149.2,60.6,0
99,99,20,434.4,7,204.6,9,142.3,6.68065549888,13,6,1,291.1,127.7,15.6,5,2,0,144.5,60.1,0
100,100,20,437.1,7,206.8,9,141.0,6.83254402801,13,6,1,284.3,137.2,15.6,5,2,0,145.1,61.7,0
101,101,20,439.6,7,210.8,8,122.9,6.94403189418,13,6,1,290.5,133.5,15.6,5,2,0,149.2,61.6,0
102,102,20,443.0,7,211.7,8,124.3,6.92299752541,13,6,1,294.7,134.9,13.4,5,2,0,150.0,61.7,0
103,103,20,431.9,7,203.1,9,143.5,6.51019241368,13,6,1,289.3,129.2,13.4,5,2,0,143.0,60.1,0
104,104,20,435.5,7,205.4,9,142.9,6.66616555134,13,6,1,289.0,133.1,13.4,5,2,0,143.1,62.3,0
105,105,20,436.7,7,205.1,9,144.4,6.63398546561,13,6,1,290.0,133.3,13.4,5,2,0,142.5,62.6,0
106,106,20,434.0,6,177.9,8,122.7,6.56056801135,13,6,1,286.8,133.8,13.4,4,2,0,116.4,61.5,0
107,107,20,436.7,7,201.4,7,102.5,6.56002848197,13,6,1,288.3,135.0,13.4,5,2,0,139.5,61.9,0
108,108,21,443.2,5,149.8,9,135.6,6.59457930352,14,6,1,290.4,139.4,13.4,3,2,0,89.0,60.8,0
109,109,21,447.7,6,178.4,8,115.2,6.76170237792,14,6,1,296.6,137.7,13.4,4,2,0,118.1,60.3,0
110,110,21,471.3,6,196.3,9,140.1,7.55351384645,14,6,1,315.2,142.4,13.7,4,2,0,133.8,62.5,0
111,111,21,468.0,6,198.0,10,158.1,7.786802021,14,6,1,317.8,136.5,13.7,4,2,0,135.4,62.6,0
112,112,21,464.5,7,217.9,10,158.7,7.51429431468,14,6,1,310.6,140.2,13.7,4,3,0,130.4,87.5,0
113,113,21,461.1,6,195.7,10,155.7,7.75174634702,14,6,1,306.8,139.0,15.3,4,2,0,132.4,63.3,0
114,114,21,464.6,7,220.8,10,153.6,7.95090590825,14,6,1,306.9,142.4,15.3,4,3,0,134.8,86.0,0
115,115,21,459.8,6,195.5,11,171.9,7.97630717754,14,6,1,300.7,143.8,15.3,4,2,0,131.8,63.7,0
116,116,21,464.0,7,221.8,11,176.4,7.87765677029,14,6,1,307.1,141.6,15.3,4,3,0,132.4,89.4,0
117,117,21,465.4,7,221.7,11,176.6,7.77383278637,14,6,1,311.7,138.4,15.3,4,3,0,131.9,89.8,0
118,118,21,463.3,7,222.2,11,175.7,7.88330363429,14,6,1,308.6,139.4,15.3,4,3,0,131.4,90.8,0
119,119,21,451.2,8,245.6,12,185.2,8.17479575979,14,6,1,300.5,135.4,15.3,5,3,0,155.3,90.3,0
120,120,21,449.1,7,219.3,12,183.5,8.16322765297,14,6,1,297.3,136.5,15.3,4,3,0,130.0,89.3,0
121,121,21,459.5,8,246.0,13,213.5,7.9394344287,14,6,1,304.9,139.3,15.3,5,3,0,155.6,90.4,0
122,122,21,466.1,8,247.8,10,154.0,7.99584118092,14,6,1,308.6,142.2,15.3,5,3,0,156.3,91.5,0
123,123,21,464.5,8,250.1,11,170.2,8.18368004309,14,6,1,305.7,143.5,15.3,5,3,0,159.1,91.0,0
124,124,21,464.0,8,246.5,10,151.6,7.759798721,14,6,1,307.6,141.1,15.3,5,3,0,156.6,89.9,0
125,125,21,437.1,7,199.7,10,146.1,6.77268674267,14,6,1,285.6,138.4,13.1,4,3,0,117.7,82.0,0
126,126,21,428.5,6,167.4,10,146.1,6.20423050752,14,6,1,277.7,137.7,13.1,3,3,0,87.5,79.9,0
127,127,21,433.9,6,178.5,11,163.9,7.09545461479,14,6,1,280.4,135.6,17.9,4,2,0,125.4,53.1,0
128,128,21,427.6,5,151.6,12,185.0,6.83033499841,14,6,1,280.3,124.3,23.0,4,1,0,123.3,28.3,0
129,129,21,438.2,5,157.4,11,165.6,7.41123021727,14,6,1,287.8,131.5,18.9,4,1,0,127.8,29.6,0
130,130,21,445.0,7,206.3,11,167.4,7.28868333527,14,6,1,293.0,133.1,18.9,5,2,0,151.5,54.8,0
131,131,21,450.3,7,205.1,10,157.0,6.61691555247,14,6,1,293.5,137.9,18.9,4,3,0,121.7,83.4,0
132,132,21,478.5,8,241.5,8,125.4,6.93940096221,14,6,1,315.3,147.0,16.2,5,3,0,155.6,85.9,0
133,133,21,478.1,7,220.8,10,165.4,7.40468320277,14,6,1,324.4,137.5,16.2,5,2,0,163.9,56.9,0
134,134,21,468.9,9,267.1,11,177.3,7.40737084647,14,6,1,307.9,144.7,16.3,5,4,0,155.9,111.2,0
135,135,20,461.3,7,225.6,9,144.6,7.76654600463,13,6,1,306.7,138.3,16.3,5,2,0,166.3,59.3,0
136,136,20,464.5,7,217.5,8,133.4,6.80215716558,13,6,1,317.2,130.4,16.9,6,1,0,187.8,29.7,0
137,137,20,474.4,8,250.3,8,135.3,7.21654531724,13,6,1,315.5,137.0,21.9,6,2,0,189.9,60.4,0
138,138,20,477.3,8,244.3,7,119.4,6.6668287261,13,6,1,320.9,131.6,24.8,6,2,0,191.4,52.9,0
139,139,20,466.5,8,240.5,8,138.9,6.56144039065,13,6,1,313.4,131.4,21.7,6,2,0,185.5,55.0,0
140,140,21,483.9,10,289.7,8,129.9,6.67447162168,13,7,1,307.6,153.7,22.6,7,3,0,207.3,82.4,0
141,141,20,463.0,7,215.7,8,131.3,7.02323212443,13,6,1,309.4,133.5,20.1,5,2,0,156.6,59.1,0
142,142,20,466.4,8,241.8,8,133.6,7.05934244739,13,6,1,313.2,133.1,20.1,5,3,0,159.4,82.4,0
143,143,20,479.6,9,270.7,6,99.0,6.97300056232,13,6,1,318.7,140.8,20.1,7,2,0,212.4,58.3,0
144,144,20,472.9,8,248.1,7,116.8,7.13689266012,13,6,1,312.2,140.6,20.1,6,2,0,187.4,60.7,0
145,145,20,476.1,8,248.7,8,134.8,7.15361336742,13,6,1,310.8,145.2,20.1,6,2,0,186.4,62.3,0
146,146,20,472.7,9,277.3,9,148.1,7.53037882601,13,6,1,313.6,144.4,14.7,6,3,0,187.8,89.5,0
147,147,20,475.6,8,249.6,9,155.4,7.06992146163,13,6,1,312.3,143.3,20.0,6,2,0,186.4,63.2,0
148,148,21,481.8,9,274.8,9,140.8,7.62892990062,14,6,1,321.3,139.0,21.5,7,2,0,212.5,62.3,0
149,149,21,478.8,7,212.9,7,114.0,6.34082013623,14,6,1,316.5,141.4,20.9,5,2,0,152.5,60.4,0
150,150,21,476.3,7,208.8,10,175.9,6.05100149129,14,6,1,309.2,144.3,22.8,4,3,0,124.2,84.6,0
151,151,21,470.3,8,234.1,10,172.2,6.14641978639,14,6,1,311.6,137.9,20.8,5,3,0,148.9,85.2,0
152,152,21,474.4,8,236.9,10,171.2,6.31291571003,14,6,1,314.4,137.0,23.0,5,3,0,150.4,86.5,0
153,153,21,467.3,8,237.0,10,165.9,6.58419463926,14,6,1,303.1,141.1,23.1,5,3,0,150.3,86.7,0
154,154,22,480.7,8,234.1,11,179.6,6.49628098735,14,7,1,297.2,160.8,22.7,5,3,0,147.0,87.1,0
155,155,22,479.9,6,183.1,9,140.7,6.61501146056,14,7,1,307.1,148.7,24.1,4,2,0,123.1,60.0,0
156,156,22,497.4,9,266.6,8,124.3,6.90871837683,14,7,1,320.8,153.9,22.7,6,3,0,178.8,87.8,0
157,157,22,519.9,9,277.8,8,131.0,7.19526208951,14,7,1,334.1,163.1,22.7,6,3,0,191.9,85.9,0
158,158,22,507.5,8,247.7,9,145.7,7.22142225562,14,7,1,327.3,162.9,17.3,6,2,0,184.7,63.0,0
159,159,21,486.6,8,243.7,9,149.7,6.98878693746,14,6,1,322.3,145.9,18.4,5,3,0,156.0,87.7,0
160,160,21,481.9,8,242.6,9,148.7,7.07422215142,14,6,1,317.5,146.0,18.4,5,3,0,154.4,88.2,0
161,161,21,483.6,8,243.3,9,147.7,6.96851080627,14,6,1,322.8,142.4,18.4,5,3,0,152.0,91.3,0
162,162,21,478.8,9,271.5,9,139.3,7.34908157527,14,6,1,322.2,140.3,16.3,6,3,0,177.1,94.4,0
163,163,21,463.8,7,208.8,10,162.1,6.50217546013,14,6,1,308.1,136.5,19.2,4,3,0,118.2,90.6,0
164,164,21,467.9,9,266.2,10,157.5,7.07005085184,14,6,1,307.5,139.4,21.0,6,3,0,172.7,93.5,0
165,165,21,457.8,9,271.6,12,186.2,7.72321176713,14,6,1,298.5,140.8,18.5,6,3,0,176.7,94.9,0
166,166,21,463.7,10,290.7,10,149.4,7.50890265269,14,6,1,306.1,139.1,18.5,7,3,0,197.5,93.2,0
167,167,21,458.8,10,288.1,10,149.9,7.25869265416,14,6,1,302.8,137.5,18.5,7,3,0,196.5,91.6,0
168,168,21,445.3,9,252.6,10,147.8,6.74851659185,14,6,1,293.7,135.2,16.4,6,3,0,163.3,89.3,0
169,169,21,457.3,8,239.3,10,148.7,7.46538041642,14,6,1,302.1,136.9,18.3,5,3,0,145.1,94.2,0
170,170,21,470.0,9,269.5,9,136.9,7.63528775146,14,6,1,316.4,132.5,21.1,6,3,0,181.2,88.3,0
171,171,21,484.4,7,218.7,9,149.2,6.90509473746,14,6,1,324.9,140.4,19.1,5,2,0,159.1,59.6,0
172,172,21,490.3,9,279.2,10,166.3,7.46978038818,14,6,1,320.5,150.7,19.1,6,3,0,185.9,93.3,0
173,173,21,512.9,10,311.4,7,112.6,7.51205063627,14,6,1,341.9,151.9,19.1,6,4,0,197.7,113.7,0
174,174,21,500.1,9,270.0,6,97.8,6.5629479439,14,6,1,328.3,152.7,19.1,6,3,0,179.7,90.3,0
175,175,21,488.9,7,215.3,7,119.4,6.39723526593,14,6,1,328.0,141.8,19.1,5,2,0,156.6,58.7,0
176,176,21,495.3,8,242.2,8,137.6,6.33634640106,14,6,1,331.7,147.0,16.6,5,3,0,156.5,85.7,0
177,177,21,481.0,7,197.7,5,80.0,5.23158448183,14,6,1,312.6,149.8,18.6,4,3,0,109.7,88.0,0
178,178,21,464.8,7,197.1,8,131.2,5.57748449871,14,6,1,297.9,147.9,19.0,4,3,0,110.2,86.9,0
179,179,21,474.5,7,204.3,7,113.5,6.08099302668,14,6,1,313.8,141.7,19.0,5,2,0,143.4,60.9,0
180,180,21,474.8,6,189.7,10,171.9,6.78482901494,14,6,1,306.0,149.8,19.0,3,3,0,101.7,88.0,0
181,181,21,480.1,6,191.6,8,131.3,6.85029022673,14,6,1,316.6,148.1,15.4,3,3,0,100.1,91.5,0
182,182,21,474.7,7,222.2,9,141.8,7.63364108342,14,6,1,319.9,139.4,15.4,4,3,0,131.0,91.2,0
183,183,21,474.8,8,250.7,10,158.2,7.86644168363,14,6,1,320.9,138.5,15.4,5,3,0,160.4,90.3,0
184,184,21,482.8,8,251.0,9,141.0,7.79524885824,14,6,1,330.5,136.9,15.4,5,3,0,159.6,91.4,0
185,185,21,479.7,7,224.0,9,142.4,7.71845654445,14,6,1,327.3,137.0,15.4,4,3,0,133.8,90.2,0
186,186,21,487.3,9,278.4,10,165.9,7.62544924516,14,6,1,329.0,144.5,13.8,6,3,0,186.3,92.1,0
187,187,21,484.1,8,251.9,11,185.0,7.5232718313,14,6,1,327.2,143.1,13.8,5,3,0,161.8,90.1,0
188,188,21,492.2,8,253.9,10,168.3,7.52153416468,14,6,1,331.9,146.5,13.8,5,3,0,163.2,90.7,0
189,189,21,505.6,9,280.5,8,132.4,7.44640213539,14,6,1,341.3,150.5,13.8,6,3,0,189.6,90.9,0
190,190,21,484.6,7,221.4,9,147.5,7.25602541078,14,6,1,326.5,144.3,13.8,5,2,0,157.3,64.1,0
191,191,21,487.8,8,239.8,8,134.1,6.37457001351,14,6,1,327.0,147.0,13.8,5,3,0,156.0,83.8,0
192,192,21,475.5,7,207.0,7,111.7,6.15358199983,14,6,1,323.9,137.1,14.5,5,2,0,149.9,57.1,0
193,193,21,479.9,8,232.8,7,112.6,6.18284878091,14,6,1,334.3,131.1,14.5,6,2,0,180.7,52.1,0
194,194,21,483.1,7,206.2,5,77.7,5.88960747338,14,6,1,334.3,134.3,14.5,5,2,0,153.4,52.8,0
195,195,21,483.3,9,260.1,7,113.3,6.14729905847,14,6,1,327.9,140.9,14.5,6,3,0,175.9,84.2,0
196,196,21,486.5,7,212.4,9,159.2,6.10412428882,14,6,1,327.4,144.6,14.5,4,3,0,125.3,87.1,0
197,197,21,489.4,7,207.7,7,119.3,5.82627464084,14,6,1,333.4,140.0,16.0,4,3,0,119.7,88.0,0
198,198,21,494.1,8,229.7,6,108.5,5.10285634299,14,6,1,331.2,143.3,19.6,5,3,0,143.8,85.9,0
199,199,21,488.7,6,177.5,6,110.7,4.9957124474,14,6,1,326.1,143.0,19.6,3,3,0,92.7,84.8,0
200,200,21,489.9,6,176.9,6,109.2,4.99691333296,14,6,1,331.3,139.0,19.6,3,3,0,95.2,81.7,0
201,201,21,500.4,8,234.4,6,106.1,5.39677152167,14,6,1,343.6,137.3,19.5,6,2,0,177.6,56.8,0
202,202,21,479.6,8,234.8,9,157.1,6.03493796078,14,6,1,329.4,129.0,21.2,6,2,0,177.2,57.6,0
203,203,21,497.2,7,210.5,5,86.4,5.55165783905,14,6,1,340.4,135.6,21.2,5,2,0,151.6,58.9,0
204,204,21,492.9,8,237.1,8,144.9,5.61837546424,14,6,1,332.2,139.5,21.2,6,2,0,177.2,59.9,0
205,205,21,488.0,7,212.2,7,121.0,5.81854588282,14,6,1,332.4,139.4,16.2,5,2,0,153.2,59.0,0
206,206,21,504.9,7,221.5,5,85.1,6.30496403071,14,6,1,339.3,149.4,16.2,5,2,0,157.7,63.8,0
207,207,21,484.6,6,186.8,7,124.0,5.9611160668,14,6,1,328.4,139.6,16.6,5,1,0,152.9,33.9,0
208,208,21,485.3,5,167.1,8,142.2,6.46110708485,14,6,1,328.4,137.9,19.0,4,1,0,130.5,36.6,0
209,209,21,480.5,9,261.6,10,176.9,6.08503237852,14,6,1,318.2,143.3,19.0,6,3,0,174.0,87.6,0
210,210,21,489.7,8,241.7,8,141.2,6.19601638536,14,6,1,327.0,143.7,19.0,6,2,0,179.0,62.7,0
211,211,22,497.9,8,236.4,11,194.7,5.97609415076,14,7,1,316.9,162.0,19.0,5,3,0,152.4,84.0,0
212,212,22,490.7,8,236.8,10,166.1,6.34706360849,14,7,1,313.8,157.9,19.0,5,3,0,149.6,87.2,0
213,213,22,499.1,7,213.4,9,155.4,6.18056057363,14,7,1,323.0,157.1,19.0,5,2,0,149.3,64.1,0
214,214,22,484.7,7,206.8,9,149.1,6.14006253758,14,7,1,308.8,156.9,19.0,5,2,0,145.4,61.4,0
215,215,22,473.8,7,208.1,12,201.4,6.32421991836,14,7,1,302.6,152.2,19.0,5,2,0,148.2,59.9,0
216,216,22,482.3,7,213.7,10,161.4,6.70976061018,14,7,1,305.8,157.5,19.0,4,3,0,128.3,85.4,0
217,217,22,491.3,7,212.5,10,166.9,6.44355612875,14,7,1,309.5,162.8,19.0,4,3,0,126.5,86.0,0
218,218,22,489.3,8,240.0,10,161.8,6.91738039399,14,7,1,308.5,161.8,19.0,4,4,0,130.8,109.2,0
219,219,22,485.3,7,207.2,10,165.2,6.21615859721,14,7,1,302.3,164.0,19.0,4,3,0,119.9,87.3,0
220,220,22,498.8,8,248.1,11,184.9,7.03989866121,14,7,1,317.9,168.3,12.6,5,3,0,154.8,93.3,0
221,221,22,506.5,8,237.4,7,109.0,6.41545246285,14,7,1,321.1,172.8,12.6,5,3,0,142.6,94.8,0
222,222,22,503.5,9,259.6,7,108.1,6.30753860789,14,7,1,318.9,172.0,12.6,5,4,0,141.3,118.3,0
223,223,22,481.8,8,230.2,10,161.1,6.31950872111,14,7,1,307.9,161.3,12.6,5,3,0,141.5,88.7,0
224,224,22,494.2,10,286.4,9,145.5,6.53806039787,14,7,1,315.5,166.1,12.6,7,3,0,195.4,91.0,0
225,225,22,488.3,7,209.7,8,124.5,6.61394466784,14,7,1,311.3,164.4,12.6,4,3,0,119.7,90.0,0
226,226,22,500.9,8,244.3,9,146.1,6.90792411542,14,7,1,326.2,162.1,12.6,6,2,0,181.3,63.0,0
227,227,22,495.9,9,274.6,11,180.0,7.37935724978,14,7,1,316.8,166.5,12.6,6,3,0,182.6,92.0,0
228,228,22,503.1,9,276.1,9,139.1,7.3325358677,14,7,1,326.5,164.0,12.6,6,3,0,183.5,92.6,0
229,229,22,513.6,10,303.1,9,146.2,7.07165551256,14,7,1,333.5,167.2,12.9,7,3,0,211.3,91.8,0
230,230,22,515.5,10,303.6,9,144.2,7.1690728871,14,7,1,336.9,165.7,12.9,7,3,0,210.6,93.0,0
231,231,22,508.1,9,268.4,9,148.0,6.69694153879,14,7,1,323.6,168.1,16.4,7,2,0,203.7,64.7,0
232,232,22,509.2,9,268.0,8,132.5,6.52115438749,14,7,1,329.0,163.8,16.4,6,3,0,182.6,85.4,0
233,233,22,500.8,7,203.9,6,99.2,5.13257991885,14,7,1,318.9,165.5,16.4,4,3,0,117.7,86.2,0
234,234,22,508.8,9,260.6,7,119.0,5.72922182185,14,7,1,328.8,163.6,16.4,6,3,0,176.5,84.1,0
235,235,22,518.5,10,296.3,8,135.0,6.32706855793,14,7,1,343.3,158.8,16.4,7,3,0,209.7,86.6,0
236,236,22,521.4,9,266.4,7,119.0,5.96920669532,14,7,1,337.7,167.3,16.4,6,3,0,175.9,90.5,0
237,237,21,511.6,8,248.5,6,100.7,6.44030093943,14,6,1,338.5,156.7,16.4,4,4,0,132.0,116.5,0
238,238,22,516.9,9,264.5,8,138.0,5.87314122755,14,7,1,331.6,168.9,16.4,6,3,0,178.7,85.8,0
239,239,22,513.6,8,235.2,8,138.1,5.63828133833,14,7,1,331.8,165.4,16.4,6,2,0,174.7,60.5,0
240,240,22,478.5,6,179.2,11,189.1,5.76836611347,14,7,1,306.2,155.9,16.4,4,2,0,118.5,60.7,0
241,241,22,478.4,7,203.8,11,185.7,5.92562853992,14,7,1,301.7,160.3,16.4,4,3,0,117.6,86.2,0
242,242,22,477.5,8,230.1,13,226.2,5.83099087167,14,7,1,296.2,164.9,16.4,4,4,0,116.8,113.3,0
243,243,22,477.9,8,231.4,11,183.2,6.09081524125,14,7,1,296.8,169.6,11.5,4,4,0,117.9,113.5,0
244,244,22,492.5,7,211.8,10,172.2,6.15299349945,14,7,1,313.7,167.3,11.5,4,3,0,121.0,90.8,0
245,245,22,488.1,7,208.3,9,148.8,6.07220799683,14,7,1,313.8,162.8,11.5,4,3,0,117.1,91.2,0
246,246,22,481.1,8,231.6,10,161.5,6.16722414703,14,7,1,308.8,160.8,11.5,5,3,0,144.8,86.8,0
247,247,22,465.0,8,232.4,13,212.1,6.70554464636,14,7,1,299.7,153.8,11.5,5,3,0,147.0,85.4,0
248,248,21,468.6,6,186.7,10,165.3,6.8639118376,14,6,1,307.9,149.2,11.5,3,3,0,95.3,91.4,0
249,249,21,451.0,7,204.4,11,178.1,6.63165927667,14,6,1,297.7,141.8,11.5,3,4,0,92.8,111.6,0
250,250,21,444.5,6,180.6,11,176.8,6.63651514979,14,6,1,298.0,135.0,11.5,3,3,0,96.5,84.1,0
251,251,21,440.1,7,207.3,13,208.6,7.01972730443,14,6,1,293.4,135.2,11.5,4,3,0,123.0,84.3,0
252,252,21,434.0,6,178.8,13,209.1,6.77947883936,14,6,1,289.6,132.9,11.5,3,3,0,97.7,81.1,0
253,253,21,448.1,6,186.9,12,194.8,7.12351571841,14,6,1,298.4,138.2,11.5,3,3,0,101.9,85.0,0
254,254,21,451.3,6,188.7,11,177.4,7.16351204102,14,6,1,300.5,139.3,11.5,3,3,0,102.3,86.4,0
255,255,21,449.0,7,210.6,11,176.2,7.04830611194,14,6,1,301.8,135.7,11.5,4,3,0,127.9,82.7,0
256,256,21,442.4,7,207.2,12,191.5,6.99473611606,14,6,1,297.4,133.5,11.5,4,3,0,127.1,80.1,0
257,257,21,435.7,6,179.8,12,190.2,6.8032065269,14,6,1,291.1,133.1,11.5,3,3,0,98.4,81.4,0
258,258,22,464.4,5,165.4,11,164.6,7.81341392923,14,7,1,292.5,160.4,11.5,3,2,0,99.7,65.7,0
259,259,21,472.4,7,222.4,9,140.3,8.06817675751,14,6,1,320.9,140.0,11.5,5,2,0,155.2,67.2,0
260,260,21,495.2,8,261.0,9,143.2,8.47269845136,14,6,1,325.6,158.1,11.5,5,3,0,163.1,97.9,0
261,261,5,166.4,5,166.4,0,0,1.55306149267,1,4,0,32.2,134.2,0,1,4,0,32.2,134.2,0
262,262,11,315.7,10,291.2,0,0,3.06169887481,4,7,0,113.4,202.3,0,3,7,0,88.9,202.3,0
263,263,14,395.8,10,303.0,0,0,4.39832635502,6,7,1,161.1,208.0,26.7,2,7,1,68.3,208.0,26.7
264,264,15,418.0,11,336.5,3,56.6,5.78108574413,7,7,1,184.0,203.7,30.3,4,6,1,121.1,185.1,30.3
265,265,16,414.7,8,245.6,2,34.6,5.70978327084,8,7,1,191.4,194.8,28.5,3,4,1,88.5,128.6,28.5
266,266,17,432.5,9,264.9,4,73.9,5.47506379227,9,7,1,211.8,194.5,26.2,4,4,1,114.5,124.2,26.2
267,267,17,416.8,8,239.0,5,87.7,6.20566629119,9,7,1,200.1,184.9,31.8,3,4,1,85.9,121.3,31.8
268,268,17,429.6,8,247.2,5,91.8,6.32087461372,9,7,1,208.0,191.4,30.2,3,4,1,90.3,126.7,30.2
269,269,17,418.0,6,187.9,4,73.7,5.77579890069,9,7,1,207.4,186.3,24.3,2,4,0,61.8,126.1,0
270,270,18,444.6,10,284.1,3,52.3,5.04823789875,10,7,1,230.0,186.7,27.9,4,5,1,107.6,148.6,27.9
271,271,18,442.4,9,260.8,4,73.2,5.56972441557,10,7,1,224.7,189.6,28.1,3,5,1,81.6,151.1,28.1
272,272,19,478.4,8,250.2,3,51.1,6.02896517262,11,7,1,241.8,206.5,30.1,2,5,1,58.2,161.9,30.1
273,273,19,498.6,11,332.0,3,51.0,5.75686216513,11,7,1,254.3,215.4,28.9,4,6,1,109.0,194.1,28.9
274,274,19,501.9,11,337.4,2,32.2,5.80366389619,11,7,1,261.6,210.6,29.7,4,6,1,118.1,189.6,29.7
275,275,19,494.8,11,336.8,5,88.1,6.1354449073,11,7,1,258.6,205.0,31.2,4,6,1,118.2,187.4,31.2
276,276,19,499.8,11,341.1,4,72.6,6.42706721471,11,7,1,258.9,212.0,28.9,4,6,1,120.4,191.8,28.9
277,277,19,514.7,12,374.4,2,31.7,6.66040495406,11,7,1,268.7,218.3,27.7,5,6,1,148.5,198.2,27.7
278,278,20,537.1,12,372.7,3,52.0,6.33947324725,12,7,1,288.5,219.1,29.5,5,6,1,143.3,199.9,29.5
