,e_id,num_sat,sum_snr,num_sat_25,sum_snr_25,num_sat_u20,sum_sat_u20,snr_std,elev_0_30,elev_30_60,elev_60_90,sum_elev_0_30,sum_elev_30_60,sum_elev_60_90,elev_0_30_25,elev_30_60_25,elev_60_90_25,sum_elev_0_30_25,sum_elev_30_60_25,sum_elev_60_90_25
1,1,16,411.2,9,284.1,5,81.6,7.85434062584,10,4,2,262.0,99.3,49.9,6,2,1,194.9,57.6,31.6
2,2,16,401.1,8,241.7,2,26.0,6.77364685134,10,4,2,256.8,98.0,46.3,7,1,0,208.9,32.8,0
3,3,17,439.8,11,327.7,4,67.0,6.6901760726,11,4,2,298.0,103.1,38.7,9,2,0,269.7,58.0,0
4,4,18,447.9,8,252.8,5,77.1,7.8623638116,12,4,2,309.6,94.8,43.5,6,2,0,199.0,53.8,0
5,5,18,443.7,10,302.3,4,56.9,7.57885991737,12,4,2,309.9,91.9,41.9,8,2,0,248.2,54.1,0
6,6,19,489.2,12,368.2,5,76.5,7.83626671467,12,5,2,323.1,121.6,44.5,9,3,0,281.3,86.9,0
7,7,20,509.9,13,396.9,5,71.3,7.97769753091,12,6,2,325.4,138.3,46.2,9,3,1,283.5,88.1,25.3
8,8,20,520.9,13,404.9,5,72.5,8.22412849326,12,6,2,331.1,141.3,48.5,9,3,1,289.0,88.3,27.6
9,9,20,498.3,10,313.4,6,91.7,8.05221610555,12,6,2,314.2,137.5,46.6,7,2,1,224.9,62.8,25.7
10,10,21,504.6,8,260.9,7,110.1,8.15911409757,13,6,2,324.6,135.5,44.5,6,2,0,196.1,64.8,0
11,11,21,513.4,9,284.2,6,91.8,7.78367644803,13,6,2,327.8,141.1,44.5,6,3,0,197.6,86.6,0
12,12,21,526.6,11,349.9,7,107.4,8.53667996131,13,6,2,353.0,137.9,35.7,8,3,0,267.1,82.8,0
13,13,21,510.3,10,314.9,7,111.3,8.07985148378,13,6,2,345.3,124.0,41.0,8,2,0,261.9,53.0,0
14,14,21,504.8,9,282.7,8,129.3,8.00440354995,13,6,2,337.7,127.1,40.0,7,2,0,228.9,53.8,0
15,15,21,518.2,10,320.4,8,128.9,8.50528687123,13,6,2,343.1,130.9,44.2,7,2,1,237.9,57.1,25.4
16,16,21,516.8,9,291.6,6,93.6,8.20858725737,13,6,2,341.7,131.2,43.9,7,2,0,240.2,51.4,0
17,17,21,521.7,11,341.0,6,96.1,7.95013027746,13,6,2,338.0,137.2,46.5,7,3,1,234.6,81.3,25.1
18,18,21,499.3,10,300.3,8,131.5,7.30492332348,13,6,2,331.2,129.3,38.8,8,2,0,245.7,54.6,0
19,19,21,511.4,11,331.1,8,135.5,7.37310104689,13,6,2,330.3,134.4,46.7,7,3,1,223.4,80.5,27.2
20,20,20,493.3,10,309.1,7,116.3,7.80716775925,12,6,2,306.3,141.8,45.2,7,2,1,222.0,61.4,25.7
21,21,20,476.1,9,274.4,8,132.4,7.60570942053,12,6,2,296.0,134.9,45.2,6,2,1,190.5,58.2,25.7
22,22,20,473.0,8,253.6,8,130.0,8.19296874412,12,6,2,298.6,133.9,40.5,6,2,0,194.0,59.6,0
23,23,20,484.4,9,284.8,8,131.5,8.20933999527,12,6,2,299.2,140.0,45.2,5,3,1,170.7,88.5,25.6
24,24,21,519.9,10,322.3,8,126.9,8.82057659275,13,6,2,332.2,142.4,45.3,6,3,1,207.1,89.5,25.7
25,25,21,509.6,10,309.8,7,108.1,8.1723517627,13,6,2,326.3,141.3,42.0,7,3,0,220.7,89.1,0
26,26,21,489.8,8,248.4,7,107.0,7.71433112861,13,6,2,321.3,129.2,39.3,7,1,0,215.5,32.9,0
27,27,21,481.9,7,215.2,8,127.8,6.82206853144,13,6,2,317.9,121.5,42.5,6,1,0,188.9,26.3,0
28,28,21,491.3,7,220.2,6,89.4,7.01123927637,13,6,2,315.3,131.6,44.4,6,1,0,187.0,33.2,0
29,29,21,494.5,9,272.6,7,106.5,7.65804276872,13,6,2,318.4,132.4,43.7,7,2,0,212.6,60.0,0
30,30,21,479.6,7,219.9,7,106.3,7.44469449947,13,6,2,308.1,131.0,40.5,5,2,0,160.2,59.7,0
31,31,21,471.1,8,242.3,10,162.6,7.50155539427,13,6,2,302.5,127.8,40.8,6,2,0,183.6,58.7,0
32,32,21,476.0,9,275.6,10,155.9,7.71811721428,13,6,2,310.7,124.8,40.5,7,2,0,217.5,58.1,0
33,33,21,492.7,11,325.2,8,122.5,7.40584068087,13,6,2,314.8,134.7,43.2,7,3,1,212.7,86.5,26.0
34,34,22,503.3,10,300.1,9,135.3,7.6006222689,13,7,2,312.9,148.9,41.5,7,3,0,212.0,88.1,0
35,35,22,536.9,11,352.9,8,116.1,9.12612561995,13,7,2,331.5,160.9,44.5,7,3,1,229.7,96.2,27.0
36,36,22,543.1,12,387.1,8,112.9,9.78114295856,13,7,2,328.4,167.2,47.5,8,3,1,257.2,104.0,25.9
37,37,22,541.0,11,357.1,8,118.3,9.35220417569,13,7,2,323.9,161.4,55.7,7,2,2,226.9,74.5,55.7
38,38,21,490.0,8,261.1,9,139.1,8.83042090352,12,7,2,293.5,156.9,39.6,6,2,0,190.4,70.7,0
39,39,21,495.9,9,288.5,9,139.8,8.77019302606,12,7,2,297.0,158.8,40.1,7,2,0,215.4,73.1,0
40,40,21,498.0,9,289.9,9,138.4,8.92834171133,12,7,2,300.2,159.3,38.5,7,2,0,216.5,73.4,0
41,41,22,541.3,10,319.2,7,113.3,8.00449143399,13,7,2,328.3,172.0,41.0,7,3,0,222.0,97.2,0
42,42,22,532.1,10,315.9,8,128.6,8.04731812496,13,7,2,319.8,170.0,42.3,7,3,0,216.4,99.5,0
43,43,23,551.1,10,316.5,9,143.7,8.1815057033,13,8,2,325.8,179.4,45.9,7,3,0,218.5,98.0,0
44,44,23,557.7,9,301.6,8,123.0,8.65935487652,13,8,2,331.5,181.7,44.5,7,2,0,228.7,72.9,0
45,45,21,520.8,10,324.8,8,128.7,8.76493011952,11,8,2,287.6,185.9,47.3,7,2,1,227.0,72.8,25.0
46,46,22,541.5,10,317.1,6,89.9,8.0458386437,12,8,2,312.0,182.6,46.9,8,2,0,251.1,66.0,0
47,47,22,546.5,10,321.1,6,91.3,7.96292953336,12,8,2,321.8,177.9,46.8,7,3,0,233.3,87.8,0
48,48,21,543.1,11,342.5,5,86.9,6.79724033638,11,8,2,310.7,183.9,48.5,7,3,1,226.9,89.7,25.9
49,49,21,536.2,11,345.6,6,101.5,7.50248847605,11,8,2,307.3,180.5,48.4,7,3,1,227.4,92.4,25.8
50,50,21,532.2,11,345.8,7,121.2,7.5255944236,11,8,2,302.7,181.8,47.7,7,3,1,225.9,94.8,25.1
51,51,21,550.0,11,355.1,5,83.5,7.54962944534,11,8,2,319.7,181.0,49.3,7,3,1,234.4,94.0,26.7
52,52,21,539.0,12,379.1,6,93.9,8.13930791489,11,8,2,322.2,175.0,41.8,8,3,1,260.1,92.3,26.7
53,53,21,534.8,12,374.8,6,93.9,7.90318501196,11,8,2,314.6,178.4,41.8,7,4,1,229.9,118.2,26.7
54,54,21,518.8,9,285.8,7,118.4,7.51455096399,11,8,2,306.1,177.5,35.2,7,2,0,220.7,65.1,0
55,55,20,493.9,9,285.3,7,118.1,7.66444113388,11,7,2,289.7,161.5,42.7,6,3,0,192.4,92.9,0
56,56,20,511.8,11,350.2,6,96.7,7.86349995733,11,7,2,301.4,164.5,45.9,7,3,1,226.2,96.5,27.5
57,57,20,503.6,10,307.8,5,81.6,7.05188291392,11,7,2,299.1,160.1,44.4,7,3,0,218.0,89.8,0
58,58,20,502.2,9,288.8,7,121.1,7.49918592073,11,7,2,297.0,165.9,39.3,6,3,0,192.7,96.1,0
59,59,20,518.6,12,373.1,6,102.5,7.368503383,11,7,2,309.4,164.2,45.0,8,3,1,252.5,94.7,25.9
60,60,20,540.7,12,398.1,6,100.2,8.90099196128,11,7,2,329.1,167.0,44.6,8,3,1,271.3,99.0,27.8
61,61,18,509.1,10,364.8,5,77.5,10.8362273661,9,7,2,300.9,161.9,46.3,6,3,1,237.4,97.9,29.5
62,62,19,534.6,12,411.4,5,80.9,9.5909801681,10,7,2,328.2,163.2,43.2,8,3,1,293.0,92.0,26.4
63,63,20,561.6,12,424.1,8,137.5,10.0381692606,11,7,2,351.9,163.6,46.1,8,3,1,297.7,97.1,29.3
64,64,21,580.5,12,424.7,9,155.8,10.1120508023,12,7,2,368.2,168.6,43.7,8,3,1,297.3,98.3,29.1
65,65,21,575.0,12,420.6,8,134.1,10.1165023129,12,7,2,365.7,166.4,42.9,8,3,1,295.4,96.9,28.3
66,66,21,570.4,12,415.4,8,134.7,9.84608938566,12,7,2,361.6,165.7,43.1,8,3,1,290.9,96.0,28.5
67,67,21,578.9,13,445.8,8,133.1,9.79261626601,12,7,2,369.3,164.7,44.9,9,3,1,317.6,100.1,28.1
68,68,21,576.0,12,419.9,8,132.6,9.89970418028,12,7,2,361.6,168.8,45.6,8,3,1,290.3,100.8,28.8
69,69,21,576.0,12,418.9,8,133.8,9.82645118327,12,7,2,360.8,170.2,45.0,8,3,1,287.7,103.0,28.2
70,70,21,591.0,14,472.9,6,96.4,9.54225190553,12,7,2,362.1,174.6,54.3,9,3,2,312.3,106.3,54.3
71,71,21,587.4,13,445.9,6,96.5,9.59104493041,12,7,2,360.0,176.1,51.3,9,3,1,310.1,108.2,27.6
72,72,21,592.3,14,475.8,7,116.5,9.5358521481,12,7,2,365.1,172.9,54.3,9,3,2,315.1,106.4,54.3
73,73,21,587.9,13,441.9,5,78.3,9.16277666379,12,7,2,360.6,176.1,51.2,9,3,1,307.5,107.7,26.7
74,74,21,550.0,10,340.6,6,96.3,8.62345086157,12,7,2,339.5,166.9,43.6,7,3,0,239.1,101.5,0
75,75,21,571.4,12,406.7,6,95.0,9.20602545955,12,7,2,351.7,170.7,49.0,8,3,1,275.1,106.6,25.0
76,76,21,572.1,13,434.1,6,93.6,9.28797994338,12,7,2,347.6,172.0,52.5,8,3,2,275.5,106.1,52.5
77,77,21,578.6,13,439.6,6,93.5,9.42855339104,12,7,2,350.4,175.1,53.1,8,3,2,279.9,106.6,53.1
78,78,21,581.9,12,417.2,6,93.5,9.4851412621,12,7,2,349.4,178.0,54.5,7,3,2,254.6,108.1,54.5
79,79,20,564.3,13,440.3,5,79.1,9.21630563044,12,6,2,352.5,155.7,56.1,8,3,2,277.0,107.2,56.1
80,80,20,569.9,14,469.4,5,80.4,9.12627640676,12,6,2,357.7,156.7,55.5,9,3,2,307.5,106.4,55.5
81,81,21,596.2,14,468.4,5,83.1,8.68693874515,12,7,2,364.6,177.0,54.6,9,3,2,308.1,105.7,54.6
82,82,21,596.6,14,472.1,5,81.6,8.92114929602,12,7,2,365.3,174.7,56.6,9,3,2,310.1,105.4,56.6
83,83,21,584.1,14,463.2,6,98.1,9.11818434307,12,7,2,359.3,170.5,54.3,9,3,2,303.0,105.9,54.3
84,84,21,585.6,13,439.3,6,98.1,9.11533245221,12,7,2,352.1,174.6,58.9,8,3,2,275.4,105.0,58.9
85,85,21,592.8,14,468.3,5,80.5,9.03394392595,12,7,2,354.7,178.9,59.2,8,4,2,277.6,131.5,59.2
86,86,20,582.8,14,481.9,5,78.6,9.86164286516,11,7,2,347.8,176.5,58.5,8,4,2,293.9,129.5,58.5
87,87,21,594.3,13,455.7,7,116.7,10.3298112277,12,7,2,361.7,174.4,58.2,7,4,2,269.7,127.8,58.2
88,88,21,597.2,13,451.6,6,98.9,9.83531779814,12,7,2,363.4,174.2,59.6,8,3,2,287.5,104.5,59.6
89,89,21,578.4,13,435.9,6,98.2,9.60086305644,12,7,2,352.2,174.0,52.2,8,3,2,277.9,105.8,52.2
90,90,21,593.5,14,474.4,6,95.9,9.57645425982,12,7,2,358.1,177.1,58.3,8,4,2,284.0,132.1,58.3
91,91,21,582.8,12,422.3,7,115.6,9.89892009502,12,7,2,357.0,171.4,54.4,8,3,1,286.6,106.0,29.7
92,92,21,594.8,14,474.9,6,98.4,9.65183426929,12,7,2,359.2,178.8,56.8,8,4,2,284.4,133.7,56.8
93,93,21,587.6,13,443.0,6,99.5,9.89588899734,12,7,2,365.2,169.3,53.1,8,3,2,289.2,100.7,53.1
94,94,21,598.4,13,454.4,6,96.4,10.2761605763,12,7,2,367.4,174.8,56.2,7,4,2,270.1,128.1,56.2
95,95,20,585.5,13,460.0,5,78.6,10.2723376625,11,7,2,353.0,175.3,57.2,8,3,2,299.3,103.5,57.2
96,96,20,560.5,11,393.4,5,80.1,9.96028296998,11,7,2,342.8,167.2,50.5,8,2,1,291.4,73.8,28.2
97,97,21,568.9,11,385.3,6,98.8,9.7711260744,12,7,2,353.4,165.3,50.2,8,2,1,283.8,73.6,27.9
98,98,21,577.5,11,393.4,7,117.0,9.99029529093,12,7,2,362.4,167.5,47.6,8,2,1,291.6,73.4,28.4
99,99,20,566.5,12,424.4,6,96.5,10.1435940376,11,7,2,342.6,172.1,51.8,8,3,1,294.8,101.3,28.3
100,100,20,586.1,13,462.6,6,99.2,10.3252615616,11,7,2,349.9,177.9,58.3,8,3,2,299.4,104.9,58.3
101,101,20,543.9,13,426.3,7,117.6,9.13538378187,11,7,2,320.9,175.4,47.6,8,4,1,270.9,126.2,29.2
102,102,20,519.4,12,386.0,7,112.9,8.58309844679,11,7,2,309.6,162.9,46.9,8,3,1,261.8,96.4,27.8
103,103,20,526.6,11,364.9,6,94.4,8.5853056838,11,7,2,315.6,159.5,51.5,7,3,1,242.9,92.2,29.8
104,104,20,528.0,12,384.3,6,99.0,8.0281085142,11,7,2,310.3,164.9,52.8,8,3,1,261.1,93.8,29.4
105,105,20,518.6,12,381.2,7,117.0,8.15656661515,11,7,2,318.7,152.0,47.9,8,3,1,269.7,84.0,27.5
106,106,20,510.9,12,374.1,7,116.5,7.83040464102,11,7,2,303.4,159.4,48.1,8,3,1,254.9,91.4,27.8
107,107,20,509.5,12,375.4,7,113.1,8.03537409472,11,7,2,304.7,153.7,51.1,8,3,1,256.4,88.9,30.1
108,108,21,515.0,11,354.4,10,160.6,8.86165361329,12,7,2,319.8,147.0,48.2,8,2,1,259.9,65.9,28.6
109,109,21,518.5,12,377.7,8,118.5,8.9997724839,12,7,2,319.2,148.7,50.6,8,3,1,263.6,85.8,28.3
110,110,21,518.1,12,376.3,8,121.2,8.82706875793,12,7,2,317.2,152.8,48.1,8,3,1,261.5,87.3,27.5
111,111,21,532.5,12,391.2,9,141.3,9.3908237886,12,7,2,331.0,152.7,48.8,8,3,1,272.4,89.9,28.9
112,112,21,540.7,12,386.9,7,110.0,8.86321719511,12,7,2,328.2,166.2,46.3,8,3,1,265.5,95.5,25.9
113,113,21,549.8,12,394.3,7,112.7,9.01291401532,12,7,2,343.7,158.5,47.6,8,3,1,274.7,92.4,27.2
114,114,21,520.6,12,367.0,8,131.2,8.05797150416,12,7,2,319.8,155.6,45.2,8,3,1,250.8,89.5,26.7
115,115,21,524.9,10,328.1,8,129.5,8.69974000706,12,7,2,319.9,163.5,41.5,7,3,0,229.0,99.1,0
116,116,21,528.1,12,377.8,8,129.5,8.30100108707,12,7,2,328.9,159.9,39.3,9,3,0,282.3,95.5,0
117,117,21,503.7,11,335.3,8,124.5,7.99732991156,12,7,2,308.9,147.3,47.5,7,3,1,219.8,87.2,28.3
118,118,21,506.9,9,281.1,6,83.4,7.89008721057,12,7,2,303.6,155.8,47.5,7,2,0,217.7,63.4,0
119,119,21,510.4,11,339.3,7,106.1,8.07115085911,12,7,2,303.1,162.6,44.7,7,4,0,219.9,119.4,0
120,120,21,513.8,11,350.3,7,99.7,9.09199281419,12,7,2,322.2,151.7,39.9,8,3,0,256.8,93.5,0
121,121,21,497.7,8,251.7,6,82.3,8.08121278027,12,7,2,305.0,145.9,46.8,6,2,0,190.7,61.0,0
122,122,21,496.7,9,279.1,6,83.2,8.25739783755,12,7,2,308.0,143.9,44.8,6,3,0,195.6,83.5,0
123,123,21,499.4,7,230.8,7,107.2,8.18398552342,12,7,2,306.1,148.3,45.0,5,2,0,167.1,63.7,0
124,124,21,514.9,9,284.6,6,87.8,7.93691495782,12,7,2,317.4,150.4,47.1,7,2,0,220.4,64.2,0
125,125,21,522.1,12,368.2,6,87.9,8.149691785,12,7,2,326.4,152.5,43.2,9,3,0,276.4,91.8,0
126,126,21,497.7,9,275.8,6,87.9,7.72573621087,12,7,2,309.6,141.3,46.8,7,2,0,215.9,59.9,0
127,127,21,503.8,10,307.2,7,107.8,8.20925726006,12,7,2,312.9,145.9,45.0,7,3,0,222.2,85.0,0
128,128,21,501.1,8,248.9,7,107.5,7.80611786937,12,7,2,305.2,147.9,48.0,6,2,0,189.4,59.5,0
129,129,21,500.6,9,276.6,7,106.4,7.9816336793,12,7,2,306.4,147.2,47.0,7,2,0,217.2,59.4,0
130,130,21,513.6,12,362.1,7,106.6,8.20874968729,12,7,2,311.5,149.2,52.9,7,3,2,221.7,87.5,52.9
131,131,21,514.1,12,365.0,7,108.3,8.18178581042,12,7,2,316.8,150.0,47.3,8,3,1,248.2,90.0,26.8
132,132,20,492.8,11,342.7,8,129.0,8.55793875822,11,7,2,294.8,152.3,45.7,7,3,1,223.1,92.8,26.8
133,133,21,523.7,12,366.1,6,91.4,7.98777041423,12,7,2,326.6,147.0,50.1,8,3,1,249.9,87.5,28.7
134,134,21,507.2,11,335.9,6,83.0,8.1515409002,12,7,2,304.7,152.2,50.3,7,3,1,215.0,92.0,28.9
135,135,21,490.8,10,300.8,8,120.2,7.8325055287,12,7,2,295.8,145.7,49.3,7,2,1,210.0,61.1,29.7
136,136,21,495.2,9,282.7,7,102.0,8.13483982925,12,7,2,303.4,138.3,53.5,7,1,1,217.1,33.8,31.8
137,137,21,510.9,10,315.1,6,82.7,8.42206286234,12,7,2,316.1,146.9,47.9,7,2,1,226.7,61.3,27.1
138,138,21,497.1,9,287.2,7,100.8,8.44411883249,12,7,2,312.8,133.5,50.8,7,1,1,227.1,32.2,27.9
139,139,21,501.7,10,313.9,7,100.7,8.36994054709,12,7,2,315.6,141.2,44.9,8,2,0,253.5,60.4,0
140,140,21,486.8,7,223.9,8,128.9,7.66111082335,12,7,2,306.9,138.2,41.7,5,2,0,168.4,55.5,0
141,141,21,495.9,8,258.7,9,146.1,8.11789909486,12,7,2,305.6,146.2,44.1,5,3,0,169.3,89.4,0
142,142,21,509.2,8,258.8,7,106.8,8.03079193154,12,7,2,322.3,139.9,47.0,7,1,0,225.8,33.0,0
143,143,21,516.0,11,351.8,8,119.3,9.2979106716,12,7,2,325.8,139.3,50.9,7,2,2,240.5,60.4,50.9
144,144,19,485.4,10,336.0,7,104.5,9.88002296562,10,7,2,287.8,146.8,50.8,7,2,1,241.1,67.3,27.6
145,145,20,502.8,13,395.1,6,86.0,8.73139525837,11,7,2,303.7,145.0,54.1,8,3,2,255.5,85.5,54.1
146,146,20,499.0,10,324.2,6,84.4,9.14149014687,11,7,2,304.1,147.6,47.3,7,3,0,236.1,88.1,0
147,147,20,490.1,11,343.6,7,105.6,8.48084373906,11,7,2,302.6,146.6,40.9,8,3,0,256.0,87.6,0
148,148,20,486.4,9,293.7,11,192.7,8.11623454306,12,6,2,316.2,132.6,37.6,7,2,0,231.3,62.4,0
149,149,20,507.5,10,323.1,7,122.0,7.67146970068,12,6,2,335.2,130.3,42.0,8,2,0,262.5,60.6,0
150,150,20,482.6,9,271.7,6,100.5,6.56618931385,12,6,2,321.6,119.2,41.8,7,2,0,219.7,52.0,0
151,151,20,449.5,7,209.7,9,157.6,6.12646330533,12,6,2,291.2,118.2,40.1,6,1,0,178.9,30.8,0
152,152,20,448.6,5,164.6,9,153.1,6.8175547399,12,6,2,290.2,121.6,36.8,4,1,0,131.5,33.1,0
153,153,20,458.3,7,219.4,10,173.0,7.15992318395,12,6,2,293.7,126.2,38.4,6,1,0,186.1,33.3,0
154,154,20,450.3,7,213.3,11,192.0,6.84030431764,12,6,2,285.9,126.7,37.7,5,2,0,155.2,58.1,0
155,155,19,450.7,7,225.8,8,133.8,7.71294575138,11,6,2,281.0,130.3,39.4,5,2,0,164.0,61.8,0
156,156,19,452.8,6,210.4,7,113.2,8.61555780303,11,6,2,287.7,125.2,39.9,5,1,0,176.0,34.4,0
157,157,19,451.5,6,210.7,9,153.2,8.5753659155,11,6,2,285.5,129.2,36.8,5,1,0,175.8,34.9,0
158,158,19,450.2,6,211.5,8,126.1,9.02954863423,11,6,2,282.2,132.7,35.3,5,1,0,176.8,34.7,0
159,159,19,439.5,6,208.1,9,139.6,9.06090825908,11,6,2,270.4,134.4,34.7,5,1,0,173.7,34.4,0
160,160,20,472.8,7,234.9,8,128.5,8.52700971835,12,6,2,299.6,135.5,37.7,5,2,0,174.2,60.7,0
161,161,20,468.5,6,211.0,9,142.1,9.0450844458,12,6,2,298.0,132.8,37.7,5,1,0,175.3,35.7,0
162,162,19,450.3,8,265.8,9,142.4,9.44557509572,11,6,2,278.8,134.0,37.5,5,3,0,179.5,86.3,0
163,163,19,448.6,7,235.8,9,142.9,9.19673219361,11,6,2,285.4,129.3,33.9,5,2,0,179.1,56.7,0
164,164,18,433.7,6,212.0,7,110.3,9.12394859195,10,6,2,269.8,126.1,37.8,5,1,0,181.3,30.7,0
165,165,19,456.1,6,214.1,7,110.3,8.99033268969,11,6,2,295.5,121.4,39.2,5,1,0,183.7,30.4,0
166,166,19,441.0,6,206.1,8,128.6,8.48880928287,11,6,2,283.5,119.2,38.3,5,1,0,176.1,30.0,0
167,167,19,442.4,6,210.5,8,126.8,8.91884790504,11,6,2,283.5,120.8,38.1,5,1,0,178.7,31.8,0
168,168,18,429.8,6,213.3,8,132.6,9.14989910298,11,5,2,287.8,103.8,38.2,5,1,0,179.9,33.4,0
169,169,19,440.3,6,211.8,10,161.9,9.34462662623,11,6,2,277.7,129.0,33.6,5,1,0,179.0,32.8,0
170,170,20,457.3,6,205.8,10,161.0,8.75666813589,12,6,2,292.7,131.2,33.4,4,2,0,148.5,57.3,0
171,171,19,437.6,5,166.7,7,113.7,7.31262626722,11,6,2,265.3,132.1,40.2,4,1,0,135.5,31.2,0
172,172,20,425.9,6,165.8,10,170.5,5.19994686208,12,6,2,262.0,123.7,40.2,5,1,0,138.0,27.8,0
173,173,19,457.4,9,280.0,7,111.5,8.13052151568,12,5,2,309.3,111.6,36.5,7,2,0,223.7,56.3,0
174,174,18,446.2,7,234.9,6,95.8,8.24199354018,11,5,2,293.1,114.8,38.3,6,1,0,203.2,31.7,0
175,175,18,460.7,9,287.1,4,63.3,8.06666869227,12,4,2,319.9,100.4,40.4,7,2,0,231.0,56.1,0
176,176,18,477.7,10,321.8,3,45.9,8.14870172907,11,4,3,314.9,98.0,64.8,7,2,1,238.3,56.9,26.6
177,177,20,510.2,11,343.0,5,78.4,7.91958930355,11,6,3,311.6,129.3,69.3,8,2,1,259.7,55.2,28.1
178,178,21,522.2,11,346.0,6,91.4,8.62393954833,11,7,3,312.0,147.3,62.9,7,3,1,233.4,87.6,25.0
179,179,21,516.7,10,309.3,6,91.6,7.88450862074,11,7,3,302.6,148.0,66.1,6,2,2,201.6,57.6,50.1
180,180,21,493.6,9,280.1,9,146.1,7.90009342922,11,7,3,286.3,145.2,62.1,5,3,1,170.7,81.7,27.7
181,181,21,496.3,9,273.7,6,88.9,7.37281040943,11,7,3,284.9,150.7,60.7,6,3,0,188.3,85.4,0
182,182,21,506.3,9,279.9,6,87.9,8.25505328644,11,7,3,301.2,138.2,66.9,6,2,1,200.8,51.2,27.9
183,183,21,465.7,6,195.6,9,139.8,7.91990560309,11,7,3,278.3,127.7,59.7,4,1,1,141.5,27.3,26.8
184,184,21,489.5,9,271.9,7,104.6,7.83102194876,11,7,3,295.4,132.7,61.4,6,2,1,192.1,51.4,28.4
185,185,21,501.0,8,254.8,8,124.9,8.46372089737,11,7,3,293.6,139.4,68.0,5,2,1,172.6,52.6,29.6
186,186,21,493.6,8,257.0,8,125.0,8.32973446098,11,7,3,293.4,130.4,69.8,5,1,2,175.0,25.9,56.1
187,187,21,494.2,6,201.8,7,106.4,8.19471374322,11,7,3,301.8,130.4,62.0,5,0,1,176.5,0,25.3
188,188,21,492.0,8,251.4,8,126.5,7.87750867071,11,7,3,302.5,132.9,56.6,7,1,0,223.9,27.5,0
189,189,21,471.7,7,218.7,9,135.7,8.01975536974,11,7,3,285.1,129.7,56.9,6,1,0,190.2,28.5,0
190,190,21,477.9,8,243.5,10,166.7,7.24972905898,11,7,3,289.3,137.1,51.5,7,1,0,214.3,29.2,0
191,191,21,492.1,9,277.4,9,149.1,7.53931915582,11,7,3,289.6,143.9,58.6,7,1,1,216.2,35.6,25.6
192,192,21,469.6,7,223.0,12,203.9,7.6874882888,11,7,3,274.3,140.2,55.1,5,2,0,165.8,57.2,0
193,193,21,470.2,6,188.3,10,167.1,6.93057752008,11,7,3,277.8,135.3,57.1,6,0,0,188.3,0,0
194,194,21,464.2,7,210.6,10,164.7,6.8567832247,11,7,3,273.4,133.8,57.0,5,1,1,159.8,25.8,25.0
195,195,21,469.2,8,238.3,9,141.4,6.97270187435,11,7,3,264.4,143.9,60.9,5,2,1,152.3,59.6,26.4
196,196,21,454.8,7,208.5,10,155.2,7.10004024133,11,7,3,262.7,129.8,62.3,4,2,1,124.6,58.9,25.0
197,197,21,468.4,7,217.1,9,137.8,7.43555486769,11,7,3,282.0,129.9,56.5,6,1,0,188.3,28.8,0
198,198,21,501.6,11,335.6,8,122.5,8.12620980004,11,7,3,296.0,146.0,59.6,8,3,0,249.3,86.3,0
199,199,22,526.6,11,343.0,8,118.4,8.51830217012,12,7,3,314.8,154.3,57.5,8,3,0,254.7,88.3,0
200,200,22,516.5,8,263.6,8,120.1,8.36762080415,12,7,3,308.3,149.7,58.5,6,2,0,199.7,63.9,0
201,201,22,521.1,11,335.3,8,120.1,8.15196706934,12,7,3,310.1,151.8,59.2,8,3,0,246.6,88.7,0
202,202,21,515.7,11,344.0,8,128.4,7.91919007403,12,6,3,315.7,144.0,56.0,8,3,0,252.0,92.0,0
203,203,21,507.3,10,304.7,7,110.3,7.5320363401,12,6,3,308.8,139.5,59.0,7,3,0,219.6,85.1,0
204,204,21,507.7,10,304.8,7,108.5,7.84805101678,12,6,3,305.8,139.0,62.9,7,3,0,218.4,86.4,0
205,205,21,511.8,9,294.8,8,125.8,8.51945672312,12,6,3,323.2,127.1,61.5,7,2,0,234.9,59.9,0
206,206,21,516.6,10,315.5,8,129.8,8.17808045937,12,6,3,321.1,132.4,63.1,7,2,1,228.6,61.5,25.4
207,207,20,489.6,9,285.1,7,111.6,8.15795381982,11,6,3,292.0,134.1,63.5,7,2,0,222.1,63.0,0
208,208,20,478.7,9,279.1,8,129.8,7.79650900285,11,6,3,288.0,131.3,59.4,7,2,0,220.1,59.0,0
209,209,21,515.5,8,262.4,8,138.4,7.61712669237,12,6,3,310.1,141.5,63.9,7,1,0,225.9,36.5,0
210,210,21,507.8,8,259.1,9,159.0,7.55775224836,12,6,3,309.1,141.0,57.7,7,1,0,223.2,35.9,0
211,211,21,508.9,9,285.3,10,178.1,7.61448181647,12,6,3,306.6,145.5,56.8,6,3,0,196.1,89.2,0
212,212,21,508.3,10,311.8,10,174.8,7.83839755246,12,6,3,308.6,140.7,59.0,7,3,0,222.6,89.2,0
213,213,21,506.1,9,283.3,9,153.1,7.51910898977,12,6,3,305.6,140.1,60.4,7,2,0,222.9,60.4,0
214,214,21,508.0,9,279.7,8,137.8,7.05987993962,12,6,3,305.0,140.8,62.2,6,2,1,191.4,62.8,25.5
215,215,21,513.4,10,317.0,9,150.4,8.4166869401,12,6,3,313.2,140.5,59.7,7,2,1,228.6,62.4,26.0
216,216,21,521.6,9,293.6,7,112.5,8.36292270624,12,6,3,316.1,145.6,59.9,7,2,0,229.4,64.2,0
217,217,21,511.5,9,298.0,8,121.7,9.04530659671,12,6,3,305.3,143.7,62.5,6,2,1,207.9,64.5,25.6
218,218,21,499.5,10,313.7,9,141.1,8.51153838705,12,6,3,293.9,144.6,61.0,6,3,1,198.4,89.1,26.2
219,219,20,490.7,10,311.6,8,131.5,8.19937577855,11,6,3,287.7,143.3,59.7,7,3,0,223.3,88.3,0
220,220,19,471.1,9,288.6,7,112.8,8.58477163899,10,6,3,271.1,137.3,62.7,7,2,0,224.2,64.4,0
221,221,19,463.9,9,289.0,8,132.4,8.63296415928,10,6,3,263.7,136.2,64.0,6,2,1,197.2,66.0,25.8
222,222,19,471.1,10,309.2,6,94.4,7.9233462126,10,6,3,265.0,142.7,63.4,6,3,1,191.9,91.4,25.9
223,223,19,474.7,10,312.7,6,94.4,7.86308273996,10,6,3,262.2,145.9,66.6,5,4,1,165.4,118.2,29.1
224,224,19,479.0,9,290.6,6,97.5,8.31684333392,10,6,3,270.2,145.6,63.2,5,3,1,174.1,90.8,25.7
225,225,20,488.3,10,318.9,9,146.6,8.84737695294,11,6,3,291.6,142.0,54.7,6,3,1,201.8,92.0,25.1
226,226,20,486.3,8,269.5,9,145.5,8.94234603622,11,6,3,297.6,134.3,54.4,6,2,0,203.6,65.9,0
227,227,20,488.6,9,299.8,9,142.1,9.38386633368,11,6,3,301.0,133.7,53.9,7,2,0,232.7,67.1,0
228,228,20,492.2,10,324.7,8,124.2,9.18482157521,11,6,3,293.8,138.4,60.0,7,2,1,225.3,71.9,27.5
229,229,20,497.3,12,372.4,8,124.9,8.92809138559,11,6,3,293.5,144.4,59.4,8,3,1,247.5,98.0,26.9
230,230,20,511.8,13,400.3,7,111.5,8.45351997691,11,6,3,305.5,144.4,61.9,9,3,1,274.4,99.0,26.9
231,231,20,498.3,11,338.1,6,95.1,8.04155490332,11,6,3,295.0,140.2,63.1,8,2,1,242.7,67.3,28.1
232,232,20,492.5,10,311.1,6,94.4,7.52811397363,11,6,3,304.2,133.4,54.9,8,2,0,249.0,62.1,0
233,233,20,473.1,9,271.6,7,112.0,7.07207071589,11,6,3,283.4,130.5,59.2,7,2,0,212.4,59.2,0
234,234,20,481.0,8,258.9,8,132.1,7.750755481,11,6,3,293.8,131.6,55.6,6,2,0,192.9,66.0,0
235,235,20,480.7,8,255.5,8,135.9,7.36858731015,11,6,3,293.3,131.2,56.2,6,2,0,192.1,63.4,0
236,236,20,474.4,8,259.3,9,150.3,7.86093606318,11,6,3,281.5,132.8,60.1,6,2,0,194.3,65.0,0
237,237,20,454.6,7,229.1,11,182.1,8.09477414268,11,6,3,270.3,133.0,51.3,5,2,0,163.9,65.2,0
238,238,20,460.5,9,267.9,8,128.9,7.05108241037,11,6,3,283.0,124.3,53.2,7,2,0,207.6,60.3,0
239,239,20,441.4,5,144.1,8,136.3,5.42829817278,11,6,3,254.1,134.1,53.2,4,1,0,108.7,35.4,0
240,240,20,447.2,6,177.0,9,151.1,6.06269004043,11,6,3,264.0,134.9,48.3,5,1,0,142.3,34.7,0
241,241,20,442.8,7,205.7,9,151.5,6.26816518104,11,6,3,265.4,133.1,44.3,6,1,0,171.7,34.0,0
242,242,6,176.7,6,176.7,0,0,3.591517785,1,2,3,26.0,57.1,93.6,1,2,3,26.0,57.1,93.6
243,243,13,359.5,9,273.5,2,38.8,5.87914610929,7,3,3,182.7,98.8,78.0,4,3,2,119.4,98.8,55.3
244,244,18,474.7,10,312.3,5,93.5,6.44422272551,9,5,4,237.3,138.0,99.4,5,3,2,151.4,99.6,61.3
245,245,18,477.9,10,310.2,5,94.4,6.09283571573,10,5,3,251.2,144.8,81.9,5,3,2,145.7,102.5,62.0
246,246,19,487.4,10,304.6,5,91.1,6.03944151401,11,5,3,269.7,140.4,77.3,4,4,2,124.7,121.9,58.0
247,247,19,490.8,10,312.3,6,111.4,6.67732919259,11,5,3,264.4,142.2,84.2,4,3,3,122.9,105.2,84.2
248,248,19,485.6,9,281.9,5,91.6,6.3608451386,11,5,3,269.2,137.0,79.4,4,3,2,127.1,99.6,55.2
249,249,18,444.5,8,244.1,6,109.4,6.16503157973,10,5,3,229.9,130.9,83.7,2,3,3,66.4,94.0,83.7
250,250,18,441.3,6,191.3,5,88.8,6.31238278866,10,5,3,226.8,134.2,80.3,2,3,1,62.7,97.6,31.0
251,251,18,447.3,8,250.3,5,82.6,7.05184581594,10,5,3,226.8,136.8,83.7,2,3,3,66.5,100.1,83.7
252,252,19,471.2,9,276.1,5,78.3,7.1388607868,10,6,3,233.6,155.1,82.5,4,3,2,117.8,100.1,58.2
253,253,19,442.5,6,188.1,7,118.0,6.54080310537,10,6,3,222.1,146.2,74.2,2,3,1,67.2,93.6,27.3
254,254,19,449.7,7,211.4,5,78.9,6.3422790008,10,6,3,226.1,149.2,74.4,2,3,2,66.5,94.0,50.9
255,255,19,425.7,6,177.3,7,117.5,5.82384692299,10,6,3,227.9,131.8,66.0,4,2,0,117.4,59.9,0
256,256,20,471.1,7,213.7,6,97.3,6.5154452124,11,6,3,245.8,150.9,74.4,2,3,2,68.8,94.3,50.6
257,257,20,503.4,10,305.5,6,105.6,6.54145485186,11,6,3,250.6,172.0,80.8,3,4,3,93.9,130.8,80.8
258,258,20,514.3,9,288.2,4,69.5,6.59595370384,11,6,3,263.9,172.6,77.8,4,4,1,128.6,129.8,29.8
