,e_id,num_sat,sum_snr,num_sat_25,sum_snr_25,snr_std,elev_0_30,elev_30_60,elev_60_90,elev_0_30_25,elev_30_60_25,elev_60_90_25
1,1,16,411.2,9,284.1,7.85434062584,10,4,2,6,2,1
2,2,16,401.1,8,241.7,6.77364685134,10,4,2,7,1,0
3,3,17,439.8,11,327.7,6.6901760726,11,4,2,9,2,0
4,4,18,447.9,8,252.8,7.8623638116,12,4,2,6,2,0
5,5,18,443.7,9,277.3,7.57885991737,12,4,2,8,1,0
6,6,19,489.2,12,368.2,7.83626671467,12,5,2,9,3,0
7,7,20,509.9,13,396.9,7.97769753091,12,5,3,9,3,1
8,8,20,520.9,13,404.9,8.22412849326,12,5,3,9,3,1
9,9,20,498.3,9,288.4,8.05221610555,12,5,3,6,2,1
10,10,21,504.6,8,260.9,8.15911409757,13,5,3,6,2,0
11,11,21,513.4,9,284.2,7.78367644803,13,5,3,6,3,0
12,12,21,526.6,11,349.9,8.53667996131,13,5,3,8,3,0
13,13,21,510.3,10,314.9,8.07985148378,13,5,3,8,2,0
14,14,21,504.8,9,282.7,8.00440354995,13,5,3,7,2,0
15,15,21,518.2,10,320.4,8.50528687123,13,5,3,7,2,1
16,16,21,516.8,9,291.6,8.20858725737,13,5,3,7,2,0
17,17,21,521.7,11,341.0,7.95013027746,13,5,3,7,3,1
18,18,21,499.3,10,300.3,7.30492332348,13,5,3,8,2,0
19,19,21,511.4,11,331.1,7.37310104689,13,5,3,7,3,1
20,20,20,493.3,9,284.1,7.80716775925,12,5,3,6,2,1
21,21,20,476.1,8,249.4,7.60570942053,12,5,3,6,1,1
22,22,20,473.0,8,253.6,8.19296874412,12,5,3,6,2,0
23,23,20,484.4,9,284.8,8.20933999527,12,5,3,5,3,1
24,24,21,519.9,10,322.3,8.82057659275,13,5,3,6,3,1
25,25,21,509.6,10,309.8,8.1723517627,13,5,3,7,3,0
26,26,21,489.8,8,248.4,7.71433112861,13,5,3,7,1,0
27,27,21,481.9,7,215.2,6.82206853144,13,5,3,6,1,0
28,28,21,491.3,7,220.2,7.01123927637,13,5,3,6,1,0
29,29,21,494.5,8,247.6,7.65804276872,13,5,3,6,2,0
30,30,21,479.6,7,219.9,7.44469449947,13,5,3,5,2,0
31,31,21,471.1,8,242.3,7.50155539427,13,5,3,6,2,0
32,32,21,476.0,9,275.6,7.71811721428,13,5,3,7,2,0
33,33,21,492.7,11,325.2,7.40584068087,13,5,3,7,3,1
34,34,22,503.3,10,300.1,7.6006222689,13,6,3,7,3,0
35,35,22,536.9,11,352.9,9.12612561995,13,6,3,7,3,1
36,36,22,543.1,12,387.1,9.78114295856,13,6,3,8,3,1
37,37,22,541.0,11,357.1,9.35220417569,13,6,3,7,2,2
38,38,21,490.0,8,261.1,8.83042090352,12,6,3,6,2,0
39,39,21,495.9,9,288.5,8.77019302606,12,6,3,7,2,0
40,40,21,498.0,9,289.9,8.92834171133,12,6,3,7,2,0
41,41,22,541.3,10,319.2,8.00449143399,13,6,3,7,3,0
42,42,22,532.1,10,315.9,8.04731812496,13,6,3,7,3,0
43,43,23,551.1,10,316.5,8.1815057033,13,7,3,7,3,0
44,44,23,557.7,9,301.6,8.65935487652,13,7,3,7,2,0
45,45,21,520.8,9,299.8,8.76493011952,11,7,3,7,2,0
46,46,22,541.5,10,317.1,8.0458386437,12,7,3,8,2,0
47,47,22,546.5,10,321.1,7.96292953336,12,7,3,7,3,0
48,48,21,543.1,11,342.5,6.79724033638,11,7,3,7,3,1
49,49,21,536.2,11,345.6,7.50248847605,11,7,3,7,3,1
50,50,21,532.2,11,345.8,7.5255944236,11,7,3,7,3,1
51,51,21,550.0,11,355.1,7.54962944534,11,7,3,7,3,1
52,52,21,539.0,12,379.1,8.13930791489,11,7,3,8,3,1
53,53,21,534.8,12,374.8,7.90318501196,11,7,3,7,4,1
54,54,21,518.8,9,285.8,7.51455096399,11,7,3,7,2,0
55,55,20,493.9,9,285.3,7.66444113388,11,6,3,6,3,0
56,56,20,511.8,11,350.2,7.86349995733,11,6,3,7,3,1
57,57,20,503.6,9,282.8,7.05188291392,11,6,3,6,3,0
58,58,20,502.2,9,288.8,7.49918592073,11,6,3,6,3,0
59,59,20,518.6,12,373.1,7.368503383,11,6,3,8,3,1
60,60,20,540.7,12,398.1,8.90099196128,11,6,3,8,3,1
61,61,18,509.1,10,364.8,10.8362273661,9,6,3,6,3,1
62,62,19,534.6,12,411.4,9.5909801681,10,6,3,8,3,1
63,63,20,561.6,12,424.1,10.0381692606,11,6,3,8,3,1
64,64,21,580.5,12,424.7,10.1120508023,12,6,3,8,3,1
65,65,21,575.0,12,420.6,10.1165023129,12,6,3,8,3,1
66,66,21,570.4,12,415.4,9.84608938566,12,6,3,8,3,1
67,67,21,578.9,13,445.8,9.79261626601,12,6,3,9,3,1
68,68,21,576.0,12,419.9,9.89970418028,12,6,3,8,3,1
69,69,21,576.0,12,418.9,9.82645118327,12,6,3,8,3,1
70,70,21,591.0,14,472.9,9.54225190553,12,6,3,9,3,2
71,71,21,587.4,13,445.9,9.59104493041,12,6,3,9,3,1
72,72,21,592.3,14,475.8,9.5358521481,12,6,3,9,3,2
73,73,21,587.9,13,441.9,9.16277666379,12,6,3,9,3,1
74,74,21,550.0,10,340.6,8.62345086157,12,6,3,7,3,0
75,75,21,571.4,11,381.7,9.20602545955,12,6,3,8,3,0
76,76,21,572.1,13,434.1,9.28797994338,12,6,3,8,3,2
77,77,21,578.6,13,439.6,9.42855339104,12,6,3,8,3,2
78,78,21,581.9,12,417.2,9.4851412621,12,6,3,7,3,2
79,79,20,564.3,12,415.3,9.21630563044,12,5,3,7,3,2
80,80,20,569.9,14,469.4,9.12627640676,12,5,3,9,3,2
81,81,21,596.2,14,468.4,8.68693874515,12,6,3,9,3,2
82,82,21,596.6,14,472.1,8.92114929602,12,6,3,9,3,2
83,83,21,584.1,14,463.2,9.11818434307,12,6,3,9,3,2
84,84,21,585.6,13,439.3,9.11533245221,12,6,3,8,3,2
85,85,21,592.8,14,468.3,9.03394392595,12,6,3,8,4,2
86,86,20,582.8,14,481.9,9.86164286516,11,6,3,8,4,2
87,87,21,594.3,13,455.7,10.3298112277,12,6,3,7,4,2
88,88,21,597.2,12,426.6,9.83531779814,12,6,3,7,3,2
89,89,21,578.4,13,435.9,9.60086305644,12,6,3,8,3,2
90,90,21,593.5,14,474.4,9.57645425982,12,6,3,8,4,2
91,91,21,582.8,12,422.3,9.89892009502,12,6,3,8,3,1
92,92,21,594.8,14,474.9,9.65183426929,12,6,3,8,4,2
93,93,21,587.6,13,443.0,9.89588899734,12,6,3,8,3,2
94,94,21,598.4,12,429.4,10.2761605763,12,6,3,7,3,2
95,95,20,585.5,13,460.0,10.2723376625,11,6,3,8,3,2
96,96,20,560.5,11,393.4,9.96028296998,11,6,3,8,2,1
97,97,21,568.9,11,385.3,9.7711260744,12,6,3,8,2,1
98,98,21,577.5,11,393.4,9.99029529093,12,6,3,8,2,1
99,99,20,566.5,12,424.4,10.1435940376,11,6,3,8,3,1
100,100,20,586.1,13,462.6,10.3252615616,11,6,3,8,3,2
101,101,20,543.9,13,426.3,9.13538378187,11,6,3,8,4,1
102,102,20,519.4,12,386.0,8.58309844679,11,6,3,8,3,1
103,103,20,526.6,11,364.9,8.5853056838,11,6,3,7,3,1
104,104,20,528.0,12,384.3,8.0281085142,11,6,3,8,3,1
105,105,20,518.6,12,381.2,8.15656661515,11,6,3,8,3,1
106,106,20,510.9,12,374.1,7.83040464102,11,6,3,8,3,1
107,107,20,509.5,12,375.4,8.03537409472,11,6,3,8,3,1
108,108,21,515.0,11,354.4,8.86165361329,12,6,3,8,2,1
109,109,21,518.5,12,377.7,8.9997724839,12,6,3,8,3,1
110,110,21,518.1,12,376.3,8.82706875793,12,6,3,8,3,1
111,111,21,532.5,11,366.2,9.3908237886,12,6,3,8,2,1
112,112,21,540.7,12,386.9,8.86321719511,12,6,3,8,3,1
113,113,21,549.8,12,394.3,9.01291401532,12,6,3,8,3,1
114,114,21,520.6,12,367.0,8.05797150416,12,6,3,8,3,1
115,115,21,524.9,10,328.1,8.69974000706,12,6,3,7,3,0
116,116,21,528.1,12,377.8,8.30100108707,12,6,3,9,3,0
117,117,21,503.7,11,335.3,7.99732991156,12,6,3,7,3,1
118,118,21,506.9,9,281.1,7.89008721057,12,6,3,7,2,0
119,119,21,510.4,11,339.3,8.07115085911,12,6,3,7,4,0
120,120,21,513.8,11,350.3,9.09199281419,12,6,3,8,3,0
121,121,21,497.7,8,251.7,8.08121278027,12,6,3,6,2,0
122,122,21,496.7,9,279.1,8.25739783755,12,6,3,6,3,0
123,123,21,499.4,7,230.8,8.18398552342,12,6,3,5,2,0
124,124,21,514.9,9,284.6,7.93691495782,12,6,3,7,2,0
125,125,21,522.1,12,368.2,8.149691785,12,6,3,9,3,0
126,126,21,497.7,9,275.8,7.72573621087,12,6,3,7,2,0
127,127,21,503.8,10,307.2,8.20925726006,12,6,3,7,3,0
128,128,21,501.1,8,248.9,7.80611786937,12,6,3,6,2,0
129,129,21,500.6,9,276.6,7.9816336793,12,6,3,7,2,0
130,130,21,513.6,12,362.1,8.20874968729,12,6,3,7,3,2
131,131,21,514.1,12,365.0,8.18178581042,12,6,3,8,3,1
132,132,20,492.8,11,342.7,8.55793875822,11,6,3,7,3,1
133,133,21,523.7,12,366.1,7.98777041423,12,6,3,8,3,1
134,134,21,507.2,11,335.9,8.1515409002,12,6,3,7,3,1
135,135,21,490.8,10,300.8,7.8325055287,12,6,3,7,2,1
136,136,21,495.2,9,282.7,8.13483982925,12,6,3,7,1,1
137,137,21,510.9,10,315.1,8.42206286234,12,6,3,7,2,1
138,138,21,497.1,9,287.2,8.44411883249,12,6,3,7,1,1
139,139,21,501.7,9,288.9,8.36994054709,12,6,3,8,1,0
140,140,21,486.8,7,223.9,7.66111082335,12,6,3,5,2,0
141,141,21,495.9,8,258.7,8.11789909486,12,6,3,5,3,0
142,142,21,509.2,8,258.8,8.03079193154,12,6,3,7,1,0
143,143,21,516.0,11,351.8,9.2979106716,12,6,3,7,2,2
144,144,19,485.4,10,336.0,9.88002296562,10,6,3,7,2,1
145,145,20,502.8,12,370.1,8.73139525837,11,6,3,7,3,2
146,146,20,499.0,10,324.2,9.14149014687,11,6,3,7,3,0
147,147,20,490.1,10,318.6,8.48084373906,11,6,3,7,3,0
148,148,20,486.4,9,293.7,8.11623454306,12,6,2,7,2,0
149,149,20,507.5,10,323.1,7.67146970068,12,6,2,8,2,0
150,150,20,482.6,9,271.7,6.56618931385,12,6,2,7,2,0
151,151,20,449.5,7,209.7,6.12646330533,12,6,2,6,1,0
152,152,20,448.6,5,164.6,6.8175547399,12,6,2,4,1,0
153,153,20,458.3,7,219.4,7.15992318395,12,6,2,6,1,0
154,154,20,450.3,6,188.3,6.84030431764,12,6,2,4,2,0
155,155,19,450.7,7,225.8,7.71294575138,11,6,2,5,2,0
156,156,19,452.8,6,210.4,8.61555780303,11,6,2,5,1,0
157,157,19,451.5,6,210.7,8.5753659155,11,6,2,5,1,0
158,158,19,450.2,6,211.5,9.02954863423,11,6,2,5,1,0
159,159,19,439.5,6,208.1,9.06090825908,11,6,2,5,1,0
160,160,20,472.8,7,234.9,8.52700971835,12,6,2,5,2,0
161,161,20,468.5,6,211.0,9.0450844458,12,6,2,5,1,0
162,162,19,450.3,8,265.8,9.44557509572,11,6,2,5,3,0
163,163,19,448.6,6,210.8,9.19673219361,11,6,2,5,1,0
164,164,18,433.7,6,212.0,9.12394859195,10,6,2,5,1,0
165,165,19,456.1,6,214.1,8.99033268969,11,6,2,5,1,0
166,166,19,441.0,6,206.1,8.48880928287,11,6,2,5,1,0
167,167,19,442.4,6,210.5,8.91884790504,11,6,2,5,1,0
168,168,18,429.8,6,213.3,9.14989910298,11,5,2,5,1,0
169,169,19,440.3,6,211.8,9.34462662623,11,6,2,5,1,0
170,170,20,457.3,6,205.8,8.75666813589,12,6,2,4,2,0
171,171,19,437.6,5,166.7,7.31262626722,11,6,2,4,1,0
172,172,20,425.9,6,165.8,5.19994686208,12,6,2,5,1,0
173,173,19,457.4,9,280.0,8.13052151568,12,5,2,7,2,0
174,174,18,446.2,7,234.9,8.24199354018,11,5,2,6,1,0
175,175,18,460.7,9,287.1,8.06666869227,12,4,2,7,2,0
176,176,18,477.7,10,321.8,8.14870172907,11,4,3,7,2,1
177,177,20,510.2,11,343.0,7.91958930355,11,6,3,8,2,1
178,178,21,522.2,10,321.0,8.62393954833,11,7,3,7,3,0
179,179,21,516.7,9,284.3,7.88450862074,11,7,3,6,2,1
180,180,21,493.6,9,280.1,7.90009342922,11,7,3,5,3,1
181,181,21,496.3,9,273.7,7.37281040943,11,7,3,6,3,0
182,182,21,506.3,8,254.9,8.25505328644,11,7,3,6,1,1
183,183,21,465.7,6,195.6,7.91990560309,11,7,3,4,1,1
184,184,21,489.5,9,271.9,7.83102194876,11,7,3,6,2,1
185,185,21,501.0,7,229.8,8.46372089737,11,7,3,5,1,1
186,186,21,493.6,8,257.0,8.32973446098,11,7,3,5,1,2
187,187,21,494.2,6,201.8,8.19471374322,11,7,3,5,0,1
188,188,21,492.0,8,251.4,7.87750867071,11,7,3,7,1,0
189,189,21,471.7,7,218.7,8.01975536974,11,7,3,6,1,0
190,190,21,477.9,8,243.5,7.24972905898,11,7,3,7,1,0
191,191,21,492.1,9,277.4,7.53931915582,11,7,3,7,1,1
192,192,21,469.6,7,223.0,7.6874882888,11,7,3,5,2,0
193,193,21,470.2,6,188.3,6.93057752008,11,7,3,6,0,0
194,194,21,464.2,6,185.6,6.8567832247,11,7,3,5,1,0
195,195,21,469.2,8,238.3,6.97270187435,11,7,3,5,2,1
196,196,21,454.8,5,158.5,7.10004024133,11,7,3,4,1,0
197,197,21,468.4,7,217.1,7.43555486769,11,7,3,6,1,0
198,198,21,501.6,11,335.6,8.12620980004,11,7,3,8,3,0
199,199,22,526.6,11,343.0,8.51830217012,12,7,3,8,3,0
200,200,22,516.5,8,263.6,8.36762080415,12,7,3,6,2,0
201,201,22,521.1,11,335.3,8.15196706934,12,7,3,8,3,0
202,202,21,515.7,11,344.0,7.91919007403,12,6,3,8,3,0
203,203,21,507.3,10,304.7,7.5320363401,12,6,3,7,3,0
204,204,21,507.7,10,304.8,7.84805101678,12,6,3,7,3,0
205,205,21,511.8,9,294.8,8.51945672312,12,6,3,7,2,0
206,206,21,516.6,10,315.5,8.17808045937,12,6,3,7,2,1
207,207,20,489.6,9,285.1,8.15795381982,11,6,3,7,2,0
208,208,20,478.7,9,279.1,7.79650900285,11,6,3,7,2,0
209,209,21,515.5,8,262.4,7.61712669237,12,6,3,7,1,0
210,210,21,507.8,8,259.1,7.55775224836,12,6,3,7,1,0
211,211,21,508.9,9,285.3,7.61448181647,12,6,3,6,3,0
212,212,21,508.3,10,311.8,7.83839755246,12,6,3,7,3,0
213,213,21,506.1,9,283.3,7.51910898977,12,6,3,7,2,0
214,214,21,508.0,9,279.7,7.05987993962,12,6,3,6,2,1
215,215,21,513.4,10,317.0,8.4166869401,12,6,3,7,2,1
216,216,21,521.6,9,293.6,8.36292270624,12,6,3,7,2,0
217,217,21,511.5,9,298.0,9.04530659671,12,6,3,6,2,1
218,218,21,499.5,10,313.7,8.51153838705,12,6,3,6,3,1
219,219,20,490.7,10,311.6,8.19937577855,11,6,3,7,3,0
220,220,19,471.1,9,288.6,8.58477163899,10,6,3,7,2,0
221,221,19,463.9,9,289.0,8.63296415928,10,6,3,6,2,1
222,222,19,471.1,10,309.2,7.9233462126,10,6,3,6,3,1
223,223,19,474.7,10,312.7,7.86308273996,10,6,3,5,4,1
224,224,19,479.0,9,290.6,8.31684333392,10,6,3,5,3,1
225,225,20,488.3,10,318.9,8.84737695294,11,6,3,6,3,1
226,226,20,486.3,8,269.5,8.94234603622,11,6,3,6,2,0
227,227,20,488.6,9,299.8,9.38386633368,11,6,3,7,2,0
228,228,20,492.2,10,324.7,9.18482157521,11,6,3,7,2,1
229,229,20,497.3,12,372.4,8.92809138559,11,6,3,8,3,1
230,230,20,511.8,13,400.3,8.45351997691,11,6,3,9,3,1
231,231,20,498.3,10,313.1,8.04155490332,11,6,3,7,2,1
232,232,20,492.5,10,311.1,7.52811397363,11,6,3,8,2,0
233,233,20,473.1,9,271.6,7.07207071589,11,6,3,7,2,0
234,234,20,481.0,8,258.9,7.750755481,11,6,3,6,2,0
235,235,20,480.7,8,255.5,7.36858731015,11,6,3,6,2,0
236,236,20,474.4,8,259.3,7.86093606318,11,6,3,6,2,0
237,237,20,454.6,7,229.1,8.09477414268,11,6,3,5,2,0
238,238,20,460.5,9,267.9,7.05108241037,11,6,3,7,2,0
239,239,20,441.4,5,144.1,5.42829817278,11,6,3,4,1,0
240,240,20,447.2,6,177.0,6.06269004043,11,6,3,5,1,0
241,241,20,442.8,7,205.7,6.26816518104,11,6,3,6,1,0
242,242,6,176.7,6,176.7,3.591517785,0,3,3,0,3,3
243,243,13,359.5,9,273.5,5.87914610929,6,4,3,3,4,2
244,244,18,474.7,10,312.3,6.44422272551,8,6,4,4,4,2
245,245,18,477.9,10,310.2,6.09283571573,9,6,3,4,4,2
246,246,19,487.4,10,304.6,6.03944151401,10,6,3,4,4,2
247,247,19,490.8,10,312.3,6.67732919259,10,6,3,4,3,3
248,248,19,485.6,9,281.9,6.3608451386,10,6,3,4,3,2
249,249,18,444.5,8,244.1,6.16503157973,9,6,3,2,3,3
250,250,18,441.3,6,191.3,6.31238278866,9,6,3,2,3,1
251,251,18,447.3,8,250.3,7.05184581594,9,6,3,2,3,3
252,252,19,471.2,9,276.1,7.1388607868,9,7,3,4,3,2
253,253,19,442.5,6,188.1,6.54080310537,9,7,3,2,3,1
254,254,19,449.7,7,211.4,6.3422790008,9,7,3,2,3,2
255,255,19,425.7,6,177.3,5.82384692299,9,7,3,4,2,0
256,256,20,471.1,6,188.7,6.5154452124,10,7,3,2,3,1
257,257,20,503.4,10,305.5,6.54145485186,10,7,3,3,4,3
258,258,20,514.3,9,288.2,6.59595370384,10,7,3,4,4,1
