,e_id,num_sat,sum_snr,num_sat_25,sum_snr_25,snr_std,elev_0_30,elev_30_60,elev_60_90,elev_0_30_25,elev_30_60_25,elev_60_90_25
1,1,13,339.7,6,201.7,8.07407214642,5,6,2,4,2,0
2,2,14,358.5,6,205.1,8.31878913949,6,6,2,4,2,0
3,3,13,378.3,8,281.0,8.86914125869,5,6,2,5,3,0
4,4,13,376.2,9,296.2,7.76718937385,5,6,2,5,4,0
5,5,13,387.5,9,305.1,7.81819049167,5,6,2,5,4,0
6,6,14,409.9,8,281.1,7.95846705102,6,6,2,5,3,0
7,7,14,401.6,8,275.6,7.79969004738,6,6,2,5,3,0
8,8,14,395.5,9,296.5,7.82016623864,6,6,2,5,4,0
9,9,14,395.8,9,298.0,7.99734846168,6,6,2,5,4,0
10,10,14,379.2,8,265.4,8.69923578809,5,7,2,4,4,0
11,11,14,380.1,7,241.2,8.545331609,5,7,2,4,3,0
12,12,15,404.2,8,268.2,8.67779322398,6,7,2,5,3,0
13,13,15,404.1,8,267.2,8.69209821784,6,7,2,4,4,0
14,14,15,401.2,7,241.9,8.61260427402,6,7,2,4,3,0
15,15,15,404.6,8,265.8,8.39102127844,6,7,2,5,3,0
16,16,15,408.9,8,267.8,8.29102785287,6,7,2,5,3,0
17,17,13,365.1,8,267.8,8.54740176446,6,6,1,5,3,0
18,18,13,364.0,7,244.4,8.96614000932,6,6,1,5,2,0
19,19,15,412.2,7,247.3,8.49488921983,6,7,2,5,2,0
20,20,16,440.7,9,303.2,8.59968749432,7,7,2,5,4,0
21,21,16,444.2,9,305.4,8.65315934597,7,7,2,5,4,0
22,22,16,440.8,8,280.0,8.82987353628,7,7,2,5,3,0
23,23,15,420.6,8,278.4,8.66427805912,7,7,1,5,3,0
24,24,15,418.4,9,299.0,8.2242209068,7,7,1,5,4,0
25,25,16,414.2,7,227.5,6.97030606693,7,7,2,5,2,0
26,26,16,423.1,10,314.2,7.9426249859,7,7,2,5,5,0
27,27,15,410.6,10,324.4,8.66713551845,7,6,2,5,5,0
28,28,15,415.1,9,300.5,8.58249602943,7,6,2,5,4,0
29,29,16,437.2,10,326.6,8.62094349052,7,7,2,5,5,0
30,30,15,417.2,9,300.9,8.53027102791,7,6,2,5,4,0
31,31,15,419.3,10,322.8,7.8551044975,7,6,2,5,5,0
32,32,15,418.6,10,323.3,7.99369990025,7,6,2,5,5,0
33,33,17,458.0,10,325.3,8.18787661909,7,8,2,5,5,0
34,34,16,439.6,9,297.7,7.94728465159,7,7,2,5,4,0
35,35,16,442.4,9,303.4,8.44424853574,7,7,2,5,4,0
36,36,16,443.8,9,307.2,8.77229540466,7,7,2,5,4,0
37,37,16,427.8,7,247.0,8.49045542555,7,7,2,4,3,0
38,38,14,389.6,7,248.2,8.70909591452,6,6,2,4,3,0
39,39,10,317.7,8,270.2,7.01712983428,5,5,0,5,3,0
40,40,11,325.2,5,186.6,7.66723845035,5,4,2,3,2,0
41,41,12,350.2,7,239.5,7.47746108264,5,5,2,4,3,0
42,42,13,392.9,10,328.5,7.01226946694,6,5,2,5,4,1
43,43,13,397.1,9,309.1,7.31250246548,6,6,1,5,4,0
44,44,8,266.9,8,266.9,3.6142327777,4,4,0,4,4,0
45,45,8,268.3,8,268.3,3.67109851212,4,4,0,4,4,0
46,46,8,265.8,8,265.8,3.55959467998,4,4,0,4,4,0
47,47,10,334.8,10,334.8,5.9000564969,5,4,1,5,4,1
48,48,9,279.1,8,255.8,4.99660996188,4,4,1,4,4,0
49,49,3,89.7,3,89.7,4.35545634808,0,2,1,0,2,1
50,50,11,309.6,8,241.7,4.38528531258,4,4,3,3,2,3
51,51,18,493.7,10,314.6,5.20642200224,9,6,3,4,3,3
52,52,19,539.5,13,415.7,6.42283025916,10,6,3,7,3,3
53,53,19,514.6,12,371.1,6.05137846169,11,5,3,7,2,3
