,e_id,num_sat,sum_snr,num_sat_25,sum_snr_25,snr_std,elev_0_30,elev_30_60,elev_60_90,elev_0_30_25,elev_30_60_25,elev_60_90_25
1,1,11,314.3,8,257.1,7.29987546594,8,2,1,6,1,1
2,2,12,323.6,9,272.2,7.00471702541,8,3,1,7,1,1
3,3,12,332.1,9,283.6,8.28395217492,8,3,1,7,1,1
4,4,13,344.3,8,259.3,9.09577247534,8,4,1,6,1,1
5,5,13,340.9,8,254.8,8.82667867379,8,4,1,6,1,1
6,6,13,345.1,9,282.3,8.84379399962,8,4,1,7,1,1
7,7,13,348.5,9,284.4,8.93471334538,8,4,1,7,1,1
8,8,13,341.4,9,279.9,9.06591955821,8,4,1,7,1,1
9,9,13,339.0,8,254.4,9.20861497423,8,4,1,6,1,1
10,10,13,344.7,9,284.3,9.24985100365,8,4,1,7,1,1
11,11,13,333.6,9,276.9,9.10517604274,8,4,1,7,1,1
12,12,13,333.9,9,277.2,8.95366276577,8,4,1,7,1,1
13,13,13,334.2,8,254.3,9.2728511921,8,4,1,6,1,1
14,14,13,333.9,9,279.0,9.23019015278,8,4,1,7,1,1
15,15,13,323.7,8,247.1,8.97180769596,8,4,1,6,1,1
16,16,13,325.4,8,245.8,9.04206692958,8,4,1,6,1,1
17,17,13,324.1,8,245.4,8.96887066612,8,4,1,6,1,1
18,18,13,323.9,8,246.5,9.06364957342,8,4,1,6,1,1
19,19,13,318.9,7,220.9,9.17536417219,8,4,1,5,1,1
20,20,13,333.2,9,272.7,8.52245901676,8,4,1,7,1,1
21,21,13,327.2,7,219.7,8.72948877993,8,4,1,5,1,1
22,22,13,325.3,6,193.8,8.69963158666,8,4,1,5,1,0
23,23,13,323.1,5,169.9,8.93472769447,8,4,1,4,1,0
24,24,13,319.9,5,170.0,9.0572679415,8,4,1,4,1,0
25,25,13,319.5,5,169.6,9.04775790331,8,4,1,4,1,0
26,26,13,319.2,5,170.2,9.00070510058,8,4,1,4,1,0
27,27,13,314.9,5,169.8,9.09039363341,8,4,1,4,1,0
28,28,12,300.7,5,171.8,9.02435677218,8,3,1,4,1,0
29,29,12,308.6,6,195.7,8.66558851103,8,3,1,5,1,0
30,30,12,304.3,5,167.8,8.38043808069,8,3,1,4,1,0
31,31,12,307.4,6,193.2,8.07868501151,8,3,1,5,1,0
32,32,12,307.0,6,193.5,8.26271288636,8,3,1,5,1,0
33,33,12,311.8,7,223.0,8.60632255256,8,3,1,6,1,0
34,34,13,317.8,5,162.0,7.89816596692,9,3,1,4,1,0
35,35,13,320.1,6,188.2,7.94209815332,9,3,1,5,1,0
36,36,13,319.1,6,188.7,8.12379379607,9,3,1,5,1,0
37,37,13,310.8,5,162.0,8.04160654953,9,3,1,4,1,0
38,38,13,322.1,6,195.6,8.37199237997,9,3,1,5,1,0
39,39,13,326.9,7,219.8,8.09172575172,9,3,1,6,1,0
40,40,13,318.0,7,215.9,8.1576690361,9,3,1,6,1,0
41,41,13,327.0,6,194.2,8.22856967974,9,3,1,5,1,0
42,42,13,324.6,7,221.3,8.47922801276,9,3,1,6,1,0
43,43,13,332.1,7,220.8,7.77663331018,9,3,1,6,1,0
44,44,13,335.1,7,223.4,7.99824499981,9,3,1,6,1,0
45,45,13,339.4,8,252.1,8.19516743153,9,3,1,7,1,0
46,46,13,335.4,8,253.7,8.82213126178,9,3,1,7,1,0
47,47,13,338.5,8,253.3,8.7363740058,9,3,1,7,1,0
48,48,13,339.0,8,256.5,8.89851615403,9,3,1,7,1,0
49,49,13,330.1,8,248.3,8.57160637789,9,3,1,7,1,0
50,50,13,328.5,7,223.2,8.73053879737,9,3,1,6,1,0
51,51,13,330.1,8,249.4,8.61156795039,9,3,1,7,1,0
52,52,13,333.7,8,250.5,8.51972071289,9,3,1,7,1,0
53,53,13,333.4,7,227.4,8.80554894982,9,3,1,6,1,0
54,54,13,320.3,6,192.9,8.46685089644,9,3,1,5,1,0
55,55,13,322.9,7,217.4,8.22197649205,9,3,1,6,1,0
56,56,13,334.7,8,249.8,8.38208559813,9,3,1,7,1,0
57,57,14,343.3,8,251.4,9.36410319099,9,4,1,7,1,0
58,58,14,347.3,8,253.8,9.32098247427,9,4,1,7,1,0
59,59,14,351.8,8,257.6,9.55819652859,9,4,1,7,1,0
60,60,14,349.6,8,254.2,9.00157495377,9,4,1,7,1,0
61,61,14,336.0,7,223.7,8.77312329263,9,4,1,6,1,0
62,62,14,337.8,7,228.2,9.47599627979,9,4,1,6,1,0
63,63,14,331.1,7,219.4,8.59004343143,10,3,1,6,1,0
64,64,14,335.9,7,223.1,8.85902098131,10,3,1,6,1,0
65,65,14,335.5,6,194.4,8.46182442074,10,3,1,5,1,0
66,66,15,340.0,7,215.0,8.32102901146,10,4,1,6,1,0
67,67,14,322.0,6,188.1,8.24079906506,9,4,1,5,1,0
68,68,14,320.4,6,188.3,8.13102861719,9,4,1,5,1,0
69,69,14,308.4,6,181.1,7.65982813338,9,4,1,5,1,0
70,70,14,312.4,6,183.7,7.90081370131,9,4,1,5,1,0
71,71,1,24.5,0,0,,1,0,0,0,0,0
72,72,6,204.8,6,204.8,4.05495581562,2,2,2,2,2,2
73,73,12,338.4,7,218.0,5.15716624091,6,4,2,3,2,2
74,74,17,464.4,10,311.2,6.41709000386,9,5,3,3,4,3
75,75,15,419.5,10,316.3,7.10409003589,8,4,3,4,3,3
76,76,15,416.9,9,288.1,7.13366932898,8,4,3,3,3,3
77,77,16,443.3,10,309.3,6.54435825731,8,5,3,3,4,3
78,78,15,421.8,10,309.9,6.7186520757,8,4,3,4,3,3
79,79,15,427.0,10,316.1,6.99823106901,8,4,3,5,3,2
80,80,15,417.1,11,335.6,6.38753995421,8,4,3,5,3,3
