,e_id,num_sat,sum_snr,num_sat_25,sum_snr_25,snr_std,elev_0_30,elev_30_60,elev_60_90,elev_0_30_25,elev_30_60_25,elev_60_90_25
1,1,5,143.7,4,120.5,3.73804761874,3,2,0,3,1,0
2,2,5,147.7,5,147.7,2.67824569448,3,2,0,3,2,0
3,3,5,142.2,4,118.6,5.44912837067,3,2,0,3,1,0
4,4,5,118.8,1,31.4,4.44780844911,3,2,0,1,0,0
5,5,5,141.2,5,141.2,2.34371499974,3,2,0,3,2,0
6,6,5,138.9,4,119.3,4.71402163763,3,2,0,2,2,0
7,7,5,145.5,3,98.8,5.52946652038,3,2,0,2,1,0
8,8,5,141.1,3,99.6,6.92437722831,3,2,0,2,1,0
9,9,5,137.6,3,98.7,7.7276775295,3,2,0,2,1,0
10,10,5,143.1,4,123.7,6.55377753666,3,2,0,3,1,0
11,11,5,141.6,3,100.8,7.54930460374,3,2,0,2,1,0
12,12,5,143.5,3,100.4,6.74462749157,3,2,0,2,1,0
13,13,5,144.4,3,101.6,7.02972261188,3,2,0,2,1,0
14,14,5,138.4,3,94.1,5.95079826578,3,2,0,2,1,0
15,15,5,136.7,3,91.4,4.67471924291,3,2,0,2,1,0
16,16,5,140.0,3,92.1,5.01248441394,3,2,0,2,1,0
17,17,5,141.4,4,119.3,3.93344632606,3,2,0,2,2,0
18,18,5,139.1,4,115.7,3.08901278728,3,2,0,2,2,0
19,19,5,128.4,2,59.4,4.36084854128,3,2,0,1,1,0
20,20,6,153.0,3,85.8,4.44342210464,4,2,0,1,2,0
21,21,6,153.0,3,87.0,4.60912139133,4,2,0,1,2,0
22,22,6,150.8,3,88.0,5.46504040851,4,2,0,1,2,0
23,23,7,176.9,3,88.7,4.72783046993,5,2,0,1,2,0
24,24,7,180.0,3,90.6,4.75689975069,5,2,0,1,2,0
25,25,7,191.4,4,123.3,5.13707346741,5,2,0,2,2,0
26,26,8,224.7,5,158.9,6.19756576638,7,1,0,4,1,0
27,27,13,313.4,5,146.7,5.17324230028,7,5,1,5,0,0
28,28,13,310.7,5,147.8,5.58927544499,7,5,1,4,1,0
29,29,13,305.1,4,120.3,5.99616330323,7,5,1,3,1,0
30,30,13,305.9,4,122.5,6.22018014415,7,5,1,3,1,0
31,31,13,301.1,5,146.5,5.91263315023,7,5,1,4,1,0
32,32,13,309.6,5,146.2,5.57641553836,7,5,1,3,2,0
33,33,13,316.6,6,179.2,6.49276717903,7,5,1,5,1,0
34,34,13,319.9,6,182.8,6.37448841587,7,5,1,4,2,0
35,35,14,355.3,6,192.6,6.81177471187,8,5,1,5,1,0
36,36,14,345.0,8,234.3,6.17572347499,8,5,1,5,3,0
37,37,14,337.6,6,177.1,6.02390840962,8,5,1,4,2,0
38,38,14,345.2,8,232.3,6.17572347499,8,5,1,5,3,0
39,39,14,317.8,4,119.8,6.0202223317,8,5,1,3,1,0
40,40,14,335.3,4,134.3,7.09688447354,8,5,1,3,1,0
41,41,14,343.2,6,187.8,7.36946476951,8,5,1,4,2,0
42,42,14,339.2,6,195.2,8.30110544737,8,5,1,4,2,0
43,43,14,334.4,6,191.5,8.14331789712,8,5,1,5,1,0
44,44,14,337.7,6,190.5,7.81971655707,8,5,1,5,1,0
45,45,14,337.0,7,216.6,8.1904661811,8,5,1,6,1,0
46,46,14,330.9,5,164.6,8.40316855467,8,5,1,5,0,0
47,47,14,346.4,6,194.2,7.60755841614,8,5,1,5,1,0
48,48,14,330.5,5,161.1,7.16288127305,8,5,1,4,1,0
49,49,14,337.6,5,163.1,7.45673233681,8,5,1,4,1,0
50,50,14,336.5,5,166.2,7.85832308818,8,5,1,4,1,0
51,51,14,334.2,6,195.4,8.60468821868,8,5,1,4,2,0
52,52,14,344.3,7,220.9,8.13846179813,8,5,1,5,2,0
53,53,15,366.1,7,224.1,8.11246542292,9,5,1,5,2,0
54,54,15,362.0,7,224.0,8.44060480794,9,5,1,5,2,0
55,55,15,361.0,6,199.0,8.49316251604,9,5,1,4,2,0
56,56,15,364.8,7,223.5,8.22159178192,9,5,1,5,2,0
57,57,15,370.9,7,221.1,7.71737063538,9,5,1,5,2,0
58,58,15,364.3,7,220.4,7.81700222653,9,5,1,5,2,0
59,59,15,359.5,7,223.2,8.5379544779,9,5,1,5,2,0
60,60,15,355.7,7,223.1,8.68602051465,9,5,1,5,2,0
61,61,15,351.5,7,222.8,9.14593326228,9,5,1,5,2,0
62,62,15,342.9,7,221.7,9.3330289066,9,5,1,5,2,0
63,63,15,342.9,7,220.8,9.17222515455,9,5,1,5,2,0
64,64,15,341.3,7,219.6,9.19610683672,9,5,1,5,2,0
65,65,16,375.5,8,253.9,9.30453070642,10,5,1,6,2,0
66,66,16,370.5,8,253.3,9.44901890851,10,5,1,6,2,0
67,67,17,380.4,6,195.6,8.80493678369,11,5,1,6,0,0
68,68,18,400.6,6,190.6,8.24437221398,12,5,1,5,1,0
69,69,18,399.1,6,193.6,8.40257702456,12,5,1,5,1,0
70,70,18,412.8,8,249.5,8.49823511089,12,5,1,5,3,0
71,71,18,388.9,7,205.2,7.18883711632,12,5,1,4,3,0
72,72,18,377.9,5,147.2,6.4383476344,12,5,1,3,2,0
73,73,18,381.9,4,119.1,6.09476631796,12,5,1,3,1,0
74,74,18,397.7,6,183.4,6.91660170062,12,5,1,4,2,0
75,75,18,399.0,7,211.9,7.5371238078,12,5,1,5,2,0
76,76,18,406.6,8,240.8,7.9820304721,12,5,1,6,2,0
77,77,18,387.3,5,167.1,8.45863638016,12,5,1,3,2,0
78,78,18,396.1,5,167.5,8.26313373273,12,5,1,3,2,0
79,79,18,409.4,6,194.2,7.90236168885,12,5,1,4,2,0
80,80,18,419.3,6,193.3,7.53981371452,12,5,1,4,2,0
81,81,18,416.3,6,192.6,7.52023197042,12,5,1,4,2,0
82,82,18,400.7,6,188.3,7.73799935299,12,5,1,4,2,0
83,83,18,399.5,4,137.3,7.66807531816,12,5,1,3,1,0
84,84,18,415.1,6,192.1,7.68919324835,12,5,1,5,1,0
85,85,18,416.9,7,221.4,8.10135347362,12,5,1,5,2,0
86,86,18,413.3,7,219.2,8.13757724379,12,5,1,5,2,0
87,87,19,419.9,7,213.3,8.10932248163,13,5,1,5,2,0
88,88,20,456.5,8,250.5,8.36715854429,13,6,1,5,3,0
89,89,20,467.8,9,280.1,8.52055718465,13,6,1,6,3,0
90,90,20,457.8,8,244.8,8.13393799881,13,6,1,6,2,0
91,91,20,453.4,8,246.5,8.33098844202,13,6,1,6,2,0
92,92,20,480.4,9,284.6,8.20549238396,12,7,1,6,3,0
93,93,20,472.3,8,252.0,7.7283670911,12,7,1,6,2,0
94,94,20,467.6,7,226.5,7.77726781954,12,7,1,5,2,0
95,95,21,478.5,7,226.7,7.89754934865,14,6,1,5,2,0
96,96,20,457.8,7,221.6,7.60331645091,13,6,1,5,2,0
97,97,20,455.1,7,212.5,6.79957235497,13,6,1,5,2,0
98,98,20,447.4,7,209.8,6.62372927237,13,6,1,5,2,0
99,99,20,434.4,7,204.6,6.68065549888,13,6,1,5,2,0
100,100,20,437.1,7,206.8,6.83254402801,13,6,1,5,2,0
101,101,20,439.6,7,210.8,6.94403189418,13,6,1,5,2,0
102,102,20,443.0,7,211.7,6.92299752541,13,6,1,5,2,0
103,103,20,431.9,7,203.1,6.51019241368,13,6,1,5,2,0
104,104,20,435.5,7,205.4,6.66616555134,13,6,1,5,2,0
105,105,20,436.7,6,180.1,6.63398546561,13,6,1,4,2,0
106,106,20,434.0,6,177.9,6.56056801135,13,6,1,4,2,0
107,107,20,436.7,7,201.4,6.56002848197,13,6,1,5,2,0
108,108,21,443.2,5,149.8,6.59457930352,14,6,1,3,2,0
109,109,21,447.7,6,178.4,6.76170237792,14,6,1,4,2,0
110,110,21,471.3,6,196.3,7.55351384645,14,6,1,4,2,0
111,111,21,468.0,6,198.0,7.786802021,14,6,1,4,2,0
112,112,21,464.5,6,192.9,7.51429431468,14,6,1,4,2,0
113,113,21,461.1,6,195.7,7.75174634702,14,6,1,4,2,0
114,114,21,464.6,7,220.8,7.95090590825,14,6,1,4,3,0
115,115,21,459.8,6,195.5,7.97630717754,14,6,1,4,2,0
116,116,21,464.0,7,221.8,7.87765677029,14,6,1,4,3,0
117,117,21,465.4,7,221.7,7.77383278637,14,6,1,4,3,0
118,118,21,463.3,7,222.2,7.88330363429,14,6,1,4,3,0
119,119,21,451.2,8,245.6,8.17479575979,14,6,1,5,3,0
120,120,21,449.1,7,219.3,8.16322765297,14,6,1,4,3,0
121,121,21,459.5,7,221.0,7.9394344287,14,6,1,4,3,0
122,122,21,466.1,8,247.8,7.99584118092,14,6,1,5,3,0
123,123,21,464.5,8,250.1,8.18368004309,14,6,1,5,3,0
124,124,21,464.0,8,246.5,7.759798721,14,6,1,5,3,0
125,125,21,437.1,7,199.7,6.77268674267,14,6,1,4,3,0
126,126,21,428.5,5,142.4,6.20423050752,14,6,1,3,2,0
127,127,21,433.9,6,178.5,7.09545461479,14,6,1,4,2,0
128,128,21,427.6,5,151.6,6.83033499841,14,6,1,4,1,0
129,129,21,438.2,5,157.4,7.41123021727,14,6,1,4,1,0
130,130,21,445.0,7,206.3,7.28868333527,14,6,1,5,2,0
131,131,21,450.3,7,205.1,6.61691555247,14,6,1,4,3,0
132,132,21,478.5,8,241.5,6.93940096221,14,6,1,5,3,0
133,133,21,478.1,7,220.8,7.40468320277,14,6,1,5,2,0
134,134,21,468.9,9,267.1,7.40737084647,14,6,1,5,4,0
135,135,20,461.3,7,225.6,7.76654600463,13,6,1,5,2,0
136,136,20,464.5,7,217.5,6.80215716558,13,6,1,6,1,0
137,137,20,474.4,8,250.3,7.21654531724,13,6,1,6,2,0
138,138,20,477.3,8,244.3,6.6668287261,13,6,1,6,2,0
139,139,20,466.5,8,240.5,6.56144039065,13,6,1,6,2,0
140,140,21,483.9,10,289.7,6.67447162168,13,7,1,7,3,0
141,141,20,463.0,7,215.7,7.02323212443,13,6,1,5,2,0
142,142,20,466.4,8,241.8,7.05934244739,13,6,1,5,3,0
143,143,20,479.6,8,245.7,6.97300056232,13,6,1,6,2,0
144,144,20,472.9,8,248.1,7.13689266012,13,6,1,6,2,0
145,145,20,476.1,8,248.7,7.15361336742,13,6,1,6,2,0
146,146,20,472.7,9,277.3,7.53037882601,13,6,1,6,3,0
147,147,20,475.6,8,249.6,7.06992146163,13,6,1,6,2,0
148,148,21,481.8,9,274.8,7.62892990062,14,6,1,7,2,0
149,149,21,478.8,7,212.9,6.34082013623,14,6,1,5,2,0
150,150,21,476.3,7,208.8,6.05100149129,14,6,1,4,3,0
151,151,21,470.3,8,234.1,6.14641978639,14,6,1,5,3,0
152,152,21,474.4,8,236.9,6.31291571003,14,6,1,5,3,0
153,153,21,467.3,8,237.0,6.58419463926,14,6,1,5,3,0
154,154,22,480.7,8,234.1,6.49628098735,14,7,1,5,3,0
155,155,22,479.9,6,183.1,6.61501146056,14,7,1,4,2,0
156,156,22,497.4,9,266.6,6.90871837683,14,7,1,6,3,0
157,157,22,519.9,9,277.8,7.19526208951,14,7,1,6,3,0
158,158,22,507.5,8,247.7,7.22142225562,14,7,1,6,2,0
159,159,21,486.6,8,243.7,6.98878693746,14,6,1,5,3,0
160,160,21,481.9,8,242.6,7.07422215142,14,6,1,5,3,0
161,161,21,483.6,8,243.3,6.96851080627,14,6,1,5,3,0
162,162,21,478.8,9,271.5,7.34908157527,14,6,1,6,3,0
163,163,21,463.8,7,208.8,6.50217546013,14,6,1,4,3,0
164,164,21,467.9,9,266.2,7.07005085184,14,6,1,6,3,0
165,165,21,457.8,9,271.6,7.72321176713,14,6,1,6,3,0
166,166,21,463.7,10,290.7,7.50890265269,14,6,1,7,3,0
167,167,21,458.8,10,288.1,7.25869265416,14,6,1,7,3,0
168,168,21,445.3,9,252.6,6.74851659185,14,6,1,6,3,0
169,169,21,457.3,8,239.3,7.46538041642,14,6,1,5,3,0
170,170,21,470.0,9,269.5,7.63528775146,14,6,1,6,3,0
171,171,21,484.4,7,218.7,6.90509473746,14,6,1,5,2,0
172,172,21,490.3,9,279.2,7.46978038818,14,6,1,6,3,0
173,173,21,512.9,10,311.4,7.51205063627,14,6,1,6,4,0
174,174,21,500.1,8,245.0,6.5629479439,14,6,1,5,3,0
175,175,21,488.9,7,215.3,6.39723526593,14,6,1,5,2,0
176,176,21,495.3,8,242.2,6.33634640106,14,6,1,5,3,0
177,177,21,481.0,7,197.7,5.23158448183,14,6,1,4,3,0
178,178,21,464.8,7,197.1,5.57748449871,14,6,1,4,3,0
179,179,21,474.5,7,204.3,6.08099302668,14,6,1,5,2,0
180,180,21,474.8,6,189.7,6.78482901494,14,6,1,3,3,0
181,181,21,480.1,6,191.6,6.85029022673,14,6,1,3,3,0
182,182,21,474.7,7,222.2,7.63364108342,14,6,1,4,3,0
183,183,21,474.8,8,250.7,7.86644168363,14,6,1,5,3,0
184,184,21,482.8,8,251.0,7.79524885824,14,6,1,5,3,0
185,185,21,479.7,7,224.0,7.71845654445,14,6,1,4,3,0
186,186,21,487.3,9,278.4,7.62544924516,14,6,1,6,3,0
187,187,21,484.1,8,251.9,7.5232718313,14,6,1,5,3,0
188,188,21,492.2,8,253.9,7.52153416468,14,6,1,5,3,0
189,189,21,505.6,8,255.5,7.44640213539,14,6,1,5,3,0
190,190,21,484.6,7,221.4,7.25602541078,14,6,1,5,2,0
191,191,21,487.8,7,214.8,6.37457001351,14,6,1,5,2,0
192,192,21,475.5,6,182.0,6.15358199983,14,6,1,4,2,0
193,193,21,479.9,8,232.8,6.18284878091,14,6,1,6,2,0
194,194,21,483.1,7,206.2,5.88960747338,14,6,1,5,2,0
195,195,21,483.3,9,260.1,6.14729905847,14,6,1,6,3,0
196,196,21,486.5,7,212.4,6.10412428882,14,6,1,4,3,0
197,197,21,489.4,6,182.7,5.82627464084,14,6,1,3,3,0
198,198,21,494.1,8,229.7,5.10285634299,14,6,1,5,3,0
199,199,21,488.7,6,177.5,4.9957124474,14,6,1,3,3,0
200,200,21,489.9,5,151.9,4.99691333296,14,6,1,3,2,0
201,201,21,500.4,8,234.4,5.39677152167,14,6,1,6,2,0
202,202,21,479.6,8,234.8,6.03493796078,14,6,1,6,2,0
203,203,21,497.2,7,210.5,5.55165783905,14,6,1,5,2,0
204,204,21,492.9,7,212.1,5.61837546424,14,6,1,5,2,0
205,205,21,488.0,7,212.2,5.81854588282,14,6,1,5,2,0
206,206,21,504.9,7,221.5,6.30496403071,14,6,1,5,2,0
207,207,21,484.6,6,186.8,5.9611160668,14,6,1,5,1,0
208,208,21,485.3,5,167.1,6.46110708485,14,6,1,4,1,0
209,209,21,480.5,9,261.6,6.08503237852,14,6,1,6,3,0
210,210,21,489.7,8,241.7,6.19601638536,14,6,1,6,2,0
211,211,22,497.9,8,236.4,5.97609415076,14,7,1,5,3,0
212,212,22,490.7,8,236.8,6.34706360849,14,7,1,5,3,0
213,213,22,499.1,7,213.4,6.18056057363,14,7,1,5,2,0
214,214,22,484.7,7,206.8,6.14006253758,14,7,1,5,2,0
215,215,22,473.8,7,208.1,6.32421991836,14,7,1,5,2,0
216,216,22,482.3,7,213.7,6.70976061018,14,7,1,4,3,0
217,217,22,491.3,7,212.5,6.44355612875,14,7,1,4,3,0
218,218,22,489.3,7,215.0,6.91738039399,14,7,1,4,3,0
219,219,22,485.3,7,207.2,6.21615859721,14,7,1,4,3,0
220,220,22,498.8,8,248.1,7.03989866121,14,7,1,5,3,0
221,221,22,506.5,8,237.4,6.41545246285,14,7,1,5,3,0
222,222,22,503.5,9,259.6,6.30753860789,14,7,1,5,4,0
223,223,22,481.8,8,230.2,6.31950872111,14,7,1,5,3,0
224,224,22,494.2,9,261.4,6.53806039787,14,7,1,6,3,0
225,225,22,488.3,7,209.7,6.61394466784,14,7,1,4,3,0
226,226,22,500.9,8,244.3,6.90792411542,14,7,1,6,2,0
227,227,22,495.9,9,274.6,7.37935724978,14,7,1,6,3,0
228,228,22,503.1,9,276.1,7.3325358677,14,7,1,6,3,0
229,229,22,513.6,10,303.1,7.07165551256,14,7,1,7,3,0
230,230,22,515.5,10,303.6,7.1690728871,14,7,1,7,3,0
231,231,22,508.1,9,268.4,6.69694153879,14,7,1,7,2,0
232,232,22,509.2,8,243.0,6.52115438749,14,7,1,6,2,0
233,233,22,500.8,7,203.9,5.13257991885,14,7,1,4,3,0
234,234,22,508.8,9,260.6,5.72922182185,14,7,1,6,3,0
235,235,22,518.5,10,296.3,6.32706855793,14,7,1,7,3,0
236,236,22,521.4,9,266.4,5.96920669532,14,7,1,6,3,0
237,237,21,511.6,8,248.5,6.44030093943,14,6,1,4,4,0
238,238,22,516.9,9,264.5,5.87314122755,14,7,1,6,3,0
239,239,22,513.6,7,210.2,5.63828133833,14,7,1,5,2,0
240,240,22,478.5,6,179.2,5.76836611347,14,7,1,4,2,0
241,241,22,478.4,7,203.8,5.92562853992,14,7,1,4,3,0
242,242,22,477.5,8,230.1,5.83099087167,14,7,1,4,4,0
243,243,22,477.9,8,231.4,6.09081524125,14,7,1,4,4,0
244,244,22,492.5,7,211.8,6.15299349945,14,7,1,4,3,0
245,245,22,488.1,7,208.3,6.07220799683,14,7,1,4,3,0
246,246,22,481.1,8,231.6,6.16722414703,14,7,1,5,3,0
247,247,22,465.0,8,232.4,6.70554464636,14,7,1,5,3,0
248,248,21,468.6,6,186.7,6.8639118376,14,6,1,3,3,0
249,249,21,451.0,7,204.4,6.63165927667,14,6,1,3,4,0
250,250,21,444.5,6,180.6,6.63651514979,14,6,1,3,3,0
251,251,21,440.1,7,207.3,7.01972730443,14,6,1,4,3,0
252,252,21,434.0,6,178.8,6.77947883936,14,6,1,3,3,0
253,253,21,448.1,6,186.9,7.12351571841,14,6,1,3,3,0
254,254,21,451.3,6,188.7,7.16351204102,14,6,1,3,3,0
255,255,21,449.0,7,210.6,7.04830611194,14,6,1,4,3,0
256,256,21,442.4,7,207.2,6.99473611606,14,6,1,4,3,0
257,257,21,435.7,6,179.8,6.8032065269,14,6,1,3,3,0
258,258,22,464.4,5,165.4,7.81341392923,14,7,1,3,2,0
259,259,21,472.4,6,197.4,8.06817675751,14,6,1,4,2,0
260,260,21,495.2,8,261.0,8.47269845136,14,6,1,5,3,0
261,261,5,166.4,5,166.4,1.55306149267,1,4,0,1,4,0
262,262,11,315.7,10,291.2,3.06169887481,4,7,0,3,7,0
263,263,14,395.8,10,303.0,4.39832635502,6,7,1,2,7,1
264,264,15,418.0,11,336.5,5.78108574413,7,7,1,4,6,1
265,265,16,414.7,8,245.6,5.70978327084,8,7,1,3,4,1
266,266,17,432.5,9,264.9,5.47506379227,9,7,1,4,4,1
267,267,17,416.8,8,239.0,6.20566629119,9,7,1,3,4,1
268,268,17,429.6,8,247.2,6.32087461372,9,7,1,3,4,1
269,269,17,418.0,6,187.9,5.77579890069,9,7,1,2,4,0
270,270,18,444.6,10,284.1,5.04823789875,10,7,1,4,5,1
271,271,18,442.4,9,260.8,5.56972441557,10,7,1,3,5,1
272,272,19,478.4,8,250.2,6.02896517262,11,7,1,2,5,1
273,273,19,498.6,11,332.0,5.75686216513,11,7,1,4,6,1
274,274,19,501.9,11,337.4,5.80366389619,11,7,1,4,6,1
275,275,19,494.8,11,336.8,6.1354449073,11,7,1,4,6,1
276,276,19,499.8,11,341.1,6.42706721471,11,7,1,4,6,1
277,277,19,514.7,12,374.4,6.66040495406,11,7,1,5,6,1
278,278,20,537.1,12,372.7,6.33947324725,12,7,1,5,6,1
