,e_id,num_sat,sum_snr,num_sat_25,sum_snr_25,num_sat_u20,sum_sat_u20,snr_std,elev_0_30,elev_30_60,elev_60_90,sum_elev_0_30,sum_elev_30_60,sum_elev_60_90,elev_0_30_25,elev_30_60_25,elev_60_90_25,sum_elev_0_30_25,sum_elev_30_60_25,sum_elev_60_90_25
1,1,14,362.4,6,205.7,3,47.6,8.40190977767,7,5,2,139.5,156.0,66.9,0,4,2,0,138.8,66.9
2,2,15,391.6,7,231.7,2,30.4,7.68193304046,8,5,2,166.3,157.0,68.3,1,4,2,28.9,134.5,68.3
3,3,15,397.4,7,239.7,3,47.1,8.51531952816,8,5,2,164.4,158.5,74.5,1,4,2,29.8,135.4,74.5
4,4,15,398.1,7,242.8,4,65.5,8.61641290959,8,5,2,163.5,161.4,73.2,1,4,2,31.0,138.6,73.2
5,5,15,390.6,7,240.4,5,83.8,8.70458007521,8,5,2,159.4,159.5,71.7,1,4,2,30.6,138.1,71.7
6,6,15,397.0,7,239.1,5,90.5,8.2562242033,8,5,2,164.6,160.8,71.6,1,4,2,30.4,137.1,71.6
7,7,15,400.1,7,236.9,3,52.8,7.90682044338,8,5,2,170.2,158.3,71.6,1,4,2,31.0,134.3,71.6
8,8,15,389.8,6,210.2,5,91.2,8.12138857468,8,5,2,166.6,151.1,72.1,1,3,2,29.8,108.3,72.1
9,9,15,381.5,6,209.4,5,86.5,8.47042473776,8,5,2,160.2,149.2,72.1,1,3,2,30.5,106.8,72.1
10,10,15,382.4,6,210.4,6,102.1,8.66952516962,8,5,2,160.9,147.9,73.6,1,3,2,32.0,104.8,73.6
11,11,15,376.6,6,213.9,7,119.9,9.31607417828,8,5,2,154.8,146.8,75.0,1,3,2,31.1,107.8,75.0
12,12,15,376.9,6,213.9,7,118.3,9.45466375217,8,5,2,157.5,143.8,75.6,1,3,2,31.0,107.3,75.6
13,13,15,378.9,6,212.4,6,102.1,9.03270249071,8,5,2,154.6,149.6,74.7,1,3,2,30.7,107.0,74.7
14,14,15,388.5,6,214.8,6,106.2,8.90962561343,8,5,2,159.0,153.5,76.0,1,3,2,30.9,107.9,76.0
15,15,15,379.6,7,238.5,7,120.5,9.32159295604,8,5,2,152.7,152.8,74.1,1,4,2,30.1,134.3,74.1
16,16,16,393.4,6,213.4,8,135.8,9.28129840055,9,5,2,172.0,146.9,74.5,1,3,2,31.0,107.9,74.5
17,17,16,392.4,6,216.7,9,155.2,9.62181549051,9,5,2,168.4,148.1,75.9,1,3,2,31.7,109.1,75.9
18,18,16,394.6,6,216.1,8,136.2,9.50058770112,9,5,2,176.0,142.6,76.0,1,3,2,31.9,108.2,76.0
19,19,16,393.1,6,214.8,8,135.9,9.37178166981,9,5,2,174.8,142.4,75.9,1,3,2,31.7,107.2,75.9
20,20,16,390.6,6,212.8,8,134.8,9.27411271587,9,5,2,174.6,140.4,75.6,1,3,2,30.9,106.3,75.6
21,21,16,405.0,6,211.0,6,103.0,8.5228223025,9,5,2,186.1,143.6,75.3,1,3,2,30.9,104.8,75.3
22,22,16,397.9,6,208.5,7,121.7,8.45582392989,9,5,2,177.9,146.1,73.9,1,3,2,31.7,102.9,73.9
23,23,16,405.4,7,244.4,9,161.0,9.09980769028,9,5,2,176.0,155.6,73.8,1,4,2,34.4,136.2,73.8
24,24,16,407.0,6,215.2,7,125.6,8.76636564756,9,5,2,180.4,152.1,74.5,1,3,2,33.4,107.3,74.5
25,25,16,402.8,7,242.3,9,160.5,9.24658495518,9,5,2,175.2,152.5,75.1,1,4,2,32.7,134.5,75.1
26,26,16,412.9,7,246.7,7,125.6,9.10915061902,9,5,2,180.1,157.6,75.2,1,4,2,33.3,138.2,75.2
27,27,16,411.5,7,247.2,7,123.3,9.37359545034,9,5,2,178.2,157.7,75.6,1,4,2,33.3,138.3,75.6
28,28,16,416.3,7,248.4,7,126.6,9.1395272489,9,5,2,181.4,158.3,76.6,1,4,2,32.9,138.9,76.6
29,29,16,409.2,7,248.2,8,140.6,9.53970649444,9,5,2,175.4,157.3,76.5,1,4,2,32.3,139.4,76.5
30,30,16,405.2,7,246.3,8,137.5,9.54934552731,9,5,2,171.9,157.2,76.1,1,4,2,32.2,138.0,76.1
31,31,16,406.8,7,246.0,7,119.2,9.42135871305,9,5,2,173.7,157.2,75.9,1,4,2,30.9,139.2,75.9
32,32,16,398.6,7,241.9,7,113.3,9.5345599444,9,5,2,166.8,156.8,75.0,1,4,2,28.1,138.8,75.0
33,33,16,394.6,7,234.2,6,95.4,8.91095767394,9,5,2,169.2,152.0,73.4,1,4,2,26.8,134.0,73.4
34,34,16,391.9,7,240.4,9,151.5,9.6688826483,9,5,2,161.1,156.5,74.3,1,4,2,25.6,140.5,74.3
35,35,15,377.2,6,213.9,6,100.2,9.29968253426,8,5,2,142.4,160.6,74.2,0,4,2,0,139.7,74.2
36,36,15,382.4,6,216.8,6,100.0,9.46644198258,8,5,2,143.1,165.1,74.2,0,4,2,0,142.6,74.2
37,37,15,381.8,7,239.7,7,121.0,9.18234849096,8,5,2,142.1,167.4,72.3,0,5,2,0,167.4,72.3
38,38,16,404.5,6,208.4,5,85.5,8.199773879,9,5,2,171.3,162.7,70.5,0,4,2,0,137.9,70.5
39,39,16,406.0,6,209.9,6,102.9,8.36169839207,9,5,2,171.3,162.3,72.4,0,4,2,0,137.5,72.4
40,40,16,402.6,7,231.8,6,102.8,8.12936036844,9,5,2,171.9,161.2,69.5,1,4,2,25.9,136.4,69.5
41,41,16,402.2,7,237.4,7,119.9,8.54961012756,9,5,2,173.7,155.6,72.9,1,4,2,27.6,136.9,72.9
42,42,16,409.1,7,239.7,6,106.5,8.1937145626,9,5,2,181.5,155.3,72.3,1,4,2,30.8,136.6,72.3
43,43,16,413.5,7,244.3,6,105.2,8.69060556003,9,5,2,181.0,159.1,73.4,1,4,2,30.5,140.4,73.4
44,44,16,406.0,7,244.2,7,119.8,9.11054334274,9,5,2,172.2,160.6,73.2,1,4,2,30.4,140.6,73.2
45,45,16,413.3,7,245.4,6,104.9,8.82260118484,9,5,2,175.3,164.3,73.7,1,4,2,29.9,141.8,73.7
46,46,16,423.4,7,248.8,6,111.1,8.65423788287,9,5,2,183.5,165.5,74.4,1,4,2,30.6,143.8,74.4
47,47,16,423.0,7,249.6,7,130.0,8.77708189928,9,5,2,181.9,166.3,74.8,1,4,2,31.7,143.1,74.8
48,48,16,420.8,8,266.1,6,112.9,7.6143723751,9,5,2,187.6,162.8,70.4,1,5,2,32.9,162.8,70.4
49,49,16,423.0,8,273.2,6,108.0,8.52907771489,9,5,2,182.3,165.8,74.9,1,5,2,32.5,165.8,74.9
50,50,16,418.8,7,246.2,6,108.7,8.52678133882,9,5,2,185.2,159.2,74.4,1,4,2,32.1,139.7,74.4
51,51,16,417.8,7,250.4,5,82.6,9.17350351102,9,5,2,178.0,165.1,74.7,1,4,2,33.3,142.4,74.7
52,52,16,406.1,7,244.3,8,141.3,9.05841919616,9,5,2,176.2,154.5,75.4,1,4,2,34.1,134.8,75.4
53,53,16,411.8,7,242.5,6,107.6,8.4048299606,9,5,2,181.9,155.8,74.1,1,4,2,33.7,134.7,74.1
54,54,16,410.0,7,246.0,7,121.6,9.07226542822,9,5,2,176.1,159.1,74.8,1,4,2,33.1,138.1,74.8
55,55,16,412.0,7,249.2,8,142.5,9.22778413272,9,5,2,176.8,161.8,73.4,1,4,2,34.3,141.5,73.4
56,56,16,413.5,7,248.7,5,82.2,9.25915537905,9,5,2,177.2,163.4,72.9,1,4,2,34.2,141.6,72.9
57,57,16,424.6,7,250.1,5,90.5,8.78224534691,9,5,2,187.6,163.7,73.3,1,4,2,34.1,142.7,73.3
58,58,17,431.0,7,250.1,7,117.0,9.42961542476,10,5,2,194.7,162.8,73.5,1,4,2,33.8,142.8,73.5
59,59,17,430.7,7,249.6,7,117.4,9.32033671444,10,5,2,193.6,163.6,73.5,1,4,2,33.5,142.6,73.5
60,60,17,434.5,7,249.4,6,97.1,9.27160037585,10,5,2,194.8,165.3,74.4,1,4,2,32.4,142.6,74.4
61,61,17,439.5,7,251.0,7,119.2,9.18947207726,10,5,2,196.7,168.4,74.4,1,4,2,32.5,144.1,74.4
62,62,17,428.3,7,250.2,8,131.6,9.62155591551,10,5,2,188.3,165.1,74.9,1,4,2,32.1,143.2,74.9
63,63,17,433.9,7,244.6,6,100.1,8.72686437185,10,5,2,199.8,159.9,74.2,1,4,2,31.4,139.0,74.2
64,64,17,437.1,8,272.1,7,120.1,8.78129278302,10,5,2,200.9,161.8,74.4,2,4,2,56.9,140.8,74.4
65,65,17,445.0,8,277.8,6,100.6,8.97270370427,10,5,2,200.3,170.1,74.6,1,5,2,33.1,170.1,74.6
66,66,17,413.3,8,258.9,8,132.7,8.3352326267,10,5,2,188.4,164.2,60.7,1,5,2,34.0,164.2,60.7
67,67,17,427.1,8,267.6,6,92.2,8.97340023429,10,5,2,192.5,169.9,64.7,1,5,2,33.0,169.9,64.7
68,68,17,440.1,9,302.4,6,93.8,9.36848989652,10,5,2,194.6,175.6,69.9,2,5,2,56.9,175.6,69.9
69,69,17,439.5,9,304.0,7,113.5,9.59857526192,10,5,2,191.6,174.5,73.4,2,5,2,56.1,174.5,73.4
70,70,17,435.0,9,303.1,8,131.9,9.82324299512,10,5,2,186.3,173.7,75.0,2,5,2,54.4,173.7,75.0
71,71,17,438.6,8,277.3,6,93.4,9.67354640243,10,5,2,190.7,172.7,75.2,2,4,2,53.8,148.3,75.2
72,72,17,427.3,8,276.0,7,110.9,9.82197416361,10,5,2,186.4,165.1,75.8,2,4,2,54.7,145.5,75.8
73,73,17,424.5,7,245.7,7,113.4,9.28969622121,10,5,2,188.5,160.8,75.2,1,4,2,28.8,141.7,75.2
74,74,17,424.8,8,269.0,6,92.2,9.20644355553,10,5,2,188.6,160.9,75.3,2,4,2,54.4,139.3,75.3
75,75,17,423.1,8,267.6,7,113.8,8.90518685605,10,5,2,190.6,158.5,74.0,2,4,2,55.8,137.8,74.0
76,76,17,428.8,7,245.4,6,97.1,8.92535219275,10,5,2,193.0,160.8,75.0,1,4,2,31.0,139.4,75.0
77,77,17,424.8,7,248.2,9,153.2,9.41248388796,10,5,2,188.5,160.1,76.2,1,4,2,31.3,140.7,76.2
78,78,17,423.2,7,250.1,9,151.4,9.64556054542,10,5,2,188.0,161.0,74.2,1,4,2,32.6,143.3,74.2
79,79,17,427.4,7,254.2,9,151.8,9.97729039015,10,5,2,189.3,163.0,75.1,1,4,2,34.0,145.1,75.1
80,80,16,408.0,7,253.3,8,133.3,10.0557777753,9,5,2,169.9,163.2,74.9,1,4,2,34.3,144.1,74.9
81,81,16,394.7,7,249.3,9,145.4,10.2583766585,9,5,2,162.4,158.0,74.3,1,4,2,35.2,139.8,74.3
82,82,15,379.7,7,246.7,8,133.0,10.0234629507,8,5,2,149.5,155.9,74.3,1,4,2,34.7,137.7,74.3
83,83,15,372.8,7,242.8,8,130.0,9.86609393447,8,5,2,146.0,153.1,73.7,1,4,2,34.2,134.9,73.7
84,84,16,393.6,7,244.2,9,149.4,9.71781868528,9,5,2,167.0,154.9,71.7,1,4,2,35.8,136.7,71.7
85,85,16,394.1,7,243.5,8,125.9,9.84186423736,9,5,2,171.5,149.4,73.2,1,4,2,35.0,135.3,73.2
86,86,16,397.6,7,241.1,7,114.2,9.33045193618,9,5,2,171.4,153.0,73.2,1,4,2,35.3,132.6,73.2
87,87,16,401.3,7,238.5,7,118.4,8.91382587146,9,5,2,175.2,154.0,72.1,1,4,2,34.9,131.5,72.1
88,88,16,393.0,7,237.3,8,133.3,9.1960045672,9,5,2,168.0,152.8,72.2,1,4,2,34.7,130.4,72.2
89,89,16,398.4,7,238.2,7,116.0,9.1132138495,9,5,2,174.9,150.1,73.4,1,4,2,33.9,130.9,73.4
90,90,16,398.4,6,209.0,6,99.3,8.87671110266,9,5,2,176.7,149.5,72.2,1,3,2,33.6,103.2,72.2
91,91,16,398.2,6,211.5,6,95.1,9.14431517392,9,5,2,171.6,153.7,72.9,1,3,2,32.3,106.3,72.9
92,92,15,382.9,6,211.8,4,62.5,8.96433143604,8,5,2,158.3,151.1,73.5,1,3,2,31.9,106.4,73.5
93,93,15,382.3,7,236.3,5,77.7,9.07877168113,8,5,2,154.9,153.3,74.1,2,3,2,57.1,105.1,74.1
94,94,16,399.0,7,231.8,6,97.5,8.63673356465,9,5,2,171.8,152.4,74.8,1,4,2,29.5,127.5,74.8
95,95,16,387.7,7,232.2,8,134.6,8.86677083272,9,5,2,165.7,147.9,74.1,1,4,2,29.0,129.1,74.1
96,96,16,393.6,7,232.6,6,97.6,8.64862224095,9,5,2,168.8,150.3,74.5,1,4,2,28.8,129.3,74.5
97,97,16,391.1,6,207.9,7,112.1,9.03016934134,9,5,2,161.9,153.2,76.0,1,3,2,27.6,104.3,76.0
98,98,16,388.8,7,232.0,6,93.1,8.8306285167,9,5,2,162.0,152.2,74.6,1,4,2,27.1,130.3,74.6
99,99,16,390.5,7,235.5,6,90.6,9.2404522797,9,5,2,159.0,156.4,75.1,1,4,2,26.7,133.7,75.1
100,100,16,395.4,7,235.5,6,92.2,9.25720440162,9,5,2,162.0,157.6,75.8,1,4,2,26.6,133.1,75.8
101,101,16,391.8,8,262.0,6,88.7,9.55655970176,9,5,2,157.0,159.0,75.8,1,5,2,27.2,159.0,75.8
102,102,16,400.7,7,236.2,6,99.9,8.89456528823,9,5,2,164.5,160.3,75.9,0,5,2,0,160.3,75.9
103,103,16,410.1,7,240.6,5,80.7,8.72648984415,9,5,2,174.1,160.3,75.7,1,4,2,28.7,136.2,75.7
104,104,16,401.2,8,262.3,6,95.7,8.9627004859,9,5,2,167.7,157.8,75.7,1,5,2,28.8,157.8,75.7
105,105,16,409.6,8,266.1,6,98.7,8.81801186965,9,5,2,173.2,161.9,74.5,1,5,2,29.7,161.9,74.5
106,106,16,413.9,8,262.5,5,83.2,8.16910592823,9,5,2,179.4,160.8,73.7,1,5,2,28.0,160.8,73.7
107,107,16,427.5,9,292.4,3,45.6,7.96125775239,9,5,2,191.4,162.6,73.5,2,5,2,56.3,162.6,73.5
108,108,16,425.9,9,292.7,4,65.6,7.90292930923,9,5,2,189.4,163.4,73.1,2,5,2,56.2,163.4,73.1
109,109,16,426.2,9,294.6,3,45.6,8.2278287942,9,5,2,188.6,164.0,73.6,2,5,2,57.0,164.0,73.6
110,110,16,430.4,9,297.3,3,45.6,8.1597385579,9,5,2,191.0,166.8,72.6,2,5,2,57.9,166.8,72.6
111,111,16,433.2,9,297.6,4,65.4,8.12826344717,9,5,2,193.2,167.4,72.6,2,5,2,57.6,167.4,72.6
112,112,16,434.8,10,324.1,3,46.1,8.24099508555,9,5,2,193.6,168.6,72.6,3,5,2,82.9,168.6,72.6
113,113,16,424.0,8,270.1,4,65.1,8.37480348028,9,5,2,188.6,163.0,72.4,2,4,2,59.2,138.5,72.4
114,114,16,420.7,7,241.5,5,85.2,8.23387059651,9,5,2,188.3,160.1,72.3,1,4,2,32.2,137.0,72.3
115,115,16,413.6,8,267.2,6,103.4,8.53151022192,9,5,2,183.5,158.2,71.9,2,4,2,57.4,137.9,71.9
116,116,15,366.5,7,222.9,6,102.3,7.79777135438,8,5,2,154.6,147.7,64.2,1,4,2,30.0,128.7,64.2
117,117,16,396.3,7,230.0,5,81.3,8.1160514825,9,5,2,176.9,154.6,64.8,1,4,2,31.6,133.6,64.8
118,118,16,406.1,7,233.5,4,64.5,7.97548065427,9,5,2,180.0,156.5,69.6,1,4,2,30.5,133.4,69.6
119,119,16,417.5,8,266.0,6,104.6,8.41874644271,9,5,2,182.9,160.4,74.2,1,5,2,31.4,160.4,74.2
120,120,16,419.5,8,269.7,6,106.1,8.54378672877,9,5,2,182.4,162.3,74.8,1,5,2,32.6,162.3,74.8
121,121,16,409.2,8,268.7,7,120.4,8.99166280507,9,5,2,172.1,162.0,75.1,1,5,2,31.6,162.0,75.1
122,122,16,418.7,8,268.0,6,106.0,8.44375262151,9,5,2,181.2,163.5,74.0,1,5,2,30.5,163.5,74.0
123,123,16,412.6,8,265.0,6,104.7,8.45268202012,9,5,2,177.7,160.7,74.2,1,5,2,30.1,160.7,74.2
124,124,16,404.1,8,261.1,6,100.9,8.57406700464,9,5,2,173.3,157.6,73.2,1,5,2,30.3,157.6,73.2
125,125,16,402.3,7,235.4,6,99.3,8.58284869182,9,5,2,173.2,156.0,73.1,1,4,2,30.0,132.3,73.1
126,126,16,395.7,7,236.9,7,115.9,9.00353402837,9,5,2,166.5,156.4,72.8,1,4,2,30.3,133.8,72.8
127,127,16,402.8,7,240.3,7,118.0,8.96589835618,9,5,2,170.8,158.5,73.5,1,4,2,31.2,135.6,73.5
128,128,16,400.0,7,239.6,7,116.7,8.99244127031,9,5,2,168.2,158.5,73.3,1,4,2,30.9,135.4,73.3
129,129,16,409.7,7,241.4,6,100.1,8.8388135516,9,5,2,174.4,161.6,73.7,1,4,2,30.3,137.4,73.7
130,130,16,406.5,7,239.1,5,74.6,9.13071510526,9,5,2,173.2,160.3,73.0,1,4,2,30.3,135.8,73.0
131,131,16,401.5,7,238.2,5,74.4,9.19242215088,9,5,2,169.4,159.3,72.8,1,4,2,30.4,135.0,72.8
132,132,15,386.6,8,261.1,5,82.2,8.47260009566,8,5,2,155.0,160.8,70.8,1,5,2,29.5,160.8,70.8
133,133,15,376.7,8,258.0,6,96.7,8.83538879949,8,5,2,148.4,160.2,68.1,1,5,2,29.7,160.2,68.1
134,134,15,378.8,8,254.9,6,103.6,8.22894427065,8,5,2,152.4,160.0,66.4,1,5,2,28.5,160.0,66.4
135,135,15,378.3,8,253.4,4,63.2,8.10618811244,8,5,2,153.1,159.1,66.1,1,5,2,28.2,159.1,66.1
136,136,15,384.5,8,251.5,3,44.0,7.7579145455,8,5,2,161.8,157.3,65.4,1,5,2,28.8,157.3,65.4
137,137,15,389.9,8,250.1,3,46.7,7.64035027868,8,5,2,166.9,155.6,67.4,1,5,2,27.1,155.6,67.4
138,138,15,382.3,7,227.4,4,65.7,8.26307333577,8,5,2,158.8,155.3,68.2,1,4,2,26.5,132.7,68.2
139,139,15,372.2,6,202.1,5,84.0,8.54173507522,8,5,2,154.7,149.4,68.1,1,3,2,28.2,105.8,68.1
140,140,14,371.6,6,203.8,3,55.3,7.59359186174,7,5,2,156.3,146.8,68.5,1,3,2,28.8,106.5,68.5
141,141,14,374.9,7,233.3,4,74.0,7.89597546674,7,5,2,151.8,154.5,68.6,1,4,2,30.3,134.4,68.6
142,142,14,373.1,8,258.3,5,91.4,8.12666550977,7,5,2,153.5,149.5,70.1,2,4,2,56.1,132.1,70.1
143,143,14,373.3,7,234.1,4,69.2,8.2757855442,7,5,2,149.2,153.9,70.2,1,4,2,31.9,132.0,70.2
144,144,15,391.6,8,258.7,5,88.1,8.16039798283,8,5,2,172.1,150.0,69.5,2,4,2,58.9,130.3,69.5
145,145,15,390.0,8,261.1,5,87.0,8.16683187394,8,5,2,171.4,149.9,68.7,2,4,2,60.9,131.5,68.7
146,146,15,386.4,7,233.0,5,87.3,7.96768473272,8,5,2,172.3,145.3,68.8,2,3,2,60.6,103.6,68.8
147,147,14,368.2,7,235.8,4,66.6,8.39825989302,7,5,2,152.2,146.1,69.9,2,3,2,61.7,104.2,69.9
148,148,14,372.7,7,234.6,4,70.1,7.83367273834,7,5,2,153.8,150.0,68.9,2,3,2,61.2,104.5,68.9
149,149,15,392.9,7,235.3,5,85.0,8.07734633463,8,5,2,169.9,154.4,68.6,2,3,2,61.9,104.8,68.6
150,150,15,398.0,8,266.0,5,85.1,8.32746460014,8,5,2,171.5,156.7,69.8,2,4,2,62.9,133.3,69.8
151,151,15,397.6,9,289.1,5,85.5,8.26537240252,8,5,2,173.1,155.2,69.3,3,4,2,87.6,132.2,69.3
152,152,15,401.8,8,267.0,5,88.0,8.08586656427,8,5,2,175.2,157.4,69.2,2,4,2,63.2,134.6,69.2
153,153,15,404.3,8,266.3,4,69.8,7.94848293402,8,5,2,176.7,158.5,69.1,2,4,2,62.7,134.5,69.1
154,154,15,400.6,9,289.5,5,86.2,8.19725273375,8,5,2,172.6,160.5,67.5,2,5,2,61.5,160.5,67.5
155,155,15,401.7,9,287.6,4,67.1,7.83145671543,8,5,2,173.1,162.4,66.2,2,5,2,59.0,162.4,66.2
156,156,15,403.6,10,317.6,4,64.0,8.30373983444,8,5,2,171.3,160.7,71.6,3,5,2,85.3,160.7,71.6
157,157,15,391.7,8,260.5,5,84.0,8.11162011884,8,5,2,165.5,156.9,69.3,2,4,2,58.9,132.3,69.3
158,158,15,381.5,7,232.2,5,82.2,8.26089468232,8,5,2,165.1,150.0,66.4,2,3,2,57.6,108.2,66.4
159,159,15,381.3,7,231.7,6,103.5,8.22272113458,8,5,2,170.0,144.7,66.6,2,3,2,57.0,108.1,66.6
160,160,15,373.5,6,204.3,6,101.5,8.29466265567,8,5,2,165.3,142.7,65.5,1,3,2,31.7,107.1,65.5
161,161,15,374.7,7,229.4,7,121.8,8.38265215447,8,5,2,164.7,145.0,65.0,2,3,2,56.5,107.9,65.0
162,162,15,381.6,7,233.0,6,103.6,8.49409879185,8,5,2,170.6,143.5,67.5,2,3,2,56.8,108.7,67.5
163,163,14,368.0,7,233.0,4,68.6,8.3744903076,7,5,2,153.8,146.7,67.5,2,3,2,55.7,109.8,67.5
164,164,14,371.8,7,235.2,4,67.3,8.44017082271,7,5,2,150.6,152.6,68.6,1,4,2,28.5,138.1,68.6
165,165,14,375.5,8,258.0,3,50.1,7.934266344,7,5,2,155.9,150.6,69.0,2,4,2,52.9,136.1,69.0
166,166,14,383.7,8,259.7,2,34.6,7.63851216742,7,5,2,160.7,154.1,68.9,3,3,2,79.2,111.6,68.9
167,167,14,393.2,8,262.9,1,17.5,7.25458551463,7,5,2,162.9,160.4,69.9,2,4,2,54.6,138.4,69.9
168,168,14,390.6,9,289.5,2,37.8,7.43515557749,7,5,2,159.6,160.9,70.1,3,4,2,80.4,139.0,70.1
169,169,14,389.7,9,289.5,2,37.0,7.33627521743,7,5,2,161.8,156.5,71.4,3,4,2,80.6,137.5,71.4
170,170,15,399.0,9,287.7,5,89.6,7.87055997282,8,5,2,173.9,153.9,71.2,3,4,2,81.5,135.0,71.2
171,171,14,384.3,9,284.5,3,54.7,7.23206003209,7,5,2,154.6,159.2,70.5,3,4,2,78.2,135.8,70.5
172,172,14,361.8,8,256.5,6,105.3,8.6458272982,7,5,2,138.1,151.9,71.8,2,4,2,52.5,132.2,71.8
173,173,15,389.0,9,269.9,3,51.6,6.31253477124,8,5,2,180.0,149.2,59.8,3,4,2,81.6,128.5,59.8
174,174,15,398.9,9,279.2,3,50.7,7.18534884993,8,5,2,179.7,154.1,65.1,3,4,2,81.2,132.9,65.1
175,175,15,399.6,8,263.1,4,68.9,8.27619650392,8,5,2,173.4,151.0,75.2,2,4,2,55.2,132.7,75.2
176,176,15,398.9,8,262.9,3,50.3,8.20700629834,8,5,2,170.9,155.6,72.4,2,4,2,55.1,135.4,72.4
177,177,15,411.3,8,268.1,3,52.0,7.86612992519,8,5,2,177.7,162.6,71.0,2,4,2,58.6,138.5,71.0
178,178,14,367.7,7,231.2,4,70.0,8.12220196961,7,5,2,143.7,155.9,68.1,1,4,2,29.0,134.1,68.1
179,179,15,394.0,8,261.4,4,67.7,8.15148248276,8,5,2,162.7,161.8,69.5,1,5,2,30.1,161.8,69.5
180,180,15,387.5,7,230.9,4,66.9,8.02065785213,8,5,2,160.0,162.2,65.3,1,4,2,27.7,137.9,65.3
181,181,15,385.2,7,232.2,5,86.0,8.17978344107,8,5,2,156.4,163.9,64.9,1,4,2,28.2,139.1,64.9
182,182,15,396.2,7,237.4,5,90.7,8.04672663409,8,5,2,162.2,162.6,71.4,1,4,2,28.2,137.8,71.4
183,183,15,386.9,7,235.4,7,127.5,8.20596182807,8,5,2,161.4,154.7,70.8,1,4,2,28.2,136.4,70.8
184,184,15,392.5,8,261.7,6,109.3,7.92118918441,8,5,2,163.9,157.9,70.7,2,4,2,54.6,136.4,70.7
185,185,14,376.6,9,288.4,5,88.2,8.22930971963,7,5,2,149.5,154.1,73.0,3,4,2,80.9,134.5,73.0
186,186,14,372.0,9,285.3,5,86.7,8.48350694642,7,5,2,147.4,151.1,73.5,3,4,2,80.3,131.5,73.5
187,187,15,390.2,6,210.1,5,91.4,8.00721698279,8,5,2,170.3,145.7,74.2,1,3,2,30.5,105.4,74.2
188,188,15,391.7,6,208.9,4,71.2,7.85410417431,8,5,2,169.6,148.4,73.7,1,3,2,30.6,104.6,73.7
189,189,15,392.9,6,209.0,4,68.3,7.86388368853,8,5,2,170.0,150.3,72.6,1,3,2,31.6,104.8,72.6
190,190,15,405.4,7,240.6,4,73.0,7.77132703015,8,5,2,183.2,147.9,74.3,2,3,2,60.6,105.7,74.3
191,191,15,408.4,8,266.9,3,51.1,7.84442173656,8,5,2,180.0,153.9,74.5,3,3,2,85.6,106.8,74.5
192,192,15,411.6,9,292.9,3,48.9,7.96266287118,8,5,2,178.7,157.7,75.2,3,4,2,84.5,133.2,75.2
193,193,15,417.0,11,344.8,3,48.9,7.85548034359,8,5,2,181.0,160.8,75.2,4,5,2,108.8,160.8,75.2
194,194,15,419.3,9,294.3,2,32.0,7.49789176718,8,5,2,183.6,161.4,74.3,3,4,2,82.9,137.1,74.3
195,195,15,416.7,10,317.2,2,32.0,7.50239961612,8,5,2,180.0,164.4,72.3,3,5,2,80.5,164.4,72.3
196,196,15,401.4,9,286.8,4,68.7,7.6569109773,8,5,2,170.7,162.7,68.0,2,5,2,56.1,162.7,68.0
197,197,15,396.6,9,283.7,4,68.2,7.746224887,8,5,2,167.0,161.4,68.2,2,5,2,54.1,161.4,68.2
198,198,15,399.1,8,262.4,4,67.2,7.89615337334,8,5,2,165.6,163.3,70.2,1,5,2,28.9,163.3,70.2
199,199,15,400.6,8,259.1,4,69.0,7.39086952807,8,5,2,169.9,167.5,63.2,1,5,2,28.4,167.5,63.2
200,200,15,391.6,9,278.5,4,69.0,7.30913974483,8,5,2,165.9,164.1,61.6,2,5,2,52.8,164.1,61.6
201,201,16,412.5,8,260.2,5,84.5,8.00001822915,9,5,2,181.0,168.0,63.5,1,5,2,28.7,168.0,63.5
202,202,15,382.5,7,237.9,6,101.6,8.96445361254,8,5,2,144.6,169.6,68.3,0,5,2,0,169.6,68.3
203,203,15,384.3,7,237.2,6,102.4,9.07659470443,8,5,2,147.1,168.6,68.6,0,5,2,0,168.6,68.6
204,204,15,380.4,7,239.4,7,120.9,9.3097337694,8,5,2,141.0,169.3,70.1,0,5,2,0,169.3,70.1
205,205,15,377.6,7,240.1,7,117.2,9.67688458328,8,5,2,137.5,167.3,72.8,0,5,2,0,167.3,72.8
206,206,15,380.0,6,214.4,6,101.4,9.34342141881,8,5,2,143.1,163.8,73.1,0,4,2,0,141.3,73.1
207,207,15,380.2,6,214.5,7,121.5,9.41547864398,8,5,2,141.6,164.6,74.0,0,4,2,0,140.5,74.0
208,208,15,378.9,6,214.4,7,120.2,9.4583145584,8,5,2,141.3,164.1,73.5,0,4,2,0,140.9,73.5
209,209,14,359.4,6,214.4,6,98.6,9.75724019709,7,5,2,121.4,164.8,73.2,0,4,2,0,141.2,73.2
210,210,14,360.4,7,240.6,6,96.3,9.87200504034,7,5,2,119.8,167.4,73.2,0,5,2,0,167.4,73.2
211,211,14,362.0,7,237.9,6,102.1,9.39776686123,7,5,2,124.1,165.6,72.3,0,5,2,0,165.6,72.3
212,212,14,363.2,6,215.9,5,79.8,9.5905975017,7,5,2,124.0,166.9,72.3,0,4,2,0,143.6,72.3
213,213,14,368.0,7,241.0,5,82.4,9.40211573104,7,5,2,127.0,167.6,73.4,0,5,2,0,167.6,73.4
214,214,14,372.5,7,242.3,5,82.7,9.36650860868,7,5,2,130.2,167.9,74.4,0,5,2,0,167.9,74.4
215,215,14,367.2,7,242.7,5,80.3,9.73766901277,7,5,2,124.5,168.3,74.4,0,5,2,0,168.3,74.4
216,216,14,369.5,7,242.2,5,80.3,9.64368779491,7,5,2,127.3,168.3,73.9,0,5,2,0,168.3,73.9
217,217,15,390.0,7,243.4,5,76.9,9.6764810605,8,5,2,148.4,167.9,73.7,1,4,2,26.3,143.4,73.7
218,218,15,393.6,8,269.8,5,79.6,9.45982482471,8,5,2,151.9,169.0,72.7,1,5,2,28.1,169.0,72.7
219,219,15,399.7,8,268.0,4,60.5,9.01045953059,8,5,2,162.4,166.2,71.1,2,4,2,55.5,141.4,71.1
220,220,15,390.1,8,265.4,5,78.0,9.15060237413,8,5,2,157.1,162.8,70.2,2,4,2,54.7,140.5,70.2
221,221,15,383.8,8,264.9,6,94.5,9.28400057447,8,5,2,156.8,156.1,70.9,2,4,2,56.4,137.6,70.9
222,222,15,388.7,8,264.9,6,99.4,9.1002250103,8,5,2,159.7,158.2,70.8,2,4,2,54.4,139.7,70.8
223,223,15,380.9,7,238.9,6,99.1,9.11909038906,8,5,2,154.0,156.0,70.9,1,4,2,30.7,137.3,70.9
224,224,15,378.5,7,237.5,7,119.8,9.06655287043,8,5,2,153.4,155.4,69.7,1,4,2,31.4,136.4,69.7
225,225,14,357.9,8,254.2,5,83.3,8.26964859665,7,5,2,135.5,158.3,64.1,1,5,2,31.8,158.3,64.1
226,226,14,366.0,7,231.1,3,46.9,8.04742809232,7,5,2,142.1,157.6,66.3,1,4,2,32.0,132.8,66.3
227,227,14,370.8,7,229.3,2,31.8,7.25373719518,7,5,2,148.4,157.4,65.0,1,4,2,31.3,133.0,65.0
228,228,16,398.1,8,258.8,7,117.1,8.23077304996,9,5,2,169.6,163.2,65.3,1,5,2,30.3,163.2,65.3
229,229,16,393.7,8,256.7,7,116.1,8.23840346588,9,5,2,168.4,160.3,65.0,1,5,2,31.4,160.3,65.0
230,230,16,396.0,8,252.9,6,99.1,7.89700365117,9,5,2,172.9,156.6,66.5,1,5,2,29.8,156.6,66.5
231,231,16,384.8,7,224.7,7,115.6,8.02570869145,9,5,2,166.1,153.4,65.3,1,4,2,30.0,129.4,65.3
232,232,16,385.9,7,225.2,7,119.4,7.96661523693,9,5,2,171.6,147.5,66.8,1,4,2,30.2,128.2,66.8
233,233,16,388.1,7,224.6,5,75.8,8.18925871696,9,5,2,172.6,147.1,68.4,1,4,2,30.4,125.8,68.4
234,234,16,379.9,7,224.8,8,132.4,8.33866246269,9,5,2,170.6,141.0,68.3,2,3,2,56.8,99.7,68.3
235,235,16,375.6,6,197.7,9,153.4,8.37141963269,9,5,2,170.0,136.5,69.1,1,3,2,29.9,98.7,69.1
236,236,16,370.6,6,196.7,9,150.3,8.42930404403,9,5,2,159.9,141.8,68.9,1,3,2,28.6,99.2,68.9
237,237,16,376.4,7,225.2,9,151.2,8.59965115572,9,5,2,162.5,144.4,69.5,1,4,2,29.0,126.7,69.5
238,238,16,386.6,6,201.8,6,95.2,8.51288239474,9,5,2,169.3,147.2,70.1,1,3,2,29.0,102.7,70.1
239,239,16,387.1,8,252.5,8,134.6,8.57418363461,9,5,2,168.7,148.0,70.4,2,4,2,53.9,128.2,70.4
240,240,16,381.4,6,198.7,7,114.7,8.31575813341,9,5,2,166.3,146.4,68.7,1,3,2,28.0,102.0,68.7
241,241,16,396.5,8,252.5,6,98.5,8.19399932878,9,5,2,174.5,152.9,69.1,2,4,2,53.9,129.5,69.1
242,242,15,384.0,8,255.5,6,104.4,8.02789778567,8,5,2,157.2,158.1,68.7,1,5,2,28.7,158.1,68.7
243,243,15,387.5,7,230.3,4,65.2,7.84371146357,8,5,2,162.8,155.5,69.2,1,4,2,29.7,131.4,69.2
244,244,15,383.5,7,229.8,4,62.7,8.1426273986,8,5,2,159.0,154.9,69.6,1,4,2,30.0,130.2,69.6
245,245,15,380.1,8,256.4,6,101.7,8.36897331133,8,5,2,156.5,152.9,70.7,2,4,2,54.8,130.9,70.7
246,246,15,378.0,8,257.6,7,120.4,8.57671265696,8,5,2,158.8,148.3,70.9,2,4,2,57.6,129.1,70.9
247,247,15,382.7,8,263.2,7,119.5,8.72368423699,8,5,2,159.4,154.1,69.2,2,4,2,59.1,134.9,69.2
248,248,15,378.7,8,262.1,7,116.6,8.86557279325,8,5,2,159.2,151.5,68.0,2,4,2,58.5,135.6,68.0
249,249,16,412.2,7,238.4,5,79.3,8.5933210499,9,5,2,180.6,162.7,68.9,1,4,2,31.4,138.1,68.9
250,250,16,405.0,8,260.3,6,101.5,8.16952671008,9,5,2,179.6,156.8,68.6,2,4,2,57.1,134.6,68.6
251,251,16,408.1,8,264.4,6,99.8,8.79723204574,9,5,2,177.1,160.6,70.4,2,4,2,56.3,137.7,70.4
252,252,16,408.7,8,269.7,7,116.6,9.12074329939,9,5,2,174.4,164.0,70.3,2,4,2,57.8,141.6,70.3
253,253,15,389.6,8,264.3,6,100.9,8.56783575495,8,5,2,160.4,159.3,69.9,2,4,2,59.5,134.9,69.9
254,254,15,398.3,9,293.6,5,84.5,8.5863568415,8,5,2,162.8,164.1,71.4,2,5,2,58.1,164.1,71.4
255,255,15,401.2,9,291.0,4,66.8,8.1408903222,8,5,2,165.5,165.2,70.5,2,5,2,55.3,165.2,70.5
256,256,15,396.9,9,291.5,4,60.9,8.69973727025,8,5,2,160.1,166.5,70.3,2,5,2,54.7,166.5,70.3
257,257,15,389.0,8,267.3,6,97.8,9.25022522248,8,5,2,152.9,166.4,69.7,2,4,2,55.1,142.5,69.7
258,258,15,394.2,8,270.2,6,99.4,9.18836220444,8,5,2,157.6,166.5,70.1,2,4,2,58.2,141.9,70.1
259,259,15,389.4,8,269.7,6,96.2,9.31433610854,8,5,2,155.3,164.9,69.2,2,4,2,59.1,141.4,69.2
260,260,15,389.4,8,269.1,6,96.3,9.43971851881,8,5,2,153.4,166.2,69.8,2,4,2,57.1,142.2,69.8
261,261,14,372.0,8,268.9,3,40.4,9.49837464407,7,5,2,134.8,165.6,71.6,1,5,2,31.7,165.6,71.6
262,262,14,367.9,8,267.2,5,80.5,9.29442997561,7,5,2,131.5,165.8,70.6,1,5,2,30.8,165.8,70.6
263,263,14,372.8,8,268.0,5,84.6,8.81331410393,7,5,2,137.2,165.8,69.8,1,5,2,32.4,165.8,69.8
264,264,15,389.1,7,242.2,7,122.1,8.86935333446,8,5,2,154.1,164.7,70.3,1,4,2,32.0,139.9,70.3
265,265,15,384.1,8,264.7,7,119.4,8.82548798057,8,5,2,151.2,162.6,70.3,1,5,2,31.8,162.6,70.3
266,266,15,385.1,7,238.7,6,100.1,8.64882045357,8,5,2,154.7,159.7,70.7,1,4,2,31.9,136.1,70.7
267,267,15,381.8,7,239.1,6,100.5,8.87257948213,8,5,2,152.8,158.9,70.1,1,4,2,30.9,138.1,70.1
268,268,15,379.8,7,239.1,7,119.1,8.93773700984,8,5,2,153.9,156.4,69.5,1,4,2,30.6,139.0,69.5
269,269,15,382.1,7,239.4,7,122.0,8.7689767009,8,5,2,156.9,157.0,68.2,1,4,2,30.9,140.3,68.2
270,270,15,385.1,7,240.8,7,120.6,8.97333085686,8,5,2,155.5,162.8,66.8,1,4,2,30.9,143.1,66.8
271,271,15,388.9,7,243.1,6,97.9,9.23606801518,8,5,2,153.0,169.0,66.9,1,4,2,31.4,144.8,66.9
272,272,15,388.9,8,268.1,6,96.9,9.25291202554,8,5,2,151.8,171.4,65.7,1,5,2,31.0,171.4,65.7
273,273,15,384.3,8,259.7,6,101.9,8.2055033797,8,5,2,154.8,165.5,64.0,1,5,2,30.2,165.5,64.0
274,274,15,396.6,8,268.9,5,85.7,8.51232719564,8,5,2,157.5,170.7,68.4,1,5,2,29.8,170.7,68.4
275,275,16,418.9,8,269.6,6,105.0,8.29322765876,9,5,2,179.8,172.9,66.2,1,5,2,30.5,172.9,66.2
276,276,16,412.4,8,268.2,6,100.4,8.66667948717,9,5,2,173.7,172.1,66.6,1,5,2,29.5,172.1,66.6
277,277,16,410.6,8,268.8,6,96.2,8.92695356771,9,5,2,171.2,171.0,68.4,1,5,2,29.4,171.0,68.4
278,278,16,412.7,8,269.7,6,97.6,8.86630090098,9,5,2,173.0,171.4,68.3,1,5,2,30.0,171.4,68.3
279,279,16,414.7,8,270.5,6,98.1,9.04729932079,9,5,2,171.8,173.5,69.4,1,5,2,27.6,173.5,69.4
280,280,15,393.2,9,293.4,6,99.8,9.26420659363,8,5,2,150.5,171.1,71.6,2,5,2,50.7,171.1,71.6
281,281,15,391.2,9,294.0,6,97.2,9.57468388139,8,5,2,147.7,171.3,72.2,2,5,2,50.5,171.3,72.2
282,282,15,388.3,8,268.0,6,95.7,9.79364711481,8,5,2,145.3,171.0,72.0,1,5,2,25.0,171.0,72.0
283,283,15,385.5,8,268.8,5,72.9,9.97110109982,8,5,2,145.4,167.9,72.2,2,4,2,52.1,144.5,72.2
284,284,15,392.3,8,267.0,4,61.2,9.22247771687,8,5,2,154.9,166.5,70.9,2,4,2,51.0,145.1,70.9
285,285,15,386.9,8,265.2,6,98.6,9.26085977701,8,5,2,150.0,166.7,70.2,2,4,2,51.4,143.6,70.2
286,286,16,415.0,9,292.0,6,98.9,8.9511172487,9,5,2,176.0,168.9,70.1,3,4,2,77.1,144.8,70.1
287,287,16,413.1,8,267.8,6,96.8,9.11125448735,9,5,2,173.8,169.0,70.3,2,4,2,52.5,145.0,70.3
288,288,16,418.3,9,298.0,6,97.3,9.09226548593,9,5,2,176.5,172.7,69.1,2,5,2,56.2,172.7,69.1
289,289,16,408.4,8,269.5,6,94.8,9.08034507421,9,5,2,170.0,169.7,68.7,1,5,2,31.1,169.7,68.7
290,290,15,398.3,8,274.5,4,60.4,9.34144885265,8,5,2,155.4,171.6,71.3,1,5,2,31.6,171.6,71.3
291,291,15,393.7,8,269.6,5,80.6,9.15625209247,8,5,2,154.1,170.2,69.4,1,5,2,30.0,170.2,69.4
292,292,15,407.0,9,299.7,4,64.5,9.04762531328,8,5,2,165.7,174.5,66.8,2,5,2,58.4,174.5,66.8
293,293,15,404.4,7,249.6,4,64.3,9.18016495339,8,5,2,163.4,173.5,67.5,1,4,2,33.0,149.1,67.5
294,294,15,401.1,7,247.3,3,44.4,9.01877406937,8,5,2,161.9,172.1,67.1,1,4,2,32.4,147.8,67.1
295,295,15,392.7,7,249.9,5,77.2,9.78725118275,8,5,2,152.1,171.7,68.9,1,4,2,32.4,148.6,68.9
296,296,15,395.8,7,247.5,4,61.0,9.33058462926,8,5,2,157.5,168.5,69.8,1,4,2,31.5,146.2,69.8
297,297,15,399.5,7,246.2,5,85.1,8.87562204393,8,5,2,164.3,165.2,70.0,1,4,2,31.0,145.2,70.0
298,298,16,411.0,8,270.4,6,96.8,9.09995421234,9,5,2,178.7,161.1,71.2,2,4,2,55.4,143.8,71.2
299,299,16,414.0,8,272.0,6,98.3,9.10124533603,9,5,2,176.3,165.2,72.5,2,4,2,55.5,144.0,72.5
300,300,16,417.1,8,269.4,6,101.5,8.71922922817,9,5,2,177.9,167.2,72.0,2,4,2,53.9,143.5,72.0
301,301,16,413.4,8,265.8,6,102.0,8.57592560602,9,5,2,176.4,164.9,72.1,2,4,2,51.9,141.8,72.1
302,302,16,405.4,8,269.6,7,113.3,9.3584097652,9,5,2,164.3,168.5,72.6,1,5,2,28.5,168.5,72.6
303,303,15,391.7,8,269.7,6,100.6,9.16381600697,8,5,2,149.1,169.6,73.0,1,5,2,27.1,169.6,73.0
304,304,16,410.7,8,267.8,6,96.0,9.03753054398,9,5,2,172.2,166.5,72.0,1,5,2,29.3,166.5,72.0
305,305,16,409.7,8,270.5,6,93.6,9.41753462077,9,5,2,168.0,169.3,72.4,1,5,2,28.8,169.3,72.4
306,306,15,384.5,7,241.2,5,76.3,9.56098221693,8,5,2,143.3,168.7,72.5,0,5,2,0,168.7,72.5
307,307,15,384.2,8,267.8,6,95.7,9.7451721869,8,5,2,141.8,169.7,72.7,1,5,2,25.4,169.7,72.7
308,308,15,390.0,8,267.9,6,100.3,9.27939345308,8,5,2,149.1,168.6,72.3,1,5,2,27.0,168.6,72.3
309,309,15,398.0,8,266.4,5,84.6,8.71637757874,8,5,2,157.7,169.0,71.3,1,5,2,26.1,169.0,71.3
310,310,14,384.2,8,265.9,4,69.5,8.38760204897,7,5,2,143.5,169.4,71.3,1,5,2,25.2,169.4,71.3
311,311,13,351.6,6,210.0,3,50.3,8.31931641669,6,5,2,116.7,165.9,69.0,0,4,2,0,141.0,69.0
312,312,13,343.6,6,204.9,3,50.7,8.07004591224,6,5,2,115.9,161.4,66.3,0,4,2,0,138.6,66.3
313,313,13,339.9,6,205.2,4,67.3,8.40383001817,6,5,2,113.8,160.6,65.5,0,4,2,0,139.7,65.5
314,314,14,364.5,6,205.0,3,47.7,8.0552521942,7,5,2,138.8,159.1,66.6,0,4,2,0,138.4,66.6
315,315,13,342.2,6,207.4,3,47.7,8.66575192411,6,5,2,113.1,163.5,65.6,0,4,2,0,141.8,65.6
316,316,13,329.5,6,205.6,5,81.6,9.17311428257,6,5,2,106.2,157.1,66.2,0,4,2,0,139.4,66.2
317,317,13,339.4,6,207.6,4,66.6,8.97872128409,6,5,2,112.9,158.4,68.1,0,4,2,0,139.5,68.1
318,318,13,340.9,6,209.8,4,65.4,9.25573280425,6,5,2,112.2,159.6,69.1,0,4,2,0,140.7,69.1
319,319,14,348.4,7,234.9,6,92.5,10.0086775537,7,5,2,121.9,156.9,69.6,1,4,2,25.3,140.0,69.6
320,320,14,351.4,6,207.3,5,80.2,9.42321192996,7,6,1,123.4,190.6,37.4,0,5,1,0,169.9,37.4
321,321,14,352.5,6,207.2,5,79.2,9.41824567785,7,6,1,123.8,191.4,37.3,0,5,1,0,169.9,37.3
322,322,15,380.2,7,237.4,6,97.9,9.17666813692,8,6,1,150.6,192.6,37.0,1,5,1,29.4,171.0,37.0
323,323,15,348.7,5,162.5,7,116.7,7.57183377173,8,6,1,143.8,171.6,33.3,0,4,1,0,129.2,33.3
324,324,15,360.7,7,219.3,7,118.1,7.89483254746,8,6,1,149.2,176.6,34.9,1,5,1,27.4,157.0,34.9
325,325,15,360.9,7,225.5,7,113.7,8.51736042277,8,6,1,142.2,183.6,35.1,1,5,1,28.5,161.9,35.1
326,326,15,375.8,7,232.0,7,121.0,8.65818082729,8,6,1,149.4,190.4,36.0,1,5,1,28.4,167.6,36.0
327,327,15,379.1,7,233.3,5,81.5,8.66326123571,8,6,1,152.4,191.0,35.7,1,5,1,29.0,168.6,35.7
328,328,15,391.6,7,242.4,5,83.3,9.05684166541,8,6,1,154.3,200.0,37.3,1,5,1,29.7,175.4,37.3
329,329,15,391.5,8,263.6,5,84.0,8.6460560786,8,6,1,156.9,195.8,38.8,1,6,1,29.0,195.8,38.8
330,330,15,391.2,7,237.0,6,105.6,8.39227535977,8,6,1,157.9,196.0,37.3,1,5,1,28.6,171.1,37.3
331,331,14,365.9,7,226.5,5,92.7,7.77932240898,7,6,1,142.7,188.0,35.2,1,5,1,27.4,163.9,35.2
332,332,13,331.3,5,168.0,5,91.5,8.10142437619,6,6,1,114.1,181.4,35.8,0,4,1,0,132.2,35.8
333,333,13,327.6,6,196.3,5,86.7,8.4525144188,6,6,1,107.0,182.5,38.1,0,5,1,0,158.2,38.1
334,334,13,328.1,6,196.8,6,109.7,7.9689541829,6,6,1,109.7,180.1,38.3,0,5,1,0,158.5,38.3
335,335,13,326.2,6,194.8,6,109.6,7.99775609556,6,6,1,109.6,179.4,37.2,0,5,1,0,157.6,37.2
336,336,13,338.1,6,200.4,4,72.0,8.06561234899,6,6,1,113.7,186.8,37.6,0,5,1,0,162.8,37.6
337,337,13,331.4,7,220.3,4,66.4,8.07408008573,6,6,1,111.1,183.3,37.0,0,6,1,0,183.3,37.0
338,338,14,366.1,8,252.4,4,68.3,7.79770676348,7,6,1,140.4,188.8,36.9,1,6,1,26.7,188.8,36.9
339,339,14,362.3,7,224.8,4,70.5,7.72599792623,7,6,1,141.3,185.2,35.8,1,5,1,27.5,161.5,35.8
340,340,13,341.2,7,229.4,4,70.5,8.31420625442,6,6,1,111.8,193.4,36.0,0,6,1,0,193.4,36.0
341,341,13,348.3,7,238.3,4,65.3,9.27752315532,6,6,1,110.0,200.2,38.1,0,6,1,0,200.2,38.1
342,342,14,349.5,6,205.3,5,75.2,9.67133807804,7,6,1,122.2,188.8,38.5,0,5,1,0,166.8,38.5
343,343,14,349.8,6,206.5,5,75.2,9.82029743736,7,6,1,120.1,191.2,38.5,0,5,1,0,168.0,38.5
344,344,14,352.3,6,206.2,6,98.4,9.69128134283,7,6,1,122.3,191.3,38.7,0,5,1,0,167.5,38.7
345,345,14,355.9,7,230.2,6,103.8,9.24838269199,7,6,1,125.7,191.2,39.0,0,6,1,0,191.2,39.0
346,346,13,335.6,7,230.0,5,83.7,9.58478361378,6,6,1,105.6,190.5,39.5,0,6,1,0,190.5,39.5
347,347,13,334.6,6,205.1,5,85.4,9.37163614864,6,6,1,107.3,188.8,38.5,0,5,1,0,166.6,38.5
348,348,14,358.2,6,205.7,5,83.7,9.02687075372,7,6,1,130.2,190.2,37.8,0,5,1,0,167.9,37.8
349,349,14,366.6,7,235.1,4,64.6,8.91307226173,7,6,1,131.5,197.4,37.7,0,6,1,0,197.4,37.7
350,350,14,359.1,7,234.0,5,80.3,9.12618801539,7,6,1,125.1,196.2,37.8,0,6,1,0,196.2,37.8
351,351,14,363.0,7,239.3,5,81.9,9.37003641495,7,6,1,123.7,201.2,38.1,0,6,1,0,201.2,38.1
352,352,14,367.6,7,240.7,5,81.9,9.29960415086,7,6,1,126.9,202.7,38.0,0,6,1,0,202.7,38.0
353,353,13,346.6,7,238.4,4,63.1,9.46269327954,6,6,1,108.2,200.3,38.1,0,6,1,0,200.3,38.1
354,354,13,342.0,6,212.5,4,63.2,9.55392253985,6,6,1,108.5,195.8,37.7,0,5,1,0,174.8,37.7
355,355,15,383.1,7,241.4,6,96.3,9.57465404075,8,6,1,141.7,203.6,37.8,0,6,1,0,203.6,37.8
356,356,15,375.0,6,208.3,6,96.5,9.34879671402,8,6,1,144.0,193.4,37.6,0,5,1,0,170.7,37.6
357,357,15,377.6,7,235.0,6,96.2,9.4728534445,8,6,1,146.6,193.1,37.9,1,5,1,26.4,170.7,37.9
358,358,16,406.9,10,310.7,6,96.2,8.80437154676,9,6,1,178.7,189.4,38.8,3,6,1,82.5,189.4,38.8
359,359,16,401.6,9,282.5,6,94.6,8.85347389447,9,6,1,176.5,186.4,38.7,3,5,1,81.9,161.9,38.7
360,360,16,404.0,9,286.8,6,96.0,8.98754694007,9,6,1,180.5,184.3,39.2,3,5,1,81.9,165.7,39.2
361,361,16,403.6,8,262.0,6,96.4,8.92767233568,9,6,1,177.5,187.1,39.0,2,5,1,56.4,166.6,39.0
362,362,16,394.6,8,252.5,6,96.1,8.20567892783,9,6,1,173.6,182.8,38.2,2,5,1,54.7,159.6,38.2
363,363,16,412.1,9,287.2,5,79.4,8.39070666472,9,6,1,179.2,194.5,38.4,2,6,1,54.3,194.5,38.4
364,364,15,386.0,10,302.7,4,62.0,7.5147157219,8,6,1,164.7,182.7,38.6,3,6,1,81.4,182.7,38.6
365,365,15,387.8,10,300.9,4,63.9,7.36185794355,8,6,1,166.2,183.2,38.4,3,6,1,79.3,183.2,38.4
366,366,15,387.1,10,301.3,4,61.7,7.75854060896,8,6,1,163.3,185.0,38.8,3,6,1,77.5,185.0,38.8
367,367,15,384.3,8,253.3,4,60.5,8.13828693803,8,6,1,158.0,187.8,38.5,1,6,1,27.0,187.8,38.5
368,368,15,388.5,8,255.4,4,62.5,8.27310617086,8,6,1,159.6,190.0,38.9,1,6,1,26.5,190.0,38.9
369,369,15,388.7,8,260.0,4,61.2,8.70753915267,8,6,1,156.6,194.2,37.9,1,6,1,27.9,194.2,37.9
370,370,15,393.1,8,257.4,4,66.7,8.08035242041,8,6,1,164.6,190.4,38.1,1,6,1,28.9,190.4,38.1
371,371,15,387.6,7,237.8,5,82.2,9.21534434672,8,6,1,154.6,194.8,38.2,1,5,1,29.3,170.3,38.2
372,372,14,354.4,7,232.9,6,97.6,9.47400144061,7,6,1,127.1,188.4,38.9,1,5,1,29.5,164.5,38.9
373,373,14,351.6,6,206.1,6,98.5,9.38040979446,7,6,1,128.4,184.1,39.1,1,4,1,29.9,137.1,39.1
374,374,14,354.8,6,207.2,5,81.7,9.17326502445,7,6,1,134.6,181.4,38.8,1,4,1,31.0,137.4,38.8
375,375,14,344.8,6,201.9,7,119.1,9.0440314846,7,6,1,130.7,175.0,39.1,1,4,1,31.3,131.5,39.1
376,376,14,341.8,6,196.4,6,100.4,8.56009140344,7,6,1,136.1,165.9,39.8,1,4,1,31.8,124.8,39.8
377,377,15,366.9,7,224.8,6,97.7,8.69456316162,8,6,1,149.0,178.8,39.1,1,5,1,31.2,154.5,39.1
378,378,15,354.7,6,193.9,6,95.4,8.43757469103,8,6,1,144.7,170.6,39.4,1,4,1,29.0,125.5,39.4
379,379,13,328.8,7,230.3,5,75.5,9.6959150796,6,6,1,105.3,184.0,39.5,1,5,1,29.8,161.0,39.5
380,380,13,324.0,7,225.7,5,76.8,9.22705748024,6,6,1,106.3,178.6,39.1,1,5,1,29.5,157.1,39.1
381,381,13,328.8,7,230.6,5,76.8,9.91072327822,6,6,1,103.4,184.8,40.6,1,5,1,26.6,163.4,40.6
382,382,13,320.4,5,181.5,7,114.1,10.497747011,6,6,1,95.6,184.7,40.1,0,4,1,0,141.4,40.1
383,383,13,315.0,5,180.3,8,134.7,10.4147639288,6,6,1,97.3,178.0,39.7,0,4,1,0,140.6,39.7
384,384,13,323.4,5,183.7,7,118.8,10.2479391299,6,6,1,99.3,183.5,40.6,0,4,1,0,143.1,40.6
385,385,14,355.7,7,233.1,6,100.4,9.42398448197,7,6,1,125.5,189.5,40.7,1,5,1,25.1,167.3,40.7
386,386,12,303.1,5,182.4,6,97.6,10.3843814832,5,6,1,79.3,183.9,39.9,0,4,1,0,142.5,39.9
387,387,13,330.7,5,180.9,4,61.2,9.61825854487,6,6,1,106.0,184.8,39.9,0,4,1,0,141.0,39.9
388,388,12,308.5,6,204.2,4,61.2,9.78453866923,5,6,1,82.1,186.6,39.8,0,5,1,0,164.4,39.8
389,389,12,302.9,6,202.8,5,79.9,9.93931206082,5,6,1,79.9,183.0,40.0,0,5,1,0,162.8,40.0
390,390,13,334.8,5,173.5,3,49.0,8.38675696009,6,6,1,115.7,180.1,39.0,0,4,1,0,134.5,39.0
391,391,12,303.8,4,143.2,4,68.3,8.47239724939,5,6,1,94.7,174.0,35.1,0,3,1,0,108.1,35.1
392,392,13,327.0,5,173.8,4,66.3,8.77397813467,6,6,1,111.2,177.6,38.2,0,4,1,0,135.6,38.2
393,393,13,315.8,5,175.5,6,97.8,9.61539230769,6,6,1,100.6,175.9,39.3,0,4,1,0,136.2,39.3
394,394,13,311.2,5,170.9,6,95.2,9.42342280893,6,6,1,95.2,180.6,35.4,0,4,1,0,135.5,35.4
395,395,13,322.7,6,200.5,6,98.4,9.35700752076,6,6,1,98.4,188.6,35.7,0,5,1,0,164.8,35.7
396,396,14,344.7,6,208.4,6,93.3,9.68926277829,7,6,1,115.3,191.5,37.9,0,5,1,0,170.5,37.9
397,397,14,349.0,6,211.0,7,116.1,9.72549611718,7,6,1,119.7,191.9,37.4,0,5,1,0,173.6,37.4
398,398,15,375.0,7,235.2,6,98.1,9.30545155118,8,6,1,146.9,190.4,37.7,1,5,1,25.0,172.5,37.7
399,399,14,350.5,6,214.9,5,74.3,10.3091898617,7,6,1,114.6,196.0,39.9,0,5,1,0,175.0,39.9
400,400,14,352.7,6,212.7,5,78.2,9.88856871386,7,6,1,122.6,190.4,39.7,0,5,1,0,173.0,39.7
401,401,14,345.5,6,208.9,6,94.7,10.0117760333,7,6,1,119.2,187.7,38.6,0,5,1,0,170.3,38.6
402,402,14,340.5,6,204.1,7,113.7,9.76777894378,7,6,1,117.6,184.7,38.2,0,5,1,0,165.9,38.2
403,403,14,343.6,5,182.4,7,113.7,10.0415838688,7,6,1,118.5,187.2,37.9,0,4,1,0,144.5,37.9
404,404,14,337.7,5,181.4,7,110.9,10.0095476399,7,6,1,116.6,184.3,36.8,0,4,1,0,144.6,36.8
405,405,14,340.8,6,204.1,6,93.9,9.7315280076,7,6,1,124.7,176.6,39.5,1,4,1,26.4,138.2,39.5
406,406,14,337.0,6,205.9,7,108.8,10.2044054266,7,6,1,119.0,180.3,37.7,1,4,1,26.1,142.1,37.7
407,407,14,337.9,5,178.1,7,116.1,9.58015634551,7,6,1,119.4,182.5,36.0,0,4,1,0,142.1,36.0
408,408,15,369.4,6,202.7,6,99.9,9.08165078344,8,6,1,145.9,184.5,39.0,1,4,1,25.6,138.1,39.0
409,409,15,364.3,6,206.6,7,115.0,9.35779786875,8,6,1,135.7,192.8,35.8,0,5,1,0,170.8,35.8
410,410,15,356.7,6,205.1,9,151.6,9.43354197986,8,6,1,132.5,185.6,38.6,0,5,1,0,166.5,38.6
411,411,15,365.7,7,232.8,8,132.9,9.3993312832,8,6,1,132.9,197.0,35.8,0,6,1,0,197.0,35.8
412,412,15,366.1,6,210.7,8,133.6,9.54646282038,8,6,1,133.6,196.8,35.7,0,5,1,0,175.0,35.7
413,413,15,368.1,7,228.6,7,119.3,8.5922556493,8,6,1,139.5,195.5,33.1,0,6,1,0,195.5,33.1
414,414,15,354.7,7,227.1,7,107.4,9.25325168072,8,6,1,127.6,194.0,33.1,0,6,1,0,194.0,33.1
415,415,15,362.4,7,233.2,7,109.0,9.54985414997,8,6,1,129.2,199.4,33.8,0,6,1,0,199.4,33.8
416,416,15,349.8,7,224.9,7,102.4,9.24400964332,8,6,1,124.9,192.2,32.7,0,6,1,0,192.2,32.7
417,417,15,352.4,7,219.3,6,92.2,8.33602051912,8,6,1,133.1,190.3,29.0,0,6,1,0,190.3,29.0
418,418,16,365.9,7,212.3,7,110.6,7.6701776381,9,6,1,153.6,183.3,29.0,0,6,1,0,183.3,29.0
419,419,15,347.8,7,218.0,8,129.8,8.21478342177,8,6,1,129.8,186.5,31.5,0,6,1,0,186.5,31.5
420,420,14,347.8,7,224.3,6,103.1,7.97830850453,7,6,1,123.5,190.8,33.5,0,6,1,0,190.8,33.5
421,421,14,354.5,7,228.8,5,81.4,8.26514261326,7,6,1,125.7,194.9,33.9,0,6,1,0,194.9,33.9
422,422,14,354.5,7,233.0,6,99.4,8.85691199628,7,6,1,121.5,198.6,34.4,0,6,1,0,198.6,34.4
423,423,14,358.2,7,234.3,5,80.5,8.95062156354,7,6,1,123.9,199.7,34.6,0,6,1,0,199.7,34.6
424,424,13,343.7,7,232.2,4,65.6,8.59045385506,6,6,1,111.5,198.3,33.9,0,6,1,0,198.3,33.9
425,425,13,353.5,7,235.6,2,28.5,8.40986142756,6,6,1,117.9,201.8,33.8,0,6,1,0,201.8,33.8
426,426,13,359.1,8,266.6,2,28.5,8.73490639581,6,6,1,118.7,205.5,34.9,1,6,1,26.2,205.5,34.9
427,427,13,347.7,8,263.0,4,63.4,9.18255732214,6,6,1,111.1,201.2,35.4,1,6,1,26.4,201.2,35.4
428,428,13,350.1,8,261.0,3,48.4,8.81621466536,6,6,1,114.4,200.2,35.5,1,6,1,25.3,200.2,35.5
429,429,13,347.8,8,259.3,3,47.4,8.6566559541,6,6,1,114.0,198.2,35.6,1,6,1,25.5,198.2,35.6
430,430,13,352.2,8,260.7,2,28.9,8.51297652004,6,6,1,118.2,197.5,36.5,1,6,1,26.7,197.5,36.5
431,431,14,372.5,9,283.1,3,47.5,7.99465824408,7,6,1,142.3,194.6,35.6,2,6,1,52.9,194.6,35.6
432,432,14,370.4,9,284.7,3,44.7,8.37300738966,7,6,1,139.7,195.3,35.4,2,6,1,54.0,195.3,35.4
433,433,14,368.0,8,258.7,4,63.4,8.55074060156,7,6,1,139.8,192.9,35.3,2,5,1,54.2,169.2,35.3
434,434,15,380.5,7,233.4,5,80.3,8.78388676308,8,6,1,156.9,188.1,35.5,1,5,1,30.6,167.3,35.5
435,435,15,373.7,7,224.0,4,59.9,8.31469152994,8,6,1,158.6,180.3,34.8,1,5,1,29.3,159.9,34.8
436,436,15,384.1,8,265.7,6,97.7,9.66418030422,8,6,1,148.7,197.2,38.2,1,6,1,30.3,197.2,38.2
437,437,15,385.5,7,240.4,5,79.6,9.62741620878,8,6,1,153.4,191.8,40.3,1,5,1,30.6,169.5,40.3
438,438,15,385.0,7,237.5,5,81.3,9.13718201844,8,6,1,154.3,191.5,39.2,1,5,1,31.4,166.9,39.2
439,439,15,391.3,8,268.2,5,81.9,9.43457673111,8,6,1,153.5,198.4,39.4,1,6,1,30.4,198.4,39.4
440,440,15,388.6,7,242.8,6,99.2,9.51205751114,8,6,1,151.4,200.1,37.1,1,5,1,30.5,175.2,37.1
441,441,15,383.0,7,237.8,6,99.9,9.2175040522,8,6,1,150.4,197.3,35.3,1,5,1,28.8,173.7,35.3
442,442,15,381.4,7,237.6,5,75.9,9.27827467541,8,6,1,150.8,195.8,34.8,1,5,1,28.6,174.2,34.8
443,443,15,379.4,7,231.1,4,60.0,8.5852420439,8,6,1,151.5,196.4,31.5,1,5,1,27.2,172.4,31.5
444,444,15,367.1,7,229.1,5,74.6,9.10670605862,8,6,1,142.6,191.8,32.7,1,5,1,25.7,170.7,32.7
445,445,14,337.1,6,200.0,6,95.8,9.35021008167,7,6,1,116.4,189.4,31.3,0,5,1,0,168.7,31.3
446,446,14,335.9,5,176.2,6,95.9,9.45340510778,7,6,1,117.7,185.7,32.5,0,4,1,0,143.7,32.5
447,447,14,339.4,5,175.3,5,77.1,9.34737431546,7,6,1,119.4,187.6,32.4,0,4,1,0,142.9,32.4
448,448,14,326.3,5,172.7,8,133.2,9.57058508667,7,6,1,113.8,179.9,32.6,0,4,1,0,140.1,32.6
449,449,14,323.9,4,144.1,7,111.9,9.39399211795,7,6,1,118.7,173.3,31.9,0,3,1,0,112.2,31.9
450,450,14,322.0,4,142.2,6,90.3,9.21829285046,7,6,1,112.4,178.1,31.5,0,3,1,0,110.7,31.5
451,451,15,347.8,5,166.6,6,92.9,8.56711875776,8,6,1,141.5,173.6,32.7,1,3,1,25.7,108.2,32.7
452,452,14,321.5,4,139.4,6,93.4,8.63682697637,7,6,1,119.6,170.4,31.5,0,3,1,0,107.9,31.5
453,453,14,334.0,5,162.9,4,58.6,8.09536565295,7,6,1,123.8,178.0,32.2,0,4,1,0,130.7,32.2
454,454,14,341.8,7,221.7,5,76.8,8.70506988819,7,6,1,124.7,184.1,33.0,1,5,1,26.3,162.4,33.0
455,455,14,341.2,7,223.3,6,93.8,9.02197561269,7,6,1,119.7,187.5,34.0,1,5,1,25.9,163.4,34.0
456,456,14,344.0,7,226.1,6,95.2,9.16518735982,7,6,1,120.6,189.4,34.0,1,5,1,25.4,166.7,34.0
457,457,14,340.4,6,194.8,5,78.6,8.74060877504,7,6,1,123.0,187.0,30.4,0,5,1,0,164.4,30.4
458,458,14,341.3,6,194.7,5,76.4,8.81695731325,7,6,1,125.3,185.7,30.3,1,4,1,26.6,137.8,30.3
459,459,15,369.3,8,247.3,5,77.6,8.54126119827,8,6,1,154.7,183.4,31.2,2,5,1,55.4,160.7,31.2
460,460,15,371.6,7,220.9,4,58.4,8.38284529489,8,6,1,157.9,182.0,31.7,2,4,1,54.0,135.2,31.7
461,461,15,372.2,6,200.8,4,59.9,8.61907077082,8,6,1,154.5,185.3,32.4,1,4,1,29.0,139.4,32.4
462,462,15,370.0,6,200.3,5,79.6,8.67999890279,8,6,1,153.7,184.1,32.2,1,4,1,28.6,139.5,32.2
463,463,15,364.7,7,225.6,7,116.7,8.88368220525,8,6,1,146.4,186.1,32.2,1,5,1,27.1,166.3,32.2
464,464,15,376.1,7,228.1,6,101.8,8.31938070039,8,6,1,152.8,192.3,31.0,1,5,1,28.8,168.3,31.0
465,465,15,370.6,7,223.5,6,102.7,7.84906424511,8,6,1,152.9,186.1,31.6,1,5,1,29.2,162.7,31.6
466,466,15,371.4,6,196.8,5,81.6,7.74115163083,8,6,1,153.9,186.0,31.5,1,4,1,28.5,136.8,31.5
467,467,15,368.6,7,222.2,6,100.6,7.98350680794,8,6,1,150.7,188.6,29.3,1,5,1,27.3,165.6,29.3
468,468,15,370.0,7,224.1,6,100.2,8.34597136918,8,6,1,147.0,190.4,32.6,1,5,1,26.0,165.5,32.6
469,469,15,373.0,7,225.5,7,123.9,8.2542341227,8,6,1,150.0,190.3,32.7,1,5,1,26.1,166.7,32.7
470,470,14,357.0,6,203.1,5,87.7,8.343860018,7,6,1,131.5,193.7,31.8,0,5,1,0,171.3,31.8
471,471,14,348.0,6,199.2,4,64.9,8.42237991998,7,6,1,126.7,191.9,29.4,0,5,1,0,169.8,29.4
472,472,15,377.5,7,227.1,5,83.9,8.15910242496,8,6,1,155.6,191.8,30.1,1,5,1,27.5,169.5,30.1
473,473,15,372.9,7,221.3,5,85.1,7.8099570147,8,6,1,155.3,190.1,27.5,1,5,1,26.5,167.3,27.5
474,474,15,363.7,5,158.1,4,66.1,6.54859490563,8,6,1,157.0,176.5,30.2,0,4,1,0,127.9,30.2
475,475,15,347.9,5,153.1,6,101.0,6.32799524411,8,6,1,146.4,168.3,33.2,0,4,1,0,119.9,33.2
476,476,16,361.5,6,180.3,8,137.9,6.65557097475,9,6,1,158.0,168.7,34.8,0,5,1,0,145.5,34.8
477,477,16,350.9,6,175.9,9,154.6,6.38745841474,9,6,1,157.5,159.4,34.0,0,5,1,0,141.9,34.0
478,478,16,364.7,6,182.2,7,118.6,6.70795237014,9,6,1,160.9,168.9,34.9,0,5,1,0,147.3,34.9
479,479,16,360.1,5,153.5,6,95.1,6.92969155158,9,6,1,158.4,167.0,34.7,0,4,1,0,118.8,34.7
480,480,14,306.3,5,147.9,6,89.0,7.2966987869,7,6,1,109.2,164.1,33.0,0,4,1,0,114.9,33.0
481,481,16,357.3,7,205.9,7,108.8,7.33527720449,9,6,1,151.4,171.9,34.0,0,6,1,0,171.9,34.0
