,e_id,num_sat,sum_snr,num_sat_25,sum_snr_25,snr_std,elev_0_30,elev_30_60,elev_60_90,elev_0_30_25,elev_30_60_25,elev_60_90_25
1,1,14,362.4,6,205.7,8.40190977767,7,5,2,0,4,2
2,2,15,391.6,7,231.7,7.68193304046,8,5,2,1,4,2
3,3,15,397.4,7,239.7,8.51531952816,8,5,2,1,4,2
4,4,15,398.1,7,242.8,8.61641290959,8,5,2,1,4,2
5,5,15,390.6,7,240.4,8.70458007521,8,5,2,1,4,2
6,6,15,397.0,7,239.1,8.2562242033,8,5,2,1,4,2
7,7,15,400.1,7,236.9,7.90682044338,8,5,2,1,4,2
8,8,15,389.8,6,210.2,8.12138857468,8,5,2,1,3,2
9,9,15,381.5,6,209.4,8.47042473776,8,5,2,1,3,2
10,10,15,382.4,6,210.4,8.66952516962,8,5,2,1,3,2
11,11,15,376.6,6,213.9,9.31607417828,8,5,2,1,3,2
12,12,15,376.9,6,213.9,9.45466375217,8,5,2,1,3,2
13,13,15,378.9,6,212.4,9.03270249071,8,5,2,1,3,2
14,14,15,388.5,6,214.8,8.90962561343,8,5,2,1,3,2
15,15,15,379.6,6,213.5,9.32159295604,8,5,2,1,3,2
16,16,16,393.4,6,213.4,9.28129840055,9,5,2,1,3,2
17,17,16,392.4,6,216.7,9.62181549051,9,5,2,1,3,2
18,18,16,394.6,6,216.1,9.50058770112,9,5,2,1,3,2
19,19,16,393.1,6,214.8,9.37178166981,9,5,2,1,3,2
20,20,16,390.6,6,212.8,9.27411271587,9,5,2,1,3,2
21,21,16,405.0,6,211.0,8.5228223025,9,5,2,1,3,2
22,22,16,397.9,6,208.5,8.45582392989,9,5,2,1,3,2
23,23,16,405.4,7,244.4,9.09980769028,9,5,2,1,4,2
24,24,16,407.0,6,215.2,8.76636564756,9,5,2,1,3,2
25,25,16,402.8,7,242.3,9.24658495518,9,5,2,1,4,2
26,26,16,412.9,7,246.7,9.10915061902,9,5,2,1,4,2
27,27,16,411.5,7,247.2,9.37359545034,9,5,2,1,4,2
28,28,16,416.3,7,248.4,9.1395272489,9,5,2,1,4,2
29,29,16,409.2,7,248.2,9.53970649444,9,5,2,1,4,2
30,30,16,405.2,7,246.3,9.54934552731,9,5,2,1,4,2
31,31,16,406.8,7,246.0,9.42135871305,9,5,2,1,4,2
32,32,16,398.6,7,241.9,9.5345599444,9,5,2,1,4,2
33,33,16,394.6,7,234.2,8.91095767394,9,5,2,1,4,2
34,34,16,391.9,7,240.4,9.6688826483,9,5,2,1,4,2
35,35,15,377.2,6,213.9,9.29968253426,8,5,2,0,4,2
36,36,15,382.4,6,216.8,9.46644198258,8,5,2,0,4,2
37,37,15,381.8,7,239.7,9.18234849096,8,5,2,0,5,2
38,38,16,404.5,6,208.4,8.199773879,9,5,2,0,4,2
39,39,16,406.0,6,209.9,8.36169839207,9,5,2,0,4,2
40,40,16,402.6,7,231.8,8.12936036844,9,5,2,1,4,2
41,41,16,402.2,7,237.4,8.54961012756,9,5,2,1,4,2
42,42,16,409.1,7,239.7,8.1937145626,9,5,2,1,4,2
43,43,16,413.5,7,244.3,8.69060556003,9,5,2,1,4,2
44,44,16,406.0,7,244.2,9.11054334274,9,5,2,1,4,2
45,45,16,413.3,7,245.4,8.82260118484,9,5,2,1,4,2
46,46,16,423.4,7,248.8,8.65423788287,9,5,2,1,4,2
47,47,16,423.0,7,249.6,8.77708189928,9,5,2,1,4,2
48,48,16,420.8,8,266.1,7.6143723751,9,5,2,1,5,2
49,49,16,423.0,8,273.2,8.52907771489,9,5,2,1,5,2
50,50,16,418.8,7,246.2,8.52678133882,9,5,2,1,4,2
51,51,16,417.8,7,250.4,9.17350351102,9,5,2,1,4,2
52,52,16,406.1,7,244.3,9.05841919616,9,5,2,1,4,2
53,53,16,411.8,7,242.5,8.4048299606,9,5,2,1,4,2
54,54,16,410.0,7,246.0,9.07226542822,9,5,2,1,4,2
55,55,16,412.0,7,249.2,9.22778413272,9,5,2,1,4,2
56,56,16,413.5,7,248.7,9.25915537905,9,5,2,1,4,2
57,57,16,424.6,7,250.1,8.78224534691,9,5,2,1,4,2
58,58,17,431.0,7,250.1,9.42961542476,10,5,2,1,4,2
59,59,17,430.7,7,249.6,9.32033671444,10,5,2,1,4,2
60,60,17,434.5,7,249.4,9.27160037585,10,5,2,1,4,2
61,61,17,439.5,7,251.0,9.18947207726,10,5,2,1,4,2
62,62,17,428.3,7,250.2,9.62155591551,10,5,2,1,4,2
63,63,17,433.9,7,244.6,8.72686437185,10,5,2,1,4,2
64,64,17,437.1,8,272.1,8.78129278302,10,5,2,2,4,2
65,65,17,445.0,8,277.8,8.97270370427,10,5,2,1,5,2
66,66,17,413.3,8,258.9,8.3352326267,10,5,2,1,5,2
67,67,17,427.1,8,267.6,8.97340023429,10,5,2,1,5,2
68,68,17,440.1,9,302.4,9.36848989652,10,5,2,2,5,2
69,69,17,439.5,9,304.0,9.59857526192,10,5,2,2,5,2
70,70,17,435.0,9,303.1,9.82324299512,10,5,2,2,5,2
71,71,17,438.6,8,277.3,9.67354640243,10,5,2,2,4,2
72,72,17,427.3,8,276.0,9.82197416361,10,5,2,2,4,2
73,73,17,424.5,7,245.7,9.28969622121,10,5,2,1,4,2
74,74,17,424.8,8,269.0,9.20644355553,10,5,2,2,4,2
75,75,17,423.1,8,267.6,8.90518685605,10,5,2,2,4,2
76,76,17,428.8,7,245.4,8.92535219275,10,5,2,1,4,2
77,77,17,424.8,7,248.2,9.41248388796,10,5,2,1,4,2
78,78,17,423.2,7,250.1,9.64556054542,10,5,2,1,4,2
79,79,17,427.4,7,254.2,9.97729039015,10,5,2,1,4,2
80,80,16,408.0,7,253.3,10.0557777753,9,5,2,1,4,2
81,81,16,394.7,7,249.3,10.2583766585,9,5,2,1,4,2
82,82,15,379.7,7,246.7,10.0234629507,8,5,2,1,4,2
83,83,15,372.8,7,242.8,9.86609393447,8,5,2,1,4,2
84,84,16,393.6,7,244.2,9.71781868528,9,5,2,1,4,2
85,85,16,394.1,7,243.5,9.84186423736,9,5,2,1,4,2
86,86,16,397.6,7,241.1,9.33045193618,9,5,2,1,4,2
87,87,16,401.3,7,238.5,8.91382587146,9,5,2,1,4,2
88,88,16,393.0,7,237.3,9.1960045672,9,5,2,1,4,2
89,89,16,398.4,7,238.2,9.1132138495,9,5,2,1,4,2
90,90,16,398.4,6,209.0,8.87671110266,9,5,2,1,3,2
91,91,16,398.2,6,211.5,9.14431517392,9,5,2,1,3,2
92,92,15,382.9,6,211.8,8.96433143604,8,5,2,1,3,2
93,93,15,382.3,7,236.3,9.07877168113,8,5,2,2,3,2
94,94,16,399.0,6,206.8,8.63673356465,9,5,2,1,3,2
95,95,16,387.7,7,232.2,8.86677083272,9,5,2,1,4,2
96,96,16,393.6,7,232.6,8.64862224095,9,5,2,1,4,2
97,97,16,391.1,6,207.9,9.03016934134,9,5,2,1,3,2
98,98,16,388.8,7,232.0,8.8306285167,9,5,2,1,4,2
99,99,16,390.5,7,235.5,9.2404522797,9,5,2,1,4,2
100,100,16,395.4,7,235.5,9.25720440162,9,5,2,1,4,2
101,101,16,391.8,8,262.0,9.55655970176,9,5,2,1,5,2
102,102,16,400.7,7,236.2,8.89456528823,9,5,2,0,5,2
103,103,16,410.1,7,240.6,8.72648984415,9,5,2,1,4,2
104,104,16,401.2,8,262.3,8.9627004859,9,5,2,1,5,2
105,105,16,409.6,8,266.1,8.81801186965,9,5,2,1,5,2
106,106,16,413.9,8,262.5,8.16910592823,9,5,2,1,5,2
107,107,16,427.5,9,292.4,7.96125775239,9,5,2,2,5,2
108,108,16,425.9,9,292.7,7.90292930923,9,5,2,2,5,2
109,109,16,426.2,9,294.6,8.2278287942,9,5,2,2,5,2
110,110,16,430.4,9,297.3,8.1597385579,9,5,2,2,5,2
111,111,16,433.2,9,297.6,8.12826344717,9,5,2,2,5,2
112,112,16,434.8,9,299.1,8.24099508555,9,5,2,2,5,2
113,113,16,424.0,8,270.1,8.37480348028,9,5,2,2,4,2
114,114,16,420.7,7,241.5,8.23387059651,9,5,2,1,4,2
115,115,16,413.6,8,267.2,8.53151022192,9,5,2,2,4,2
116,116,15,366.5,7,222.9,7.79777135438,8,5,2,1,4,2
117,117,16,396.3,7,230.0,8.1160514825,9,5,2,1,4,2
118,118,16,406.1,7,233.5,7.97548065427,9,5,2,1,4,2
119,119,16,417.5,8,266.0,8.41874644271,9,5,2,1,5,2
120,120,16,419.5,8,269.7,8.54378672877,9,5,2,1,5,2
121,121,16,409.2,8,268.7,8.99166280507,9,5,2,1,5,2
122,122,16,418.7,8,268.0,8.44375262151,9,5,2,1,5,2
123,123,16,412.6,8,265.0,8.45268202012,9,5,2,1,5,2
124,124,16,404.1,8,261.1,8.57406700464,9,5,2,1,5,2
125,125,16,402.3,7,235.4,8.58284869182,9,5,2,1,4,2
126,126,16,395.7,7,236.9,9.00353402837,9,5,2,1,4,2
127,127,16,402.8,7,240.3,8.96589835618,9,5,2,1,4,2
128,128,16,400.0,7,239.6,8.99244127031,9,5,2,1,4,2
129,129,16,409.7,7,241.4,8.8388135516,9,5,2,1,4,2
130,130,16,406.5,7,239.1,9.13071510526,9,5,2,1,4,2
131,131,16,401.5,7,238.2,9.19242215088,9,5,2,1,4,2
132,132,15,386.6,8,261.1,8.47260009566,8,5,2,1,5,2
133,133,15,376.7,8,258.0,8.83538879949,8,5,2,1,5,2
134,134,15,378.8,8,254.9,8.22894427065,8,5,2,1,5,2
135,135,15,378.3,8,253.4,8.10618811244,8,5,2,1,5,2
136,136,15,384.5,8,251.5,7.7579145455,8,5,2,1,5,2
137,137,15,389.9,8,250.1,7.64035027868,8,5,2,1,5,2
138,138,15,382.3,7,227.4,8.26307333577,8,5,2,1,4,2
139,139,15,372.2,6,202.1,8.54173507522,8,5,2,1,3,2
140,140,14,371.6,6,203.8,7.59359186174,7,5,2,1,3,2
141,141,14,374.9,7,233.3,7.89597546674,7,5,2,1,4,2
142,142,14,373.1,8,258.3,8.12666550977,7,5,2,2,4,2
143,143,14,373.3,7,234.1,8.2757855442,7,5,2,1,4,2
144,144,15,391.6,8,258.7,8.16039798283,8,5,2,2,4,2
145,145,15,390.0,8,261.1,8.16683187394,8,5,2,2,4,2
146,146,15,386.4,7,233.0,7.96768473272,8,5,2,2,3,2
147,147,14,368.2,7,235.8,8.39825989302,7,5,2,2,3,2
148,148,14,372.7,7,234.6,7.83367273834,7,5,2,2,3,2
149,149,15,392.9,7,235.3,8.07734633463,8,5,2,2,3,2
150,150,15,398.0,8,266.0,8.32746460014,8,5,2,2,4,2
151,151,15,397.6,8,264.1,8.26537240252,8,5,2,2,4,2
152,152,15,401.8,8,267.0,8.08586656427,8,5,2,2,4,2
153,153,15,404.3,8,266.3,7.94848293402,8,5,2,2,4,2
154,154,15,400.6,9,289.5,8.19725273375,8,5,2,2,5,2
155,155,15,401.7,9,287.6,7.83145671543,8,5,2,2,5,2
156,156,15,403.6,10,317.6,8.30373983444,8,5,2,3,5,2
157,157,15,391.7,8,260.5,8.11162011884,8,5,2,2,4,2
158,158,15,381.5,7,232.2,8.26089468232,8,5,2,2,3,2
159,159,15,381.3,7,231.7,8.22272113458,8,5,2,2,3,2
160,160,15,373.5,6,204.3,8.29466265567,8,5,2,1,3,2
161,161,15,374.7,7,229.4,8.38265215447,8,5,2,2,3,2
162,162,15,381.6,7,233.0,8.49409879185,8,5,2,2,3,2
163,163,14,368.0,7,233.0,8.3744903076,7,5,2,2,3,2
164,164,14,371.8,7,235.2,8.44017082271,7,5,2,1,4,2
165,165,14,375.5,8,258.0,7.934266344,7,5,2,2,4,2
166,166,14,383.7,8,259.7,7.63851216742,7,5,2,3,3,2
167,167,14,393.2,8,262.9,7.25458551463,7,5,2,2,4,2
168,168,14,390.6,9,289.5,7.43515557749,7,5,2,3,4,2
169,169,14,389.7,9,289.5,7.33627521743,7,5,2,3,4,2
170,170,15,399.0,9,287.7,7.87055997282,8,5,2,3,4,2
171,171,14,384.3,8,259.5,7.23206003209,7,5,2,2,4,2
172,172,14,361.8,8,256.5,8.6458272982,7,5,2,2,4,2
173,173,15,389.0,9,269.9,6.31253477124,8,5,2,3,4,2
174,174,15,398.9,9,279.2,7.18534884993,8,5,2,3,4,2
175,175,15,399.6,8,263.1,8.27619650392,8,5,2,2,4,2
176,176,15,398.9,8,262.9,8.20700629834,8,5,2,2,4,2
177,177,15,411.3,8,268.1,7.86612992519,8,5,2,2,4,2
178,178,14,367.7,7,231.2,8.12220196961,7,5,2,1,4,2
179,179,15,394.0,8,261.4,8.15148248276,8,5,2,1,5,2
180,180,15,387.5,7,230.9,8.02065785213,8,5,2,1,4,2
181,181,15,385.2,7,232.2,8.17978344107,8,5,2,1,4,2
182,182,15,396.2,7,237.4,8.04672663409,8,5,2,1,4,2
183,183,15,386.9,7,235.4,8.20596182807,8,5,2,1,4,2
184,184,15,392.5,8,261.7,7.92118918441,8,5,2,2,4,2
185,185,14,376.6,9,288.4,8.22930971963,7,5,2,3,4,2
186,186,14,372.0,8,260.3,8.48350694642,7,5,2,2,4,2
187,187,15,390.2,6,210.1,8.00721698279,8,5,2,1,3,2
188,188,15,391.7,6,208.9,7.85410417431,8,5,2,1,3,2
189,189,15,392.9,6,209.0,7.86388368853,8,5,2,1,3,2
190,190,15,405.4,7,240.6,7.77132703015,8,5,2,2,3,2
191,191,15,408.4,8,266.9,7.84442173656,8,5,2,3,3,2
192,192,15,411.6,9,292.9,7.96266287118,8,5,2,3,4,2
193,193,15,417.0,11,344.8,7.85548034359,8,5,2,4,5,2
194,194,15,419.3,9,294.3,7.49789176718,8,5,2,3,4,2
195,195,15,416.7,10,317.2,7.50239961612,8,5,2,3,5,2
196,196,15,401.4,9,286.8,7.6569109773,8,5,2,2,5,2
197,197,15,396.6,9,283.7,7.746224887,8,5,2,2,5,2
198,198,15,399.1,8,262.4,7.89615337334,8,5,2,1,5,2
199,199,15,400.6,8,259.1,7.39086952807,8,5,2,1,5,2
200,200,15,391.6,9,278.5,7.30913974483,8,5,2,2,5,2
201,201,16,412.5,8,260.2,8.00001822915,9,5,2,1,5,2
202,202,15,382.5,7,237.9,8.96445361254,8,5,2,0,5,2
203,203,15,384.3,7,237.2,9.07659470443,8,5,2,0,5,2
204,204,15,380.4,7,239.4,9.3097337694,8,5,2,0,5,2
205,205,15,377.6,6,215.1,9.67688458328,8,5,2,0,4,2
206,206,15,380.0,6,214.4,9.34342141881,8,5,2,0,4,2
207,207,15,380.2,6,214.5,9.41547864398,8,5,2,0,4,2
208,208,15,378.9,6,214.4,9.4583145584,8,5,2,0,4,2
209,209,14,359.4,6,214.4,9.75724019709,7,5,2,0,4,2
210,210,14,360.4,7,240.6,9.87200504034,7,5,2,0,5,2
211,211,14,362.0,7,237.9,9.39776686123,7,5,2,0,5,2
212,212,14,363.2,6,215.9,9.5905975017,7,5,2,0,4,2
213,213,14,368.0,7,241.0,9.40211573104,7,5,2,0,5,2
214,214,14,372.5,7,242.3,9.36650860868,7,5,2,0,5,2
215,215,14,367.2,7,242.7,9.73766901277,7,5,2,0,5,2
216,216,14,369.5,7,242.2,9.64368779491,7,5,2,0,5,2
217,217,15,390.0,7,243.4,9.6764810605,8,5,2,1,4,2
218,218,15,393.6,8,269.8,9.45982482471,8,5,2,1,5,2
219,219,15,399.7,8,268.0,9.01045953059,8,5,2,2,4,2
220,220,15,390.1,8,265.4,9.15060237413,8,5,2,2,4,2
221,221,15,383.8,8,264.9,9.28400057447,8,5,2,2,4,2
222,222,15,388.7,7,239.9,9.1002250103,8,5,2,1,4,2
223,223,15,380.9,7,238.9,9.11909038906,8,5,2,1,4,2
224,224,15,378.5,7,237.5,9.06655287043,8,5,2,1,4,2
225,225,14,357.9,7,229.2,8.26964859665,7,5,2,1,4,2
226,226,14,366.0,7,231.1,8.04742809232,7,5,2,1,4,2
227,227,14,370.8,7,229.3,7.25373719518,7,5,2,1,4,2
228,228,16,398.1,8,258.8,8.23077304996,9,5,2,1,5,2
229,229,16,393.7,8,256.7,8.23840346588,9,5,2,1,5,2
230,230,16,396.0,8,252.9,7.89700365117,9,5,2,1,5,2
231,231,16,384.8,7,224.7,8.02570869145,9,5,2,1,4,2
232,232,16,385.9,7,225.2,7.96661523693,9,5,2,1,4,2
233,233,16,388.1,7,224.6,8.18925871696,9,5,2,1,4,2
234,234,16,379.9,7,224.8,8.33866246269,9,5,2,2,3,2
235,235,16,375.6,6,197.7,8.37141963269,9,5,2,1,3,2
236,236,16,370.6,6,196.7,8.42930404403,9,5,2,1,3,2
237,237,16,376.4,7,225.2,8.59965115572,9,5,2,1,4,2
238,238,16,386.6,6,201.8,8.51288239474,9,5,2,1,3,2
239,239,16,387.1,8,252.5,8.57418363461,9,5,2,2,4,2
240,240,16,381.4,6,198.7,8.31575813341,9,5,2,1,3,2
241,241,16,396.5,7,227.5,8.19399932878,9,5,2,1,4,2
242,242,15,384.0,8,255.5,8.02789778567,8,5,2,1,5,2
243,243,15,387.5,7,230.3,7.84371146357,8,5,2,1,4,2
244,244,15,383.5,7,229.8,8.1426273986,8,5,2,1,4,2
245,245,15,380.1,8,256.4,8.36897331133,8,5,2,2,4,2
246,246,15,378.0,7,232.6,8.57671265696,8,5,2,2,3,2
247,247,15,382.7,8,263.2,8.72368423699,8,5,2,2,4,2
248,248,15,378.7,8,262.1,8.86557279325,8,5,2,2,4,2
249,249,16,412.2,7,238.4,8.5933210499,9,5,2,1,4,2
250,250,16,405.0,8,260.3,8.16952671008,9,5,2,2,4,2
251,251,16,408.1,8,264.4,8.79723204574,9,5,2,2,4,2
252,252,16,408.7,8,269.7,9.12074329939,9,5,2,2,4,2
253,253,15,389.6,8,264.3,8.56783575495,8,5,2,2,4,2
254,254,15,398.3,9,293.6,8.5863568415,8,5,2,2,5,2
255,255,15,401.2,9,291.0,8.1408903222,8,5,2,2,5,2
256,256,15,396.9,8,266.5,8.69973727025,8,5,2,1,5,2
257,257,15,389.0,8,267.3,9.25022522248,8,5,2,2,4,2
258,258,15,394.2,8,270.2,9.18836220444,8,5,2,2,4,2
259,259,15,389.4,8,269.7,9.31433610854,8,5,2,2,4,2
260,260,15,389.4,8,269.1,9.43971851881,8,5,2,2,4,2
261,261,14,372.0,8,268.9,9.49837464407,7,5,2,1,5,2
262,262,14,367.9,8,267.2,9.29442997561,7,5,2,1,5,2
263,263,14,372.8,8,268.0,8.81331410393,7,5,2,1,5,2
264,264,15,389.1,7,242.2,8.86935333446,8,5,2,1,4,2
265,265,15,384.1,8,264.7,8.82548798057,8,5,2,1,5,2
266,266,15,385.1,7,238.7,8.64882045357,8,5,2,1,4,2
267,267,15,381.8,7,239.1,8.87257948213,8,5,2,1,4,2
268,268,15,379.8,7,239.1,8.93773700984,8,5,2,1,4,2
269,269,15,382.1,7,239.4,8.7689767009,8,5,2,1,4,2
270,270,15,385.1,7,240.8,8.97333085686,8,5,2,1,4,2
271,271,15,388.9,7,243.1,9.23606801518,8,5,2,1,4,2
272,272,15,388.9,8,268.1,9.25291202554,8,5,2,1,5,2
273,273,15,384.3,8,259.7,8.2055033797,8,5,2,1,5,2
274,274,15,396.6,8,268.9,8.51232719564,8,5,2,1,5,2
275,275,16,418.9,8,269.6,8.29322765876,9,5,2,1,5,2
276,276,16,412.4,8,268.2,8.66667948717,9,5,2,1,5,2
277,277,16,410.6,8,268.8,8.92695356771,9,5,2,1,5,2
278,278,16,412.7,8,269.7,8.86630090098,9,5,2,1,5,2
279,279,16,414.7,8,270.5,9.04729932079,9,5,2,1,5,2
280,280,15,393.2,9,293.4,9.26420659363,8,5,2,2,5,2
281,281,15,391.2,8,269.0,9.57468388139,8,5,2,1,5,2
282,282,15,388.3,7,243.0,9.79364711481,8,5,2,0,5,2
283,283,15,385.5,8,268.8,9.97110109982,8,5,2,2,4,2
284,284,15,392.3,8,267.0,9.22247771687,8,5,2,2,4,2
285,285,15,386.9,8,265.2,9.26085977701,8,5,2,2,4,2
286,286,16,415.0,9,292.0,8.9511172487,9,5,2,3,4,2
287,287,16,413.1,8,267.8,9.11125448735,9,5,2,2,4,2
288,288,16,418.3,9,298.0,9.09226548593,9,5,2,2,5,2
289,289,16,408.4,8,269.5,9.08034507421,9,5,2,1,5,2
290,290,15,398.3,8,274.5,9.34144885265,8,5,2,1,5,2
291,291,15,393.7,8,269.6,9.15625209247,8,5,2,1,5,2
292,292,15,407.0,9,299.7,9.04762531328,8,5,2,2,5,2
293,293,15,404.4,7,249.6,9.18016495339,8,5,2,1,4,2
294,294,15,401.1,7,247.3,9.01877406937,8,5,2,1,4,2
295,295,15,392.7,7,249.9,9.78725118275,8,5,2,1,4,2
296,296,15,395.8,7,247.5,9.33058462926,8,5,2,1,4,2
297,297,15,399.5,7,246.2,8.87562204393,8,5,2,1,4,2
298,298,16,411.0,8,270.4,9.09995421234,9,5,2,2,4,2
299,299,16,414.0,8,272.0,9.10124533603,9,5,2,2,4,2
300,300,16,417.1,8,269.4,8.71922922817,9,5,2,2,4,2
301,301,16,413.4,8,265.8,8.57592560602,9,5,2,2,4,2
302,302,16,405.4,8,269.6,9.3584097652,9,5,2,1,5,2
303,303,15,391.7,8,269.7,9.16381600697,8,5,2,1,5,2
304,304,16,410.7,8,267.8,9.03753054398,9,5,2,1,5,2
305,305,16,409.7,8,270.5,9.41753462077,9,5,2,1,5,2
306,306,15,384.5,7,241.2,9.56098221693,8,5,2,0,5,2
307,307,15,384.2,8,267.8,9.7451721869,8,5,2,1,5,2
308,308,15,390.0,8,267.9,9.27939345308,8,5,2,1,5,2
309,309,15,398.0,8,266.4,8.71637757874,8,5,2,1,5,2
310,310,14,384.2,8,265.9,8.38760204897,7,5,2,1,5,2
311,311,13,351.6,6,210.0,8.31931641669,6,5,2,0,4,2
312,312,13,343.6,6,204.9,8.07004591224,6,5,2,0,4,2
313,313,13,339.9,6,205.2,8.40383001817,6,5,2,0,4,2
314,314,14,364.5,6,205.0,8.0552521942,7,5,2,0,4,2
315,315,13,342.2,6,207.4,8.66575192411,6,5,2,0,4,2
316,316,13,329.5,6,205.6,9.17311428257,6,5,2,0,4,2
317,317,13,339.4,6,207.6,8.97872128409,6,5,2,0,4,2
318,318,13,340.9,6,209.8,9.25573280425,6,5,2,0,4,2
319,319,14,348.4,7,234.9,10.0086775537,7,5,2,1,4,2
320,320,14,351.4,6,207.3,9.42321192996,7,5,2,0,4,2
321,321,14,352.5,6,207.2,9.41824567785,7,5,2,0,4,2
322,322,15,380.2,7,237.4,9.17666813692,8,5,2,1,4,2
323,323,15,348.7,5,162.5,7.57183377173,8,5,2,0,3,2
324,324,15,360.7,6,194.3,7.89483254746,8,5,2,1,3,2
325,325,15,360.9,7,225.5,8.51736042277,8,5,2,1,4,2
326,326,15,375.8,7,232.0,8.65818082729,8,5,2,1,4,2
327,327,15,379.1,7,233.3,8.66326123571,8,5,2,1,4,2
328,328,15,391.6,7,242.4,9.05684166541,8,5,2,1,4,2
329,329,15,391.5,8,263.6,8.6460560786,8,5,2,1,5,2
330,330,15,391.2,7,237.0,8.39227535977,8,5,2,1,4,2
331,331,14,365.9,7,226.5,7.77932240898,7,5,2,1,5,1
332,332,13,331.3,5,168.0,8.10142437619,6,5,2,0,4,1
333,333,13,327.6,6,196.3,8.4525144188,6,5,2,0,4,2
334,334,13,328.1,5,171.8,7.9689541829,6,5,2,0,3,2
335,335,13,326.2,6,194.8,7.99775609556,6,5,2,0,4,2
336,336,13,338.1,6,200.4,8.06561234899,6,5,2,0,4,2
337,337,13,331.4,7,220.3,8.07408008573,6,5,2,0,5,2
338,338,14,366.1,8,252.4,7.79770676348,7,5,2,1,5,2
339,339,14,362.3,7,224.8,7.72599792623,7,5,2,1,4,2
340,340,13,341.2,7,229.4,8.31420625442,6,5,2,0,5,2
341,341,13,348.3,7,238.3,9.27752315532,6,5,2,0,5,2
342,342,14,349.5,6,205.3,9.67133807804,7,5,2,0,4,2
343,343,14,349.8,6,206.5,9.82029743736,7,5,2,0,4,2
344,344,14,352.3,6,206.2,9.69128134283,7,5,2,0,4,2
345,345,14,355.9,7,230.2,9.24838269199,7,5,2,0,5,2
346,346,13,335.6,7,230.0,9.58478361378,6,5,2,0,5,2
347,347,13,334.6,6,205.1,9.37163614864,6,5,2,0,4,2
348,348,14,358.2,6,205.7,9.02687075372,7,5,2,0,4,2
349,349,14,366.6,7,235.1,8.91307226173,7,5,2,0,5,2
350,350,14,359.1,7,234.0,9.12618801539,7,5,2,0,5,2
351,351,14,363.0,7,239.3,9.37003641495,7,5,2,0,5,2
352,352,14,367.6,7,240.7,9.29960415086,7,5,2,0,5,2
353,353,13,346.6,7,238.4,9.46269327954,6,5,2,0,5,2
354,354,13,342.0,6,212.5,9.55392253985,6,5,2,0,4,2
355,355,15,383.1,7,241.4,9.57465404075,8,5,2,0,5,2
356,356,15,375.0,6,208.3,9.34879671402,8,5,2,0,4,2
357,357,15,377.6,7,235.0,9.4728534445,8,5,2,1,4,2
358,358,16,406.9,10,310.7,8.80437154676,9,5,2,3,5,2
359,359,16,401.6,9,282.5,8.85347389447,9,5,2,3,4,2
360,360,16,404.0,9,286.8,8.98754694007,9,5,2,3,4,2
361,361,16,403.6,8,262.0,8.92767233568,9,5,2,2,4,2
362,362,16,394.6,8,252.5,8.20567892783,9,5,2,2,4,2
363,363,16,412.1,9,287.2,8.39070666472,9,5,2,2,5,2
364,364,15,386.0,10,302.7,7.5147157219,8,5,2,3,5,2
365,365,15,387.8,10,300.9,7.36185794355,8,5,2,3,5,2
366,366,15,387.1,10,301.3,7.75854060896,8,5,2,3,5,2
367,367,15,384.3,8,253.3,8.13828693803,8,5,2,1,5,2
368,368,15,388.5,8,255.4,8.27310617086,8,5,2,1,5,2
369,369,15,388.7,8,260.0,8.70753915267,8,5,2,1,5,2
370,370,15,393.1,8,257.4,8.08035242041,8,5,2,1,5,2
371,371,15,387.6,7,237.8,9.21534434672,8,5,2,1,4,2
372,372,14,354.4,7,232.9,9.47400144061,7,5,2,1,4,2
373,373,14,351.6,6,206.1,9.38040979446,7,5,2,1,3,2
374,374,14,354.8,6,207.2,9.17326502445,7,5,2,1,3,2
375,375,14,344.8,6,201.9,9.0440314846,7,5,2,1,3,2
376,376,14,341.8,6,196.4,8.56009140344,7,5,2,1,3,2
377,377,15,366.9,7,224.8,8.69456316162,8,5,2,1,4,2
378,378,15,354.7,6,193.9,8.43757469103,8,5,2,1,3,2
379,379,13,328.8,7,230.3,9.6959150796,6,5,2,1,4,2
380,380,13,324.0,7,225.7,9.22705748024,6,5,2,1,4,2
381,381,13,328.8,7,230.6,9.91072327822,6,5,2,1,4,2
382,382,13,320.4,5,181.5,10.497747011,6,5,2,0,3,2
383,383,13,315.0,5,180.3,10.4147639288,6,5,2,0,3,2
384,384,13,323.4,5,183.7,10.2479391299,6,5,2,0,3,2
385,385,14,355.7,7,233.1,9.42398448197,7,5,2,1,4,2
386,386,12,303.1,5,182.4,10.3843814832,5,5,2,0,3,2
387,387,13,330.7,5,180.9,9.61825854487,6,5,2,0,3,2
388,388,12,308.5,6,204.2,9.78453866923,5,5,2,0,4,2
389,389,12,302.9,6,202.8,9.93931206082,5,5,2,0,4,2
390,390,13,334.8,5,173.5,8.38675696009,6,5,2,0,3,2
391,391,12,303.8,4,143.2,8.47239724939,5,5,2,0,2,2
392,392,13,327.0,5,173.8,8.77397813467,6,5,2,0,3,2
393,393,13,315.8,5,175.5,9.61539230769,6,5,2,0,3,2
394,394,13,311.2,5,170.9,9.42342280893,6,5,2,0,3,2
395,395,13,322.7,6,200.5,9.35700752076,6,5,2,0,4,2
396,396,14,344.7,6,208.4,9.68926277829,7,5,2,0,4,2
397,397,14,349.0,6,211.0,9.72549611718,7,5,2,0,4,2
398,398,15,375.0,6,210.2,9.30545155118,8,5,2,0,4,2
399,399,14,350.5,6,214.9,10.3091898617,7,5,2,0,4,2
400,400,14,352.7,6,212.7,9.88856871386,7,5,2,0,4,2
401,401,14,345.5,6,208.9,10.0117760333,7,5,2,0,4,2
402,402,14,340.5,6,204.1,9.76777894378,7,5,2,0,4,2
403,403,14,343.6,5,182.4,10.0415838688,7,5,2,0,3,2
404,404,14,337.7,5,181.4,10.0095476399,7,5,2,0,3,2
405,405,14,340.8,6,204.1,9.7315280076,7,5,2,1,3,2
406,406,14,337.0,6,205.9,10.2044054266,7,5,2,1,3,2
407,407,14,337.9,5,178.1,9.58015634551,7,5,2,0,3,2
408,408,15,369.4,6,202.7,9.08165078344,8,5,2,1,3,2
409,409,15,364.3,6,206.6,9.35779786875,8,5,2,0,4,2
410,410,15,356.7,6,205.1,9.43354197986,8,5,2,0,4,2
411,411,15,365.7,7,232.8,9.3993312832,8,5,2,0,5,2
412,412,15,366.1,6,210.7,9.54646282038,8,5,2,0,4,2
413,413,15,368.1,7,228.6,8.5922556493,8,5,2,0,5,2
414,414,15,354.7,7,227.1,9.25325168072,8,5,2,0,5,2
415,415,15,362.4,7,233.2,9.54985414997,8,5,2,0,5,2
416,416,15,349.8,7,224.9,9.24400964332,8,5,2,0,5,2
417,417,15,352.4,7,219.3,8.33602051912,8,5,2,0,5,2
418,418,16,365.9,6,187.3,7.6701776381,9,5,2,0,4,2
419,419,15,347.8,7,218.0,8.21478342177,8,5,2,0,5,2
420,420,14,347.8,7,224.3,7.97830850453,7,5,2,0,5,2
421,421,14,354.5,7,228.8,8.26514261326,7,5,2,0,5,2
422,422,14,354.5,7,233.0,8.85691199628,7,5,2,0,5,2
423,423,14,358.2,7,234.3,8.95062156354,7,5,2,0,5,2
424,424,13,343.7,7,232.2,8.59045385506,6,5,2,0,5,2
425,425,13,353.5,7,235.6,8.40986142756,6,5,2,0,5,2
426,426,13,359.1,8,266.6,8.73490639581,6,5,2,1,5,2
427,427,13,347.7,8,263.0,9.18255732214,6,5,2,1,5,2
428,428,13,350.1,8,261.0,8.81621466536,6,5,2,1,5,2
429,429,13,347.8,8,259.3,8.6566559541,6,5,2,1,5,2
430,430,13,352.2,8,260.7,8.51297652004,6,5,2,1,5,2
431,431,14,372.5,9,283.1,7.99465824408,7,5,2,2,5,2
432,432,14,370.4,9,284.7,8.37300738966,7,5,2,2,5,2
433,433,14,368.0,7,233.7,8.55074060156,7,5,2,1,4,2
434,434,15,380.5,7,233.4,8.78388676308,8,5,2,1,4,2
435,435,15,373.7,7,224.0,8.31469152994,8,5,2,1,4,2
436,436,15,384.1,8,265.7,9.66418030422,8,5,2,1,5,2
437,437,15,385.5,7,240.4,9.62741620878,8,5,2,1,4,2
438,438,15,385.0,7,237.5,9.13718201844,8,5,2,1,4,2
439,439,15,391.3,8,268.2,9.43457673111,8,5,2,1,5,2
440,440,15,388.6,7,242.8,9.51205751114,8,6,1,1,5,1
441,441,15,383.0,7,237.8,9.2175040522,8,6,1,1,5,1
442,442,15,381.4,7,237.6,9.27827467541,8,6,1,1,5,1
443,443,15,379.4,7,231.1,8.5852420439,8,6,1,1,5,1
444,444,15,367.1,7,229.1,9.10670605862,8,6,1,1,5,1
445,445,14,337.1,6,200.0,9.35021008167,7,6,1,0,5,1
446,446,14,335.9,5,176.2,9.45340510778,7,6,1,0,4,1
447,447,14,339.4,5,175.3,9.34737431546,7,6,1,0,4,1
448,448,14,326.3,5,172.7,9.57058508667,7,6,1,0,4,1
449,449,14,323.9,4,144.1,9.39399211795,7,6,1,0,3,1
450,450,14,322.0,4,142.2,9.21829285046,7,6,1,0,3,1
451,451,15,347.8,5,166.6,8.56711875776,8,6,1,1,3,1
452,452,14,321.5,4,139.4,8.63682697637,7,6,1,0,3,1
453,453,14,334.0,5,162.9,8.09536565295,7,6,1,0,4,1
454,454,14,341.8,7,221.7,8.70506988819,7,6,1,1,5,1
455,455,14,341.2,7,223.3,9.02197561269,7,6,1,1,5,1
456,456,14,344.0,7,226.1,9.16518735982,7,6,1,1,5,1
457,457,14,340.4,6,194.8,8.74060877504,7,6,1,0,5,1
458,458,14,341.3,6,194.7,8.81695731325,7,6,1,1,4,1
459,459,15,369.3,8,247.3,8.54126119827,8,6,1,2,5,1
460,460,15,371.6,7,220.9,8.38284529489,8,6,1,2,4,1
461,461,15,372.2,6,200.8,8.61907077082,8,6,1,1,4,1
462,462,15,370.0,6,200.3,8.67999890279,8,6,1,1,4,1
463,463,15,364.7,7,225.6,8.88368220525,8,6,1,1,5,1
464,464,15,376.1,7,228.1,8.31938070039,8,6,1,1,5,1
465,465,15,370.6,7,223.5,7.84906424511,8,6,1,1,5,1
466,466,15,371.4,6,196.8,7.74115163083,8,6,1,1,4,1
467,467,15,368.6,7,222.2,7.98350680794,8,6,1,1,5,1
468,468,15,370.0,6,199.1,8.34597136918,8,6,1,1,4,1
469,469,15,373.0,7,225.5,8.2542341227,8,6,1,1,5,1
470,470,14,357.0,6,203.1,8.343860018,7,6,1,0,5,1
471,471,14,348.0,6,199.2,8.42237991998,7,6,1,0,5,1
472,472,15,377.5,7,227.1,8.15910242496,8,6,1,1,5,1
473,473,15,372.9,7,221.3,7.8099570147,8,6,1,1,5,1
474,474,15,363.7,5,158.1,6.54859490563,8,6,1,0,4,1
475,475,15,347.9,5,153.1,6.32799524411,8,6,1,0,4,1
476,476,16,361.5,6,180.3,6.65557097475,9,6,1,0,5,1
477,477,16,350.9,6,175.9,6.38745841474,9,6,1,0,5,1
478,478,16,364.7,6,182.2,6.70795237014,9,6,1,0,5,1
479,479,16,360.1,5,153.5,6.92969155158,9,6,1,0,4,1
480,480,14,306.3,4,122.9,7.2966987869,7,6,1,0,3,1
481,481,16,357.3,7,205.9,7.33527720449,9,6,1,0,6,1
