,e_id,num_sat,sum_snr,num_sat_25,sum_snr_25,snr_std,elev_0_30,elev_30_60,elev_60_90,elev_0_30_25,elev_30_60_25,elev_60_90_25
1,1,20,514.8,11,323.4,5.32030865745,9,9,2,5,5,1
2,2,20,532.6,13,385.1,5.80381906933,9,9,2,7,5,1
3,3,20,541.4,14,418.7,5.88102210952,9,9,2,7,6,1
4,4,20,540.9,14,420.0,5.9029408371,9,9,2,7,6,1
5,5,20,539.8,14,417.4,5.63297621623,9,9,2,7,6,1
6,6,20,537.9,12,367.6,5.82385972575,9,9,2,5,6,1
7,7,20,534.4,12,365.5,5.69363448811,9,9,2,5,6,1
8,8,20,534.7,12,365.8,5.65343630947,9,9,2,5,6,1
9,9,20,537.9,13,394.3,5.8234982252,9,9,2,6,6,1
10,10,20,542.5,13,394.3,5.44917907869,9,9,2,6,6,1
11,11,21,561.6,13,391.6,5.40468051124,10,9,2,6,6,1
12,12,21,579.5,16,473.3,4.82073398877,10,9,2,7,8,1
13,13,21,582.1,16,475.0,4.81763625107,10,9,2,8,7,1
14,14,22,596.1,16,471.8,5.19976897589,11,9,2,7,8,1
15,15,22,567.5,13,380.6,5.37803976262,11,9,2,6,6,1
16,16,22,565.6,13,381.7,5.43146994845,11,9,2,6,6,1
17,17,23,581.1,13,388.8,6.44484351285,12,9,2,5,7,1
18,18,23,604.1,14,430.4,6.66194134248,12,9,2,6,7,1
19,19,23,600.3,14,429.1,6.84995023207,12,9,2,6,7,1
20,20,23,594.3,14,425.8,6.9226728371,12,9,2,6,7,1
21,21,23,596.0,15,449.4,6.80436386365,12,9,2,6,8,1
22,22,24,614.8,14,423.5,6.64233239985,12,10,2,6,7,1
23,23,24,619.7,14,426.4,6.63134710996,12,10,2,6,7,1
24,24,22,576.4,12,373.6,6.49798503567,11,9,2,4,7,1
25,25,22,572.1,13,397.4,6.56400554777,11,9,2,5,7,1
26,26,22,578.8,13,398.5,6.28269801696,12,8,2,6,6,1
27,27,21,560.2,12,373.3,6.09433382429,11,8,2,5,6,1
28,28,21,557.9,12,374.7,6.37450651685,11,8,2,5,6,1
29,29,23,581.9,11,340.5,6.52498693834,12,9,2,5,5,1
30,30,21,562.8,13,393.0,5.58318905286,10,9,2,5,7,1
31,31,21,564.8,12,373.6,5.92954266284,11,8,2,5,6,1
32,32,22,581.9,12,375.1,6.18475468197,11,9,2,5,6,1
33,33,21,566.4,12,378.0,6.25548901823,11,8,2,5,6,1
34,34,22,586.0,14,425.3,6.09367708637,12,8,2,5,8,1
35,35,20,536.0,14,421.5,6.13471570997,10,8,2,5,7,2
36,36,19,492.4,12,349.5,5.58423009295,9,8,2,5,6,1
37,37,21,546.6,15,439.2,6.17779433594,11,8,2,5,8,2
38,38,20,547.8,13,399.0,5.7422625286,10,8,2,4,7,2
39,39,20,552.7,14,428.9,5.98544506545,10,8,2,5,7,2
40,40,20,550.6,14,430.6,6.32289906859,10,8,2,4,8,2
41,41,19,534.2,13,402.7,5.57885523481,9,8,2,5,6,2
42,42,20,558.7,14,427.7,5.26140615585,10,8,2,5,7,2
43,43,22,598.3,15,453.4,5.6607653254,12,8,2,5,8,2
44,44,22,592.0,15,451.0,5.87852500863,12,8,2,6,7,2
45,45,21,576.2,15,452.8,5.53673876849,11,8,2,6,7,2
46,46,20,554.9,14,422.7,5.24519579686,11,7,2,6,7,1
47,47,22,588.9,14,419.2,5.54594543991,12,8,2,6,6,2
48,48,22,574.1,12,359.2,5.43651475126,12,8,2,6,5,1
49,49,21,550.5,13,387.2,5.77670197555,12,7,2,6,5,2
50,50,21,543.5,11,333.0,5.74235309326,12,7,2,6,4,1
51,51,21,554.1,11,339.1,5.85894919881,12,7,2,5,5,1
52,52,22,601.4,17,497.0,4.73161056387,12,8,2,8,8,1
53,53,23,628.4,16,478.0,4.82624986372,12,9,2,8,7,1
54,54,23,567.7,11,306.8,3.73821203907,12,9,2,4,6,1
55,55,23,589.1,11,319.7,4.3030965962,12,9,2,5,5,1
56,56,23,611.5,15,437.9,4.25988735957,12,9,2,6,8,1
57,57,23,615.3,16,463.1,4.12154754312,12,9,2,8,7,1
58,58,23,609.7,14,409.8,4.8247386216,12,9,2,8,6,0
59,59,23,588.4,12,345.2,4.67164095891,12,9,2,7,5,0
60,60,23,615.2,15,437.1,4.69272837534,12,9,2,8,6,1
61,61,23,620.1,16,468.3,4.79362636789,12,9,2,8,7,1
62,62,23,613.4,14,409.5,4.17105118456,12,9,2,7,6,1
63,63,23,625.9,18,523.9,4.58577884213,12,9,2,9,8,1
64,64,23,602.0,14,414.8,5.3257707416,12,9,2,6,8,0
65,65,23,612.9,16,468.3,4.96550551901,12,9,2,7,8,1
66,66,23,631.3,16,480.5,5.16279254643,12,9,2,8,8,0
67,67,23,625.5,17,503.6,5.16548671128,12,9,2,9,8,0
