,e_id,num_sat,sum_snr,num_sat_25,sum_snr_25,snr_std,elev_0_30,elev_30_60,elev_60_90,elev_0_30_25,elev_30_60_25,elev_60_90_25
260,260,3,95.6,3,95.6,4.50037035513,0,3,0,0,3,0
261,261,4,118.8,3,96.1,5.81549653942,1,3,0,0,3,0
262,262,8,207.0,4,132.6,8.52990537546,2,5,1,0,4,0
263,263,8,208.6,4,133.1,8.52270077918,2,5,1,0,4,0
264,264,8,207.3,4,134.3,8.81564153731,2,5,1,0,4,0
265,265,8,203.8,4,131.3,8.58715818617,2,5,1,0,4,0
266,266,8,203.8,4,131.4,8.53459347094,2,5,1,0,4,0
267,267,8,204.1,4,131.6,8.55360199816,2,5,1,0,4,0
268,268,8,204.3,4,132.5,8.66618016034,2,5,1,0,4,0
269,269,8,204.1,4,133.2,8.85815806394,2,5,1,0,4,0
270,270,9,215.5,4,132.0,9.13086949736,3,5,1,0,4,0
271,271,9,215.9,4,132.4,9.27745175741,3,5,1,0,4,0
272,272,10,226.4,4,130.7,9.22005061447,3,6,1,0,4,0
273,273,10,230.6,4,133.4,9.46410763534,3,6,1,0,4,0
274,274,11,239.5,4,133.3,9.71669603405,3,7,1,0,4,0
275,275,11,241.8,4,132.0,9.33850289734,3,7,1,0,4,0
276,276,11,238.4,3,105.4,9.22703537536,3,7,1,0,3,0
277,277,11,238.6,3,103.9,8.9842589617,3,7,1,0,3,0
278,278,12,252.4,3,104.0,8.8423910108,3,7,2,0,3,0
279,279,12,251.9,4,131.9,9.50717034026,3,7,2,0,4,0
280,280,13,268.6,4,134.4,9.61513897122,4,7,2,0,4,0
281,281,12,248.4,4,131.8,9.72475753379,3,7,2,0,4,0
282,282,12,251.1,4,132.1,9.55853973252,3,7,2,0,4,0
283,283,12,256.5,4,133.5,9.44622339158,3,7,2,0,4,0
284,284,12,253.3,4,132.0,9.27787772885,3,7,2,0,4,0
285,285,11,239.4,4,132.6,9.61283233259,3,6,2,0,4,0
286,286,11,238.1,4,132.6,9.68022351357,3,6,2,0,4,0
287,287,11,232.6,3,105.0,9.62209578381,3,6,2,0,3,0
288,288,11,233.5,4,131.1,9.82059987059,3,6,2,0,4,0
289,289,11,233.2,3,106.8,9.98659100995,3,6,2,0,3,0
290,290,11,232.0,4,130.5,9.81635925845,3,6,2,0,4,0
291,291,11,230.5,4,131.1,10.0201161307,3,6,2,0,4,0
292,292,11,226.9,3,100.8,9.14768723876,3,6,2,0,3,0
293,293,11,228.2,3,101.0,9.1281283554,3,6,2,0,3,0
294,294,11,230.6,3,102.9,9.42266127241,3,6,2,0,3,0
295,295,11,228.2,3,100.6,9.08816413104,3,6,2,0,3,0
296,296,11,231.8,3,102.1,9.18750139147,3,6,2,0,3,0
297,297,11,234.0,4,128.4,9.30710383622,3,6,2,0,4,0
298,298,11,233.8,4,128.2,9.34584010524,3,6,2,0,4,0
299,299,12,241.6,4,128.9,9.54971045095,4,6,2,0,4,0
300,300,12,240.2,3,104.5,9.86360005579,4,6,2,0,3,0
301,301,11,229.9,3,105.0,10.1305478628,3,6,2,0,3,0
302,302,11,233.3,3,104.8,9.6301043136,3,6,2,0,3,0
303,303,11,232.9,3,104.7,9.62954733195,3,6,2,0,3,0
304,304,11,232.2,3,105.9,9.76150137484,3,6,2,0,3,0
305,305,11,231.1,3,105.5,9.696128562,3,6,2,0,3,0
306,306,10,219.4,3,106.1,9.83296044491,3,5,2,0,3,0
307,307,10,220.3,3,106.5,9.82921382637,3,5,2,0,3,0
308,308,10,219.6,3,106.3,9.82877860616,3,5,2,0,3,0
309,309,9,204.4,3,104.9,9.74621008963,3,4,2,0,3,0
310,310,9,209.7,3,106.2,9.45555392349,3,5,1,0,3,0
311,311,9,207.5,3,105.7,9.53022968127,3,5,1,0,3,0
312,312,10,219.9,3,105.3,9.52043999917,4,5,1,0,3,0
313,313,10,214.4,3,101.1,8.9280083632,4,5,1,0,3,0
314,314,10,217.0,3,103.9,9.44880944881,4,5,1,0,3,0
315,315,10,218.5,3,106.1,9.82301718754,4,5,1,0,3,0
316,316,10,214.1,3,102.4,9.40123514344,4,5,1,0,3,0
317,317,11,234.2,3,103.6,9.17294440684,5,5,1,0,3,0
318,318,11,235.7,3,105.4,9.42317259834,5,5,1,0,3,0
319,319,11,230.7,3,103.9,9.46341279973,5,5,1,0,3,0
320,320,11,233.1,3,105.2,9.63934173535,5,5,1,0,3,0
321,321,11,234.1,3,105.4,9.7198578366,5,5,1,0,3,0
322,322,11,230.8,3,105.1,9.66269301818,5,5,1,0,3,0
323,323,11,233.5,3,105.7,9.64749614243,5,5,1,0,3,0
324,324,11,233.0,3,105.0,9.60726997454,5,5,1,0,3,0
325,325,11,233.8,3,104.4,9.54529870003,5,5,1,0,3,0
326,326,11,234.0,3,105.3,9.58520640457,5,5,1,0,3,0
327,327,11,232.9,3,104.7,9.52964751805,5,5,1,0,3,0
328,328,11,234.0,3,104.5,9.54872671188,5,5,1,0,3,0
329,329,11,236.7,3,104.2,9.31244524084,5,5,1,0,3,0
330,330,12,245.4,3,103.9,9.23850637279,5,5,2,0,3,0
331,331,12,245.8,3,103.4,9.26349956779,5,5,2,0,3,0
332,332,12,245.8,3,103.6,9.24571973041,5,5,2,0,3,0
333,333,11,234.0,3,102.5,9.22389190191,4,5,2,0,3,0
334,334,11,232.8,3,102.9,9.36517727833,4,5,2,0,3,0
335,335,12,243.9,3,102.5,9.30641274508,4,6,2,0,3,0
336,336,12,245.0,3,101.8,9.24404804414,4,6,2,0,3,0
337,337,12,247.7,3,102.4,9.25246486406,4,6,2,0,3,0
338,338,11,232.1,3,101.5,9.40021276355,4,5,2,0,3,0
339,339,13,255.1,2,76.1,9.13456383251,6,5,2,0,2,0
340,340,13,254.6,2,76.2,9.34486009828,6,5,2,0,2,0
341,341,14,266.6,2,76.1,9.09697450007,6,6,2,0,2,0
342,342,14,275.6,3,101.3,8.84932480196,6,6,2,0,3,0
343,343,15,287.9,2,76.8,8.80328401926,7,6,2,0,2,0
344,344,15,286.6,2,76.8,8.86634621691,7,6,2,0,2,0
345,345,15,288.9,4,127.6,8.91770309953,7,6,2,0,4,0
346,346,15,292.4,4,134.0,9.38566282511,7,6,2,0,4,0
347,347,15,289.8,4,131.1,9.0413494568,7,6,2,0,4,0
348,348,15,285.9,3,100.4,8.68543937535,7,6,2,0,3,0
349,349,15,291.1,2,77.3,8.96727914354,7,6,2,0,2,0
350,350,15,292.0,4,128.4,9.00481352759,7,6,2,0,4,0
351,351,15,293.0,4,128.6,8.93129863111,7,6,2,0,4,0
352,352,15,292.0,4,128.1,9.02026818311,7,6,2,0,4,0
353,353,15,289.8,4,128.6,9.05082474537,7,6,2,0,4,0
354,354,15,289.9,4,129.0,9.12778072438,7,6,2,0,4,0
355,355,15,289.2,4,129.3,9.10990042285,7,6,2,0,4,0
356,356,13,263.8,4,129.8,9.5375976656,7,5,1,0,4,0
357,357,13,265.1,4,129.2,9.41005327106,7,5,1,0,4,0
358,358,13,263.3,4,128.5,9.36906393266,7,5,1,0,4,0
359,359,13,267.8,4,128.8,9.15186684052,7,5,1,0,4,0
360,360,13,269.4,4,130.3,9.33266252168,7,5,1,0,4,0
361,361,13,269.3,4,130.2,9.35003085145,7,5,1,0,4,0
362,362,14,279.9,4,130.3,9.2836054241,7,6,1,0,4,0
363,363,14,281.0,4,130.8,9.32089699971,7,6,1,0,4,0
364,364,14,279.4,4,130.2,9.27235048499,7,6,1,0,4,0
365,365,13,265.4,4,129.6,9.48998122178,7,5,1,0,4,0
366,366,13,264.7,4,130.2,9.62787086722,7,5,1,0,4,0
367,367,13,266.0,4,130.1,9.53340953887,7,5,1,0,4,0
368,368,13,268.6,4,130.1,9.43641337776,7,5,1,0,4,0
369,369,13,266.8,4,129.9,9.55729684989,7,5,1,0,4,0
370,370,14,282.4,4,129.5,9.21165053042,7,6,1,0,4,0
371,371,14,283.4,4,129.6,9.23469330512,7,6,1,0,4,0
372,372,13,273.4,4,129.4,9.08436244464,6,6,1,0,4,0
373,373,13,264.7,3,99.5,8.43904995261,6,6,1,0,3,0
374,374,13,268.7,3,102.4,8.76873086744,6,6,1,0,3,0
375,375,13,265.5,3,103.3,9.09525094451,6,6,1,0,3,0
376,376,13,265.2,3,102.7,8.99990740693,6,6,1,0,3,0
377,377,13,266.7,3,103.1,8.97095741396,6,6,1,0,3,0
378,378,13,262.5,3,102.0,8.96358015699,6,6,1,0,3,0
379,379,13,264.9,4,129.0,9.19049815898,6,6,1,0,4,0
380,380,13,268.0,4,129.3,9.05840734289,6,6,1,0,4,0
381,381,13,268.1,4,130.7,9.13930648774,6,6,1,0,4,0
382,382,13,267.9,4,130.3,9.07987348833,6,6,1,0,4,0
383,383,12,255.5,4,130.6,9.11676361369,6,5,1,0,4,0
384,384,12,251.9,4,131.5,9.54505662951,6,5,1,0,4,0
385,385,12,252.4,4,131.9,9.55703770511,6,5,1,0,4,0
386,386,12,251.4,4,132.1,9.60657918493,6,5,1,0,4,0
387,387,13,267.6,4,132.7,9.38703415656,6,6,1,0,4,0
388,388,13,267.3,4,133.7,9.47070381594,6,6,1,0,4,0
389,389,13,268.8,4,134.4,9.46195485846,6,6,1,0,4,0
390,390,13,263.4,4,134.7,9.76827675536,6,6,1,0,4,0
391,391,13,265.4,4,134.6,9.6165522368,6,6,1,0,4,0
392,392,13,267.0,4,134.8,9.61548564049,6,6,1,0,4,0
393,393,13,266.6,4,134.6,9.56778113762,6,6,1,0,4,0
394,394,13,257.4,4,127.5,8.86086903187,6,6,1,0,4,0
395,395,13,264.2,4,133.6,9.52751750162,6,6,1,0,4,0
396,396,13,260.0,4,132.4,9.50736556571,6,6,1,0,4,0
397,397,12,250.1,4,134.5,9.85083829689,5,6,1,0,4,0
398,398,12,247.9,4,134.7,9.99658653863,5,6,1,0,4,0
399,399,11,236.4,4,134.4,10.0440484413,5,5,1,0,4,0
400,400,11,234.6,4,133.8,10.0677793886,5,5,1,0,4,0
401,401,11,236.1,4,133.0,9.79563910394,5,5,1,0,4,0
402,402,11,223.3,4,121.5,8.51927226939,5,5,1,0,4,0
403,403,11,226.8,4,125.0,8.99275465937,5,5,1,0,4,0
404,404,11,231.5,4,130.8,9.74067386133,5,5,1,0,4,0
405,405,11,232.2,4,130.6,9.71148336203,5,5,1,0,4,0
406,406,11,226.9,4,131.1,10.1504769257,5,5,1,0,4,0
407,407,12,248.9,4,133.2,9.87765691146,5,5,2,0,4,0
408,408,12,255.1,4,133.1,9.62718294805,5,5,2,0,4,0
409,409,12,252.6,4,131.6,9.49033000672,5,5,2,0,4,0
410,410,12,255.3,4,131.5,9.2694145152,5,5,2,0,4,0
411,411,12,258.7,4,131.7,9.22077282635,5,5,2,0,4,0
412,412,12,255.9,4,129.3,8.99960857735,4,6,2,0,4,0
413,413,12,257.0,4,131.2,9.32258580334,4,6,2,0,4,0
414,414,12,255.4,4,129.1,9.11191361334,4,6,2,0,4,0
415,415,11,243.8,4,129.5,9.05132838066,4,5,2,0,4,0
416,416,11,247.7,4,131.1,9.13584349492,4,5,2,0,4,0
417,417,11,245.7,4,129.7,8.97254397897,4,5,2,0,4,0
418,418,11,248.8,4,129.6,8.70733233336,4,5,2,0,4,0
419,419,11,248.4,4,129.7,8.80951964432,4,5,2,0,4,0
420,420,11,249.8,4,130.3,8.82422286045,4,5,2,0,4,0
421,421,11,247.3,4,128.9,8.68421765985,4,5,2,0,4,0
422,422,11,247.4,4,128.7,8.69844291186,4,5,2,0,4,0
423,423,11,246.5,4,129.2,8.82172937076,4,5,2,0,4,0
424,424,11,243.7,3,103.3,8.89588260223,4,5,2,0,3,0
425,425,11,240.0,4,128.9,9.25686968492,4,5,2,0,4,0
426,426,12,254.3,3,104.8,9.17263304454,4,6,2,0,3,0
427,427,12,254.9,3,104.2,9.04196864459,4,6,2,0,3,0
428,428,12,254.8,3,104.6,9.11415815026,4,6,2,0,3,0
429,429,12,251.6,3,104.3,9.02776860916,4,6,2,0,3,0
430,430,12,252.5,3,103.5,8.80665640125,4,6,2,0,3,0
431,431,12,255.7,3,104.8,8.98245343417,4,6,2,0,3,0
432,432,12,256.5,3,105.3,9.05298795476,4,6,2,0,3,0
433,433,12,253.1,3,104.1,8.85093301023,4,6,2,0,3,0
434,434,12,251.3,3,102.4,8.60110546102,4,6,2,0,3,0
435,435,12,246.2,3,99.2,8.13520221946,4,6,2,0,3,0
436,436,12,249.6,3,102.4,8.56631882326,4,6,2,0,3,0
437,437,12,247.1,3,103.1,8.85811988397,4,6,2,0,3,0
438,438,12,245.8,3,102.5,8.76769207046,4,6,2,0,3,0
439,439,12,249.6,3,103.0,8.64838397937,4,6,2,0,3,0
440,440,12,252.3,3,103.0,8.49685770795,4,6,2,0,3,0
441,441,12,254.2,3,103.9,8.64363489757,4,6,2,0,3,0
442,442,12,252.6,3,104.1,8.69498287938,4,6,2,0,3,0
443,443,12,255.5,3,101.6,8.07177555474,4,6,2,0,3,0
444,444,12,257.8,3,103.3,8.39424405967,4,6,2,0,3,0
445,445,12,255.9,3,103.3,8.32511261185,4,6,2,0,3,0
446,446,12,254.2,3,102.4,8.19454733714,4,6,2,0,3,0
447,447,12,258.6,3,102.8,8.1568153322,4,6,2,0,3,0
448,448,12,261.4,3,102.5,7.97756323394,4,6,2,0,3,0
449,449,12,262.2,3,103.5,8.14588574346,4,6,2,0,3,0
450,450,13,277.5,3,103.1,7.90860453184,5,6,2,0,3,0
451,451,13,279.5,3,104.1,8.01217823067,5,6,2,0,3,0
452,452,13,276.9,3,103.5,8.27526434623,5,6,2,0,3,0
453,453,14,289.1,3,104.1,8.45010241176,5,7,2,0,3,0
454,454,14,287.9,3,104.4,8.4729076966,5,7,2,0,3,0
455,455,14,286.6,3,104.1,8.46362611609,5,7,2,0,3,0
456,456,13,275.5,3,105.4,8.58171132297,5,6,2,0,3,0
457,457,13,275.5,3,105.3,8.5294061476,5,6,2,0,3,0
458,458,13,279.0,3,104.7,8.26987892511,5,6,2,0,3,0
459,459,13,282.8,3,105.2,8.22086931581,5,6,2,0,3,0
460,460,13,283.0,3,103.9,8.11771566959,5,6,2,0,3,0
461,461,13,279.3,3,104.6,8.27565165147,5,6,2,0,3,0
462,462,13,280.6,3,104.7,8.27685992732,5,6,2,0,3,0
463,463,13,281.4,3,104.8,8.49456840032,5,6,2,0,3,0
464,464,13,272.2,3,104.5,8.59888931409,5,6,2,0,3,0
465,465,13,273.7,3,104.8,8.56967671353,5,6,2,0,3,0
466,466,13,274.6,3,105.3,8.66065373265,5,6,2,0,3,0
467,467,13,273.9,3,104.7,8.61514022089,5,6,2,0,3,0
468,468,13,273.8,3,104.9,8.7007220449,5,6,2,0,3,0
469,469,13,273.3,3,105.0,8.74558496673,5,6,2,0,3,0
470,470,13,273.4,3,105.8,8.84452604867,5,6,2,0,3,0
471,471,12,264.2,3,105.8,8.70316905013,5,5,2,0,3,0
472,472,12,263.7,4,131.8,8.94458952765,5,5,2,0,4,0
473,473,12,263.7,3,107.0,8.9470284554,5,5,2,0,3,0
474,474,12,264.5,3,105.9,8.7339940185,5,5,2,0,3,0
475,475,12,263.1,3,105.9,8.73978624661,5,5,2,0,3,0
476,476,11,251.5,3,107.6,9.06623105014,4,5,2,0,3,0
477,477,11,251.0,3,105.3,8.75155051197,4,5,2,0,3,0
478,478,12,272.0,4,132.4,8.74396761756,4,6,2,0,4,0
479,479,12,272.1,4,132.6,8.6906559016,4,6,2,0,4,0
480,480,13,284.5,3,106.5,8.49478724021,4,7,2,0,3,0
481,481,13,284.5,3,107.6,8.89736348156,4,7,2,0,3,0
482,482,13,283.7,4,132.7,8.9965876722,4,7,2,0,4,0
483,483,13,278.7,3,105.7,8.81150180744,4,7,2,0,3,0
484,484,13,278.1,3,106.9,8.98586496843,4,7,2,0,3,0
485,485,13,281.5,3,107.5,9.02973009791,4,7,2,0,3,0
486,486,13,278.3,3,105.0,8.68643209633,4,7,2,0,3,0
487,487,13,280.3,4,132.1,8.94366987144,4,7,2,0,4,0
488,488,13,283.3,4,132.5,8.93014198641,4,7,2,0,4,0
489,489,13,278.3,4,131.0,8.85658526545,4,7,2,0,4,0
490,490,13,277.2,4,132.3,9.15788857089,4,7,2,0,4,0
491,491,13,275.5,4,132.8,9.33260070385,4,7,2,0,4,0
492,492,13,273.2,4,131.1,9.1588614789,4,7,2,0,4,0
493,493,13,271.5,3,106.2,9.34307641642,4,7,2,0,3,0
494,494,13,272.8,4,132.1,9.3931576297,4,7,2,0,4,0
495,495,13,273.1,4,131.4,9.36362301128,4,7,2,0,4,0
496,496,13,273.2,4,133.0,9.47319430057,4,7,2,0,4,0
497,497,13,272.9,4,132.6,9.50915887785,4,7,2,0,4,0
498,498,13,265.5,4,127.7,8.94903661911,4,7,2,0,4,0
499,499,13,264.8,3,99.9,8.34988868343,4,7,2,0,3,0
500,500,13,269.4,3,104.4,8.99695817542,4,7,2,0,3,0
501,501,13,276.3,4,130.4,8.87492867433,4,7,2,0,4,0
502,502,13,273.8,4,131.5,9.16601862511,4,7,2,0,4,0
503,503,12,264.1,4,132.7,9.21554598919,4,6,2,0,4,0
504,504,12,263.8,4,132.4,9.23243623254,4,6,2,0,4,0
505,505,12,262.8,4,132.5,9.28517880574,4,6,2,0,4,0
506,506,12,260.9,4,134.1,9.45096996786,4,6,2,0,4,0
507,507,12,261.2,4,134.2,9.50247176775,4,6,2,0,4,0
508,508,12,260.9,4,132.8,9.23643559087,4,6,2,0,4,0
509,509,12,265.4,4,133.8,9.22494970012,4,6,2,0,4,0
510,510,12,264.7,4,133.6,9.32771611268,4,6,2,0,4,0
511,511,12,261.4,4,132.9,9.28917584497,4,6,2,0,4,0
512,512,12,264.2,4,135.0,9.52640668051,4,6,2,0,4,0
513,513,12,262.6,4,132.5,9.16572997969,4,6,2,0,4,0
514,514,13,273.5,4,132.8,9.269802089,5,6,2,0,4,0
515,515,13,275.7,4,134.6,9.47729405285,5,6,2,0,4,0
516,516,13,277.8,4,135.4,9.52430090307,5,6,2,0,4,0
517,517,13,279.1,4,134.4,9.40508591272,5,6,2,0,4,0
518,518,13,273.1,4,131.8,9.12875142416,5,6,2,0,4,0
519,519,13,275.4,4,133.3,9.30965861832,5,6,2,0,4,0
520,520,13,274.5,4,132.2,9.21835543484,5,6,2,0,4,0
521,521,13,272.0,4,134.2,9.72249572265,5,6,2,0,4,0
522,522,12,253.8,4,136.1,10.3213371227,5,5,2,0,4,0
523,523,12,253.4,4,133.8,10.0885924177,5,5,2,0,4,0
524,524,12,254.5,4,134.6,10.1343213733,5,5,2,0,4,0
525,525,12,257.2,4,134.4,9.88739632363,5,5,2,0,4,0
526,526,12,261.4,4,134.9,9.85105747285,5,5,2,0,4,0
527,527,12,260.2,4,135.4,9.92836463082,5,5,2,0,4,0
528,528,13,273.0,4,135.5,9.9357100065,5,6,2,0,4,0
529,529,13,269.8,4,134.0,9.75983396244,5,6,2,0,4,0
530,530,13,270.0,4,133.6,9.74468954657,5,6,2,0,4,0
531,531,13,271.5,4,133.0,9.56772753878,5,6,2,0,4,0
532,532,13,268.9,4,132.4,9.60935708514,5,6,2,0,4,0
533,533,13,268.9,4,134.6,9.98923138133,5,6,2,0,4,0
534,534,11,240.5,4,134.6,10.3465233511,4,5,2,0,4,0
535,535,11,239.9,4,133.9,10.3666247685,4,5,2,0,4,0
536,536,11,238.4,4,132.5,10.1560908729,4,5,2,0,4,0
537,537,10,223.0,4,134.0,10.787132252,3,5,2,0,4,0
538,538,10,221.9,4,133.4,10.8233749101,3,5,2,0,4,0
539,539,10,219.3,4,130.0,10.5171869919,3,5,2,0,4,0
540,540,9,205.0,4,127.0,10.0879603709,2,5,2,0,4,0
541,541,9,207.0,4,129.2,10.229736067,2,5,2,0,4,0
542,542,9,203.1,3,103.9,10.3987980075,2,5,2,0,3,0
543,543,9,211.3,4,129.6,9.80366994775,2,5,2,0,4,0
544,544,9,205.9,4,127.2,9.87974920959,2,5,2,0,4,0
545,545,9,213.8,4,127.9,9.23107673989,2,5,2,0,4,0
546,546,9,216.3,4,128.7,9.23634126697,2,5,2,0,4,0
547,547,9,222.7,4,130.2,9.0201318049,2,5,2,0,4,0
548,548,10,231.7,4,129.3,9.21014537224,2,6,2,0,4,0
549,549,10,233.5,4,131.0,9.52216712029,2,6,2,0,4,0
550,550,10,230.6,4,129.1,9.3132164154,2,6,2,0,4,0
551,551,10,232.7,3,103.4,8.82522269156,2,6,2,0,3,0
552,552,11,249.7,4,130.6,8.99288607734,3,6,2,0,4,0
553,553,12,269.7,3,104.3,8.62829647149,4,6,2,0,3,0
554,554,13,283.4,3,102.6,8.49627369302,5,6,2,0,3,0
555,555,13,282.9,3,104.1,8.59355751533,5,6,2,0,3,0
556,556,13,283.9,3,104.1,8.65318231072,5,6,2,0,3,0
557,557,13,284.7,3,103.1,8.18575999322,5,6,2,0,3,0
558,558,13,289.5,3,104.7,8.32510106199,5,6,2,0,3,0
559,559,13,284.9,3,103.5,8.19357941255,5,6,2,0,3,0
560,560,13,287.0,3,104.3,8.1758948385,5,6,2,0,3,0
561,561,13,287.2,3,104.6,8.29281431305,5,6,2,0,3,0
562,562,13,285.4,3,104.0,8.16155779499,5,6,2,0,3,0
563,563,13,285.3,3,104.6,8.2889097981,5,6,2,0,3,0
564,564,13,279.7,3,103.7,8.38181028118,5,6,2,0,3,0
565,565,13,281.3,3,101.9,7.96916332513,5,6,2,0,3,0
566,566,13,277.0,3,100.3,7.72285153926,5,6,2,0,3,0
567,567,13,275.5,3,101.5,8.17979844276,5,6,2,0,3,0
568,568,13,275.3,3,101.7,8.38899615033,5,6,2,0,3,0
569,569,13,268.9,3,101.2,8.60637807616,5,6,2,0,3,0
570,570,13,273.2,3,102.1,8.53510848924,5,6,2,0,3,0
571,571,13,275.0,3,101.5,8.26454428917,5,6,2,0,3,0
572,572,13,277.7,3,101.4,8.13413982971,5,6,2,0,3,0
573,573,13,276.1,3,100.3,8.10684263051,5,6,2,0,3,0
574,574,13,269.0,3,99.6,8.13740965525,5,6,2,0,3,0
575,575,13,273.2,3,99.6,8.1045096658,5,6,2,0,3,0
576,576,13,273.2,3,100.0,8.19368111757,5,6,2,0,3,0
577,577,13,267.5,3,100.1,8.44256614288,5,6,2,0,3,0
578,578,13,268.5,3,99.9,8.33012758852,5,6,2,0,3,0
579,579,13,264.6,3,97.9,8.01369820834,5,6,2,0,3,0
580,580,13,267.9,3,99.9,8.26452877649,5,6,2,0,3,0
581,581,13,268.6,3,99.8,8.31960921173,5,6,2,0,3,0
582,582,13,269.3,3,99.9,8.28772648296,5,6,2,0,3,0
583,583,13,270.2,5,150.4,8.39452660506,5,6,2,1,4,0
584,584,14,284.9,4,125.4,8.29316215093,6,6,2,0,4,0
585,585,13,271.6,4,125.0,8.20908658525,5,6,2,1,3,0
586,586,13,271.8,3,99.4,8.25322780679,5,6,2,0,3,0
587,587,13,276.8,5,151.9,8.45965538487,5,6,2,1,4,0
588,588,13,270.7,4,124.6,8.69579916264,5,6,2,1,3,0
589,589,13,269.8,4,126.3,8.97121465063,5,6,2,1,3,0
590,590,13,267.9,4,127.5,9.21389001621,5,6,2,1,3,0
591,591,13,262.9,4,125.6,9.04702104251,5,6,2,1,3,0
592,592,13,262.3,4,127.8,9.37409140896,5,6,2,1,3,0
593,593,13,263.1,4,127.2,9.37083582732,5,6,2,1,3,0
594,594,13,261.5,4,126.0,9.19998606465,5,6,2,1,3,0
595,595,13,267.9,4,126.3,8.94832028357,5,6,2,1,3,0
596,596,13,269.3,4,126.3,8.7589807392,5,6,2,1,3,0
597,597,12,257.4,4,128.0,8.89305142436,5,6,1,1,3,0
598,598,12,258.2,4,126.7,8.79119738802,5,6,1,1,3,0
599,599,12,261.9,4,126.8,8.5123573276,5,6,1,1,3,0
600,600,12,263.8,4,124.1,7.80941545168,5,6,1,1,3,0
601,601,13,276.9,4,126.6,8.26075057123,6,6,1,1,3,0
602,602,13,279.9,4,126.9,8.25190731643,6,6,1,1,3,0
603,603,13,278.2,4,126.9,8.2815054992,6,6,1,1,3,0
604,604,13,278.9,4,126.6,8.30257142744,6,6,1,1,3,0
605,605,13,279.1,4,126.1,8.25594579837,6,6,1,1,3,0
606,606,13,278.6,4,126.1,8.2440265865,6,6,1,1,3,0
607,607,13,279.9,5,152.2,8.34899041954,6,6,1,1,4,0
608,608,12,269.6,5,153.1,8.21642848017,5,6,1,1,4,0
609,609,12,270.2,5,152.9,8.14235093741,5,6,1,1,4,0
610,610,12,271.1,5,154.2,8.37197254191,5,6,1,1,4,0
611,611,12,273.5,5,157.9,8.68640090061,5,6,1,1,4,0
612,612,11,258.9,4,131.4,8.54602512602,5,5,1,1,3,0
613,613,12,269.4,4,132.2,8.74460872871,6,5,1,1,3,0
614,614,13,282.3,4,133.7,9.07164503217,6,6,1,1,3,0
615,615,13,289.1,4,134.5,8.72730757083,6,6,1,1,3,0
616,616,13,287.8,4,132.7,8.51533307839,6,6,1,1,3,0
617,617,13,286.2,4,133.2,8.73201448253,6,6,1,1,3,0
618,618,13,282.7,4,133.8,8.96461705676,6,6,1,1,3,0
619,619,13,280.1,5,157.6,8.87380183317,6,6,1,1,4,0
620,620,13,278.7,4,132.0,8.83011310437,6,6,1,1,3,0
621,621,13,279.1,5,156.8,8.8340614117,6,6,1,1,4,0
622,622,13,278.2,4,131.1,8.78578397185,6,6,1,1,3,0
623,623,13,274.4,5,156.5,9.06839397196,6,6,1,1,4,0
624,624,13,278.3,5,157.7,9.02906986151,6,6,1,1,4,0
625,625,13,275.0,4,129.2,8.73790739485,6,6,1,1,3,0
626,626,13,268.7,3,99.2,8.15826621852,6,6,1,0,3,0
627,627,13,271.6,5,151.9,8.5397561966,6,6,1,1,4,0
628,628,13,273.5,5,152.0,8.51425652083,6,6,1,1,4,0
629,629,13,269.2,4,126.0,8.49219853144,6,6,1,1,3,0
630,630,13,268.8,4,124.4,8.30312730704,6,6,1,1,3,0
631,631,13,270.9,4,126.1,8.51151557808,6,6,1,1,3,0
632,632,13,265.1,3,97.8,8.24413544471,6,6,1,0,3,0
633,633,12,256.8,5,152.4,8.88809213601,5,6,1,1,4,0
634,634,12,250.3,5,150.1,8.93943849501,5,6,1,1,4,0
635,635,12,248.6,3,99.4,8.78323126845,5,6,1,0,3,0
636,636,12,250.8,4,125.8,8.97096326033,5,6,1,0,4,0
637,637,12,240.0,3,98.5,9.18061198198,5,6,1,0,3,0
638,638,12,249.8,4,126.0,9.0718178326,5,6,1,0,4,0
639,639,12,254.7,3,100.7,8.94926355528,5,6,1,0,3,0
640,640,12,256.8,4,126.3,8.84204830239,5,6,1,0,4,0
641,641,12,258.3,4,126.6,8.8882072024,5,6,1,0,4,0
642,642,12,258.1,3,101.1,8.87575434268,5,6,1,0,3,0
643,643,12,259.8,4,127.2,8.90326804147,5,6,1,0,4,0
644,644,12,257.6,4,125.2,8.79993112921,5,6,1,0,4,0
645,645,12,256.5,4,126.3,9.07595474567,5,6,1,0,4,0
646,646,12,252.5,5,150.4,9.22363154012,4,6,2,1,4,0
647,647,12,258.4,4,126.0,8.93067576933,4,6,2,0,4,0
648,648,12,258.8,4,127.1,9.09688591406,4,6,2,0,4,0
649,649,12,256.6,4,125.7,8.85261474813,4,6,2,0,4,0
650,650,12,264.3,4,125.2,8.40250233291,4,6,2,0,4,0
651,651,12,261.9,4,128.2,8.89985954945,4,6,2,0,4,0
652,652,12,256.5,4,125.5,8.62808574577,4,6,2,0,4,0
653,653,12,254.8,4,124.6,8.55329105542,4,6,2,0,4,0
654,654,12,260.0,5,152.1,8.79507437907,4,6,2,1,4,0
655,655,12,255.7,4,125.3,8.59719386918,4,6,2,0,4,0
656,656,12,258.9,4,127.7,8.904557056,4,6,2,0,4,0
657,657,12,256.8,4,128.7,9.26842146019,4,6,2,0,4,0
658,658,12,257.0,4,129.4,9.26320515248,4,6,2,0,4,0
659,659,12,257.0,4,129.7,9.32248828794,4,6,2,0,4,0
660,660,12,258.4,4,130.2,9.39925851363,4,6,2,0,4,0
661,661,12,257.1,5,157.0,9.75072258395,4,6,2,1,4,0
662,662,12,250.6,5,156.5,10.1493245036,4,6,2,1,4,0
663,663,12,251.1,5,157.0,10.1612566331,4,6,2,1,4,0
664,664,12,246.4,5,157.3,10.4986001953,4,6,2,1,4,0
665,665,12,251.0,4,131.8,10.1399151273,4,6,2,0,4,0
666,666,11,238.1,5,156.7,10.2483524175,4,6,1,1,4,0
667,667,11,237.8,4,131.4,10.2546397481,4,6,1,0,4,0
668,668,11,238.4,4,131.5,10.3369329019,4,6,1,1,3,0
669,669,11,240.0,5,157.8,10.4278298971,4,6,1,1,4,0
670,670,11,242.9,5,157.5,10.1702328569,4,6,1,1,4,0
671,671,11,243.0,5,157.6,10.2228620792,4,6,1,1,4,0
672,672,11,242.8,4,131.8,10.1025829281,4,6,1,0,4,0
673,673,11,241.9,5,157.1,10.2563594463,4,6,1,1,4,0
674,674,12,257.2,5,157.8,9.94240992675,5,6,1,1,4,0
675,675,12,258.3,5,157.8,9.95545761699,5,6,1,1,4,0
676,676,12,257.9,5,157.7,9.91596126852,5,6,1,1,4,0
677,677,11,248.0,5,158.0,9.93472331133,4,6,1,1,4,0
678,678,11,248.3,5,157.3,9.7833625006,4,6,1,1,4,0
679,679,11,246.5,5,157.7,9.91811015723,4,6,1,1,4,0
680,680,11,248.2,5,157.9,9.7333727687,4,6,1,1,4,0
681,681,11,248.9,5,157.3,9.65329901216,4,6,1,1,4,0
682,682,12,261.8,5,159.5,9.83849890004,5,6,1,1,4,0
683,683,12,261.4,5,158.0,9.67516345489,5,6,1,1,4,0
684,684,12,258.8,5,157.3,9.64547310997,5,6,1,1,4,0
685,685,12,258.4,5,158.7,9.94899111681,5,6,1,1,4,0
686,686,12,260.5,5,160.0,9.94918528719,5,6,1,1,4,0
687,687,12,257.6,5,158.8,9.91274050111,5,6,1,1,4,0
688,688,12,259.9,5,159.3,9.89117681512,5,6,1,1,4,0
689,689,14,282.9,5,158.4,9.62172735857,7,6,1,1,4,0
690,690,14,280.5,4,132.9,9.67054267373,7,6,1,0,4,0
691,691,14,283.5,5,159.2,9.66132257231,7,6,1,1,4,0
692,692,14,283.0,5,156.7,9.32571771978,7,6,1,1,4,0
693,693,14,273.8,3,103.0,9.21743450756,7,6,1,0,3,0
694,694,14,279.0,5,157.5,9.65333171433,7,6,1,1,4,0
695,695,14,280.1,5,155.7,9.34332046773,7,6,1,1,4,0
696,696,14,285.3,4,131.5,9.3154279452,7,6,1,0,4,0
697,697,14,288.1,4,131.7,9.10326894552,7,6,1,0,4,0
698,698,14,293.3,5,158.6,9.1910282341,7,6,1,1,4,0
699,699,14,291.8,4,132.5,9.0850438622,7,6,1,0,4,0
700,700,14,296.0,4,133.1,9.04745729564,7,6,1,0,4,0
701,701,14,294.1,5,156.8,8.97153312391,7,6,1,1,4,0
702,702,14,290.2,3,104.6,8.66189076636,7,6,1,0,3,0
703,703,14,300.8,4,132.3,8.81710375811,7,6,1,0,4,0
704,704,14,300.5,4,133.4,8.89153505332,7,6,1,0,4,0
705,705,14,303.2,5,158.8,8.89171734608,7,6,1,1,4,0
706,706,14,300.6,5,157.6,8.74910356476,7,6,1,1,4,0
707,707,14,292.8,4,127.2,8.17791182138,7,6,1,0,4,0
708,708,14,297.6,4,131.0,8.62159313189,7,6,1,0,4,0
709,709,14,297.4,4,132.8,8.89214989023,7,6,1,0,4,0
710,710,14,303.3,5,156.8,8.51158551106,7,6,1,1,4,0
711,711,14,307.1,4,132.6,8.32739751967,7,6,1,0,4,0
712,712,14,304.0,4,130.7,8.16953601383,7,6,1,0,4,0
713,713,14,305.5,4,131.7,8.27230584275,7,6,1,0,4,0
714,714,13,285.0,4,130.9,8.31546289012,7,5,1,0,4,0
715,715,13,282.6,3,104.8,8.40332656963,7,5,1,0,3,0
716,716,13,283.4,4,130.5,8.46866774253,7,5,1,0,4,0
717,717,13,283.9,4,130.5,8.39548871533,7,5,1,0,4,0
718,718,14,302.3,4,130.0,7.91896110957,7,6,1,0,4,0
719,719,14,303.2,4,131.4,8.07319537212,7,6,1,0,4,0
720,720,14,299.9,4,130.9,8.16099339461,7,6,1,0,4,0
721,721,14,299.4,4,130.9,8.15049381636,7,6,1,0,4,0
722,722,14,298.8,4,130.2,8.01850880878,7,6,1,0,4,0
723,723,14,294.5,3,102.2,7.8003557259,7,6,1,0,3,0
724,724,14,287.0,3,99.5,7.67122495484,7,6,1,0,3,0
725,725,14,291.8,3,100.9,7.74405124404,7,6,1,0,3,0
726,726,14,290.2,3,102.5,8.14223826451,7,6,1,0,3,0
727,727,14,286.8,3,101.4,7.99671635907,7,6,1,0,3,0
728,728,14,292.1,3,103.3,8.28033882091,7,6,1,0,3,0
729,729,14,294.5,4,130.2,8.32518026073,7,6,1,0,4,0
730,730,14,294.7,4,129.2,8.31974019565,7,6,1,0,4,0
731,731,14,294.6,4,129.4,8.3541527477,7,6,1,0,4,0
732,732,14,295.4,4,129.6,8.34542712185,7,6,1,0,4,0
733,733,14,285.9,3,104.3,8.83621730514,7,6,1,0,3,0
734,734,14,274.2,3,96.9,7.79880238763,7,6,1,0,3,0
735,735,14,269.6,3,98.3,8.20616225169,7,6,1,0,3,0
736,736,14,280.6,3,103.2,8.78965425816,7,6,1,0,3,0
737,737,14,282.3,3,105.7,9.22067969653,7,6,1,0,3,0
738,738,14,284.5,3,107.0,9.36418533739,7,6,1,0,3,0
739,739,14,287.4,4,132.8,9.31511828006,7,6,1,0,4,0
740,740,14,288.9,3,107.2,9.2691885914,7,6,1,0,3,0
741,741,14,287.4,3,106.2,9.10886538332,7,6,1,0,3,0
742,742,14,288.0,3,106.6,9.20103911953,7,6,1,0,3,0
743,743,14,287.0,3,107.0,9.22846766179,7,6,1,0,3,0
744,744,14,287.6,3,106.9,9.25017374354,7,6,1,0,3,0
745,745,14,286.4,4,130.0,9.18122786205,7,6,1,0,4,0
746,746,13,274.4,3,106.9,9.51318922501,6,6,1,0,3,0
747,747,12,248.0,3,106.7,10.3818314493,6,5,1,0,3,0
748,748,12,254.9,4,130.0,9.47901589957,6,5,1,0,4,0
749,749,12,263.2,4,131.6,9.28325308708,6,5,1,0,4,0
750,750,11,248.8,4,133.0,9.63699311838,6,5,0,0,4,0
751,751,11,246.4,4,132.1,9.57945718713,6,5,0,0,4,0
752,752,11,247.6,4,131.5,9.5023633424,6,5,0,0,4,0
753,753,11,248.1,4,132.4,9.52096251819,6,5,0,0,4,0
754,754,12,260.5,4,130.8,9.23013427789,6,6,0,0,4,0
755,755,12,261.5,4,131.1,9.39104586424,6,6,0,0,4,0
756,756,12,259.1,4,130.9,9.26601398399,6,6,0,0,4,0
757,757,12,261.6,4,131.0,9.22141775729,6,6,0,0,4,0
758,758,13,275.7,4,131.6,9.33313644481,6,6,1,0,4,0
759,759,13,279.9,4,132.1,9.148441089,6,6,1,0,4,0
760,760,13,284.8,4,132.3,8.90968214346,6,6,1,0,4,0
761,761,13,280.9,4,129.7,8.68470509367,6,6,1,0,4,0
762,762,13,281.2,4,132.1,9.00577450078,6,6,1,0,4,0
763,763,13,279.8,4,131.8,9.06533266959,6,6,1,0,4,0
764,764,13,277.0,4,132.0,9.11532240593,6,6,1,0,4,0
765,765,13,276.9,4,130.7,8.93401738675,6,6,1,0,4,0
766,766,13,269.5,3,101.6,8.33410509247,6,6,1,0,3,0
767,767,13,275.2,3,103.6,8.64430300018,6,6,1,0,3,0
768,768,13,278.4,3,104.9,8.73249164079,6,6,1,0,3,0
769,769,13,278.0,4,130.8,8.82221118861,6,6,1,0,4,0
770,770,13,282.6,3,106.7,8.89180694624,6,6,1,0,3,0
771,771,13,282.8,4,132.5,8.97251501203,6,6,1,0,4,0
772,772,13,277.1,4,132.2,9.30446542919,6,6,1,0,4,0
773,773,13,275.6,3,105.4,8.99157012614,6,6,1,0,3,0
774,774,13,278.7,3,107.4,9.40926303008,6,6,1,0,3,0
775,775,13,276.8,3,105.5,8.96116264206,6,6,1,0,3,0
776,776,13,273.1,3,105.7,9.10150734205,6,6,1,0,3,0
777,777,13,275.9,3,106.7,9.10395095972,6,6,1,0,3,0
778,778,13,280.1,3,106.3,8.91960531494,6,6,1,0,3,0
779,779,13,278.6,3,105.5,8.77215144794,6,6,1,0,3,0
780,780,13,277.3,3,105.6,8.82688927986,6,6,1,0,3,0
781,781,13,272.4,3,105.3,8.89200159175,6,6,1,0,3,0
782,782,13,275.7,3,105.0,8.6556784385,6,6,1,0,3,0
783,783,13,278.7,3,104.9,8.57501588546,6,6,1,0,3,0
784,784,13,279.1,3,105.2,8.63494688416,6,6,1,0,3,0
785,785,13,278.6,3,103.4,8.34359880541,6,6,1,0,3,0
786,786,13,275.1,3,103.9,8.66251873125,6,6,1,0,3,0
787,787,13,267.0,3,103.0,8.90388851959,6,6,1,0,3,0
788,788,13,269.4,3,103.9,9.00094012184,6,6,1,0,3,0
789,789,13,269.7,3,104.3,9.09794989587,6,6,1,0,3,0
790,790,13,272.8,3,104.9,9.07293099958,6,6,1,0,3,0
791,791,13,271.1,3,104.2,9.01476708745,6,6,1,0,3,0
792,792,13,271.2,3,103.4,8.88177332721,6,6,1,0,3,0
793,793,13,273.2,3,103.6,8.91084041621,6,6,1,0,3,0
794,794,13,271.7,3,104.1,9.11692565141,6,6,1,0,3,0
795,795,13,272.4,3,103.6,8.9306229145,6,6,1,0,3,0
796,796,13,265.1,3,102.5,9.07399779025,6,6,1,0,3,0
797,797,12,256.7,3,104.1,9.4430790754,5,6,1,0,3,0
798,798,12,253.9,3,103.1,9.36700770435,5,6,1,0,3,0
799,799,12,256.0,3,104.0,9.37553230812,5,6,1,0,3,0
800,800,11,245.5,4,128.4,9.15148274126,5,6,0,0,4,0
801,801,11,242.4,3,103.2,9.29228418929,5,6,0,0,3,0
802,802,11,242.2,4,128.6,9.35465853806,5,6,0,0,4,0
803,803,12,260.2,4,129.1,9.22948174782,5,6,1,0,4,0
804,804,12,257.3,4,127.7,8.9573188291,5,6,1,0,4,0
805,805,12,260.0,4,129.0,9.10248051441,5,6,1,0,4,0
806,806,12,258.8,4,129.2,9.11336015602,5,6,1,0,4,0
807,807,12,260.4,4,127.8,8.64186427698,5,6,1,0,4,0
808,808,12,264.9,4,129.1,8.72020902585,5,6,1,0,4,0
809,809,12,267.8,4,129.3,8.61550751244,5,6,1,0,4,0
810,810,12,263.7,4,127.7,8.36704846406,5,6,1,0,4,0
811,811,13,281.7,4,128.2,8.25877156073,6,6,1,0,4,0
812,812,13,282.2,4,128.8,8.29030171731,6,6,1,0,4,0
813,813,13,283.2,4,126.9,7.99258470436,6,6,1,0,4,0
814,814,13,284.7,4,129.1,8.23731347791,6,6,1,0,4,0
815,815,13,285.0,4,128.6,8.24279016739,6,6,1,0,4,0
816,816,13,284.8,4,127.8,8.06168525997,6,6,1,0,4,0
817,817,13,282.5,4,129.0,8.25473446124,6,6,1,0,4,0
818,818,13,282.9,4,129.6,8.36904399773,6,6,1,0,4,0
819,819,13,277.0,4,128.0,8.52598591938,6,6,1,0,4,0
820,820,13,277.5,4,129.5,8.74038666046,6,6,1,0,4,0
821,821,13,279.8,4,130.4,8.79878342406,6,6,1,0,4,0
822,822,13,270.9,4,127.6,8.73064893174,6,6,1,0,4,0
823,823,13,273.2,4,129.7,8.94006395893,6,6,1,0,4,0
824,824,13,274.2,4,129.2,8.89470456119,6,6,1,0,4,0
825,825,13,276.2,4,129.9,8.8522704606,6,6,1,0,4,0
826,826,13,273.4,4,127.7,8.70750486797,6,6,1,0,4,0
827,827,13,277.2,5,156.3,9.1296361598,6,6,1,1,4,0
828,828,13,264.3,4,124.2,8.51218583516,6,6,1,0,4,0
829,829,13,259.9,4,123.0,8.63591932362,6,6,1,0,4,0
830,830,13,266.3,4,125.4,8.65417492253,6,6,1,0,4,0
831,831,13,268.4,4,128.6,9.2190577415,6,6,1,0,4,0
832,832,13,266.5,4,126.9,8.94455141413,6,6,1,0,4,0
833,833,13,273.9,5,154.0,8.91163888925,6,6,1,1,4,0
834,834,13,276.0,5,153.9,8.85591935895,6,6,1,1,4,0
835,835,13,275.7,4,128.4,9.01382840774,6,6,1,1,3,0
836,836,14,287.1,4,126.7,8.77184870311,7,6,1,1,3,0
837,837,14,283.9,4,128.7,9.09566072125,7,6,1,1,3,0
838,838,14,290.2,5,154.0,8.97675875816,7,6,1,1,4,0
839,839,13,271.5,3,102.8,9.12376440528,6,6,1,0,3,0
840,840,13,269.2,3,103.7,9.32232638512,6,6,1,0,3,0
841,841,13,272.7,3,104.4,9.14696250549,6,6,1,0,3,0
842,842,13,271.0,3,103.3,8.97437234431,6,6,1,0,3,0
843,843,12,264.9,3,106.6,9.08626585968,5,6,1,0,3,0
844,844,12,268.1,3,107.1,9.13071323843,5,6,1,0,3,0
845,845,12,266.5,3,108.0,9.24538787557,5,6,1,0,3,0
846,846,12,265.9,3,108.5,9.24440453201,5,6,1,0,3,0
847,847,12,269.3,3,108.4,8.95234436877,5,6,1,0,3,0
848,848,12,272.9,3,108.8,8.80355902548,5,6,1,0,3,0
849,849,12,277.8,3,109.8,8.77325481221,5,6,1,0,3,0
850,850,12,277.1,3,110.1,8.9749609605,5,6,1,0,3,0
851,851,12,277.3,3,108.8,8.70657623277,5,6,1,0,3,0
852,852,12,275.3,3,108.3,8.71429946419,5,6,1,0,3,0
853,853,12,281.8,3,110.0,8.74225198087,5,6,1,0,3,0
854,854,11,253.6,3,109.3,9.27990987417,4,6,1,0,3,0
855,855,11,252.8,3,109.4,9.28448363473,4,6,1,0,3,0
856,856,11,252.3,3,108.8,9.09695253668,4,6,1,0,3,0
857,857,12,272.7,3,109.4,8.93248667404,5,6,1,0,3,0
858,858,12,272.5,3,108.5,8.80355902548,5,6,1,0,3,0
859,859,12,276.1,3,109.8,9.06185394771,5,6,1,0,3,0
860,860,12,271.9,3,107.0,8.75167083615,5,6,1,0,3,0
861,861,12,269.7,3,107.0,8.904557056,5,6,1,0,3,0
862,862,12,268.6,4,131.7,8.99119097514,5,6,1,1,3,0
863,863,12,269.9,4,133.3,9.1946089277,5,6,1,1,3,0
864,864,12,278.7,5,158.3,8.7961897743,5,6,1,1,4,0
865,865,12,278.5,4,132.5,8.7258714942,5,6,1,0,4,0
866,866,12,276.5,3,107.1,8.52274585857,5,6,1,0,3,0
867,867,12,278.5,5,159.6,8.95670985994,5,6,1,1,4,0
868,868,12,277.5,4,132.9,8.83064138513,5,6,1,0,4,0
869,869,12,273.8,3,107.5,8.94435660914,5,6,1,0,3,0
870,870,13,286.1,3,106.5,8.77975526789,6,6,1,0,3,0
871,871,13,287.1,4,132.8,8.95114947496,6,6,1,0,4,0
872,872,13,287.0,4,133.0,8.90497556109,6,6,1,0,4,0
873,873,13,288.3,4,134.3,9.04176917111,6,6,1,0,4,0
874,874,13,285.0,4,134.0,9.14614252442,6,6,1,0,4,0
875,875,13,288.7,4,133.4,8.86288718369,6,6,1,0,4,0
876,876,13,289.2,4,134.5,8.94227929414,6,6,1,0,4,0
877,877,13,290.0,4,132.9,8.71765082447,6,6,1,0,4,0
878,878,13,297.5,4,134.1,8.34773883095,5,7,1,0,4,0
879,879,13,303.3,4,134.4,8.28426064045,5,7,1,0,4,0
880,880,14,321.0,4,135.1,8.25967298397,5,7,2,0,4,0
881,881,14,316.8,4,133.0,8.04281127385,5,7,2,0,4,0
882,882,14,319.8,4,134.2,8.05994028282,5,7,2,0,4,0
883,883,14,316.2,4,135.7,8.84610797886,5,7,2,0,4,0
884,884,14,315.4,3,109.4,8.78665321526,5,7,2,0,3,0
885,885,14,310.2,4,134.4,8.94717095689,5,7,2,0,4,0
886,886,14,318.3,4,135.3,8.36840276487,5,7,2,0,4,0
887,887,14,321.5,5,159.1,8.01590794731,5,7,2,0,5,0
888,888,14,319.2,3,108.8,8.05290200917,5,7,2,0,3,0
889,889,15,330.5,4,133.4,8.24496960634,6,7,2,0,4,0
890,890,15,330.2,3,107.9,8.10492501654,6,7,2,0,3,0
891,891,15,333.9,3,109.5,8.23692036764,6,7,2,0,3,0
892,892,14,318.7,4,135.6,8.515199726,5,7,2,0,4,0
893,893,14,313.4,4,134.2,8.46857150272,5,7,2,0,4,0
894,894,14,312.0,4,133.6,8.40767571859,5,7,2,0,4,0
895,895,15,328.4,4,134.9,8.47546599365,6,7,2,0,4,0
896,896,15,327.6,3,109.3,8.37690703235,6,7,2,0,3,0
897,897,15,321.0,3,107.9,8.22748008636,6,7,2,0,3,0
898,898,15,322.2,4,133.5,8.25263594253,6,7,2,0,4,0
899,899,15,325.3,4,135.8,8.44062173291,6,7,2,0,4,0
900,900,15,313.9,4,133.7,8.70356796022,6,7,2,0,4,0
901,901,15,315.8,4,133.1,8.57520234386,6,7,2,0,4,0
902,902,15,304.3,3,106.3,8.62163944193,6,7,2,0,3,0
903,903,15,299.9,3,104.3,8.35903845006,6,7,2,0,3,0
904,904,15,309.3,4,131.9,8.50371347454,6,7,2,0,4,0
905,905,15,318.7,4,132.9,8.41409248707,6,7,2,0,4,0
906,906,15,317.0,4,134.7,8.57993228967,6,7,2,0,4,0
907,907,15,313.0,4,135.3,8.90270156964,6,7,2,0,4,0
908,908,15,310.2,4,133.9,8.80585843954,6,7,2,0,4,0
909,909,15,308.5,4,132.9,8.73414209269,6,7,2,0,4,0
910,910,15,312.6,4,133.7,8.58335598703,6,7,2,0,4,0
911,911,15,311.5,4,133.0,8.54506262342,6,7,2,0,4,0
912,912,15,316.0,4,134.2,8.67053027433,6,7,2,0,4,0
913,913,15,317.9,4,134.9,8.63195613211,6,7,2,0,4,0
914,914,15,319.9,4,134.0,8.53082366369,6,7,2,0,4,0
915,915,15,319.6,4,134.5,8.57766757064,6,7,2,0,4,0
916,916,15,320.1,4,133.7,8.46739966831,6,7,2,0,4,0
917,917,15,317.5,4,132.1,8.36605954921,6,7,2,0,4,0
918,918,15,313.6,4,133.1,8.85231742594,6,7,2,0,4,0
919,919,13,287.2,4,133.4,8.91884349177,5,7,1,0,4,0
920,920,13,286.8,5,159.6,9.13240918027,5,7,1,0,5,0
921,921,13,287.5,4,133.2,8.90475960314,5,7,1,0,4,0
922,922,13,278.9,3,106.4,9.21770175483,5,7,1,0,3,0
923,923,14,300.6,5,160.5,9.19141979251,5,8,1,0,5,0
924,924,13,275.0,4,133.4,9.26855035273,5,7,1,0,4,0
925,925,13,276.0,4,133.8,9.18280863129,5,7,1,0,4,0
926,926,13,275.4,4,134.0,9.22242250838,5,7,1,0,4,0
927,927,13,278.5,4,133.8,8.96717661308,5,7,1,0,4,0
928,928,13,279.4,4,134.7,9.07693611472,5,7,1,0,4,0
929,929,13,271.0,4,134.1,9.40306823902,5,7,1,0,4,0
930,930,14,299.5,4,133.0,8.71889762666,5,8,1,0,4,0
931,931,14,303.8,5,161.3,9.01724842903,5,8,1,0,5,0
932,932,14,307.3,4,136.5,8.95585326434,5,8,1,0,4,0
933,933,14,304.0,4,136.2,9.07132906409,5,8,1,0,4,0
934,934,14,294.2,4,133.7,9.0478095218,5,8,1,0,4,0
935,935,14,299.5,4,135.7,9.09805256302,5,8,1,0,4,0
936,936,14,296.3,4,136.0,9.18741674104,5,8,1,0,4,0
937,937,14,295.1,4,133.9,8.85899617264,6,7,1,1,3,0
938,938,15,308.7,4,135.0,9.01650866863,6,7,2,1,3,0
939,939,15,307.4,4,135.6,9.19125878731,6,7,2,1,3,0
940,940,14,295.4,4,134.9,9.13438137352,5,7,2,1,3,0
941,941,13,282.5,4,134.1,9.10818172628,5,7,1,1,3,0
942,942,13,280.5,4,134.4,9.2333773025,5,7,1,1,3,0
943,943,13,283.3,5,160.1,9.26062106795,5,7,1,1,4,0
944,944,13,281.8,4,134.2,9.25537266008,5,7,1,1,3,0
945,945,13,281.9,4,132.4,8.79126897873,5,7,1,1,3,0
946,946,14,292.2,4,131.3,8.71095054174,5,7,2,1,3,0
947,947,14,292.9,5,157.7,8.94781267396,5,7,2,1,4,0
948,948,13,280.8,5,158.8,9.07597561331,5,7,1,1,4,0
949,949,13,277.5,5,157.1,9.0548895985,5,7,1,1,4,0
950,950,13,274.6,5,157.9,9.23915164271,5,7,1,1,4,0
951,951,13,277.9,5,157.2,9.0136150578,5,7,1,1,4,0
952,952,13,279.3,5,158.3,9.07697142534,5,7,1,1,4,0
953,953,13,277.7,5,156.3,8.8588504203,5,7,1,1,4,0
954,954,13,278.2,5,157.2,8.9234709241,5,7,1,1,4,0
955,955,12,253.8,4,131.8,9.30781685174,5,6,1,1,3,0
956,956,11,239.9,3,105.4,9.31380207493,4,6,1,1,2,0
957,957,11,235.5,3,105.1,9.43561916839,4,6,1,1,2,0
958,958,11,236.4,3,104.5,9.25326478011,4,6,1,1,2,0
959,959,11,237.8,3,104.8,9.34503271068,4,6,1,1,2,0
960,960,11,234.9,3,105.9,9.73564210891,4,6,1,1,2,0
961,961,10,221.2,3,105.8,9.81844069992,4,5,1,1,2,0
962,962,10,222.6,3,106.0,9.77209178108,4,5,1,1,2,0
963,963,10,223.0,3,106.6,9.86294975034,4,5,1,1,2,0
964,964,10,219.7,3,104.8,9.67976698526,4,5,1,1,2,0
965,965,11,236.4,3,106.4,9.63114266798,4,6,1,1,2,0
966,966,11,235.7,3,106.1,9.55532217239,4,6,1,1,2,0
967,967,11,235.8,4,131.5,9.7543090711,4,6,1,1,3,0
968,968,11,234.8,3,106.1,9.70446944829,4,6,1,1,2,0
969,969,10,217.0,3,105.6,10.1358549494,4,6,0,1,2,0
970,970,10,216.2,3,105.7,10.140874387,4,6,0,1,2,0
971,971,10,218.2,3,106.7,10.2760563123,4,6,0,1,2,0
972,972,10,219.9,4,131.5,10.1023044676,4,6,0,1,3,0
973,973,12,259.8,5,157.5,9.51415213821,5,7,0,1,4,0
974,974,14,284.8,5,158.0,9.33732907665,6,7,1,1,4,0
975,975,14,283.8,5,157.2,9.27871249121,6,7,1,1,4,0
976,976,14,281.6,5,156.9,9.31796091451,6,7,1,1,4,0
977,977,14,283.5,5,158.7,9.50641483825,6,7,1,1,4,0
978,978,13,268.9,5,157.4,9.48330516872,5,7,1,1,4,0
979,979,13,264.0,5,155.9,9.59943240843,5,7,1,1,4,0
980,980,13,262.8,4,130.0,9.50524821295,5,7,1,1,3,0
981,981,13,268.5,5,156.3,9.32636186522,5,7,1,1,4,0
982,982,13,268.9,4,130.4,9.14146652657,5,7,1,1,3,0
983,983,14,282.0,5,154.0,8.79848888125,6,7,1,1,4,0
984,984,14,287.4,5,157.5,9.15082413871,6,7,1,1,4,0
985,985,12,256.7,5,155.7,9.28248187162,5,6,1,1,4,0
986,986,12,254.9,5,155.6,9.43826431784,5,6,1,1,4,0
987,987,12,254.5,5,155.2,9.37215007187,5,6,1,1,4,0
988,988,12,257.0,4,129.2,9.03556944257,5,6,1,1,3,0
989,989,13,268.7,5,155.4,9.27239492754,5,6,2,1,4,0
990,990,13,274.7,5,157.2,9.18498635595,5,6,2,1,4,0
991,991,13,277.8,5,155.7,8.81224381333,5,6,2,1,4,0
992,992,13,276.6,5,154.1,8.7025047971,5,6,2,1,4,0
993,993,13,278.0,5,154.8,8.74850903048,5,6,2,1,4,0
994,994,13,276.5,5,155.6,8.85206045839,5,6,2,1,4,0
995,995,13,276.3,5,154.3,8.79058354004,5,6,2,1,4,0
996,996,13,278.6,5,155.3,8.8230176825,5,6,2,1,4,0
997,997,13,279.1,5,154.9,8.73874367547,5,6,2,1,4,0
998,998,13,278.6,5,154.6,8.76217102239,5,6,2,1,4,0
999,999,13,275.4,4,128.3,8.6462753208,5,6,2,1,3,0
1000,1000,13,272.2,4,129.1,8.86195411685,5,6,2,1,3,0
1001,1001,13,269.9,4,129.0,9.0024569296,5,6,2,1,3,0
1002,1002,13,269.9,5,154.8,9.12172666966,5,6,2,1,4,0
1003,1003,13,270.2,4,130.4,9.14957614263,5,6,2,1,3,0
1004,1004,13,259.3,4,127.4,9.27618953599,6,5,2,1,3,0
1005,1005,13,263.2,4,128.6,9.25280276318,6,5,2,1,3,0
1006,1006,13,272.9,4,128.6,8.77215875545,6,5,2,1,3,0
1007,1007,13,274.6,4,130.4,8.88586460304,6,5,2,1,3,0
1008,1008,13,272.0,4,128.0,8.70585567747,6,5,2,1,3,0
1009,1009,12,258.2,4,131.1,9.27850236087,5,5,2,1,3,0
1010,1010,11,243.8,4,128.3,8.84423798043,4,5,2,1,3,0
1011,1011,11,250.8,4,130.8,8.92546917534,4,5,2,1,3,0
1012,1012,11,247.9,3,102.9,8.58129043061,4,5,2,1,2,0
1013,1013,11,249.6,3,103.2,8.57291718675,4,5,2,1,2,0
1014,1014,11,251.4,4,129.0,8.60794558955,4,5,2,1,3,0
1015,1015,12,264.6,5,154.3,8.73701634115,5,5,2,1,4,0
1016,1016,12,268.5,4,133.1,9.08336391432,5,5,2,1,3,0
1017,1017,12,268.1,5,160.2,9.46164105825,5,5,2,1,4,0
1018,1018,12,266.2,3,108.7,9.37179844323,5,5,2,1,2,0
1019,1019,12,262.0,4,135.1,9.74579940593,5,5,2,1,3,0
1020,1020,12,258.9,3,108.8,9.61477319734,5,5,2,1,2,0
1021,1021,12,258.9,3,109.0,9.66475555821,5,5,2,1,2,0
1022,1022,12,257.4,3,108.5,9.72536514855,5,5,2,1,2,0
1023,1023,12,259.7,4,133.9,9.69202655732,5,5,2,1,3,0
1024,1024,12,253.9,3,108.4,9.78639671207,5,5,2,1,2,0
1025,1025,11,243.6,4,133.3,9.79023632364,5,5,1,1,3,0
1026,1026,12,257.2,3,108.5,9.72768619909,5,5,2,1,2,0
1027,1027,12,255.5,3,107.3,9.60931918252,5,5,2,1,2,0
1028,1028,13,270.0,3,108.4,9.61599228849,5,6,2,1,2,0
1029,1029,13,271.7,4,133.3,9.5834927523,5,6,2,1,3,0
1030,1030,13,272.7,4,134.7,9.76158746022,5,6,2,1,3,0
1031,1031,13,269.4,4,133.6,9.68014754073,5,6,2,1,3,0
1032,1032,13,275.1,4,133.5,9.46366194641,5,6,2,1,3,0
1033,1033,13,274.6,4,133.9,9.52480567135,5,6,2,1,3,0
1034,1034,13,275.7,4,134.6,9.58370679317,5,6,2,1,3,0
1035,1035,13,278.1,4,134.1,9.30353530819,5,6,2,1,3,0
1036,1036,12,265.1,3,108.9,9.48160499775,4,6,2,1,2,0
1037,1037,12,262.5,4,134.3,9.65760416365,4,6,2,1,3,0
1038,1038,12,262.1,4,134.2,9.59833871358,4,6,2,1,3,0
1039,1039,12,264.7,4,135.5,9.73965262899,4,6,2,1,3,0
1040,1040,12,264.1,4,136.6,9.82866478801,4,6,2,1,3,0
1041,1041,11,247.3,4,134.6,9.92520208175,3,6,2,1,3,0
1042,1042,11,245.1,4,132.8,9.6831625187,3,6,2,1,3,0
1043,1043,11,242.2,5,154.5,9.33078969668,3,6,2,1,4,0
1044,1044,11,240.8,5,157.0,9.79698469382,3,6,2,1,4,0
1045,1045,11,246.1,5,157.3,9.51284299346,3,6,2,1,4,0
1046,1046,10,229.3,5,155.0,9.43893237842,3,5,2,1,4,0
1047,1047,10,230.4,5,156.1,9.55431258066,3,5,2,1,4,0
1048,1048,10,230.6,5,156.3,9.59284455554,3,5,2,1,4,0
1049,1049,11,247.0,5,156.2,9.27689211281,3,6,2,1,4,0
1050,1050,11,238.8,3,99.4,8.52530991172,3,6,2,1,2,0
1051,1051,10,228.4,4,128.4,9.13080256908,3,6,1,1,3,0
1052,1052,9,216.5,4,129.8,9.24609527194,3,5,1,1,3,0
1053,1053,9,214.0,4,128.0,8.97409853102,3,5,1,1,3,0
1054,1054,9,215.6,4,129.2,9.06519595915,3,5,1,1,3,0
1055,1055,9,220.7,5,154.8,8.70528255971,3,5,1,1,4,0
1056,1056,10,232.8,4,129.7,8.9191180431,4,5,1,1,3,0
1057,1057,11,250.3,4,130.2,8.80855988642,5,5,1,1,3,0
1058,1058,11,248.4,4,129.0,8.63398148965,5,5,1,1,3,0
1059,1059,11,249.2,4,130.0,8.8287443769,5,5,1,1,3,0
1060,1060,11,249.4,4,129.8,8.81045866106,5,5,1,1,3,0
1061,1061,11,250.7,4,129.7,8.7539082181,5,5,1,1,3,0
1062,1062,11,258.4,4,129.3,8.09659861244,5,5,1,1,3,0
1063,1063,11,260.4,4,130.5,8.17191420771,5,5,1,1,3,0
1064,1064,11,259.1,3,104.5,8.08521658787,5,5,1,1,2,0
1065,1065,11,261.9,4,130.9,8.06888524462,5,5,1,1,3,0
1066,1066,11,259.9,4,130.9,8.23092836916,5,5,1,1,3,0
1067,1067,12,273.5,4,130.6,8.24493875972,5,6,1,1,3,0
1068,1068,12,275.8,4,130.8,8.27909012714,5,6,1,1,3,0
1069,1069,12,273.1,4,129.8,8.2190973109,5,6,1,1,3,0
1070,1070,12,263.0,3,103.1,8.52865046698,5,6,1,1,2,0
1071,1071,12,267.8,4,129.1,8.58951086906,5,6,1,1,3,0
1072,1072,12,266.9,5,156.0,8.94878948983,5,6,1,1,4,0
1073,1073,12,265.4,5,154.5,8.74994372276,5,6,1,1,4,0
1074,1074,12,264.1,3,103.7,8.81088772056,5,6,1,1,2,0
1075,1075,12,268.2,5,156.7,8.92366618503,5,6,1,1,4,0
1076,1076,12,262.7,4,128.7,8.75810879682,5,6,1,1,3,0
1077,1077,12,268.3,4,130.8,8.89274048499,5,6,1,1,3,0
1078,1078,12,273.9,4,131.3,8.64271895349,5,6,1,1,3,0
1079,1079,12,274.0,4,132.2,8.75986024518,5,6,1,1,3,0
1080,1080,12,273.9,4,131.6,8.61004962503,5,6,1,1,3,0
1081,1081,12,277.0,4,133.1,8.72611892626,5,6,1,1,3,0
1082,1082,14,306.0,4,132.5,8.39869168252,6,7,1,1,3,0
1083,1083,14,305.7,4,131.7,8.29815615691,6,7,1,1,3,0
1084,1084,14,307.3,4,131.8,8.25905097919,6,7,1,1,3,0
1085,1085,14,304.8,5,158.3,8.48740501897,6,7,1,1,4,0
1086,1086,14,305.1,5,157.9,8.44953019046,6,7,1,1,4,0
1087,1087,14,305.1,4,133.3,8.48196859277,6,7,1,1,3,0
1088,1088,14,302.9,5,158.0,8.65897552502,6,7,1,1,4,0
1089,1089,14,295.0,4,132.9,9.20120632321,6,7,1,1,3,0
1090,1090,14,294.0,4,132.3,9.10722452021,6,7,1,1,3,0
1091,1091,12,265.7,5,158.7,9.53619500385,4,7,1,1,4,0
1092,1092,12,271.6,4,134.3,9.16498607184,4,7,1,1,3,0
1093,1093,12,270.2,4,131.9,8.8342137926,4,7,1,1,3,0
1094,1094,12,274.3,5,158.4,8.83458681787,4,7,1,1,4,0
1095,1095,13,292.0,4,131.9,8.41472305561,5,7,1,1,3,0
1096,1096,13,291.6,5,157.2,8.44130564697,5,7,1,1,4,0
1097,1097,13,287.3,4,132.2,8.69453851564,5,7,1,1,3,0
1098,1098,13,287.6,4,131.4,8.6735377102,5,7,1,1,3,0
1099,1099,13,287.3,4,131.6,8.63471674888,5,7,1,1,3,0
1100,1100,13,285.9,4,131.1,8.69324081672,5,7,1,1,3,0
1101,1101,13,285.5,5,155.6,8.63341748301,5,7,1,1,4,0
1102,1102,13,287.4,4,131.4,8.72462621343,5,7,1,1,3,0
1103,1103,13,285.4,5,155.3,8.67377420587,5,7,1,1,4,0
1104,1104,13,283.9,5,155.1,8.70637108306,5,7,1,1,4,0
1105,1105,13,285.7,4,129.3,8.64215963038,5,7,1,1,3,0
1106,1106,13,279.4,5,153.4,8.74246928681,5,7,1,1,4,0
1107,1107,13,280.3,5,153.9,8.86524472886,5,7,1,1,4,0
1108,1108,13,280.2,3,103.5,8.89443790473,5,7,1,1,2,0
1109,1109,13,276.5,4,128.6,8.94645037761,5,7,1,1,3,0
1110,1110,13,276.4,3,102.7,8.86928580942,5,7,1,1,2,0
1111,1111,12,258.9,3,101.1,8.71196930039,5,7,0,1,2,0
1112,1112,12,257.7,3,101.3,8.88217059876,5,7,0,1,2,0
1113,1113,12,260.4,3,102.2,8.98443097809,5,7,0,1,2,0
1114,1114,12,263.6,3,101.6,8.60109224917,5,7,0,1,2,0
1115,1115,12,267.4,4,127.4,8.61339689441,5,7,0,1,3,0
1116,1116,12,264.2,3,101.3,8.5012120348,5,7,0,1,2,0
1117,1117,12,267.0,4,126.8,8.51026118604,5,7,0,1,3,0
1118,1118,12,268.2,5,153.6,8.70866861758,5,7,0,1,4,0
1119,1119,12,269.9,5,153.0,8.60195097673,5,7,0,1,4,0
1120,1120,11,254.9,5,153.4,8.45932513964,5,6,0,1,4,0
1121,1121,11,253.6,5,153.5,8.55293676305,5,6,0,1,4,0
1122,1122,11,250.4,5,154.5,8.89339898208,5,6,0,1,4,0
1123,1123,11,250.0,5,154.3,8.83403542093,5,6,0,1,4,0
1124,1124,11,251.1,5,154.7,8.83867534296,5,6,0,1,4,0
1125,1125,11,251.4,5,155.0,8.7890117347,5,6,0,1,4,0
1126,1126,11,250.1,5,155.1,8.91709288135,5,6,0,1,4,0
1127,1127,11,250.6,5,155.6,8.95095728756,5,6,0,1,4,0
1128,1128,11,245.9,5,156.0,9.415770137,5,6,0,1,4,0
1129,1129,12,265.3,5,155.5,8.89938285228,5,7,0,1,4,0
1130,1130,12,265.5,5,155.8,8.93920120491,5,7,0,1,4,0
1131,1131,12,268.4,5,156.5,8.82159883811,5,7,0,1,4,0
1132,1132,12,260.3,5,150.4,8.46054568768,5,7,0,1,4,0
1133,1133,12,264.3,5,154.6,8.79236497299,5,7,0,1,4,0
1134,1134,12,266.4,5,154.0,8.63797114226,5,7,0,1,4,0
1135,1135,12,269.2,5,154.5,8.53307291269,5,7,0,1,4,0
1136,1136,12,266.7,5,152.5,8.53560723728,5,7,0,1,4,0
1137,1137,12,264.6,5,153.8,8.9680746895,5,7,0,1,4,0
1138,1138,13,281.2,5,153.9,8.74713139791,5,7,1,1,4,0
1139,1139,13,282.6,5,154.0,8.69238540923,5,7,1,1,4,0
1140,1140,13,282.8,5,153.2,8.55429866447,5,7,1,1,4,0
1141,1141,13,263.8,2,68.7,7.50915680336,5,7,1,1,1,0
1142,1142,13,276.5,5,149.9,8.46368562501,5,7,1,1,4,0
1143,1143,12,263.8,5,150.9,8.4432687911,4,7,1,1,4,0
1144,1144,12,267.2,5,152.4,8.59601740061,4,7,1,1,4,0
1145,1145,12,266.0,5,151.7,8.50810665118,4,7,1,1,4,0
1146,1146,12,259.4,5,151.0,8.91330296226,4,7,1,1,4,0
1147,1147,12,261.1,5,152.2,8.9554917974,4,7,1,1,4,0
1148,1148,12,259.4,4,125.9,8.85086881543,4,7,1,1,3,0
1149,1149,13,277.1,5,153.8,8.904946767,5,7,1,1,4,0
1150,1150,13,273.4,4,127.2,8.86729803035,5,7,1,1,3,0
1151,1151,13,271.2,4,126.3,8.6905637007,5,7,1,1,3,0
1152,1152,13,273.7,5,152.8,8.79390085842,5,7,1,1,4,0
1153,1153,13,274.4,5,153.4,8.81111623069,5,7,1,1,4,0
1154,1154,12,259.0,4,125.5,8.54228342193,5,6,1,1,3,0
1155,1155,12,261.5,4,128.4,8.91540631138,5,6,1,1,3,0
1156,1156,12,260.5,4,128.8,8.95376592515,5,6,1,1,3,0
1157,1157,12,260.5,4,127.3,8.79725766499,5,6,1,1,3,0
1158,1158,12,260.9,4,128.0,8.87206630983,5,6,1,1,3,0
1159,1159,12,254.8,4,124.9,8.51312711836,5,6,1,1,3,0
1160,1160,13,270.5,4,128.8,8.94235814709,6,6,1,1,3,0
1161,1161,13,266.0,4,127.2,8.9653535403,6,6,1,1,3,0
1162,1162,13,266.0,4,128.7,9.16592770914,6,6,1,1,3,0
1163,1163,13,267.1,5,153.2,8.96666190068,6,6,1,1,4,0
1164,1164,12,251.3,4,128.9,9.39007777423,6,5,1,1,3,0
1165,1165,12,251.9,4,129.8,9.45914260321,6,5,1,1,3,0
1166,1166,12,254.0,5,154.0,9.19182772737,6,5,1,1,4,0
1167,1167,12,255.1,5,155.1,9.29745403404,6,5,1,1,4,0
1168,1168,12,256.4,5,154.3,9.11365941205,6,5,1,1,4,0
1169,1169,12,258.0,5,154.1,8.98129369098,6,5,1,1,4,0
1170,1170,12,258.0,4,129.8,9.12538915733,6,5,1,1,3,0
1171,1171,11,236.1,4,123.4,8.3788152775,6,4,1,1,3,0
1172,1172,11,236.2,4,123.9,8.73980444965,6,4,1,1,3,0
1173,1173,11,236.8,4,127.8,9.36355604555,6,4,1,1,3,0
1174,1174,11,237.6,4,128.3,9.46118385827,6,4,1,1,3,0
1175,1175,11,242.0,5,154.7,9.33370237366,6,4,1,1,4,0
1176,1176,11,244.0,5,156.7,9.52961889918,6,4,1,1,4,0
1177,1177,11,250.6,5,156.7,9.04287765944,6,4,1,1,4,0
1178,1178,11,248.6,4,129.8,8.93901560576,6,4,1,1,3,0
1179,1179,11,248.1,4,128.6,8.67748392524,6,4,1,1,3,0
1180,1180,12,257.7,4,130.3,9.18478237482,6,5,1,1,3,0
1181,1181,12,257.0,4,128.4,8.79481596617,6,5,1,1,3,0
1182,1182,12,257.3,4,128.1,8.77345773376,6,5,1,1,3,0
1183,1183,12,259.8,5,154.9,8.976383155,6,5,1,1,4,0
1184,1184,12,261.3,4,132.0,9.2113689635,6,5,1,1,3,0
1185,1185,12,268.0,4,133.2,8.87318056468,6,5,1,1,3,0
1186,1186,12,266.9,4,134.9,9.16787457606,6,5,1,1,3,0
1187,1187,12,261.5,4,129.2,8.57283853843,6,5,1,1,3,0
1188,1188,12,261.4,4,129.7,8.67628254426,6,5,1,1,3,0
1189,1189,12,262.0,4,129.0,8.53541641242,6,5,1,1,3,0
1190,1190,12,265.1,4,128.7,8.35534214884,6,5,1,1,3,0
1191,1191,12,260.5,4,127.0,8.2523229053,6,5,1,1,3,0
1192,1192,12,258.4,4,127.5,8.54552869085,6,5,1,1,3,0
1193,1193,12,262.0,4,131.4,8.83601445875,6,5,1,1,3,0
1194,1194,12,254.7,4,128.3,8.72896172103,6,5,1,1,3,0
1195,1195,12,251.2,4,126.5,8.68377100043,6,5,1,1,3,0
1196,1196,12,254.4,4,127.2,8.66581580905,6,5,1,1,3,0
1197,1197,12,256.3,4,127.4,8.58555428754,6,5,1,1,3,0
1198,1198,12,262.1,4,127.9,8.54543560604,6,5,1,1,3,0
1199,1199,12,262.8,4,128.9,8.60919170528,6,5,1,1,3,0
1200,1200,12,262.6,4,128.1,8.46949964534,6,5,1,1,3,0
1201,1201,12,264.1,4,130.0,8.66523443877,6,5,1,1,3,0
1202,1202,12,260.7,4,131.0,8.98616360655,6,5,1,1,3,0
1203,1203,12,258.5,4,128.9,8.73961288235,6,5,1,1,3,0
1204,1204,13,274.1,4,131.2,8.94528238364,6,5,2,1,3,0
1205,1205,14,291.7,5,156.4,8.77817285552,6,6,2,1,4,0
1206,1206,14,289.4,5,154.9,8.64348830681,6,6,2,1,4,0
1207,1207,14,288.5,4,130.2,8.65229754154,6,6,2,1,3,0
1208,1208,14,287.0,4,128.9,8.61278120005,6,6,2,1,3,0
1209,1209,14,279.2,4,127.2,8.7111523821,6,6,2,1,3,0
1210,1210,15,297.5,4,128.8,8.67752982187,6,7,2,1,3,0
1211,1211,15,307.2,5,157.4,8.8155058197,6,7,2,1,4,0
1212,1212,15,301.8,5,154.8,8.62738165875,6,7,2,1,4,0
1213,1213,15,309.0,5,157.8,8.80957271544,6,7,2,1,4,0
1214,1214,15,311.4,5,159.1,8.89861947559,6,7,2,1,4,0
1215,1215,15,311.5,5,161.7,9.17657473187,6,7,2,1,4,0
1216,1216,15,309.4,5,158.1,8.80904297272,6,7,2,1,4,0
1217,1217,15,306.7,5,156.3,8.57103649897,6,7,2,1,4,0
1218,1218,15,301.6,5,156.1,8.69576799095,6,7,2,1,4,0
1219,1219,15,305.0,5,156.5,8.65205728357,6,7,2,1,4,0
1220,1220,15,305.9,5,156.7,8.61837461198,6,7,2,1,4,0
1221,1221,15,303.3,5,156.6,8.75689116394,6,7,2,1,4,0
1222,1222,15,305.0,5,157.3,8.83197653551,6,7,2,1,4,0
1223,1223,15,305.3,5,158.3,8.92851504744,6,7,2,1,4,0
1224,1224,15,305.9,5,155.2,8.57766757064,6,7,2,1,4,0
1225,1225,15,302.8,5,154.7,8.51535308107,6,7,2,1,4,0
1226,1226,15,308.4,5,156.9,8.65041700068,6,7,2,1,4,0
1227,1227,15,306.7,5,155.3,8.46538047973,6,7,2,1,4,0
1228,1228,15,305.0,5,155.9,8.54222007499,6,7,2,1,4,0
1229,1229,15,304.5,5,157.2,8.72279444084,6,7,2,1,4,0
1230,1230,15,304.9,5,157.2,8.71881927349,6,7,2,1,4,0
1231,1231,15,303.3,5,154.6,8.45865575271,6,7,2,1,4,0
1232,1232,15,302.7,5,154.3,8.48125664543,6,7,2,1,4,0
1233,1233,15,302.3,5,153.3,8.34710100802,6,7,2,1,4,0
1234,1234,15,297.1,4,123.0,7.86388368853,6,7,2,1,3,0
1235,1235,15,296.9,4,122.7,7.82061987557,6,7,2,1,3,0
1236,1236,15,300.5,4,127.0,8.23074954638,6,7,2,1,3,0
1237,1237,15,297.5,5,151.5,8.3757018185,6,7,2,1,4,0
1238,1238,15,296.5,5,153.6,8.62013147618,6,7,2,1,4,0
1239,1239,14,290.7,5,153.7,8.30492042687,5,7,2,1,4,0
1240,1240,14,291.9,5,153.0,8.35820646937,5,7,2,1,4,0
1241,1241,13,278.1,5,154.0,8.5930651825,5,6,2,1,4,0
1242,1242,13,280.8,5,154.4,8.48920883632,5,6,2,1,4,0
1243,1243,13,280.3,5,153.0,8.40203729873,5,6,2,1,4,0
1244,1244,12,269.2,5,154.8,8.51163196972,5,6,1,1,4,0
1245,1245,12,269.3,5,155.3,8.5473502894,5,6,1,1,4,0
1246,1246,11,251.4,4,127.6,8.3375492366,4,6,1,1,3,0
1247,1247,11,251.3,5,153.6,8.45604678752,4,6,1,1,4,0
1248,1248,11,247.5,4,128.4,8.72949024858,4,6,1,1,3,0
1249,1249,11,245.4,4,127.2,8.53949114941,4,6,1,1,3,0
1250,1250,12,260.3,4,129.4,8.83427810842,4,7,1,1,3,0
1251,1251,12,263.9,4,129.4,8.77532266522,4,7,1,1,3,0
1252,1252,12,263.0,4,129.2,8.705675613,4,7,1,1,3,0
1253,1253,12,261.4,4,129.4,8.95187469785,4,7,1,1,3,0
1254,1254,12,263.0,4,129.8,8.96689196518,4,7,1,1,3,0
1255,1255,12,258.5,4,129.1,8.91214272096,4,7,1,1,3,0
1256,1256,12,258.5,4,131.7,9.18412249813,4,7,1,1,3,0
1257,1257,12,256.7,4,128.7,8.89468261311,4,7,1,1,3,0
1258,1258,12,260.0,4,130.7,8.93698478066,4,7,1,1,3,0
1259,1259,12,260.0,4,130.1,8.81314445312,4,7,1,1,3,0
1260,1260,11,242.5,4,131.2,9.30165185721,4,6,1,1,3,0
1261,1261,11,240.9,4,131.2,9.33155935522,4,6,1,1,3,0
1262,1262,12,254.0,4,130.2,9.17826814059,5,6,1,1,3,0
1263,1263,11,237.7,4,130.8,9.43063672776,5,6,0,1,3,0
1264,1264,11,239.0,4,131.6,9.53877255302,5,6,0,1,3,0
1265,1265,11,240.3,4,131.0,9.40684470334,5,6,0,1,3,0
1266,1266,11,241.5,4,131.9,9.51791612028,5,6,0,1,3,0
1267,1267,11,238.3,4,131.2,9.48317169804,5,6,0,1,3,0
1268,1268,12,246.3,4,130.6,9.62299565907,6,6,0,1,3,0
1269,1269,12,247.6,4,130.7,9.58591137919,6,6,0,1,3,0
1270,1270,12,247.2,4,130.7,9.58493135557,6,6,0,1,3,0
1271,1271,12,244.4,4,130.1,9.61025336279,6,6,0,1,3,0
1272,1272,12,246.4,4,131.0,9.76602024958,6,6,0,1,3,0
1273,1273,12,247.1,4,130.6,9.6514208406,6,6,0,1,3,0
1274,1274,12,246.3,4,130.1,9.64007968658,6,6,0,1,3,0
1275,1275,12,244.3,4,130.3,9.68968132822,6,6,0,1,3,0
1276,1276,12,247.2,4,130.9,9.75676921191,6,6,0,1,3,0
1277,1277,12,242.7,4,129.6,9.61685310465,6,6,0,1,3,0
1278,1278,12,245.7,4,131.1,9.79797056909,6,6,0,1,3,0
1279,1279,12,247.9,4,131.8,9.82191041715,6,6,0,1,3,0
1280,1280,13,260.0,4,131.3,9.64313227121,6,6,1,1,3,0
1281,1281,13,259.3,4,131.0,9.61887167539,6,6,1,1,3,0
1282,1282,14,279.3,4,130.7,9.15900145716,6,6,2,1,3,0
1283,1283,14,282.5,4,133.2,9.44198305209,6,6,2,1,3,0
1284,1284,14,280.2,4,131.4,9.2819806526,6,6,2,1,3,0
1285,1285,14,281.0,4,131.7,9.30379811371,6,6,2,1,3,0
1286,1286,14,282.1,4,131.6,9.27757843074,6,6,2,1,3,0
1287,1287,14,283.0,5,157.4,9.35783153241,6,6,2,1,4,0
1288,1288,13,270.2,4,131.3,9.24020618041,5,6,2,1,3,0
1289,1289,13,270.5,4,132.8,9.40952190943,5,6,2,1,3,0
1290,1290,13,269.6,5,157.7,9.51065529302,5,6,2,1,4,0
1291,1291,13,267.4,4,130.5,9.32151495336,5,6,2,1,3,0
1292,1292,13,267.4,5,155.5,9.35043533883,5,6,2,1,4,0
1293,1293,14,283.3,5,156.8,9.24409226253,6,6,2,1,4,0
1294,1294,14,282.4,5,156.3,9.17584023161,6,6,2,1,4,0
1295,1295,14,282.7,5,156.9,9.3176808179,6,6,2,1,4,0
1296,1296,15,298.8,4,131.5,8.9409331568,7,6,2,1,3,0
1297,1297,15,299.9,4,132.4,8.97579814729,7,6,2,1,3,0
1298,1298,15,297.1,4,132.9,9.26679684732,7,6,2,1,3,0
1299,1299,15,297.3,4,132.4,9.17887325796,7,6,2,1,3,0
1300,1300,14,287.5,4,133.0,9.15142755933,7,5,2,1,3,0
1301,1301,14,284.1,4,131.4,9.13593616825,7,5,2,1,3,0
1302,1302,13,273.9,4,130.4,9.06985709327,7,4,2,1,3,0
1303,1303,13,276.3,4,132.1,9.1457290018,7,4,2,1,3,0
1304,1304,13,276.1,4,131.7,9.14672422797,7,4,2,1,3,0
1305,1305,12,265.3,4,133.3,9.2506961245,6,4,2,1,3,0
1306,1306,13,275.2,4,133.2,9.41403071797,6,5,2,1,3,0
1307,1307,13,269.4,4,131.6,9.35103860953,6,5,2,1,3,0
1308,1308,13,275.4,4,135.8,9.75225154805,6,5,2,1,3,0
1309,1309,13,273.9,4,134.4,9.57273773235,6,5,2,1,3,0
1310,1310,13,272.9,4,135.3,9.7751778789,6,5,2,1,3,0
1311,1311,13,270.2,4,135.8,10.0173055387,6,5,2,1,3,0
1312,1312,13,273.4,4,135.1,9.65206235435,6,5,2,1,3,0
1313,1313,13,269.6,4,130.9,9.0522132157,6,5,2,1,3,0
1314,1314,13,269.9,4,129.6,8.89930132665,6,5,2,1,3,0
1315,1315,13,271.5,4,131.7,9.16777382591,6,5,2,1,3,0
1316,1316,13,272.1,4,132.5,9.25025987161,6,5,2,1,3,0
1317,1317,13,273.8,4,133.4,9.39242056674,6,5,2,1,3,0
1318,1318,13,273.4,4,133.9,9.41925197095,6,5,2,1,3,0
1319,1319,13,272.8,4,133.3,9.35920635469,6,5,2,1,3,0
1320,1320,13,273.1,4,134.0,9.42748300966,6,5,2,1,3,0
1321,1321,14,290.4,4,134.0,9.3086158837,6,6,2,1,3,0
1322,1322,14,290.5,4,134.5,9.37966294294,6,6,2,1,3,0
1323,1323,14,289.3,4,135.4,9.45300987011,6,6,2,1,3,0
1324,1324,15,297.7,4,133.7,9.22990997222,6,7,2,1,3,0
1325,1325,15,301.8,4,134.7,9.20110241842,6,7,2,1,3,0
1326,1326,15,297.7,4,133.3,9.02946499496,6,7,2,1,3,0
1327,1327,15,302.1,4,134.7,9.22309213721,6,7,2,1,3,0
1328,1328,15,297.9,4,131.9,9.04795162296,6,7,2,1,3,0
1329,1329,15,298.8,4,132.5,9.09499077201,6,7,2,1,3,0
1330,1330,15,305.4,4,132.3,8.87539133946,6,7,2,1,3,0
1331,1331,15,305.6,4,133.0,8.9655265694,6,7,2,1,3,0
1332,1332,15,306.4,4,133.7,9.03718245177,6,7,2,1,3,0
1333,1333,15,310.5,4,132.5,8.73645890998,6,7,2,1,3,0
1334,1334,14,293.5,4,131.4,8.84747744517,5,7,2,1,3,0
1335,1335,13,287.9,4,132.9,8.72311253554,4,7,2,1,3,0
1336,1336,13,291.6,4,134.0,8.5560295129,4,7,2,1,3,0
1337,1337,13,288.2,4,133.5,8.76102967839,4,7,2,1,3,0
1338,1338,13,285.2,4,134.2,8.94571950353,4,7,2,1,3,0
1339,1339,13,284.8,4,131.3,8.54356107823,4,7,2,1,3,0
1340,1340,14,301.3,4,133.1,8.57125595064,5,7,2,1,3,0
1341,1341,14,299.7,4,132.1,8.47643469007,5,7,2,1,3,0
1342,1342,14,299.4,4,132.6,8.67160327141,5,7,2,1,3,0
1343,1343,14,303.2,4,134.2,8.65276427914,5,7,2,1,3,0
1344,1344,14,300.4,4,133.0,8.52865886163,5,7,2,1,3,0
1345,1345,14,302.2,4,134.2,8.69879365136,5,7,2,1,3,0
1346,1346,14,300.8,4,133.1,8.54534125374,5,7,2,1,3,0
1347,1347,14,300.0,4,131.7,8.3829890549,5,7,2,1,3,0
1348,1348,14,304.4,4,133.1,8.36261960114,5,7,2,1,3,0
1349,1349,14,299.9,4,133.3,8.57053795739,5,7,2,1,3,0
1350,1350,14,301.0,4,132.4,8.42761030095,5,7,2,1,3,0
1351,1351,14,303.5,4,132.8,8.26951571193,5,7,2,1,3,0
1352,1352,14,305.9,4,132.7,8.27059201676,5,7,2,1,3,0
1353,1353,14,304.4,4,131.5,8.06947851577,5,7,2,1,3,0
1354,1354,14,308.0,4,131.3,7.88650258841,5,7,2,1,3,0
1355,1355,14,308.2,4,131.8,7.96394347069,5,7,2,1,3,0
1356,1356,14,310.4,4,130.8,7.69909371004,5,7,2,1,3,0
1357,1357,14,312.0,4,132.5,7.89175393812,5,7,2,1,3,0
1358,1358,14,307.6,4,132.4,7.95191593473,5,7,2,1,3,0
1359,1359,14,306.5,4,132.1,8.0474041955,5,7,2,1,3,0
1360,1360,14,309.1,4,132.6,8.13834027413,5,7,2,1,3,0
1361,1361,14,307.8,4,131.4,7.95679266103,5,7,2,1,3,0
1362,1362,14,312.0,4,131.8,7.70023547521,5,7,2,1,3,0
1363,1363,14,306.7,4,133.6,8.41358464588,5,7,2,1,3,0
1364,1364,14,306.8,4,132.9,8.37586800488,5,7,2,1,3,0
1365,1365,14,304.9,4,133.5,8.55418733014,5,7,2,1,3,0
1366,1366,14,307.4,4,133.7,8.4040021863,5,7,2,1,3,0
1367,1367,14,307.9,4,134.6,8.60478080762,5,7,2,1,3,0
1368,1368,15,321.1,4,134.2,8.62624456169,6,7,2,1,3,0
1369,1369,15,320.2,5,158.3,8.54198594061,6,7,2,1,4,0
1370,1370,15,321.4,5,159.8,8.68047617741,6,7,2,1,4,0
1371,1371,15,318.8,5,158.5,8.68363540284,6,7,2,1,4,0
1372,1372,16,327.8,4,132.1,8.53907684316,7,7,2,1,3,0
1373,1373,16,317.5,4,128.0,8.15744802823,7,7,2,1,3,0
1374,1374,16,329.0,4,132.4,8.70355291438,7,7,2,1,3,0
1375,1375,16,330.5,5,157.5,8.51907418679,7,7,2,1,4,0
1376,1376,16,335.9,5,158.3,8.40225912082,7,7,2,1,4,0
1377,1377,16,334.6,5,157.7,8.35,7,7,2,1,4,0
1378,1378,16,336.3,5,158.4,8.3663786471,7,7,2,1,4,0
1379,1379,16,339.5,4,131.5,8.04862048221,7,7,2,1,3,0
1380,1380,16,343.2,5,158.9,8.14591922376,7,7,2,1,4,0
1381,1381,16,343.1,5,158.3,8.07605256298,7,7,2,1,4,0
1382,1382,16,344.0,5,159.1,8.12297154166,7,7,2,1,4,0
1383,1383,16,340.7,5,158.5,8.10419387313,7,7,2,1,4,0
1384,1384,15,328.7,5,158.7,8.1282458718,6,7,2,1,4,0
1385,1385,15,331.3,5,159.1,8.15693102886,6,7,2,1,4,0
1386,1386,15,331.1,5,159.8,8.1562830003,6,7,2,1,4,0
1387,1387,15,329.6,5,161.0,8.39382993349,6,7,2,1,4,0
1388,1388,15,327.2,5,161.3,8.54750311634,6,7,2,1,4,0
1389,1389,15,326.7,5,162.0,8.66175501847,6,7,2,1,4,0
1390,1390,14,311.3,5,161.5,8.60953024206,5,7,2,1,4,0
1391,1391,14,317.5,5,162.9,8.4583303109,5,7,2,1,4,0
1392,1392,13,297.5,5,161.7,8.79723878592,5,6,2,1,4,0
1393,1393,12,286.4,5,160.8,8.51526258959,5,5,2,1,4,0
1394,1394,12,286.7,4,135.8,8.51965197041,5,5,2,1,3,0
1395,1395,12,286.6,4,135.8,8.52790428623,5,5,2,1,3,0
1396,1396,13,293.0,4,136.7,9.36273984664,6,5,2,1,3,0
1397,1397,13,292.8,5,160.9,9.23418953727,6,5,2,1,4,0
1398,1398,13,293.0,4,137.4,9.44956246443,6,5,2,1,3,0
1399,1399,13,292.1,4,135.8,9.20926929922,6,5,2,1,3,0
1400,1400,13,293.4,4,135.6,9.09618826903,6,5,2,1,3,0
1401,1401,13,292.3,4,134.8,8.99813370963,6,5,2,1,3,0
1402,1402,13,289.7,4,133.4,8.94919420524,6,5,2,1,3,0
1403,1403,13,292.5,5,159.3,8.95125689498,6,5,2,1,4,0
1404,1404,13,295.4,5,163.4,9.45481833477,6,5,2,1,4,0
1405,1405,13,295.2,4,136.6,9.22708526915,6,5,2,1,3,0
1406,1406,13,299.6,5,164.0,9.34457198811,6,5,2,1,4,0
1407,1407,14,314.8,5,163.9,9.17394782421,6,6,2,1,4,0
1408,1408,14,315.7,5,162.2,8.9820119384,6,6,2,1,4,0
1409,1409,14,316.0,5,161.4,8.86717616758,6,6,2,1,4,0
1410,1410,14,318.2,5,163.3,9.05830928115,6,6,2,1,4,0
1411,1411,13,305.8,5,161.8,8.63212544763,5,6,2,1,4,0
1412,1412,13,305.1,5,163.5,9.19169775897,5,6,2,1,4,0
1413,1413,13,300.7,5,162.4,9.09646310528,5,6,2,1,4,0
1414,1414,13,303.8,5,161.4,8.81942785516,5,6,2,1,4,0
1415,1415,13,301.0,5,161.4,8.91240852077,5,6,2,1,4,0
1416,1416,13,302.6,5,162.1,8.97702194923,5,6,2,1,4,0
1417,1417,13,298.9,5,159.9,8.86345131598,5,6,2,1,4,0
1418,1418,13,294.6,5,159.2,8.83086806431,5,6,2,1,4,0
1419,1419,13,293.9,5,160.1,8.96608996334,5,6,2,1,4,0
1420,1420,13,291.2,5,160.3,8.90468041725,5,6,2,1,4,0
1421,1421,13,301.5,5,158.9,7.85604454528,5,6,2,1,4,0
1422,1422,13,304.7,5,158.3,7.69464515768,5,6,2,1,4,0
1423,1423,13,302.9,5,156.7,7.561305002,5,6,2,1,4,0
1424,1424,13,302.0,5,156.9,7.74321042542,5,6,2,1,4,0
1425,1425,13,312.9,5,159.8,7.56068610372,5,6,2,1,4,0
1426,1426,13,310.2,5,157.7,7.42692606461,5,6,2,1,4,0
1427,1427,13,311.3,5,158.1,7.50739806065,5,6,2,1,4,0
1428,1428,14,320.7,6,183.8,8.31943639786,6,6,2,2,4,0
1429,1429,14,316.4,5,157.9,8.38377554015,6,6,2,1,4,0
1430,1430,14,315.8,5,158.5,8.43451829692,6,6,2,1,4,0
1431,1431,15,337.5,5,158.4,8.16674441168,6,7,2,1,4,0
1432,1432,15,335.0,5,157.1,8.18610902397,6,7,2,1,4,0
1433,1433,15,335.3,5,158.8,8.36172117165,6,7,2,1,4,0
1434,1434,14,313.9,5,159.4,8.65316114505,5,7,2,1,4,0
1435,1435,14,313.4,6,182.4,8.38844050262,5,7,2,2,4,0
1436,1436,14,312.3,6,181.9,8.15215538141,5,7,2,2,4,0
1437,1437,14,313.7,6,182.7,8.27335521983,5,7,2,2,4,0
1438,1438,15,338.7,5,157.1,7.8684905069,6,7,2,1,4,0
1439,1439,15,337.6,6,183.2,7.9295529208,6,7,2,2,4,0
1440,1440,14,325.3,6,184.7,7.93469568442,6,7,1,2,4,0
1441,1441,14,322.3,6,182.3,7.7847166414,6,7,1,2,4,0
1442,1442,14,328.3,6,186.6,8.00545487104,6,7,1,2,4,0
1443,1443,14,326.1,6,185.8,8.17448791957,6,7,1,2,4,0
1444,1444,14,322.6,6,183.2,7.93887361568,6,7,1,2,4,0
1445,1445,14,331.0,6,185.3,7.64568397964,6,7,1,2,4,0
1446,1446,14,328.6,6,186.8,7.93884593157,6,7,1,2,4,0
1447,1447,14,325.3,6,183.4,7.65391876933,6,7,1,2,4,0
1448,1448,14,328.2,6,185.3,7.78743705106,6,7,1,2,4,0
1449,1449,14,328.9,7,211.1,7.86193011003,6,7,1,3,4,0
1450,1450,14,325.3,6,183.5,7.69221455988,6,7,1,2,4,0
1451,1451,14,326.3,6,183.1,7.58200950487,6,7,1,2,4,0
1452,1452,14,328.6,6,184.1,7.62116774531,6,7,1,2,4,0
1453,1453,14,327.2,5,157.8,7.45751335865,6,7,1,1,4,0
1454,1454,14,325.2,5,157.9,7.50071058905,6,7,1,1,4,0
1455,1455,14,328.5,5,157.6,7.32830205361,6,7,1,1,4,0
1456,1456,14,321.7,5,158.9,7.90298663811,6,7,1,1,4,0
1457,1457,14,320.4,5,157.6,7.78300487185,6,7,1,1,4,0
1458,1458,15,329.9,5,156.6,7.90410984115,7,7,1,1,4,0
1459,1459,14,316.1,5,156.2,7.84809419016,7,6,1,1,4,0
1460,1460,14,317.9,5,156.5,7.82230187307,7,6,1,1,4,0
1461,1461,14,317.2,5,156.4,7.86928931262,7,6,1,1,4,0
1462,1462,14,311.0,4,127.6,7.54003235484,7,6,1,1,3,0
1463,1463,14,317.4,6,180.6,7.69059651297,7,6,1,2,4,0
1464,1464,14,318.3,6,183.4,7.94690139351,7,6,1,2,4,0
1465,1465,14,315.3,5,155.9,7.79893272495,7,6,1,2,3,0
1466,1466,14,320.1,6,182.5,7.77635539933,7,6,1,2,4,0
1467,1467,14,322.8,6,185.0,8.03384324982,7,6,1,2,4,0
1468,1468,14,313.9,5,158.0,8.26737597394,7,6,1,2,3,0
1469,1469,14,312.4,6,184.1,8.59936108028,7,6,1,2,4,0
1470,1470,14,317.4,6,184.7,8.45471453109,7,6,1,2,4,0
1471,1471,14,316.2,4,133.7,8.1976410437,7,6,1,1,3,0
1472,1472,14,316.9,5,157.8,8.07975695968,7,6,1,1,4,0
1473,1473,14,312.2,4,133.1,8.35822947759,7,6,1,1,3,0
1474,1474,14,312.1,4,134.8,8.78192762139,7,6,1,1,3,0
1475,1475,14,308.5,4,133.8,8.69408350041,7,6,1,1,3,0
1476,1476,14,314.0,4,134.6,8.55780602468,7,6,1,1,3,0
1477,1477,14,315.2,4,134.5,8.47356587756,7,6,1,1,3,0
1478,1478,14,315.2,4,134.2,8.4389989511,7,6,1,1,3,0
1479,1479,14,319.8,4,134.0,8.28044167214,7,6,1,1,3,0
1480,1480,14,319.5,4,134.3,8.31959490244,7,6,1,1,3,0
1481,1481,14,322.1,5,158.6,8.07555325904,7,6,1,2,3,0
1482,1482,14,315.6,5,155.4,7.75863928253,7,6,1,2,3,0
1483,1483,14,316.0,5,156.7,7.98887963373,7,6,1,2,3,0
1484,1484,14,321.5,5,159.7,8.20558975923,7,6,1,2,3,0
1485,1485,14,315.5,5,157.0,7.94351280004,7,6,1,2,3,0
1486,1486,14,317.3,4,132.7,7.99216993186,7,6,1,1,3,0
1487,1487,14,319.2,4,133.3,8.07169794357,7,6,1,1,3,0
1488,1488,14,317.8,4,133.4,8.05051360043,7,6,1,1,3,0
1489,1489,14,319.4,4,133.5,7.96181822516,7,6,1,1,3,0
1490,1490,14,318.9,4,133.6,7.98066688667,7,6,1,1,3,0
1491,1491,14,317.6,4,133.6,8.06663185292,7,6,1,1,3,0
1492,1492,14,313.5,4,134.2,8.45253392009,7,6,1,1,3,0
1493,1493,14,309.4,4,133.6,8.59856875389,7,6,1,1,3,0
1494,1494,14,309.6,4,133.9,8.61446521782,7,6,1,1,3,0
1495,1495,15,321.1,4,135.1,8.98923695051,7,7,1,1,3,0
1496,1496,15,321.2,4,134.7,8.78577313182,7,7,1,1,3,0
1497,1497,14,308.1,4,134.6,8.88944614401,6,7,1,1,3,0
1498,1498,14,311.3,4,134.5,8.78666884835,6,7,1,1,3,0
1499,1499,14,312.4,4,134.9,8.8195462244,6,7,1,1,3,0
1500,1500,14,310.9,4,134.0,8.67671191583,6,7,1,1,3,0
1501,1501,14,317.2,4,135.5,8.738835892,6,7,1,1,3,0
1502,1502,14,314.9,4,135.5,8.79243243545,6,7,1,1,3,0
1503,1503,14,315.5,4,136.1,8.81140931213,6,7,1,1,3,0
1504,1504,14,317.0,4,136.5,8.81962098311,6,7,1,1,3,0
1505,1505,14,316.6,4,136.1,8.81832507582,6,7,1,1,3,0
1506,1506,14,313.5,4,136.2,8.8787095637,6,7,1,1,3,0
1507,1507,14,309.0,4,136.9,9.34224718243,6,7,1,1,3,0
1508,1508,14,308.8,4,136.7,9.31745378604,6,7,1,1,3,0
1509,1509,14,308.6,4,136.8,9.28022830337,6,7,1,1,3,0
1510,1510,14,313.2,4,136.6,8.92691940761,6,7,1,1,3,0
1511,1511,14,317.2,4,136.7,8.71794914889,6,7,1,1,3,0
1512,1512,14,317.9,4,136.6,8.61951848429,6,7,1,1,3,0
1513,1513,14,318.0,4,136.1,8.58969482245,6,7,1,1,3,0
1514,1514,14,315.8,4,135.7,8.57901861751,6,7,1,1,3,0
1515,1515,13,303.3,4,136.2,8.44564824978,6,6,1,1,3,0
1516,1516,13,301.5,4,135.5,8.43686963457,6,6,1,1,3,0
1517,1517,13,302.8,4,134.4,8.28235690474,6,6,1,1,3,0
1518,1518,12,286.2,4,135.2,8.68923053398,5,6,1,1,3,0
1519,1519,12,284.7,4,134.1,8.6112109802,5,6,1,1,3,0
1520,1520,12,285.7,4,135.4,8.84034741536,5,6,1,1,3,0
1521,1521,12,285.9,5,160.1,8.82044371178,5,6,1,2,3,0
1522,1522,12,277.8,4,130.2,8.43720117316,5,6,1,1,3,0
1523,1523,12,280.1,5,156.4,8.33933268895,5,6,1,2,3,0
1524,1524,11,265.4,5,159.5,8.74369383145,5,5,1,2,3,0
1525,1525,11,263.8,5,157.8,8.59986257818,5,5,1,2,3,0
1526,1526,12,289.4,5,157.7,8.07924763974,5,6,1,2,3,0
1527,1527,13,301.0,5,157.0,8.15553139334,5,6,2,2,3,0
1528,1528,12,289.5,5,158.9,8.2274623283,5,6,1,2,3,0
1529,1529,12,291.5,7,211.2,8.51837141214,5,6,1,3,4,0
1530,1530,12,288.5,5,159.5,8.44753415698,5,6,1,1,4,0
1531,1531,12,289.6,6,185.8,8.53094189975,5,6,1,2,4,0
1532,1532,12,290.8,6,186.3,8.4631106825,5,6,1,2,4,0
1533,1533,12,289.4,6,186.3,8.54238984374,5,6,1,2,4,0
1534,1534,12,289.0,6,186.8,8.60114509642,5,6,1,2,4,0
1535,1535,13,303.3,6,186.6,8.58665482162,6,6,1,2,4,0
1536,1536,13,311.8,6,186.4,7.85067366046,6,6,1,2,4,0
1537,1537,13,309.7,5,161.9,8.08322891817,6,6,1,1,4,0
1538,1538,13,310.2,5,162.1,8.12388848413,6,6,1,1,4,0
1539,1539,13,308.4,5,160.2,7.95446979651,6,6,1,1,4,0
1540,1540,13,310.5,5,162.0,8.11098495394,6,6,1,1,4,0
1541,1541,13,310.8,6,188.2,8.22571795635,6,6,1,2,4,0
1542,1542,13,303.2,6,185.4,8.43970317864,6,6,1,2,4,0
1543,1543,13,294.0,6,180.3,8.05593426755,6,6,1,2,4,0
1544,1544,13,300.5,6,184.3,8.34134742851,6,6,1,2,4,0
1545,1545,13,295.5,6,181.7,8.24544163113,6,6,1,2,4,0
1546,1546,13,299.4,6,185.1,8.56683378067,6,6,1,2,4,0
1547,1547,13,296.5,5,158.5,8.48679970488,6,6,1,1,4,0
1548,1548,13,295.1,5,157.7,8.29407418985,6,6,1,1,4,0
1549,1549,13,293.2,5,158.6,8.38973732054,6,6,1,1,4,0
1550,1550,13,291.5,5,157.7,8.35585162687,6,6,1,1,4,0
1551,1551,13,273.4,3,94.0,6.97667358839,6,6,1,1,2,0
1552,1552,13,274.6,4,125.1,7.88819305948,6,6,1,1,3,0
1553,1553,14,293.1,5,154.6,8.42666163873,7,6,1,1,4,0
1554,1554,14,297.5,5,156.8,8.64760971865,7,6,1,1,4,0
1555,1555,14,298.9,5,156.8,8.55558746803,7,6,1,1,4,0
1556,1556,14,314.5,6,185.8,8.407378366,7,6,1,2,4,0
1557,1557,14,309.5,5,155.4,7.93584509442,7,6,1,1,4,0
1558,1558,14,311.5,4,132.4,8.15944473978,7,6,1,1,3,0
1559,1559,14,309.8,4,132.4,8.2994372906,7,6,1,1,3,0
1560,1560,14,308.4,4,132.2,8.21316284729,7,6,1,1,3,0
1561,1561,14,311.0,4,132.6,8.06310277583,7,6,1,1,3,0
1562,1562,14,310.2,4,132.9,8.06652286979,7,6,1,1,3,0
1563,1563,14,308.4,4,132.3,8.04568002303,7,6,1,1,3,0
1564,1564,14,307.3,4,133.6,8.51331536251,7,6,1,1,3,0
1565,1565,15,321.5,4,132.5,8.36050807296,7,7,1,1,3,0
1566,1566,15,322.0,4,133.2,8.38516263295,7,7,1,1,3,0
1567,1567,15,319.8,5,157.9,8.50337748024,7,7,1,1,4,0
1568,1568,15,328.4,4,134.4,8.60261311352,7,7,1,1,3,0
1569,1569,15,322.3,5,159.2,8.61451156618,7,7,1,2,3,0
1570,1570,15,330.2,6,185.7,8.54298932849,7,7,1,2,4,0
1571,1571,15,333.6,6,186.2,8.5021677908,7,7,1,2,4,0
1572,1572,15,332.5,6,185.4,8.37621348707,7,7,1,2,4,0
1573,1573,16,348.7,6,184.7,8.19149711591,7,7,2,2,4,0
1574,1574,16,350.6,6,184.5,8.11573574401,7,7,2,2,4,0
1575,1575,15,328.2,5,152.0,7.5303386378,7,7,1,2,3,0
1576,1576,16,350.4,5,152.6,7.37789491206,7,7,2,2,3,0
1577,1577,16,342.4,4,126.3,7.41458023087,7,7,2,1,3,0
1578,1578,16,320.2,3,90.4,6.3180033766,7,7,2,1,2,0
1579,1579,15,314.9,4,121.7,7.08806508623,7,7,1,1,3,0
1580,1580,15,312.6,4,121.9,7.24123115026,7,7,1,1,3,0
1581,1581,14,302.4,4,123.1,7.2262342571,7,6,1,1,3,0
1582,1582,14,299.6,5,148.6,7.59139188616,7,6,1,1,4,0
1583,1583,15,317.7,4,124.0,7.41506189166,7,6,2,1,3,0
1584,1584,15,321.3,4,123.5,7.14034813077,7,6,2,1,3,0
1585,1585,15,321.1,3,98.2,7.00229214173,7,6,2,1,2,0
1586,1586,15,323.2,3,98.9,7.13260788478,7,6,2,1,2,0
1587,1587,15,334.2,4,126.5,7.09800776878,7,6,2,1,3,0
1588,1588,15,325.7,4,124.3,7.12439136916,7,6,2,1,3,0
1589,1589,15,330.3,4,130.2,7.58750853141,7,6,2,1,3,0
1590,1590,14,315.0,5,158.6,8.2087195666,7,6,1,2,3,0
1591,1591,14,318.3,4,136.1,8.46673192268,7,6,1,1,3,0
1592,1592,14,314.2,4,132.9,8.04264731442,7,6,1,1,3,0
1593,1593,15,337.8,5,158.7,7.63723959107,7,6,2,1,4,0
1594,1594,14,315.2,4,135.9,8.49623057985,7,6,1,1,3,0
1595,1595,14,311.5,5,158.2,8.23274419152,7,6,1,1,4,0
1596,1596,14,315.8,5,160.0,8.11074446794,7,6,1,1,4,0
1597,1597,14,311.5,5,156.6,7.81662429599,7,6,1,1,4,0
1598,1598,14,306.1,5,154.4,7.70989445631,7,6,1,1,4,0
1599,1599,14,309.0,5,156.6,7.92556026376,7,6,1,1,4,0
1600,1600,14,299.3,5,155.2,8.2035806977,7,6,1,1,4,0
1601,1601,14,303.2,5,156.4,8.20044222876,7,6,1,1,4,0
1602,1602,14,308.2,5,157.6,8.14992752614,7,6,1,1,4,0
1603,1603,14,309.2,5,158.1,8.23901199667,7,6,1,1,4,0
1604,1604,14,307.7,5,157.5,8.19297809773,7,6,1,1,4,0
1605,1605,14,310.8,5,158.2,8.1480530945,7,6,1,1,4,0
1606,1606,14,304.8,5,156.5,8.18219723842,7,6,1,1,4,0
1607,1607,14,307.0,5,159.0,8.41074665774,7,6,1,1,4,0
1608,1608,14,307.6,5,158.6,8.46362611609,7,6,1,1,4,0
1609,1609,14,309.9,5,159.6,8.42474442825,7,6,1,1,4,0
1610,1610,14,307.1,5,158.0,8.32342451185,7,6,1,1,4,0
1611,1611,14,309.3,5,159.7,8.45708299281,7,6,1,1,4,0
1612,1612,14,306.4,5,159.4,8.67080487284,7,6,1,1,4,0
1613,1613,15,316.0,5,157.3,8.42230598442,7,7,1,1,4,0
1614,1614,15,317.4,5,158.1,8.33159219906,7,7,1,1,4,0
1615,1615,15,324.3,5,165.4,8.99247304297,7,7,1,1,4,0
1616,1616,15,326.1,5,166.3,9.07624843833,7,7,1,1,4,0
1617,1617,15,325.0,5,165.6,9.09133548784,7,7,1,1,4,0
1618,1618,15,325.0,5,166.6,9.23770740472,7,7,1,1,4,0
1619,1619,15,324.3,5,166.9,9.27987068875,7,7,1,1,4,0
1620,1620,15,320.7,5,164.0,9.04008533462,7,7,1,1,4,0
1621,1621,15,318.2,5,166.1,9.42647234931,7,7,1,1,4,0
1622,1622,15,324.5,5,166.6,9.36503120784,7,7,1,1,4,0
1623,1623,15,322.2,5,163.8,9.12431602133,7,7,1,1,4,0
1624,1624,15,323.8,5,166.3,9.41646481031,7,7,1,1,4,0
1625,1625,15,319.3,5,164.3,9.27815149898,7,7,1,1,4,0
1626,1626,15,324.5,5,165.2,9.23677948411,7,7,1,1,4,0
1627,1627,15,323.0,5,165.2,9.25115179444,7,7,1,1,4,0
1628,1628,15,322.5,5,165.7,9.37626181985,7,7,1,1,4,0
1629,1629,16,339.9,5,164.2,8.91679828563,7,7,2,1,4,0
1630,1630,15,320.3,5,165.0,9.32599030871,7,7,1,1,4,0
1631,1631,14,305.4,5,164.1,9.2325392076,7,6,1,1,4,0
1632,1632,14,306.3,5,163.4,9.08110282793,7,6,1,1,4,0
1633,1633,14,305.3,5,163.5,9.10878395039,7,6,1,1,4,0
1634,1634,14,306.9,5,164.4,9.27355035915,7,6,1,1,4,0
1635,1635,14,303.2,5,162.1,9.09130728399,7,6,1,1,4,0
1636,1636,13,286.0,5,163.3,9.53598447985,6,6,1,1,4,0
1637,1637,13,286.0,5,163.5,9.53231346526,6,6,1,1,4,0
1638,1638,13,288.0,5,162.0,9.25712476822,6,6,1,1,4,0
1639,1639,13,286.5,5,160.9,9.1567405465,6,6,1,1,4,0
1640,1640,14,297.4,5,156.3,8.60408796273,6,6,2,1,4,0
1641,1641,14,289.8,4,130.7,8.83271889493,6,6,2,1,3,0
1642,1642,14,290.3,5,157.3,9.0437064511,6,6,2,1,4,0
1643,1643,13,280.8,5,160.2,9.34844015509,6,6,1,1,4,0
1644,1644,13,280.6,4,133.6,9.18303201144,6,6,1,1,3,0
1645,1645,14,310.3,4,133.8,8.45527665406,6,6,2,1,3,0
1646,1646,14,307.6,5,157.6,8.34048777133,6,6,2,1,4,0
1647,1647,14,308.1,4,133.8,8.45489974336,6,6,2,1,3,0
1648,1648,14,309.9,5,160.0,8.61435359804,6,6,2,1,4,0
1649,1649,14,313.6,5,160.0,8.45558531841,6,6,2,1,4,0
1650,1650,13,293.2,5,156.9,8.2459702668,6,6,1,1,4,0
1651,1651,13,293.8,4,133.4,8.45694980475,6,6,1,1,3,0
1652,1652,14,313.1,4,134.3,8.36058584098,6,6,2,1,3,0
1653,1653,13,298.2,4,134.0,8.40877898999,6,6,1,1,3,0
1654,1654,13,300.9,5,158.1,8.39172363946,6,6,1,1,4,0
1655,1655,13,299.9,5,159.5,8.29782949686,6,6,1,2,3,0
1656,1656,12,260.3,3,100.8,8.33900564525,6,5,1,1,2,0
1657,1657,13,271.6,3,97.4,7.36845320024,6,5,2,1,1,1
1658,1658,14,262.8,1,33.1,5.50264671582,7,5,2,1,0,0
1659,1659,14,248.2,0,0,3.61501751702,7,5,2,0,0,0
1660,1660,14,250.0,0,0,3.5825891552,7,5,2,0,0,0
1661,1661,14,238.8,0,0,3.4782210939,7,5,2,0,0,0
1662,1662,14,238.8,1,25.5,3.77516464964,7,5,2,0,0,1
1663,1663,14,249.4,2,52.7,4.48585077135,7,5,2,1,0,1
1664,1664,14,251.7,2,52.3,4.70730668894,7,5,2,1,0,1
1665,1665,14,253.7,2,52.8,4.87129402669,7,5,2,1,0,1
1666,1666,14,250.2,2,53.7,5.13411344627,7,5,2,1,0,1
1667,1667,14,249.3,2,53.7,4.98543482954,7,5,2,1,0,1
1668,1668,14,247.7,2,53.5,4.98327422264,7,5,2,1,0,1
1669,1669,14,250.8,2,51.8,4.37701288075,7,5,2,1,0,1
1670,1670,14,239.0,0,0,2.82799972022,7,5,2,0,0,0
