,e_id,num_sat,sum_snr,num_sat_25,sum_snr_25,snr_std,elev_0_30,elev_30_60,elev_60_90,elev_0_30_25,elev_30_60_25,elev_60_90_25
1,1,9,226.6,4,127.7,7.16585266695,2,4,3,0,2,2
2,2,9,227.3,5,159.9,8.54445889321,2,4,3,0,3,2
3,3,9,225.8,5,159.2,8.57940039345,2,4,3,0,3,2
4,4,9,237.3,5,165.6,8.65967666833,2,4,3,0,3,2
5,5,9,233.9,5,166.6,9.42568889319,2,4,3,0,3,2
6,6,9,232.8,5,167.9,9.81223725763,2,4,3,0,3,2
7,7,10,258.6,5,168.8,8.79977272434,3,4,3,0,3,2
8,8,10,256.6,5,166.8,8.62608447288,3,4,3,0,3,2
9,9,10,253.5,5,165.7,8.68565228152,3,4,3,0,3,2
10,10,10,254.7,5,166.9,8.85601490514,3,4,3,0,3,2
11,11,10,258.8,5,167.4,8.54735826635,3,4,3,0,3,2
12,12,10,255.6,5,167.8,9.06387211835,3,4,3,0,3,2
13,13,10,262.2,5,168.7,8.49559362912,3,4,3,0,3,2
14,14,10,258.6,5,167.8,8.5973122415,3,4,3,0,3,2
15,15,10,260.6,5,172.0,9.09202336605,3,4,3,0,3,2
16,16,9,241.6,5,173.6,9.57393742291,2,4,3,0,3,2
17,17,9,236.8,5,166.4,8.65497608957,2,4,3,0,3,2
18,18,10,259.8,5,169.6,8.88491855775,3,4,3,0,3,2
19,19,10,252.1,5,165.9,9.03480307847,3,4,3,0,3,2
20,20,10,249.8,5,168.2,9.68627895531,3,4,3,0,3,2
21,21,10,253.5,5,163.1,8.80015782687,3,4,3,0,3,2
22,22,10,262.4,6,195.4,9.05835403248,3,4,3,0,4,2
23,23,9,249.5,6,193.1,7.72508540046,2,4,3,0,4,2
24,24,9,247.6,6,191.2,7.66166503517,2,4,3,0,4,2
25,25,9,251.6,5,172.0,8.47483202062,2,4,3,0,3,2
26,26,9,250.9,5,171.5,8.37343683588,2,4,3,0,3,2
27,27,9,246.9,5,171.8,8.95823643358,2,4,3,0,3,2
28,28,9,245.9,5,167.9,8.27100020822,2,4,3,0,3,2
29,29,9,240.2,5,160.8,7.57255644489,2,4,3,0,3,2
30,30,9,253.0,5,169.7,7.82950260943,2,4,3,0,3,2
31,31,10,269.9,5,170.0,8.27613033569,3,4,3,0,3,2
32,32,10,267.3,5,171.0,8.64973345768,3,4,3,0,3,2
33,33,12,295.3,6,195.2,9.2230401548,5,4,3,1,3,2
34,34,13,310.2,7,220.2,9.2898276322,6,4,3,1,4,2
35,35,13,311.9,7,221.6,9.34206093772,6,4,3,1,4,2
36,36,13,312.0,7,220.2,9.21701325448,6,4,3,1,4,2
37,37,13,318.9,7,224.6,9.19477973412,6,4,3,1,4,2
38,38,13,308.2,6,195.8,9.5626409827,6,4,3,0,4,2
39,39,13,304.2,5,166.2,9.34950979107,6,4,3,1,3,1
40,40,13,301.2,6,190.8,9.27500086392,6,4,3,1,3,2
41,41,13,307.1,5,166.4,9.1733448867,6,4,3,0,3,2
42,42,13,303.9,6,191.2,9.28871661804,6,4,3,1,3,2
43,43,13,305.1,6,191.6,9.14424997976,6,4,3,1,3,2
44,44,13,303.1,6,192.2,9.39280275476,6,4,3,1,3,2
45,45,13,307.9,6,195.1,9.35359522268,6,4,3,1,3,2
46,46,13,310.1,6,189.9,8.86995071243,6,4,3,1,3,2
47,47,13,310.0,6,192.6,9.01236330313,6,4,3,1,3,2
48,48,13,308.5,6,195.5,9.42579657247,6,4,3,1,3,2
49,49,13,308.8,6,194.1,9.23522381831,6,4,3,1,3,2
50,50,12,299.4,6,193.7,8.96584427906,5,4,3,1,3,2
51,51,12,301.1,7,219.9,9.09939641688,5,4,3,1,4,2
52,52,13,315.4,7,222.8,9.50373071146,6,4,3,1,4,2
53,53,13,317.4,7,221.8,9.20016722256,6,4,3,1,4,2
54,54,13,314.6,7,219.6,9.11153115563,6,4,3,1,4,2
55,55,13,312.4,6,196.0,9.32509022435,6,4,3,1,3,2
56,56,13,316.2,6,197.9,9.29750449011,6,4,3,1,3,2
57,57,13,314.3,6,198.1,9.33114443197,6,4,3,1,3,2
58,58,13,319.4,6,199.2,9.20999317909,6,4,3,1,3,2
59,59,13,309.8,6,193.3,9.30451365516,6,4,3,1,3,2
60,60,12,294.8,6,191.8,9.14512620653,5,4,3,1,3,2
61,61,12,295.2,6,196.3,9.57325820853,5,4,3,1,3,2
62,62,12,302.5,6,201.7,9.76649730953,5,4,3,1,3,2
63,63,12,300.1,6,198.7,9.61801891653,5,4,3,1,3,2
64,64,12,293.1,6,194.4,9.56110729609,5,4,3,1,3,2
65,65,12,289.1,6,196.1,10.0434020253,5,4,3,1,3,2
66,66,12,289.5,6,197.1,10.2004567634,5,4,3,1,3,2
67,67,13,300.3,6,195.6,10.1695624291,6,4,3,1,3,2
68,68,13,302.3,5,168.8,9.71335981905,6,4,3,0,3,2
69,69,13,299.8,6,191.0,9.47598178392,6,4,3,1,3,2
70,70,14,315.0,5,167.1,9.46263908545,7,4,3,1,2,2
71,71,14,310.5,5,167.2,9.62873732208,7,4,3,1,2,2
72,72,14,314.2,6,193.2,9.58666656478,7,4,3,1,3,2
73,73,13,299.8,6,190.0,9.25108448251,6,4,3,1,3,2
74,74,12,287.2,6,189.6,9.1556573006,5,4,3,1,3,2
75,75,12,283.9,6,189.2,9.27817167857,5,4,3,1,3,2
76,76,13,303.3,6,190.4,9.14461450029,6,4,3,1,3,2
77,77,13,302.9,6,190.6,9.07983112912,6,4,3,1,3,2
78,78,12,293.2,6,191.6,8.79672804186,5,4,3,1,3,2
79,79,12,301.7,6,190.7,8.3057984492,5,4,3,1,3,2
80,80,12,305.1,6,191.6,8.14852189608,5,4,3,1,3,2
81,81,12,305.0,7,217.5,8.17166204674,5,4,3,1,4,2
82,82,12,305.7,7,218.4,8.17992276025,5,4,3,1,4,2
83,83,12,305.8,7,219.0,8.22334076476,5,4,3,1,4,2
84,84,12,304.0,7,219.1,8.33746564211,5,4,3,1,4,2
85,85,12,300.9,7,218.3,8.55964368417,5,4,3,1,4,2
86,86,12,298.8,7,216.9,8.5020853057,5,4,3,1,4,2
87,87,12,296.3,6,192.0,8.83859905943,5,4,3,0,4,2
88,88,12,297.1,5,165.8,8.66030215023,5,4,3,0,3,2
89,89,12,297.1,6,189.8,8.64885261264,5,4,3,1,3,2
90,90,12,294.7,6,191.1,8.81449821532,5,4,3,1,3,2
91,91,12,296.3,6,191.3,8.63507207248,5,4,3,1,3,2
92,92,12,292.7,6,188.7,8.49807019091,5,4,3,1,3,2
93,93,12,297.4,6,192.2,8.54781559904,5,4,3,1,3,2
94,94,12,303.6,7,218.8,8.37018518314,5,4,3,1,4,2
95,95,11,293.5,7,220.9,7.56039921986,4,4,3,1,4,2
96,96,11,290.8,7,218.4,7.36766892949,4,4,3,1,4,2
97,97,11,288.5,7,215.6,7.32380924234,4,4,3,1,4,2
98,98,11,288.6,7,215.4,7.25207180429,4,4,3,1,4,2
99,99,11,288.0,7,214.2,7.18760296369,4,4,3,1,4,2
100,100,11,287.4,7,214.3,7.36234893347,4,4,3,1,4,2
101,101,11,288.5,7,214.8,7.33472438597,4,4,3,1,4,2
102,102,11,283.3,7,210.5,7.1642673926,4,4,3,1,4,2
103,103,11,288.6,6,190.4,7.38840615116,4,4,3,1,3,2
104,104,11,289.3,6,192.2,7.58656707609,4,4,3,1,3,2
105,105,11,281.1,6,189.7,7.81682334921,4,4,3,1,3,2
106,106,11,280.3,6,188.6,7.59800212975,4,4,3,1,3,2
107,107,11,289.0,6,192.5,7.6709961425,4,4,3,1,3,2
108,108,11,288.3,6,190.5,7.5532052197,4,4,3,1,3,2
109,109,11,292.7,6,191.3,7.11624262451,4,4,3,0,4,2
110,110,11,285.2,6,184.8,6.79589448257,4,4,3,0,4,2
111,111,11,277.8,6,180.1,6.80078872431,4,4,3,0,4,2
112,112,11,265.6,4,121.1,6.53580349098,4,4,3,0,2,2
113,113,12,270.4,4,127.5,8.05202778902,5,4,3,0,2,2
114,114,12,293.9,5,161.3,8.0353150454,5,4,3,0,3,2
115,115,12,293.0,6,185.8,7.98508078553,5,4,3,0,4,2
116,116,13,299.9,5,160.5,8.69246652907,6,4,3,0,3,2
117,117,13,302.2,5,161.7,8.63023902572,6,4,3,0,3,2
118,118,13,307.0,5,165.1,8.75650673822,6,4,3,0,3,2
119,119,13,304.2,5,163.5,8.87900144536,6,4,3,0,3,2
120,120,13,311.8,6,191.3,8.68387837258,6,4,3,1,3,2
121,121,13,313.6,6,189.0,8.2140280259,6,4,3,1,3,2
122,122,13,310.4,6,189.3,8.37408242199,6,4,3,1,3,2
123,123,13,312.0,6,188.7,8.2617592961,6,4,3,1,3,2
124,124,13,314.4,6,189.4,8.26577745424,6,4,3,1,3,2
125,125,13,314.0,5,163.1,8.16145568966,6,4,3,0,3,2
126,126,13,312.3,5,162.8,8.24309345717,6,4,3,0,3,2
127,127,13,308.9,6,187.1,8.29724235932,6,4,3,1,3,2
128,128,13,308.4,5,162.6,8.37199237997,6,4,3,0,3,2
129,129,13,310.4,5,162.9,8.24804561155,6,4,3,0,3,2
130,130,13,311.7,5,163.2,8.21534680199,6,4,3,0,3,2
131,131,13,309.6,5,164.6,8.51125197937,6,4,3,0,3,2
132,132,13,298.7,5,164.4,8.98954520968,6,4,3,0,3,2
133,133,13,294.5,5,161.8,9.02465284509,6,4,3,0,3,2
134,134,13,300.4,5,165.0,9.32241577583,6,4,3,0,3,2
135,135,13,289.5,4,136.7,8.9541782254,6,4,3,0,2,2
136,136,12,282.0,4,137.7,8.93603532182,5,4,3,0,2,2
137,137,12,284.4,5,162.4,8.78345552212,5,4,3,0,3,2
138,138,12,285.5,4,136.9,8.73274489112,5,4,3,0,2,2
139,139,12,283.2,4,138.2,8.98918542169,5,4,3,0,2,2
140,140,12,286.6,4,137.1,8.54068693568,5,4,3,0,2,2
141,141,12,290.8,4,138.7,8.58702333157,5,4,3,0,2,2
142,142,12,293.8,5,163.7,8.54898540852,5,4,3,0,3,2
143,143,12,300.9,6,190.9,8.35584988333,5,4,3,0,4,2
144,144,12,299.9,6,190.2,8.32635010437,5,4,3,0,4,2
145,145,12,295.6,5,162.3,8.38400352764,5,4,3,0,3,2
146,146,11,289.9,5,167.9,7.85739952355,4,4,3,0,3,2
147,147,11,289.3,6,191.8,7.72670693116,4,4,3,0,4,2
148,148,11,283.9,6,192.4,8.32255424079,4,4,3,0,4,2
149,149,11,283.8,6,191.9,8.42662447247,4,4,3,0,4,2
150,150,11,278.9,4,139.8,8.47105231201,4,4,3,0,2,2
151,151,12,289.4,4,142.3,9.20985967057,5,4,3,0,2,2
152,152,12,295.8,5,164.6,8.58492335964,5,4,3,0,3,2
153,153,12,296.6,5,164.9,8.40171338947,5,4,3,0,3,2
154,154,12,293.9,5,165.1,8.378485254,5,4,3,0,3,2
155,155,12,287.2,5,161.6,8.33801080849,5,4,3,0,3,2
156,156,12,286.2,5,162.1,8.64223245569,5,4,3,0,3,2
157,157,13,305.5,6,188.8,8.61674725946,6,4,3,0,4,2
158,158,13,300.7,6,187.3,8.68402600712,6,4,3,0,4,2
159,159,13,304.8,6,189.2,8.52052574518,6,4,3,0,4,2
160,160,13,310.8,6,190.1,8.24079906506,6,4,3,0,4,2
161,161,13,287.3,4,121.3,6.87992248018,6,4,3,0,3,1
162,162,13,287.3,4,129.8,8.18178872049,6,4,3,0,2,2
163,163,13,301.2,4,133.8,8.05443817774,6,4,3,0,2,2
164,164,13,300.9,5,162.0,8.67502309167,6,4,3,0,3,2
165,165,13,289.6,6,179.5,8.44848643704,6,4,3,0,4,2
166,166,13,275.7,3,104.9,8.45610839753,6,4,3,0,1,2
167,167,13,277.6,4,134.0,9.16484364157,6,4,3,0,2,2
168,168,13,298.4,6,185.4,8.97697196392,6,4,3,0,4,2
169,169,13,304.9,6,185.7,8.43797125939,6,4,3,1,3,2
170,170,12,294.9,6,185.6,7.86501170316,5,4,3,1,3,2
171,171,12,290.2,5,157.7,8.02029622365,5,4,3,0,3,2
172,172,12,287.1,5,157.2,8.06948517001,5,4,3,0,3,2
173,173,12,285.7,5,156.5,7.98560731832,5,4,3,0,3,2
174,174,12,290.7,5,156.8,7.77117342257,5,4,3,0,3,2
175,175,12,287.5,5,156.3,7.98230524158,5,4,3,0,3,2
176,176,12,290.0,5,157.6,8.03043453294,5,4,3,0,3,2
177,177,12,286.3,5,156.8,7.8453759784,5,4,3,0,3,2
178,178,12,291.6,5,157.5,7.74854825112,5,4,3,0,3,2
179,179,13,305.2,5,156.0,7.96117179882,6,4,3,0,3,2
180,180,13,306.6,6,181.4,7.88604739966,6,4,3,1,3,2
181,181,13,306.7,6,181.5,7.83171559946,6,4,3,1,3,2
182,182,13,306.6,6,182.3,7.82014984446,6,4,3,1,3,2
183,183,13,307.5,6,184.6,7.9116596852,6,4,3,1,3,2
184,184,13,308.3,6,186.4,8.25871722826,6,4,3,1,3,2
185,185,13,309.9,6,186.3,8.01140213087,6,4,3,1,3,2
186,186,13,307.0,6,186.8,7.93450756231,6,4,3,1,3,2
187,187,13,304.7,5,161.2,8.14274098625,6,4,3,1,2,2
188,188,13,305.9,5,161.2,8.27066952302,6,4,3,1,2,2
189,189,12,286.3,6,186.2,8.44182857543,5,4,3,1,3,2
190,190,12,289.3,6,187.0,8.54479728291,5,4,3,1,3,2
191,191,12,280.3,5,159.4,8.85103572094,5,4,3,1,2,2
192,192,12,283.0,5,159.1,8.5673623111,5,4,3,1,2,2
193,193,12,282.2,4,132.7,8.15540348852,5,4,3,0,2,2
194,194,12,285.4,4,133.2,8.0501646887,5,4,3,0,2,2
195,195,12,286.4,4,133.0,7.98456845004,5,4,3,0,2,2
196,196,12,288.1,4,132.8,7.9296289416,5,4,3,0,2,2
197,197,12,293.6,4,136.2,8.18849895595,5,4,3,0,2,2
198,198,12,300.1,6,191.5,8.45011654931,5,4,3,1,3,2
199,199,12,302.2,7,217.7,8.47121686368,5,4,3,2,3,2
200,200,12,293.2,6,193.8,9.43960065925,5,4,3,1,3,2
201,201,12,298.6,7,219.1,9.11051673351,5,4,3,2,3,2
202,202,12,308.9,6,195.5,8.32602255072,5,4,3,1,3,2
203,203,12,315.7,7,222.9,8.20913663197,5,4,3,2,3,2
204,204,12,315.5,6,198.0,8.23125510515,5,4,3,1,3,2
205,205,12,319.6,6,200.9,8.28057237079,5,4,3,1,3,2
206,206,12,312.6,6,198.7,8.41800019439,5,4,3,1,3,2
207,207,13,325.8,6,202.7,9.20022993024,6,4,3,1,3,2
208,208,13,332.5,6,201.9,8.69666160529,6,4,3,1,3,2
209,209,13,332.9,6,203.8,8.81839569106,6,4,3,1,3,2
210,210,13,327.8,6,203.0,9.08101005339,6,4,3,1,3,2
211,211,13,328.0,6,199.4,8.83689091398,6,4,3,1,3,2
212,212,13,329.3,6,201.1,9.03118528723,6,4,3,1,3,2
213,213,12,306.0,5,172.0,8.93867999203,5,4,3,0,3,2
214,214,12,303.0,6,198.0,9.30547248568,5,4,3,1,3,2
215,215,13,323.4,6,199.5,9.19802096886,6,4,3,1,3,2
216,216,13,320.9,6,202.2,9.71389435756,6,4,3,1,3,2
217,217,13,318.2,5,173.5,9.45305540078,6,4,3,1,2,2
218,218,13,313.0,5,172.1,9.46679757945,6,4,3,1,2,2
219,219,13,317.9,5,175.6,9.77015995985,6,4,3,1,2,2
220,220,13,318.0,6,199.3,9.56343195559,6,4,3,1,3,2
221,221,13,314.4,5,172.0,9.40769597669,6,4,3,1,2,2
222,222,13,326.0,6,201.0,9.32033206187,6,4,3,1,3,2
223,223,13,322.1,6,199.7,9.34239029426,6,4,3,1,3,2
224,224,13,322.6,6,197.3,8.92765797525,6,4,3,1,3,2
225,225,13,325.6,6,198.9,9.0865849273,6,4,3,1,3,2
226,226,13,330.8,6,204.4,9.23630656563,6,4,3,1,3,2
227,227,13,337.1,6,208.9,9.5451021136,6,4,3,1,3,2
228,228,13,337.6,6,206.0,9.18099346616,6,4,3,1,3,2
229,229,13,334.2,6,206.8,9.50915887785,6,4,3,1,3,2
230,230,13,334.2,6,204.5,9.25368949289,6,4,3,1,3,2
231,231,13,332.8,6,205.6,9.44898583623,6,4,3,1,3,2
232,232,13,332.8,6,206.1,9.47461520767,6,4,3,1,3,2
233,233,13,329.8,6,203.4,9.32517958856,6,4,3,1,3,2
234,234,13,320.5,6,201.5,9.78430847366,6,4,3,1,3,2
235,235,13,319.5,6,199.3,9.31451858178,6,4,3,1,3,2
236,236,13,322.1,6,202.2,9.52629289967,6,4,3,1,3,2
237,237,13,328.7,6,203.6,9.28949641206,6,4,3,1,3,2
238,238,13,327.7,6,201.5,9.23963036224,6,4,3,1,3,2
239,239,13,328.9,7,225.3,9.13637418965,6,4,3,1,4,2
240,240,13,326.6,6,200.7,9.22082370201,6,4,3,1,3,2
241,241,13,324.0,6,201.0,9.29149735387,6,4,3,1,3,2
242,242,13,327.3,6,197.8,8.61589169753,6,4,3,1,3,2
243,243,13,325.6,5,169.4,8.56491052538,6,4,3,1,2,2
244,244,13,329.1,7,223.8,8.7388830478,6,4,3,1,3,3
245,245,12,310.3,5,166.7,7.69987701594,5,4,3,1,2,2
246,246,12,319.5,6,201.7,8.27428931307,5,4,3,1,3,2
247,247,12,322.5,6,202.5,8.11117355033,5,4,3,1,3,2
248,248,12,320.4,6,200.9,7.9953395516,5,4,3,1,3,2
249,249,12,317.4,6,200.7,8.19151445649,5,4,3,1,3,2
250,250,12,315.4,7,223.0,7.9270346781,5,4,3,1,4,2
251,251,13,327.1,7,224.7,8.8090425569,6,4,3,1,4,2
252,252,13,329.4,6,200.1,8.6325487219,6,4,3,1,3,2
253,253,13,309.8,5,160.9,8.13002507329,6,4,3,0,3,2
254,254,13,320.8,6,199.7,8.86276422701,6,4,3,1,3,2
255,255,13,313.7,6,196.1,9.20800237252,6,4,3,1,3,2
256,256,13,316.1,6,197.2,9.19500282344,6,4,3,1,3,2
257,257,13,321.1,6,195.9,8.85456567728,6,4,3,1,3,2
258,258,13,324.3,6,196.7,8.81831572964,6,4,3,1,3,2
259,259,13,323.9,7,220.1,8.56872668038,6,4,3,1,4,2
260,260,13,316.1,7,216.4,8.68464604478,6,4,3,1,4,2
261,261,13,312.5,6,189.2,8.68029746625,6,4,3,1,3,2
262,262,13,306.5,6,187.6,8.70001473621,6,4,3,1,3,2
263,263,13,307.5,6,190.2,8.77473792435,6,4,3,1,3,2
264,264,13,316.6,6,188.9,7.990475099,6,4,3,1,3,2
265,265,13,317.5,6,187.8,7.87158961563,6,4,3,1,3,2
266,266,13,327.3,6,192.0,8.01469003831,6,4,3,1,3,2
267,267,13,329.9,7,218.4,8.14761251801,6,4,3,1,4,2
268,268,13,322.4,6,186.0,7.76058417045,6,4,3,1,3,2
269,269,13,321.1,6,188.8,8.30050199285,6,4,3,1,3,2
270,270,13,315.4,6,185.5,8.28035209211,6,4,3,1,3,2
271,271,13,322.8,6,194.5,8.66548561972,6,4,3,1,3,2
272,272,13,318.4,6,192.0,8.54092710995,6,4,3,1,3,2
273,273,13,315.5,6,189.9,8.49003186246,6,4,3,1,3,2
274,274,13,309.3,6,190.0,8.67395157339,6,4,3,1,3,2
275,275,13,312.8,6,190.3,8.57550177944,6,4,3,1,3,2
276,276,13,317.9,6,193.8,8.83512076739,6,4,3,1,3,2
277,277,13,320.5,7,218.6,8.51328524372,6,4,3,1,4,2
278,278,13,323.6,7,219.7,8.4786458764,6,4,3,1,4,2
279,279,13,322.8,6,193.4,8.41460878625,6,4,3,1,3,2
280,280,13,315.8,6,191.2,8.38137434419,6,4,3,1,3,2
281,281,13,318.3,6,193.6,8.60986315743,6,4,3,1,3,2
282,282,13,322.3,6,195.7,8.70119355208,6,4,3,1,3,2
283,283,13,320.3,6,193.9,8.50583510122,6,4,3,1,3,2
284,284,12,307.0,7,218.7,8.06776225968,5,4,3,2,3,2
285,285,12,296.5,7,216.1,8.73201615096,5,4,3,2,3,2
286,286,12,305.7,7,218.3,8.25526003114,5,4,3,2,3,2
287,287,12,304.3,6,191.5,8.12655113399,5,4,3,1,3,2
288,288,12,308.6,6,190.6,7.69496096432,5,5,2,1,4,1
289,289,12,311.2,7,221.5,8.1967103527,5,5,2,2,4,1
290,290,12,315.4,7,224.5,8.32486236122,5,5,2,2,4,1
291,291,12,316.1,6,196.6,7.72239462783,5,5,2,1,4,1
292,292,12,315.5,7,219.6,7.57309331939,5,5,2,1,5,1
293,293,12,319.1,6,198.2,7.74343808223,5,5,2,0,5,1
294,294,12,323.9,7,227.7,7.9550393786,5,5,2,1,5,1
295,295,12,318.3,6,199.8,7.86905619846,5,5,2,0,5,1
296,296,12,308.5,6,193.8,8.07594163756,5,5,2,0,5,1
297,297,12,300.9,5,167.8,8.70225937224,5,5,2,0,4,1
298,298,12,299.5,6,196.4,9.05984731292,5,5,2,1,4,1
299,299,12,309.4,6,199.0,8.87712415895,5,5,2,1,4,1
300,300,13,332.7,7,224.7,8.42955727767,6,5,2,2,4,1
301,301,13,331.4,6,198.5,8.4123383133,6,5,2,1,4,1
302,302,12,318.0,6,203.3,8.80371822274,6,5,1,1,4,1
303,303,12,307.9,7,229.1,9.59795985266,6,5,1,2,4,1
304,304,12,305.4,6,201.1,9.33736384834,6,5,1,1,4,1
305,305,12,304.1,6,200.3,9.34426983706,6,5,1,1,4,1
306,306,12,302.5,7,224.7,9.58108537535,6,5,1,2,4,1
307,307,12,306.8,7,229.1,9.80049473086,6,5,1,2,4,1
308,308,12,302.6,8,247.8,9.26497150399,6,5,1,2,5,1
309,309,13,327.9,8,254.8,9.41268238833,6,5,2,2,5,1
310,310,13,327.9,7,229.0,9.31237114865,6,5,2,1,5,1
311,311,13,325.2,7,226.3,9.15485719476,6,5,2,1,5,1
312,312,14,345.6,7,230.9,9.68629937615,7,5,2,1,5,1
313,313,14,339.9,6,203.1,9.72239117244,7,5,2,1,4,1
314,314,14,338.0,7,225.1,9.23485989946,7,5,2,1,5,1
315,315,13,321.1,7,226.9,9.85520167221,7,5,1,1,5,1
316,316,13,322.4,7,226.4,9.84572665339,7,5,1,1,5,1
317,317,13,319.7,7,223.0,9.78088795717,7,5,1,1,5,1
318,318,13,318.7,7,223.5,9.76335377435,7,5,1,2,4,1
319,319,14,331.9,7,223.7,9.65253767237,7,5,2,2,4,1
320,320,14,329.2,7,219.4,9.40391548099,7,5,2,2,4,1
321,321,14,306.0,4,127.5,8.03700233877,7,5,2,0,3,1
322,322,13,315.3,6,197.9,9.5103115428,6,5,2,1,4,1
323,323,13,316.9,7,223.3,9.4630116635,6,5,2,2,4,1
324,324,13,332.4,8,256.2,9.57621921005,6,5,2,2,5,1
325,325,13,329.3,8,255.4,9.51686088086,6,5,2,2,5,1
326,326,13,328.4,8,255.0,9.52763860754,6,5,2,2,5,1
327,327,13,325.3,7,229.1,9.7697794112,6,5,2,2,4,1
328,328,12,305.0,7,224.6,9.22287998141,5,5,2,2,4,1
329,329,12,291.7,7,209.6,8.26630161706,5,5,2,2,4,1
330,330,12,301.4,6,192.0,8.74776161846,5,5,2,1,4,1
331,331,12,299.9,7,215.7,8.63875604822,5,5,2,2,4,1
332,332,12,298.1,6,191.8,8.75997699596,5,5,2,1,4,1
333,333,12,298.1,6,195.7,9.30107113414,5,5,2,1,4,1
334,334,13,313.8,6,195.4,8.88683843872,6,5,2,1,4,1
335,335,13,314.6,6,196.0,8.95609661999,6,5,2,1,4,1
336,336,13,319.7,6,200.1,9.16128280123,6,5,2,1,4,1
337,337,13,318.6,6,197.2,8.85150284212,6,5,2,1,4,1
338,338,13,314.1,6,194.6,8.8246377132,6,5,2,1,4,1
339,339,13,317.8,6,195.5,8.81718165332,6,5,2,1,4,1
340,340,12,302.1,6,193.8,8.42497639597,5,5,2,1,4,1
341,341,12,309.0,6,195.4,8.17907529781,5,5,2,1,4,1
342,342,12,314.8,6,196.1,7.88777343088,5,5,2,1,4,1
343,343,12,306.8,6,192.4,7.9465639611,5,5,2,1,4,1
344,344,12,314.2,6,194.7,7.80522358114,5,5,2,1,4,1
345,345,12,309.1,6,195.2,8.05305795485,5,5,2,1,4,1
346,346,12,311.5,7,221.5,8.09359548525,5,5,2,2,4,1
347,347,12,310.4,7,220.7,8.05778373921,5,5,2,2,4,1
348,348,12,303.3,7,221.5,9.00940165504,6,5,1,2,4,1
349,349,12,306.5,6,196.7,8.70459213533,6,5,1,1,4,1
350,350,13,321.9,6,192.6,8.17002024289,6,5,2,1,4,1
351,351,13,327.2,6,195.6,8.35427880544,6,5,2,1,4,1
352,352,14,339.7,6,198.9,9.16662903755,7,5,2,1,4,1
353,353,14,329.1,5,165.5,8.70706735807,7,5,2,0,4,1
354,354,14,327.0,5,165.7,8.63754900115,7,5,2,0,4,1
355,355,14,323.7,6,189.3,8.59894256213,7,5,2,1,4,1
356,356,14,326.2,6,192.0,8.81135630876,7,5,2,1,4,1
357,357,14,327.0,6,192.9,8.66626654472,7,5,2,1,4,1
358,358,14,332.8,6,197.5,9.00892109748,7,5,2,1,4,1
359,359,14,334.8,6,196.2,8.89371923091,7,5,2,1,4,1
360,360,14,327.9,6,194.8,8.91784542549,7,5,2,1,4,1
361,361,14,323.1,6,192.7,9.00138267767,7,5,2,1,4,1
362,362,14,329.7,6,192.4,8.74341510465,7,5,2,1,4,1
363,363,14,340.3,6,194.4,8.59825244192,7,5,2,1,4,1
364,364,14,341.7,6,195.5,8.67121358605,7,5,2,1,4,1
365,365,14,338.4,6,188.4,7.9962903487,7,5,2,0,5,1
366,366,14,345.9,7,219.0,8.31203615578,7,5,2,2,4,1
367,367,14,343.8,6,191.4,8.21150359001,7,5,2,0,5,1
368,368,14,352.3,7,223.5,8.50371928971,7,5,2,1,5,1
369,369,14,348.5,6,198.6,8.67112487474,7,5,2,1,4,1
370,370,14,328.6,5,165.3,8.58607356949,7,5,2,0,4,1
371,371,14,325.8,5,166.7,8.70759426031,7,5,2,0,4,1
372,372,13,312.8,5,166.5,8.63978572859,6,5,2,0,4,1
373,373,13,315.5,5,169.9,9.14607243715,6,5,2,0,4,1
374,374,12,293.7,5,159.4,8.01341205276,5,5,2,0,4,1
375,375,12,305.3,5,166.1,8.27245795432,5,5,2,0,4,1
376,376,12,295.9,4,136.3,8.19461667342,5,5,2,0,3,1
377,377,12,301.3,5,166.9,8.3692574161,5,5,2,0,4,1
378,378,12,306.2,5,167.8,8.18344596602,5,5,2,0,4,1
379,379,12,308.8,5,169.6,8.24580701529,5,5,2,0,4,1
380,380,12,313.0,5,171.6,8.41630812318,5,5,2,0,4,1
381,381,12,302.2,5,167.1,8.49372317263,5,5,2,0,4,1
382,382,12,307.7,5,167.3,8.24207148866,5,5,2,0,4,1
383,383,12,308.1,7,219.7,8.53741764236,5,5,2,1,5,1
384,384,13,324.1,6,192.0,8.5435535752,6,5,2,1,4,1
385,385,13,324.6,5,166.9,8.44209537727,6,5,2,0,4,1
386,386,13,325.1,5,166.6,8.38902671534,6,5,2,0,4,1
387,387,13,323.6,7,217.2,8.55983464973,6,5,2,2,4,1
388,388,13,327.1,6,194.5,8.68442460784,6,5,2,1,4,1
389,389,13,322.1,6,194.3,8.7025047971,6,5,2,1,4,1
390,390,13,327.5,6,195.5,8.77719217997,6,5,2,1,4,1
391,391,12,316.1,7,220.6,7.68131834486,5,5,2,1,5,1
392,392,12,323.2,7,226.9,7.94358899117,5,5,2,1,5,1
393,393,12,319.7,7,222.4,7.52854668256,5,5,2,1,5,1
394,394,12,321.9,7,226.3,7.96493736778,5,5,2,1,5,1
395,395,12,318.8,7,225.6,7.96747174834,5,5,2,1,5,1
396,396,12,319.6,7,227.8,8.2320143711,5,5,2,1,5,1
397,397,13,330.9,7,224.4,8.63979314805,6,5,2,1,5,1
398,398,13,323.6,7,218.8,8.3455039331,6,5,2,1,5,1
399,399,13,319.6,6,195.3,8.80329920672,6,5,2,1,4,1
400,400,12,300.4,6,195.7,9.00447700095,5,5,2,1,4,1
401,401,12,295.2,5,167.0,8.7667761256,5,5,2,0,4,1
402,402,12,298.4,6,195.2,8.80973978909,5,5,2,1,4,1
403,403,12,301.0,6,195.6,8.61846150933,5,5,2,1,4,1
404,404,12,297.5,6,192.1,8.70354769185,5,5,2,1,4,1
405,405,12,309.4,5,169.7,8.06888900016,5,5,2,0,4,1
406,406,12,319.7,7,222.5,7.74648991871,5,5,2,1,5,1
407,407,12,316.9,6,199.8,8.61863291557,5,5,2,0,5,1
408,408,12,309.2,6,195.2,8.3506486774,5,5,2,0,5,1
409,409,12,309.3,7,218.9,8.27253121646,6,4,2,2,4,1
410,410,12,307.8,6,194.8,8.30733520341,6,4,2,1,4,1
411,411,12,313.3,6,200.0,8.58280080725,6,4,2,1,4,1
412,412,12,312.3,6,195.4,7.79453479864,6,4,2,1,4,1
413,413,12,319.2,6,201.1,8.26075057123,6,4,2,1,4,1
414,414,12,317.8,6,196.7,8.01700843472,6,4,2,2,3,1
415,415,11,295.7,5,171.0,7.71204488859,5,4,2,1,3,1
416,416,11,295.9,5,170.6,7.59262800353,5,4,2,1,3,1
417,417,11,303.8,5,173.2,7.44779406023,5,4,2,1,3,1
418,418,12,320.9,7,223.8,7.65962951078,6,4,2,2,4,1
419,419,12,310.1,6,193.2,7.66129093482,6,4,2,1,4,1
420,420,12,312.8,7,221.4,7.84373905891,6,4,2,2,4,1
421,421,12,305.2,6,190.6,7.71602032767,6,4,2,1,4,1
422,422,12,303.0,5,169.6,8.51261096577,6,4,2,1,3,1
423,423,13,315.8,5,166.3,8.33041230857,7,4,2,1,3,1
424,424,13,320.4,5,173.3,8.97511516961,7,4,2,1,3,1
425,425,13,325.8,5,173.3,8.70407361159,7,4,2,1,3,1
426,426,13,326.6,6,195.3,8.29599841753,7,4,2,1,4,1
427,427,13,321.8,6,194.8,8.40214410975,7,4,2,1,4,1
428,428,13,315.7,6,193.9,8.66745312014,7,4,2,1,4,1
429,429,13,324.2,5,170.1,8.17420112932,7,4,2,1,3,1
430,430,13,320.9,5,171.3,8.45240066035,7,4,2,1,3,1
431,431,13,321.8,5,169.8,8.27593050001,7,4,2,1,3,1
432,432,13,323.4,5,170.2,8.33458195774,7,4,2,1,3,1
433,433,13,323.5,6,195.0,8.32504716241,7,4,2,1,4,1
434,434,13,315.9,6,188.2,7.71848430717,7,4,2,1,4,1
435,435,13,308.7,6,182.3,7.39274592474,7,4,2,1,4,1
436,436,13,309.5,5,159.4,7.82511571144,7,4,2,1,3,1
437,437,13,307.2,6,180.1,7.17651082994,7,4,2,2,3,1
438,438,13,309.8,6,180.7,7.36335347236,7,4,2,2,3,1
439,439,13,306.7,5,163.8,8.27692188543,7,4,2,1,3,1
440,440,13,316.3,5,173.5,9.03459873813,7,4,2,1,3,1
441,441,13,324.4,6,201.2,9.04733988388,7,4,2,1,4,1
442,442,13,324.2,6,203.2,9.18182429781,7,4,2,1,4,1
443,443,13,317.6,6,197.2,8.74274791045,7,4,2,1,4,1
444,444,12,297.4,5,162.0,7.65931795365,6,4,2,1,3,1
445,445,12,293.5,5,162.1,7.82716230169,6,4,2,1,3,1
446,446,12,288.5,5,155.9,7.04665727759,6,4,2,1,3,1
447,447,12,297.3,4,134.7,7.70573871156,6,4,2,1,2,1
448,448,12,300.0,5,159.0,7.29956412148,6,4,2,1,3,1
449,449,12,304.6,7,214.4,7.68526729095,6,4,2,1,4,2
450,450,12,304.2,6,188.4,7.51695054224,6,4,2,1,3,2
451,451,12,292.9,5,157.3,7.67942449706,6,4,2,1,2,2
452,452,12,307.8,5,167.6,7.98993685263,6,4,2,1,3,1
453,453,12,299.4,5,165.6,8.02048513609,6,4,2,1,3,1
454,454,12,295.1,5,164.2,7.97421507489,6,4,2,1,3,1
455,455,12,303.2,5,171.2,8.51899837618,6,4,2,1,3,1
456,456,12,309.0,5,172.8,8.32307853884,6,4,2,1,3,1
457,457,12,303.4,5,167.2,7.79310106712,6,4,2,1,3,1
458,458,12,304.1,5,169.0,8.04741159214,6,4,2,1,3,1
459,459,12,299.0,5,160.0,7.35191172829,6,4,2,1,3,1
460,460,12,298.5,5,163.0,7.84730700768,6,4,2,1,3,1
461,461,12,298.3,5,162.9,7.74191171286,6,4,2,1,3,1
462,462,12,297.1,5,162.4,7.60782591491,6,4,2,1,3,1
463,463,11,282.0,5,163.5,7.77910955409,5,4,2,1,3,1
464,464,11,279.4,5,162.8,7.96153251579,5,4,2,1,3,1
465,465,11,281.1,5,163.2,7.74175220946,5,4,2,1,3,1
466,466,11,275.2,5,161.3,7.74891194708,5,4,2,1,3,1
467,467,11,275.1,5,157.7,7.16176717654,5,4,2,1,3,1
468,468,11,279.3,5,159.6,7.18588262435,5,4,2,1,3,1
469,469,11,278.8,5,157.5,6.88844882922,5,4,2,1,3,1
470,470,11,283.8,5,159.1,6.79808796648,5,4,2,1,3,1
471,471,11,285.5,5,162.7,7.26682374031,5,4,2,1,3,1
472,472,11,271.7,4,130.1,7.16979776563,5,4,2,1,2,1
473,473,11,272.4,6,179.5,7.27313862473,5,4,2,2,3,1
474,474,12,304.2,6,189.1,7.89032779593,6,4,2,1,4,1
475,475,12,304.4,5,162.8,7.51499511079,6,4,2,1,3,1
476,476,12,297.6,5,158.7,7.43676371451,6,4,2,2,2,1
477,477,12,292.5,4,128.9,7.00780409128,6,4,2,1,2,1
478,478,12,293.8,5,156.1,7.1257322856,6,4,2,2,2,1
479,479,12,297.9,6,184.4,7.78975142561,6,4,2,2,3,1
480,480,13,313.4,7,212.1,8.27188627606,7,4,2,2,4,1
481,481,13,294.4,5,148.8,7.23643735833,7,4,2,1,3,1
482,482,13,301.1,6,180.8,8.10951482946,7,4,2,1,4,1
483,483,13,295.5,5,155.3,8.20694671355,7,4,2,2,2,1
484,484,13,301.9,4,133.0,8.48352853536,7,4,2,1,2,1
485,485,12,288.3,4,131.9,7.85263418455,6,4,2,2,1,1
486,486,12,292.1,6,184.3,8.21234750331,6,4,2,2,3,1
487,487,12,285.1,6,181.5,7.85973147047,6,4,2,2,2,2
488,488,13,299.9,6,180.5,7.72392221342,7,4,2,2,2,2
489,489,13,308.5,6,184.0,8.17214625169,7,4,2,2,2,2
490,490,13,310.3,6,184.1,8.01128210873,7,4,2,2,2,2
491,491,13,312.3,6,185.4,7.90982025145,7,4,2,2,2,2
492,492,13,308.0,6,185.7,8.05517034151,7,4,2,2,2,2
493,493,13,309.7,6,186.6,8.10834486256,7,4,2,2,2,2
494,494,13,305.7,6,184.1,8.21612704318,7,4,2,2,2,2
495,495,13,301.6,7,210.0,8.58020978765,7,4,2,2,3,2
496,496,12,287.1,6,184.0,8.43026204704,6,4,2,2,2,2
497,497,12,287.9,6,181.8,8.02104712427,6,4,2,2,2,2
498,498,12,292.7,7,207.1,7.76079404716,6,4,2,2,3,2
499,499,12,288.4,5,155.9,7.83701396444,6,4,2,2,2,1
500,500,12,285.0,5,155.0,7.9092006262,6,4,2,2,2,1
501,501,12,283.6,6,179.6,7.93351158445,6,4,2,2,3,1
502,502,12,283.7,5,155.2,7.91448135708,6,4,2,2,2,1
503,503,13,300.1,5,153.6,7.77569355469,7,4,2,2,2,1
504,504,13,296.1,4,126.4,7.64723848263,7,4,2,2,1,1
505,505,13,296.9,4,127.0,7.69583637014,7,4,2,2,1,1
506,506,14,311.5,4,126.9,7.71649083258,8,4,2,2,1,1
507,507,13,299.8,4,129.7,7.87004219192,7,4,2,2,1,1
508,508,13,297.4,5,155.1,7.91182172934,7,4,2,2,2,1
509,509,13,296.5,5,151.3,7.73514291383,7,4,2,2,1,2
510,510,13,299.6,6,177.2,7.82289539159,7,4,2,2,2,2
511,511,13,306.8,7,206.0,7.78085256682,7,4,2,2,3,2
512,512,13,305.1,7,205.1,7.76352417993,7,4,2,2,3,2
513,513,13,302.0,6,176.0,7.32033521721,7,4,2,2,2,2
514,514,13,303.2,6,176.6,7.30309909629,7,4,2,2,2,2
515,515,14,312.6,5,150.1,7.42961108532,8,4,2,2,2,1
516,516,14,315.5,6,178.4,7.71099186904,8,4,2,2,3,1
517,517,14,312.6,5,154.1,7.83124202463,8,4,2,2,2,1
518,518,14,322.3,6,183.5,7.78955697086,8,4,2,2,3,1
519,519,14,321.9,6,180.1,7.34464370877,8,4,2,2,3,1
520,520,14,323.9,6,182.5,7.92179147793,8,4,2,2,3,1
521,521,14,326.8,6,187.8,8.04073420736,8,4,2,2,3,1
522,522,14,331.6,6,190.9,8.05938126494,8,4,2,2,3,1
523,523,14,332.6,6,190.9,8.02397506378,8,4,2,2,3,1
524,524,14,334.0,6,194.0,8.31871978739,8,4,2,2,3,1
525,525,13,319.9,6,194.5,8.1249063111,7,4,2,2,3,1
526,526,13,310.4,6,193.8,8.49883853301,7,4,2,2,3,1
527,527,13,305.7,6,194.1,9.00359614764,7,4,2,2,3,1
528,528,13,307.2,6,191.9,8.39964132323,7,4,2,2,3,1
529,529,13,308.9,6,192.2,8.33322051206,7,3,3,2,2,2
530,530,13,318.3,6,192.3,8.06523880137,7,3,3,2,2,2
531,531,13,319.1,7,218.6,8.10366330584,7,3,3,2,3,2
532,532,12,304.8,7,218.0,7.86303203143,6,3,3,2,3,2
533,533,12,301.9,7,219.2,8.17117531697,6,3,3,2,3,2
534,534,12,303.0,7,219.2,8.00187478032,6,3,3,2,3,2
535,535,12,299.8,7,216.9,7.9068248234,6,3,3,2,3,2
536,536,12,297.8,6,191.4,7.97938632105,6,3,3,2,2,2
537,537,12,296.9,6,190.8,7.9195337711,6,3,3,2,2,2
538,538,12,296.7,6,191.6,8.08647861332,6,3,3,2,2,2
539,539,12,287.4,6,191.4,8.61895374372,6,3,3,2,2,2
540,540,12,288.4,7,212.0,8.23499553826,6,3,3,2,3,2
541,541,12,286.2,7,207.7,7.84433785374,6,3,3,2,3,2
542,542,12,282.1,6,185.6,8.21622102178,6,3,3,2,2,2
543,543,13,301.6,6,186.8,8.38291914152,7,3,3,2,2,2
544,544,14,303.2,6,180.3,7.9700124781,8,3,3,2,2,2
545,545,14,304.7,6,181.1,8.04560148756,8,3,3,2,2,2
546,546,14,301.0,6,180.6,8.20768870305,8,3,3,2,2,2
547,547,14,310.7,6,188.9,8.8978358895,8,3,3,2,2,2
548,548,14,305.5,6,186.0,8.75681524224,8,3,3,2,2,2
549,549,14,302.9,6,187.3,9.01661774749,8,3,3,2,2,2
550,550,14,302.9,6,188.1,9.13468513565,8,3,3,2,2,2
551,551,14,283.3,6,175.0,8.56608762171,8,3,3,2,2,2
