,e_id,num_sat,sum_snr,num_sat_25,sum_snr_25,num_sat_u20,sum_sat_u20,snr_std,elev_0_30,elev_30_60,elev_60_90,sum_elev_0_30,sum_elev_30_60,sum_elev_60_90,elev_0_30_25,elev_30_60_25,elev_60_90_25,sum_elev_0_30_25,sum_elev_30_60_25,sum_elev_60_90_25
1,1,9,226.6,4,127.7,3,50.3,7.16585266695,2,4,3,31.9,113.2,81.5,0,2,2,0,64.6,63.1
2,2,9,227.3,5,159.9,3,47.3,8.54445889321,2,4,3,31.1,109.6,86.6,0,3,2,0,93.4,66.5
3,3,9,225.8,5,159.2,4,66.6,8.57940039345,2,4,3,30.6,109.2,86.0,0,3,2,0,93.0,66.2
4,4,9,237.3,5,165.6,2,30.3,8.65967666833,2,4,3,30.3,116.8,90.2,0,3,2,0,96.5,69.1
5,5,9,233.9,5,166.6,2,25.2,9.42568889319,2,4,3,25.2,120.1,88.6,0,3,2,0,98.2,68.4
6,6,9,232.8,5,167.9,3,42.5,9.81223725763,2,4,3,25.2,121.5,86.1,0,3,2,0,99.1,68.8
7,7,10,258.6,5,168.8,4,68.1,8.79977272434,3,4,3,50.8,121.5,86.3,0,3,2,0,99.8,69.0
8,8,10,256.6,5,166.8,4,68.0,8.62608447288,3,4,3,53.0,118.1,85.5,0,3,2,0,98.6,68.2
9,9,10,253.5,5,165.7,4,67.4,8.68565228152,3,4,3,51.5,116.7,85.3,0,3,2,0,97.7,68.0
10,10,10,254.7,5,166.9,4,66.7,8.85601490514,3,4,3,52.4,117.9,84.4,0,3,2,0,98.9,68.0
11,11,10,258.8,5,167.4,3,50.6,8.54735826635,3,4,3,51.8,118.5,88.5,0,3,2,0,99.5,67.9
12,12,10,255.6,5,167.8,3,45.7,9.06387211835,3,4,3,51.6,114.3,89.7,0,3,2,0,99.9,67.9
13,13,10,262.2,5,168.7,3,51.4,8.49559362912,3,4,3,51.4,120.4,90.4,0,3,2,0,100.3,68.4
14,14,10,258.6,5,167.8,4,69.6,8.5973122415,3,4,3,50.6,119.1,88.9,0,3,2,0,100.1,67.7
15,15,10,260.6,5,172.0,4,67.4,9.09202336605,3,4,3,48.7,122.0,89.9,0,3,2,0,103.3,68.7
16,16,9,241.6,5,173.6,4,68.0,9.57393742291,2,4,3,30.2,123.5,87.9,0,3,2,0,103.5,70.1
17,17,9,236.8,5,166.4,3,50.2,8.65497608957,2,4,3,32.6,120.3,83.9,0,3,2,0,100.3,66.1
18,18,10,259.8,5,169.6,4,67.4,8.88491855775,3,4,3,52.4,121.1,86.3,0,3,2,0,101.1,68.5
19,19,10,252.1,5,165.9,4,63.4,9.03480307847,3,4,3,52.5,113.7,85.9,0,3,2,0,97.8,68.1
20,20,10,249.8,5,168.2,4,58.3,9.68627895531,3,4,3,50.0,115.6,84.2,0,3,2,0,99.7,68.5
21,21,10,253.5,5,163.1,3,43.5,8.80015782687,3,4,3,50.3,119.9,83.3,0,3,2,0,96.6,66.5
22,22,10,262.4,6,195.4,3,45.8,9.05835403248,3,4,3,48.0,126.6,87.8,0,4,2,0,126.6,68.8
23,23,9,249.5,6,193.1,1,14.9,7.72508540046,2,4,3,36.2,124.9,88.4,0,4,2,0,124.9,68.2
24,24,9,247.6,6,191.2,1,14.9,7.66166503517,2,4,3,36.3,123.8,87.5,0,4,2,0,123.8,67.4
25,25,9,251.6,5,172.0,2,32.9,8.47483202062,2,4,3,38.7,126.4,86.5,0,3,2,0,103.2,68.8
26,26,9,250.9,5,171.5,2,33.2,8.37343683588,2,4,3,39.9,124.6,86.4,0,3,2,0,102.8,68.7
27,27,9,246.9,5,171.8,2,31.2,8.95823643358,2,4,3,38.8,124.9,83.2,0,3,2,0,104.0,67.8
28,28,9,245.9,5,167.9,2,32.4,8.27100020822,2,4,3,38.2,123.7,84.0,0,3,2,0,100.8,67.1
29,29,9,240.2,5,160.8,2,34.2,7.57255644489,2,4,3,37.8,118.6,83.8,0,3,2,0,95.7,65.1
30,30,9,253.0,5,169.7,1,15.5,7.82950260943,2,4,3,39.7,124.7,88.6,0,3,2,0,101.8,67.9
31,31,10,269.9,5,170.0,2,30.6,8.27613033569,3,4,3,55.4,125.2,89.3,0,3,2,0,102.3,67.7
32,32,10,267.3,5,171.0,2,30.2,8.64973345768,3,4,3,54.6,124.7,88.0,0,3,2,0,103.5,67.5
33,33,12,295.3,6,195.2,5,77.0,9.2230401548,5,4,3,82.5,126.4,86.4,1,3,2,25.2,103.3,66.7
34,34,13,310.2,7,220.2,6,90.0,9.2898276322,6,4,3,97.2,127.9,85.1,1,4,2,25.8,127.9,66.5
35,35,13,311.9,7,221.6,6,90.3,9.34206093772,6,4,3,98.4,128.2,85.3,1,4,2,26.3,128.2,67.1
36,36,13,312.0,7,220.2,6,91.8,9.21701325448,6,4,3,99.2,128.1,84.7,1,4,2,26.4,128.1,65.7
37,37,13,318.9,7,224.6,6,94.3,9.19477973412,6,4,3,103.1,129.7,86.1,1,4,2,27.8,129.7,67.1
38,38,13,308.2,6,195.8,6,89.3,9.5626409827,6,4,3,95.0,130.4,82.8,0,4,2,0,130.4,65.4
39,39,13,304.2,5,166.2,5,71.6,9.34950979107,6,4,3,97.4,122.4,84.4,1,3,1,25.8,101.6,38.8
40,40,13,301.2,6,190.8,6,89.4,9.27500086392,6,4,3,97.7,117.8,85.7,1,3,2,26.1,100.0,64.7
41,41,13,307.1,6,191.4,5,71.6,9.1733448867,6,4,3,96.6,124.0,86.5,1,3,2,25.0,100.8,65.6
42,42,13,303.9,6,191.2,5,71.6,9.28871661804,6,4,3,98.4,120.6,84.9,1,3,2,26.8,100.5,63.9
43,43,13,305.1,6,191.6,6,93.4,9.14424997976,6,4,3,100.7,120.4,84.0,1,3,2,26.4,100.3,64.9
44,44,13,303.1,6,192.2,6,90.8,9.39280275476,6,4,3,97.7,120.7,84.7,1,3,2,26.4,100.6,65.2
45,45,13,307.9,6,195.1,6,92.7,9.35359522268,6,4,3,100.0,121.0,86.9,1,3,2,26.6,100.9,67.6
46,46,13,310.1,6,189.9,5,76.2,8.86995071243,6,4,3,102.1,120.4,87.6,1,3,2,25.9,97.3,66.7
47,47,13,310.0,6,192.6,6,96.5,9.01236330313,6,4,3,105.2,118.9,85.9,1,3,2,27.1,100.5,65.0
48,48,13,308.5,6,195.5,7,113.0,9.42579657247,6,4,3,105.9,120.5,82.1,1,3,2,26.8,102.1,66.6
49,49,13,308.8,6,194.1,7,114.7,9.23522381831,6,4,3,104.8,119.8,84.2,1,3,2,26.0,101.6,66.5
50,50,12,299.4,6,193.7,4,62.5,8.96584427906,5,4,3,89.0,124.6,85.8,1,3,2,26.5,101.5,65.7
51,51,12,301.1,7,219.9,4,60.7,9.09939641688,5,4,3,87.5,127.7,85.9,1,4,2,26.8,127.7,65.4
52,52,13,315.4,7,222.8,6,92.6,9.50373071146,6,4,3,101.3,129.8,84.3,1,4,2,27.6,129.8,65.4
53,53,13,317.4,7,221.8,5,75.4,9.20016722256,6,4,3,104.0,129.0,84.4,1,4,2,28.6,129.0,64.2
54,54,13,314.6,7,219.6,6,95.0,9.11153115563,6,4,3,103.7,127.1,83.8,1,4,2,28.4,127.1,64.1
55,55,13,312.4,6,196.0,6,93.0,9.32509022435,6,4,3,104.5,125.1,82.8,1,3,2,29.0,101.7,65.3
56,56,13,316.2,6,197.9,6,94.9,9.29750449011,6,4,3,104.5,126.4,85.3,1,3,2,29.0,103.0,65.9
57,57,13,314.3,6,198.1,6,95.3,9.33114443197,6,4,3,104.6,123.4,86.3,1,3,2,29.3,103.4,65.4
58,58,13,319.4,6,199.2,5,76.8,9.20999317909,6,4,3,106.1,125.8,87.5,1,3,2,29.3,103.3,66.6
59,59,13,309.8,6,193.3,5,72.5,9.30451365516,6,4,3,100.7,125.0,84.1,1,3,2,28.2,101.9,63.2
60,60,12,294.8,6,191.8,4,58.9,9.14512620653,5,4,3,86.7,124.5,83.6,1,3,2,27.8,100.8,63.2
61,61,12,295.2,6,196.3,5,76.2,9.57325820853,5,4,3,85.6,125.0,84.6,1,3,2,28.6,102.3,65.4
62,62,12,302.5,6,201.7,4,57.0,9.76649730953,5,4,3,85.4,128.5,88.6,1,3,2,28.4,105.4,67.9
63,63,12,300.1,6,198.7,4,57.3,9.61801891653,5,4,3,85.5,127.8,86.8,1,3,2,28.2,104.1,66.4
64,64,12,293.1,6,194.4,5,75.7,9.56110729609,5,4,3,86.2,125.7,81.2,1,3,2,27.4,102.7,64.3
65,65,12,289.1,6,196.1,5,72.4,10.0434020253,5,4,3,80.9,124.6,83.6,1,3,2,26.7,104.0,65.4
66,66,12,289.5,6,197.1,6,92.4,10.2004567634,5,4,3,81.3,123.3,84.9,1,3,2,26.8,103.6,66.7
67,67,13,300.3,6,195.6,7,104.7,10.1695624291,6,4,3,94.3,121.3,84.7,1,3,2,25.4,103.7,66.5
68,68,13,302.3,5,168.8,7,108.6,9.71335981905,6,4,3,98.3,121.4,82.6,0,3,2,0,102.9,65.9
69,69,13,299.8,6,191.0,7,108.8,9.47598178392,6,4,3,98.6,118.1,83.1,1,3,2,25.8,99.9,65.3
70,70,14,315.0,5,167.1,8,123.5,9.46263908545,7,4,3,114.3,118.1,82.6,1,2,2,26.8,75.5,64.8
71,71,14,310.5,5,167.2,8,118.6,9.62873732208,7,4,3,113.0,115.1,82.4,1,2,2,27.5,74.9,64.8
72,72,14,314.2,6,193.2,8,121.0,9.58666656478,7,4,3,112.8,119.3,82.1,1,3,2,27.6,100.8,64.8
73,73,13,299.8,6,190.0,6,89.4,9.25108448251,6,4,3,98.7,119.1,82.0,1,3,2,27.3,98.7,64.0
74,74,12,287.2,6,189.6,5,77.4,9.1556573006,5,4,3,88.9,117.2,81.1,1,3,2,27.5,99.0,63.1
75,75,12,283.9,6,189.2,6,94.7,9.27817167857,5,4,3,88.0,118.1,77.8,1,3,2,27.3,99.9,62.0
76,76,13,303.3,6,190.4,6,92.6,9.14461450029,6,4,3,101.7,118.0,83.6,1,3,2,27.0,99.8,63.6
77,77,13,302.9,6,190.6,7,112.3,9.07983112912,6,4,3,102.1,117.4,83.4,1,3,2,27.6,99.2,63.8
78,78,12,293.2,6,191.6,4,59.6,8.79672804186,5,4,3,92.3,115.2,85.7,1,3,2,27.5,99.4,64.7
79,79,12,301.7,6,190.7,3,44.0,8.3057984492,5,4,3,92.4,121.8,87.5,1,3,2,27.5,98.9,64.3
80,80,12,305.1,7,216.6,3,44.8,8.14852189608,5,4,3,93.3,124.0,87.8,1,4,2,27.9,124.0,64.7
81,81,12,305.0,7,217.5,3,44.9,8.17166204674,5,4,3,92.5,125.3,87.2,1,4,2,27.5,125.3,64.7
82,82,12,305.7,7,218.4,3,45.3,8.17992276025,5,4,3,93.6,125.0,87.1,1,4,2,27.8,125.0,65.6
83,83,12,305.8,7,219.0,3,46.1,8.22334076476,5,4,3,94.8,125.9,85.1,1,4,2,28.1,125.9,65.0
84,84,12,304.0,7,219.1,5,84.9,8.33746564211,5,4,3,93.1,126.4,84.5,1,4,2,27.8,126.4,64.9
85,85,12,300.9,7,218.3,4,62.5,8.55964368417,5,4,3,89.0,126.7,85.2,1,4,2,26.5,126.7,65.1
86,86,12,298.8,7,216.9,4,61.7,8.5020853057,5,4,3,87.7,126.7,84.4,1,4,2,26.0,126.7,64.2
87,87,12,296.3,7,217.0,4,58.9,8.83859905943,5,4,3,83.9,126.7,85.7,1,4,2,25.0,126.7,65.3
88,88,12,297.1,5,165.8,4,59.0,8.66030215023,5,4,3,83.2,125.9,88.0,0,3,2,0,101.0,64.8
89,89,12,297.1,6,189.8,4,59.0,8.64885261264,5,4,3,84.2,124.1,88.8,1,3,2,25.2,100.0,64.6
90,90,12,294.7,6,191.1,4,57.3,8.81449821532,5,4,3,83.6,122.0,89.1,1,3,2,26.3,99.5,65.3
91,91,12,296.3,6,191.3,4,59.0,8.63507207248,5,4,3,86.4,120.9,89.0,1,3,2,27.4,98.4,65.5
92,92,12,292.7,6,188.7,4,59.0,8.49807019091,5,4,3,85.7,120.0,87.0,1,3,2,26.7,97.5,64.5
93,93,12,297.4,6,192.2,4,61.6,8.54781559904,5,4,3,89.7,119.3,88.4,1,3,2,28.1,98.2,65.9
94,94,12,303.6,7,218.8,3,42.5,8.37018518314,5,4,3,92.0,125.1,86.5,1,4,2,28.3,125.1,65.4
95,95,11,293.5,7,220.9,3,51.4,7.56039921986,4,4,3,79.3,126.4,87.8,1,4,2,27.9,126.4,66.6
96,96,11,290.8,7,218.4,2,32.1,7.36766892949,4,4,3,80.9,124.3,85.6,1,4,2,28.7,124.3,65.4
97,97,11,288.5,7,215.6,3,51.6,7.32380924234,4,4,3,79.7,122.2,86.6,1,4,2,28.1,122.2,65.3
98,98,11,288.6,7,215.4,2,31.9,7.25207180429,4,4,3,79.5,122.5,86.6,1,4,2,27.5,122.5,65.4
99,99,11,288.0,7,214.2,3,51.3,7.18760296369,4,4,3,80.3,123.8,83.9,1,4,2,25.9,123.8,64.5
100,100,11,287.4,7,214.3,3,50.1,7.36234893347,4,4,3,80.8,125.0,81.6,1,4,2,25.6,125.0,63.7
101,101,11,288.5,7,214.8,3,49.8,7.33472438597,4,4,3,82.2,124.6,81.7,1,4,2,26.1,124.6,64.1
102,102,11,283.3,7,210.5,3,49.8,7.1642673926,4,4,3,80.7,122.0,80.6,1,4,2,25.5,122.0,63.0
103,103,11,288.6,6,190.4,3,50.6,7.38840615116,4,4,3,83.9,120.3,84.4,1,3,2,26.2,97.4,66.8
104,104,11,289.3,6,192.2,3,50.6,7.58656707609,4,4,3,83.3,122.4,83.6,1,3,2,26.7,99.5,66.0
105,105,11,281.1,6,189.7,4,68.3,7.81682334921,4,4,3,82.6,115.6,82.9,1,3,2,25.9,97.6,66.2
106,106,11,280.3,6,188.6,4,68.9,7.59800212975,4,4,3,82.4,113.8,84.1,1,3,2,26.0,96.5,66.1
107,107,11,289.0,6,192.5,3,51.5,7.6709961425,4,4,3,84.2,115.5,89.3,1,3,2,26.2,98.2,68.1
108,108,11,288.3,6,190.5,3,51.9,7.5532052197,4,4,3,82.2,114.9,91.2,1,3,2,25.1,97.2,68.2
109,109,11,292.7,6,191.3,2,33.5,7.11624262451,4,4,3,78.0,126.6,88.1,0,4,2,0,126.6,64.7
110,110,11,285.2,6,184.8,3,53.1,6.79589448257,4,4,3,76.6,122.9,85.7,0,4,2,0,122.9,61.9
111,111,11,277.8,6,180.1,3,51.3,6.80078872431,4,4,3,74.8,118.5,84.5,0,4,2,0,118.5,61.6
112,112,11,265.6,4,121.1,3,52.8,6.53580349098,4,4,3,76.3,107.7,81.6,0,2,2,0,63.8,57.3
113,113,12,270.4,4,127.5,6,97.5,8.05202778902,5,4,3,80.7,112.2,77.5,0,2,2,0,66.8,60.7
114,114,12,293.9,5,161.3,4,63.1,8.0353150454,5,4,3,92.1,119.5,82.3,0,3,2,0,95.8,65.5
115,115,12,293.0,7,210.8,5,82.2,7.98508078553,5,4,3,90.4,123.8,78.8,1,4,2,25.0,123.8,62.0
116,116,13,299.9,5,160.5,5,70.1,8.69246652907,6,4,3,101.3,122.9,75.7,0,3,2,0,99.7,60.8
117,117,13,302.2,5,161.7,5,70.4,8.63023902572,6,4,3,103.4,121.9,76.9,0,3,2,0,99.7,62.0
118,118,13,307.0,5,165.1,6,93.2,8.75650673822,6,4,3,104.7,121.0,81.3,0,3,2,0,101.7,63.4
119,119,13,304.2,5,163.5,5,71.8,8.87900144536,6,4,3,102.0,119.4,82.8,0,3,2,0,100.9,62.6
120,120,13,311.8,6,191.3,5,76.3,8.68387837258,6,4,3,106.5,119.7,85.6,1,3,2,25.4,101.2,64.7
121,121,13,313.6,6,189.0,5,79.8,8.2140280259,6,4,3,111.1,118.5,84.0,1,3,2,25.9,100.0,63.1
122,122,13,310.4,6,189.3,5,77.9,8.37408242199,6,4,3,109.1,114.2,87.1,1,3,2,26.1,97.9,65.3
123,123,13,312.0,6,188.7,5,81.0,8.2617592961,6,4,3,108.0,117.1,86.9,1,3,2,25.2,97.7,65.8
124,124,13,314.4,6,189.4,5,81.2,8.26577745424,6,4,3,109.4,120.2,84.8,1,3,2,25.1,98.8,65.5
125,125,13,314.0,6,188.1,5,81.4,8.16145568966,6,4,3,110.4,119.3,84.3,1,3,2,25.0,98.0,65.1
126,126,13,312.3,5,162.8,5,79.3,8.24309345717,6,4,3,111.1,119.2,82.0,0,3,2,0,98.3,64.5
127,127,13,308.9,6,187.1,6,97.9,8.29724235932,6,4,3,110.1,117.5,81.3,1,3,2,25.1,98.2,63.8
128,128,13,308.4,5,162.6,6,97.3,8.37199237997,6,4,3,110.0,117.0,81.4,0,3,2,0,98.3,64.3
129,129,13,310.4,5,162.9,5,80.5,8.24804561155,6,4,3,108.2,117.4,84.8,0,3,2,0,98.4,64.5
130,130,13,311.7,5,163.2,5,81.3,8.21534680199,6,4,3,106.7,120.3,84.7,0,3,2,0,98.3,64.9
131,131,13,309.6,5,164.6,4,56.7,8.51125197937,6,4,3,100.8,125.5,83.3,0,3,2,0,102.3,62.3
132,132,13,298.7,5,164.4,5,71.1,8.98954520968,6,4,3,91.8,121.9,85.0,0,3,2,0,100.1,64.3
133,133,13,294.5,5,161.8,6,90.4,9.02465284509,6,4,3,91.1,121.3,82.1,0,3,2,0,99.2,62.6
134,134,13,300.4,5,165.0,5,70.3,9.32241577583,6,4,3,95.3,120.0,85.1,0,3,2,0,97.9,67.1
135,135,13,289.5,4,136.7,6,89.2,8.9541782254,6,4,3,96.2,107.8,85.5,0,2,2,0,69.7,67.0
136,136,12,282.0,4,137.7,5,78.3,8.93603532182,5,4,3,83.7,114.9,83.4,0,2,2,0,72.8,64.9
137,137,12,284.4,5,162.4,4,60.3,8.78345552212,5,4,3,82.2,119.5,82.7,0,3,2,0,99.0,63.4
138,138,12,285.5,4,136.9,5,80.6,8.73274489112,5,4,3,82.6,117.0,85.9,0,2,2,0,73.1,63.8
139,139,12,283.2,4,138.2,5,78.2,8.98918542169,5,4,3,79.7,116.2,87.3,0,2,2,0,73.1,65.1
140,140,12,286.6,4,137.1,5,83.1,8.54068693568,5,4,3,83.8,116.7,86.1,0,2,2,0,72.8,64.3
141,141,12,290.8,4,138.7,3,44.7,8.58702333157,5,4,3,85.7,118.4,86.7,0,2,2,0,73.3,65.4
142,142,12,293.8,5,163.7,4,63.0,8.54898540852,5,4,3,83.4,123.6,86.8,0,3,2,0,99.2,64.5
143,143,12,300.9,6,190.9,2,25.3,8.35584988333,5,4,3,88.9,126.9,85.1,0,4,2,0,126.9,64.0
144,144,12,299.9,6,190.2,2,25.3,8.32635010437,5,4,3,88.8,125.6,85.5,0,4,2,0,125.6,64.6
145,145,12,295.6,5,162.3,3,44.7,8.38400352764,5,4,3,89.1,123.5,83.0,0,3,2,0,98.7,63.6
146,146,11,289.9,5,167.9,2,30.9,7.85739952355,4,4,3,79.1,126.8,84.0,0,3,2,0,102.0,65.9
147,147,11,289.3,6,191.8,2,30.9,7.72670693116,4,4,3,79.4,127.3,82.6,0,4,2,0,127.3,64.5
148,148,11,283.9,6,192.4,3,47.5,8.32255424079,4,4,3,75.8,130.0,78.1,0,4,2,0,130.0,62.4
149,149,11,283.8,6,191.9,3,46.6,8.42662447247,4,4,3,76.2,127.9,79.7,0,4,2,0,127.9,64.0
150,150,11,278.9,4,139.8,3,47.6,8.47105231201,4,4,3,76.6,120.7,81.6,0,2,2,0,74.0,65.8
151,151,12,289.4,4,142.3,5,79.2,9.20985967057,5,4,3,90.1,114.2,85.1,0,2,2,0,73.7,68.6
152,152,12,295.8,5,164.6,4,62.4,8.58492335964,5,4,3,90.1,127.3,78.4,0,3,2,0,102.7,61.9
153,153,12,296.6,5,164.9,4,63.2,8.40171338947,5,4,3,91.3,126.0,79.3,0,3,2,0,102.3,62.6
154,154,12,293.9,5,165.1,3,45.4,8.378485254,5,4,3,89.3,120.0,84.6,0,3,2,0,101.0,64.1
155,155,12,287.2,5,161.6,5,83.0,8.33801080849,5,4,3,85.4,123.1,78.7,0,3,2,0,100.6,61.0
156,156,12,286.2,6,187.1,6,99.1,8.64223245569,5,4,3,81.4,124.6,80.2,0,4,2,0,124.6,62.5
157,157,13,305.5,6,188.8,7,116.7,8.61674725946,6,4,3,98.0,125.0,82.5,0,4,2,0,125.0,63.8
158,158,13,300.7,6,187.3,7,113.4,8.68402600712,6,4,3,93.9,123.3,83.5,0,4,2,0,123.3,64.0
159,159,13,304.8,6,189.2,7,115.6,8.52052574518,6,4,3,98.2,128.4,78.2,0,4,2,0,128.4,60.8
160,160,13,310.8,6,190.1,6,97.9,8.24079906506,6,4,3,100.9,127.5,82.4,0,4,2,0,127.5,62.6
161,161,13,287.3,4,121.3,6,97.9,6.87992248018,6,4,3,100.9,112.7,73.7,0,3,1,0,92.1,29.2
162,162,13,287.3,5,154.8,7,110.9,8.18178872049,6,4,3,94.1,116.4,76.8,0,3,2,0,94.8,60.0
163,163,13,301.2,4,133.8,7,119.7,8.05443817774,6,4,3,100.0,118.8,82.4,0,2,2,0,71.1,62.7
164,164,13,300.9,5,162.0,6,92.0,8.67502309167,6,4,3,96.4,122.1,82.4,0,3,2,0,98.1,63.9
165,165,13,289.6,6,179.5,7,110.1,8.44848643704,6,4,3,90.3,115.4,83.9,0,4,2,0,115.4,64.1
166,166,13,275.7,3,104.9,8,128.2,8.45610839753,6,4,3,89.8,100.0,85.9,0,1,2,0,38.8,66.1
167,167,13,277.6,4,134.0,9,143.6,9.16484364157,6,4,3,90.8,105.3,81.5,0,2,2,0,68.9,65.1
168,168,13,298.4,6,185.4,6,88.2,8.97697196392,7,4,2,126.2,121.1,51.1,1,4,1,29.6,121.1,34.7
169,169,13,304.9,6,185.7,6,94.3,8.43797125939,7,4,2,131.2,121.7,52.0,2,3,1,55.3,96.8,33.6
170,170,12,294.9,6,185.6,4,64.7,7.86501170316,6,4,2,119.5,121.7,53.7,2,3,1,54.8,97.7,33.1
171,171,12,290.2,6,182.7,3,42.5,8.02029622365,6,4,2,118.5,117.8,53.9,2,3,1,53.3,95.9,33.5
172,172,12,287.1,5,157.2,3,42.5,8.06948517001,6,4,2,117.5,115.8,53.8,1,3,1,28.3,95.4,33.5
173,173,12,285.7,5,156.5,4,61.9,7.98560731832,6,4,2,115.1,117.7,52.9,1,3,1,27.2,95.8,33.5
174,174,12,290.7,6,181.8,4,63.9,7.77117342257,6,4,2,116.6,120.9,53.2,1,4,1,26.8,120.9,34.1
175,175,12,287.5,5,156.3,4,62.2,7.98230524158,6,4,2,113.8,119.9,53.8,1,3,1,26.7,95.0,34.6
176,176,12,290.0,5,157.6,3,43.0,8.03043453294,6,4,2,114.3,120.5,55.2,1,3,1,27.0,95.7,34.9
177,177,12,286.3,5,156.8,4,64.8,7.8453759784,6,4,2,112.6,118.0,55.7,1,3,1,26.1,95.7,35.0
178,178,12,291.6,5,157.5,3,45.2,7.74854825112,6,4,2,115.5,118.6,57.5,1,3,1,26.0,96.3,35.2
179,179,13,305.2,5,156.0,4,58.2,7.96117179882,7,4,2,130.6,116.9,57.7,1,3,1,26.0,95.0,35.0
180,180,13,306.6,6,181.4,4,58.6,7.88604739966,7,4,2,131.4,118.2,57.0,2,3,1,50.9,96.0,34.5
181,181,13,306.7,6,181.5,4,59.2,7.83171559946,7,4,2,133.1,116.4,57.2,2,3,1,51.8,95.4,34.3
182,182,13,306.6,6,182.3,5,80.4,7.82014984446,7,4,2,134.1,115.2,57.3,2,3,1,52.4,95.6,34.3
183,183,13,307.5,6,184.6,5,79.8,7.9116596852,7,4,2,135.8,115.3,56.4,2,3,1,54.1,96.5,34.0
184,184,13,308.3,6,186.4,5,76.7,8.25871722826,7,4,2,134.6,116.4,57.3,2,3,1,53.7,98.8,33.9
185,185,13,309.9,6,186.3,5,79.8,8.01140213087,7,4,2,138.4,115.8,55.7,2,3,1,54.1,98.2,34.0
186,186,13,307.0,6,186.8,7,120.2,7.93450756231,7,4,2,138.2,116.0,52.8,2,3,1,54.6,98.4,33.8
187,187,13,304.7,5,161.2,7,119.1,8.14274098625,7,4,2,133.9,115.5,55.3,1,3,1,28.0,97.9,35.3
188,188,13,305.9,5,161.2,6,97.6,8.27066952302,7,4,2,137.0,116.5,52.4,1,3,1,27.9,98.9,34.4
189,189,12,286.3,6,186.2,6,100.1,8.44182857543,6,4,2,119.7,115.2,51.4,2,3,1,54.9,97.6,33.7
190,190,12,289.3,6,187.0,5,80.4,8.54479728291,6,4,2,121.5,116.5,51.3,2,3,1,54.5,98.9,33.6
191,191,12,280.3,5,159.4,5,76.1,8.85103572094,6,4,2,118.8,109.1,52.4,2,2,1,52.4,73.0,34.0
192,192,12,283.0,5,159.1,5,80.7,8.5673623111,6,4,2,115.4,113.7,53.9,2,2,1,52.0,72.7,34.4
193,193,12,282.2,4,132.7,6,103.9,8.15540348852,6,4,2,119.7,109.4,53.1,1,2,1,26.8,71.4,34.5
194,194,12,285.4,4,133.2,4,66.3,8.0501646887,6,4,2,118.5,111.0,55.9,1,2,1,27.0,71.3,34.9
195,195,12,286.4,4,133.0,4,66.2,7.98456845004,6,4,2,119.3,111.0,56.1,1,2,1,27.6,70.7,34.7
196,196,12,288.1,4,132.8,4,65.7,7.9296289416,6,4,2,119.9,111.9,56.3,1,2,1,27.4,70.8,34.6
197,197,12,293.6,4,136.2,4,65.7,8.18849895595,6,4,2,123.9,114.4,55.3,1,2,1,28.6,72.6,35.0
198,198,12,300.1,6,191.5,5,84.0,8.45011654931,6,4,2,129.6,118.6,51.9,2,3,1,57.9,100.0,33.6
199,199,12,302.2,7,217.7,5,84.5,8.47121686368,6,4,2,130.8,119.7,51.7,3,3,1,83.2,101.1,33.4
200,200,12,293.2,6,193.8,5,74.6,9.43960065925,6,4,2,127.8,113.6,51.8,2,3,1,59.5,101.3,33.0
201,201,12,298.6,7,219.1,4,58.0,9.11051673351,6,4,2,131.1,113.1,54.4,3,3,1,85.4,100.8,32.9
202,202,12,308.9,6,195.5,4,66.9,8.32602255072,6,4,2,134.1,119.8,55.0,2,3,1,60.7,101.9,32.9
203,203,12,315.7,7,222.9,3,49.0,8.20913663197,6,4,2,135.3,124.4,56.0,3,3,1,86.3,103.2,33.4
204,204,12,315.5,6,198.0,3,49.0,8.23125510515,6,4,2,134.1,124.3,57.1,2,3,1,61.3,102.7,34.0
205,205,12,319.6,6,200.9,3,50.2,8.28057237079,6,4,2,136.1,125.9,57.6,2,3,1,62.5,103.9,34.5
206,206,12,312.6,6,198.7,4,68.7,8.41800019439,6,4,2,136.4,118.1,58.1,2,3,1,63.0,99.8,35.9
207,207,13,325.8,6,202.7,5,81.6,9.20022993024,7,4,2,149.0,118.4,58.4,2,3,1,64.2,101.5,37.0
208,208,13,332.5,6,201.9,3,47.4,8.69666160529,7,4,2,155.6,118.9,58.0,2,3,1,63.8,101.5,36.6
209,209,13,332.9,6,203.8,4,66.4,8.81839569106,7,4,2,154.7,119.9,58.3,2,3,1,64.5,102.4,36.9
210,210,13,327.8,6,203.0,5,82.8,9.08101005339,7,4,2,151.7,123.5,52.6,2,3,1,64.0,102.7,36.3
211,211,13,328.0,6,199.4,5,84.9,8.83689091398,7,4,2,150.0,121.6,56.4,2,3,1,63.9,98.5,37.0
212,212,13,329.3,6,201.1,4,65.1,9.03118528723,7,4,2,152.0,123.9,53.4,2,3,1,63.1,102.1,35.9
213,213,12,306.0,5,172.0,5,89.2,8.93867999203,6,4,2,131.6,120.9,53.5,1,3,1,36.3,101.1,34.6
214,214,12,303.0,6,198.0,6,105.0,9.30547248568,6,4,2,128.8,121.2,53.0,2,3,1,61.3,101.4,35.3
215,215,13,323.4,6,199.5,6,103.3,9.19802096886,7,4,2,147.9,120.7,54.8,2,3,1,61.9,100.9,36.7
216,216,13,320.9,6,202.2,6,98.4,9.71389435756,7,4,2,148.1,117.5,55.3,2,3,1,63.7,101.3,37.2
217,217,13,318.2,5,173.5,5,79.9,9.45305540078,7,4,2,149.1,115.2,53.9,2,2,1,64.3,71.5,37.7
218,218,13,313.0,5,172.1,6,96.0,9.46679757945,7,4,2,147.5,112.9,52.6,2,2,1,62.8,72.9,36.4
219,219,13,317.9,5,175.6,6,96.0,9.77015995985,7,4,2,149.0,115.9,53.0,2,2,1,64.7,74.0,36.9
220,220,13,318.0,6,199.3,6,95.9,9.56343195559,7,4,2,151.6,112.9,53.5,2,3,1,66.2,95.7,37.4
221,221,13,314.4,5,172.0,6,95.2,9.40769597669,7,4,2,149.7,112.1,52.6,2,2,1,64.3,71.2,36.5
222,222,13,326.0,6,201.0,6,102.1,9.32033206187,7,4,2,152.4,119.6,54.0,2,3,1,63.5,99.9,37.6
223,223,13,322.1,6,199.7,5,78.7,9.34239029426,7,4,2,148.4,120.1,53.6,2,3,1,63.6,98.9,37.2
224,224,13,322.6,6,197.3,5,81.3,8.92765797525,7,4,2,148.3,120.5,53.8,2,3,1,61.5,99.9,35.9
225,225,13,325.6,6,198.9,6,102.8,9.0865849273,7,4,2,151.0,117.9,56.7,2,3,1,63.4,98.5,37.0
226,226,13,330.8,6,204.4,5,83.0,9.23630656563,7,4,2,150.6,122.7,57.5,2,3,1,64.5,103.3,36.6
227,227,13,337.1,6,208.9,4,62.6,9.5451021136,7,4,2,156.9,122.4,57.8,2,3,1,67.0,105.5,36.4
228,228,13,337.6,6,206.0,3,43.2,9.18099346616,7,4,2,150.5,129.5,57.6,2,3,1,65.1,105.0,35.9
229,229,13,334.2,6,206.8,5,82.0,9.50915887785,7,4,2,151.1,127.1,56.0,2,3,1,65.4,104.7,36.7
230,230,13,334.2,6,204.5,4,63.0,9.25368949289,7,4,2,151.4,126.3,56.5,2,3,1,64.4,103.4,36.7
231,231,13,332.8,6,205.6,5,81.5,9.44898583623,7,4,2,150.0,124.1,58.7,2,3,1,64.9,104.1,36.6
232,232,13,332.8,6,206.1,5,81.5,9.47461520767,7,4,2,150.2,124.0,58.6,2,3,1,65.0,104.0,37.1
233,233,13,329.8,6,203.4,5,81.5,9.32517958856,7,4,2,148.4,122.3,59.1,2,3,1,64.4,102.3,36.7
234,234,13,320.5,6,201.5,5,73.3,9.78430847366,7,4,2,144.6,115.0,60.9,2,3,1,64.7,99.3,37.5
235,235,13,319.5,6,199.3,5,75.7,9.31451858178,7,4,2,147.1,113.5,58.9,2,3,1,64.6,97.8,36.9
236,236,13,322.1,6,202.2,5,77.1,9.52629289967,7,4,2,147.6,115.3,59.2,2,3,1,65.0,99.6,37.6
237,237,13,328.7,6,203.6,3,41.8,9.28949641206,7,4,2,150.7,120.2,57.8,2,3,1,67.2,99.1,37.3
238,238,13,327.7,6,201.5,4,60.2,9.23963036224,7,4,2,146.4,122.6,58.7,2,3,1,65.1,98.2,38.2
239,239,13,328.9,7,225.3,3,41.8,9.13637418965,7,4,2,149.3,121.7,57.9,2,4,1,66.2,121.7,37.4
240,240,13,326.6,6,200.7,5,79.2,9.22082370201,7,4,2,149.0,121.4,56.2,2,3,1,67.2,96.9,36.6
241,241,13,324.0,6,201.0,4,60.0,9.29149735387,7,4,2,148.1,117.9,58.0,2,3,1,66.0,97.5,37.5
242,242,13,327.3,6,197.8,4,64.1,8.61589169753,7,4,2,148.1,119.1,60.1,2,3,1,61.3,98.7,37.8
243,243,13,325.6,5,169.4,4,63.0,8.56491052538,7,4,2,149.4,113.7,62.5,2,2,1,63.2,68.4,37.8
244,244,13,329.1,7,223.8,5,81.9,8.7388830478,7,4,2,151.4,114.5,63.2,2,3,2,62.3,98.3,63.2
245,245,12,310.3,6,191.7,4,71.0,7.69987701594,6,4,2,136.5,110.9,62.9,2,2,2,59.0,69.8,62.9
246,246,12,319.5,6,201.7,4,69.5,8.27428931307,6,4,2,141.5,115.5,62.5,2,3,1,64.6,99.3,37.8
247,247,12,322.5,6,202.5,4,72.1,8.11117355033,6,4,2,140.7,118.9,62.9,2,3,1,63.7,100.6,38.2
248,248,12,320.4,6,200.9,4,72.9,7.9953395516,6,4,2,140.7,118.6,61.1,2,3,1,63.9,99.5,37.5
249,249,12,317.4,6,200.7,3,51.9,8.19151445649,6,4,2,135.9,123.0,58.5,2,3,1,63.0,99.9,37.8
250,250,12,315.4,7,223.0,4,71.6,7.9270346781,6,4,2,132.7,124.1,58.6,2,4,1,61.1,124.1,37.8
251,251,13,327.1,7,224.7,5,81.0,8.8090425569,7,4,2,145.9,123.9,57.3,2,4,1,62.5,123.9,38.3
252,252,13,329.4,6,200.1,5,83.1,8.6325487219,7,4,2,145.3,124.5,59.6,2,3,1,62.2,100.0,37.9
253,253,13,309.8,5,160.9,6,102.5,8.13002507329,7,4,2,140.7,111.5,57.6,1,3,1,33.3,90.0,37.6
254,254,13,320.8,6,199.7,6,101.0,8.86276422701,7,4,2,145.0,117.9,57.9,2,3,1,61.7,100.2,37.8
255,255,13,313.7,6,196.1,6,94.4,9.20800237252,7,4,2,136.6,115.8,61.3,2,3,1,59.9,98.1,38.1
256,256,13,316.1,6,197.2,5,74.7,9.19500282344,7,4,2,138.5,117.0,60.6,2,3,1,60.1,99.3,37.8
257,257,13,321.1,6,195.9,4,56.9,8.85456567728,7,4,2,137.7,122.3,61.1,2,3,1,59.9,98.9,37.1
258,258,13,324.3,7,221.7,4,56.9,8.81831572964,7,4,2,138.9,123.5,61.9,2,3,2,60.3,99.5,61.9
259,259,13,323.9,7,220.1,4,56.9,8.56872668038,7,4,2,142.3,121.6,60.0,2,4,1,62.3,121.6,36.2
260,260,13,316.1,7,216.4,4,54.4,8.68464604478,7,4,2,135.1,121.1,59.9,2,4,1,59.0,121.1,36.3
261,261,13,312.5,6,189.2,4,54.4,8.68029746625,7,4,2,132.8,118.6,61.1,2,3,1,56.7,95.4,37.1
262,262,13,306.5,6,187.6,6,96.6,8.70001473621,7,4,2,131.6,115.4,59.5,2,3,1,55.0,95.4,37.2
263,263,13,307.5,6,190.2,6,95.8,8.77473792435,7,4,2,132.0,117.0,58.5,2,3,1,56.2,97.0,37.0
264,264,13,316.6,6,188.9,4,63.5,7.990475099,7,4,2,144.6,112.9,59.1,2,3,1,58.9,92.9,37.1
265,265,13,317.5,6,187.8,4,63.5,7.87158961563,7,4,2,144.7,112.6,60.2,2,3,1,57.7,92.6,37.5
266,266,13,327.3,6,192.0,3,43.5,8.01469003831,7,4,2,143.2,122.5,61.6,2,3,1,56.7,97.7,37.6
267,267,13,329.9,7,218.4,4,63.0,8.14761251801,7,4,2,143.5,123.9,62.5,2,4,1,56.4,123.9,38.1
268,268,13,322.4,7,211.0,3,43.5,7.76058417045,7,4,2,143.5,118.1,60.8,2,4,1,55.5,118.1,37.4
269,269,13,321.1,6,188.8,3,38.7,8.30050199285,7,4,2,141.0,118.0,62.1,2,3,1,57.5,93.7,37.6
270,270,13,315.4,6,185.5,3,38.7,8.28035209211,7,4,2,139.1,114.9,61.4,2,3,1,57.2,91.2,37.1
271,271,13,322.8,6,194.5,3,38.7,8.66548561972,7,4,2,141.5,118.5,62.8,2,3,1,59.0,97.3,38.2
272,272,13,318.4,6,192.0,3,38.7,8.54092710995,7,4,2,139.0,118.4,61.0,2,3,1,57.1,97.2,37.7
273,273,13,315.5,6,189.9,4,58.5,8.49003186246,7,4,2,137.5,118.0,60.0,2,3,1,55.5,96.8,37.6
274,274,13,309.3,6,190.0,5,75.8,8.67395157339,7,4,2,133.5,115.0,60.8,2,3,1,53.9,98.2,37.9
275,275,13,312.8,6,190.3,5,78.9,8.57550177944,7,4,2,133.7,119.5,59.6,2,3,1,54.8,97.1,38.4
276,276,13,317.9,6,193.8,4,57.2,8.83512076739,7,4,2,134.1,123.0,60.8,2,3,1,56.7,98.4,38.7
277,277,13,320.5,7,218.6,4,58.7,8.51328524372,7,4,2,136.6,123.8,60.1,2,4,1,57.0,123.8,37.8
278,278,13,323.6,7,219.7,4,61.1,8.4786458764,7,4,2,136.4,125.7,61.5,2,4,1,55.2,125.7,38.8
279,279,13,322.8,6,193.4,3,41.6,8.41460878625,7,4,2,138.2,124.0,60.6,2,3,1,55.9,99.2,38.3
280,280,13,315.8,6,191.2,4,59.4,8.38137434419,7,4,2,138.0,118.5,59.3,2,3,1,57.3,96.5,37.4
281,281,13,318.3,6,193.6,4,60.0,8.60986315743,7,4,2,139.1,118.1,61.1,2,3,1,57.8,97.7,38.1
282,282,13,322.3,6,195.7,4,60.8,8.70119355208,7,4,2,141.5,120.8,60.0,2,3,1,57.1,100.4,38.2
283,283,13,320.3,6,193.9,3,41.6,8.50583510122,7,4,2,143.5,119.0,57.8,2,3,1,57.7,98.6,37.6
284,284,12,307.0,7,218.7,4,67.9,8.06776225968,6,4,2,131.6,118.9,56.5,3,3,1,82.8,98.5,37.4
285,285,12,296.5,7,216.1,4,59.6,8.73201615096,6,4,2,129.1,112.6,54.8,3,3,1,82.2,97.6,36.3
286,286,12,305.7,7,218.3,3,45.2,8.25526003114,6,4,2,131.8,118.6,55.3,3,3,1,84.0,98.1,36.2
287,287,12,304.3,6,191.5,4,66.1,8.12655113399,6,4,2,130.4,118.8,55.1,2,3,1,58.4,97.0,36.1
288,288,12,308.6,7,215.6,3,48.1,7.69496096432,6,4,2,134.1,120.2,54.3,3,3,1,83.3,96.5,35.8
289,289,12,311.2,7,221.5,4,68.9,8.1967103527,6,4,2,136.8,118.0,56.4,3,3,1,86.4,98.7,36.4
290,290,12,315.4,7,224.5,3,48.3,8.32486236122,6,4,2,137.0,123.5,54.9,3,3,1,85.6,102.7,36.2
291,291,12,316.1,6,196.6,2,33.0,7.72239462783,6,4,2,138.6,120.2,57.3,2,3,1,59.5,100.1,37.0
292,292,12,315.5,7,219.6,3,51.1,7.57309331939,6,4,2,135.9,125.1,54.5,2,4,1,58.1,125.1,36.4
293,293,12,319.1,6,198.2,3,51.1,7.74343808223,6,4,2,136.2,127.7,55.2,1,4,1,33.4,127.7,37.1
294,294,12,323.9,7,227.7,3,51.1,7.9550393786,6,4,2,139.8,129.2,54.9,2,4,1,61.7,129.2,36.8
295,295,12,318.3,6,199.8,3,51.1,7.86905619846,6,4,2,134.2,130.2,53.9,1,4,1,33.8,130.2,35.8
296,296,12,308.5,6,193.8,3,47.8,8.07594163756,6,4,2,134.3,124.4,49.8,1,4,1,34.4,124.4,35.0
297,297,12,300.9,5,167.8,3,42.8,8.70225937224,6,4,2,131.4,119.4,50.1,1,3,1,36.0,96.5,35.3
298,298,12,299.5,6,196.4,5,82.8,9.05984731292,6,4,2,129.5,119.5,50.5,2,3,1,61.3,99.9,35.2
299,299,12,309.4,6,199.0,3,45.1,8.87712415895,6,4,2,133.2,123.3,52.9,2,3,1,61.7,101.5,35.8
300,300,13,332.7,7,224.7,5,83.8,8.42955727767,7,4,2,157.0,123.3,52.4,3,3,1,90.3,99.1,35.3
301,301,13,331.4,6,198.5,4,63.1,8.4123383133,7,4,2,155.6,123.1,52.7,2,3,1,63.9,99.0,35.6
302,302,12,318.0,6,203.3,3,45.6,8.80371822274,7,4,1,154.7,126.7,36.6,2,3,1,64.1,102.6,36.6
303,303,12,307.9,7,229.1,5,78.8,9.59795985266,7,4,1,150.1,121.2,36.6,3,3,1,89.9,102.6,36.6
304,304,12,305.4,6,201.1,4,59.2,9.33736384834,7,4,1,150.1,119.5,35.8,2,3,1,64.4,100.9,35.8
305,305,12,304.1,6,200.3,4,59.0,9.34426983706,7,4,1,148.8,119.6,35.7,2,3,1,63.6,101.0,35.7
306,306,12,302.5,7,224.7,4,57.5,9.58108537535,7,4,1,147.8,118.7,36.0,3,3,1,87.3,101.4,36.0
307,307,12,306.8,7,229.1,4,57.4,9.80049473086,7,4,1,149.4,121.2,36.2,3,3,1,89.0,103.9,36.2
308,308,12,302.6,8,247.8,4,54.8,9.26497150399,7,4,1,143.9,123.8,34.9,3,4,1,89.1,123.8,34.9
309,309,13,327.9,8,254.8,5,73.1,9.41268238833,7,4,2,147.8,130.7,49.4,3,4,1,89.5,130.7,34.6
310,310,13,327.9,7,229.0,5,74.4,9.31237114865,7,4,2,147.5,130.2,50.2,2,4,1,64.2,130.2,34.6
311,311,13,325.2,7,226.3,5,74.6,9.15485719476,7,4,2,145.9,127.9,51.4,2,4,1,63.3,127.9,35.1
312,312,14,345.6,8,255.9,6,89.7,9.68629937615,8,4,2,162.1,130.3,53.2,3,4,1,89.0,130.3,36.6
313,313,14,339.9,6,203.1,6,88.8,9.72239117244,8,4,2,158.3,129.3,52.3,2,3,1,62.8,104.7,35.6
314,314,14,338.0,7,225.1,5,70.6,9.23485989946,8,4,2,159.3,130.2,48.5,2,4,1,62.9,130.2,32.0
315,315,13,321.1,7,226.9,4,49.6,9.85520167221,8,4,1,156.3,130.1,34.7,2,4,1,62.1,130.1,34.7
316,316,13,322.4,7,226.4,4,49.0,9.84572665339,8,4,1,159.8,127.8,34.8,2,4,1,63.8,127.8,34.8
317,317,13,319.7,7,223.0,4,48.7,9.78088795717,8,4,1,159.1,125.5,35.1,2,4,1,62.4,125.5,35.1
318,318,13,318.7,7,223.5,4,48.7,9.76335377435,8,4,1,159.2,124.8,34.7,3,3,1,87.8,101.0,34.7
319,319,14,331.9,7,223.7,6,85.1,9.65253767237,8,4,2,159.5,119.5,52.9,3,3,1,87.8,100.0,35.9
320,320,14,329.2,7,219.4,6,86.5,9.40391548099,8,4,2,158.3,117.0,53.9,3,3,1,86.5,97.5,35.4
321,321,14,306.0,4,127.5,6,86.6,8.03700233877,8,4,2,147.8,107.5,50.7,1,2,1,30.3,65.0,32.2
322,322,13,315.3,6,197.9,6,92.7,9.5103115428,7,4,2,141.0,121.1,53.2,2,3,1,61.3,101.6,35.0
323,323,13,316.9,7,223.3,5,72.8,9.4630116635,7,4,2,146.1,117.4,53.4,3,3,1,88.8,99.2,35.3
324,324,13,332.4,8,256.2,4,53.9,9.57621921005,7,4,2,150.3,129.0,53.1,3,4,1,91.5,129.0,35.7
325,325,13,329.3,8,255.4,4,53.4,9.51686088086,7,4,2,147.3,129.0,53.0,3,4,1,90.3,129.0,36.1
326,326,13,328.4,8,255.0,4,53.0,9.52763860754,7,4,2,146.1,129.9,52.4,3,4,1,89.2,129.9,35.9
327,327,13,325.3,8,254.1,5,71.2,9.7697794112,7,4,2,145.8,128.6,50.9,3,4,1,90.8,128.6,34.7
328,328,12,305.0,7,224.6,4,58.8,9.22287998141,6,4,2,130.9,123.9,50.2,3,3,1,88.1,102.3,34.2
329,329,12,291.7,7,209.6,4,57.4,8.26630161706,6,4,2,125.3,118.6,47.8,3,3,1,84.2,93.9,31.5
330,330,12,301.4,6,192.0,4,60.1,8.74776161846,6,4,2,122.4,126.9,52.1,2,3,1,56.4,102.5,33.1
331,331,12,299.9,7,215.7,4,60.1,8.63875604822,6,4,2,122.7,123.9,53.3,3,3,1,81.6,99.8,34.3
332,332,12,298.1,6,191.8,4,60.1,8.75997699596,6,4,2,120.9,123.8,53.4,2,3,1,57.5,99.9,34.4
333,333,12,298.1,6,195.7,4,55.1,9.30107113414,6,4,2,120.3,127.4,50.4,2,3,1,57.7,103.9,34.1
334,334,13,313.8,6,195.4,5,76.9,8.88683843872,7,4,2,137.9,122.0,53.9,2,3,1,59.6,100.8,35.0
335,335,13,314.6,6,196.0,6,97.4,8.95609661999,7,4,2,136.7,123.7,54.2,2,3,1,58.6,102.5,34.9
336,336,13,319.7,6,200.1,5,78.3,9.16128280123,7,4,2,140.4,125.1,54.2,2,3,1,61.3,103.9,34.9
337,337,13,318.6,6,197.2,5,78.0,8.85150284212,7,4,2,140.6,121.0,57.0,2,3,1,60.2,101.8,35.2
338,338,13,314.1,6,194.6,4,55.6,8.8246377132,7,4,2,136.8,121.2,56.1,2,3,1,59.8,99.6,35.2
339,339,13,317.8,6,195.5,4,55.9,8.81718165332,7,4,2,139.7,121.1,57.0,2,3,1,61.5,98.8,35.2
340,340,12,302.1,6,193.8,3,43.4,8.42497639597,6,4,2,123.7,121.9,56.5,2,3,1,60.1,98.5,35.2
341,341,12,309.0,6,195.4,3,46.8,8.17907529781,6,4,2,132.3,120.7,56.0,2,3,1,62.4,97.8,35.2
342,342,12,314.8,6,196.1,2,27.2,7.88777343088,6,4,2,136.5,121.8,56.5,2,3,1,61.8,99.5,34.8
343,343,12,306.8,6,192.4,4,66.5,7.9465639611,6,4,2,135.0,117.2,54.6,2,3,1,59.9,97.8,34.7
344,344,12,314.2,6,194.7,3,49.8,7.80522358114,6,4,2,134.8,123.5,55.9,2,3,1,55.7,103.8,35.2
345,345,12,309.1,6,195.2,4,66.1,8.05305795485,6,4,2,138.6,116.4,54.1,2,3,1,60.7,98.9,35.6
346,346,12,311.5,7,221.5,4,67.2,8.09359548525,6,4,2,142.2,115.2,54.1,3,3,1,88.2,97.7,35.6
347,347,12,310.4,7,220.7,4,67.2,8.05778373921,6,4,2,141.5,114.7,54.2,3,3,1,87.8,97.2,35.7
348,348,12,303.3,7,221.5,4,60.0,9.00940165504,7,4,1,154.9,112.2,36.2,3,3,1,89.3,96.0,36.2
349,349,12,306.5,6,196.7,3,43.8,8.70459213533,7,4,1,150.9,118.9,36.7,2,3,1,62.3,97.7,36.7
350,350,13,321.9,6,192.6,5,84.4,8.17002024289,7,4,2,153.0,114.1,54.8,2,3,1,61.4,94.6,36.6
351,351,13,327.2,6,195.6,4,64.6,8.35427880544,7,4,2,150.2,121.4,55.6,2,3,1,58.2,99.7,37.7
352,352,14,339.7,6,198.9,5,73.3,9.16662903755,8,4,2,160.9,124.7,54.1,2,3,1,60.2,103.1,35.6
353,353,14,329.1,5,165.5,6,93.7,8.70706735807,8,4,2,154.7,119.2,55.2,1,3,1,29.5,99.4,36.6
354,354,14,327.0,6,190.7,6,93.8,8.63754900115,8,4,2,156.7,115.0,55.3,2,3,1,58.9,95.3,36.5
355,355,14,323.7,6,189.3,7,113.4,8.59894256213,8,4,2,155.9,113.7,54.1,2,3,1,59.9,94.0,35.4
356,356,14,326.2,6,192.0,6,93.3,8.81135630876,8,4,2,156.8,114.3,55.1,2,3,1,60.6,94.6,36.8
357,357,14,327.0,6,192.9,7,113.3,8.66626654472,8,4,2,156.6,115.6,54.8,2,3,1,61.1,95.9,35.9
358,358,14,332.8,6,197.5,6,93.6,9.00892109748,8,4,2,154.3,120.8,57.7,2,3,1,59.2,101.1,37.2
359,359,14,334.8,6,196.2,6,93.6,8.89371923091,8,4,2,159.2,117.8,57.8,2,3,1,61.5,98.1,36.6
360,360,14,327.9,6,194.8,7,110.1,8.91784542549,8,4,2,158.3,116.8,52.8,2,3,1,61.6,97.1,36.1
361,361,14,323.1,6,192.7,7,107.4,9.00138267767,8,4,2,160.7,108.0,54.4,2,3,1,61.8,94.6,36.3
362,362,14,329.7,6,192.4,6,91.4,8.74341510465,8,4,2,158.5,116.9,54.3,2,3,1,61.1,94.7,36.6
363,363,14,340.3,6,194.4,5,76.3,8.59825244192,8,4,2,163.5,122.2,54.6,2,3,1,59.6,97.9,36.9
364,364,14,341.7,6,195.5,5,75.3,8.67121358605,8,4,2,163.5,125.0,53.2,2,3,1,58.1,100.9,36.5
365,365,14,338.4,6,188.4,4,58.6,7.9962903487,8,4,2,160.2,123.4,54.8,1,4,1,30.5,123.4,34.5
366,366,14,345.9,7,219.0,4,58.6,8.31203615578,8,4,2,166.3,124.4,55.2,3,3,1,84.8,100.1,34.1
367,367,14,343.8,6,191.4,4,58.6,8.21150359001,8,4,2,164.2,123.9,55.7,1,4,1,32.3,123.9,35.2
368,368,14,352.3,7,223.5,4,58.6,8.50371928971,8,4,2,165.5,127.5,59.3,2,4,1,59.6,127.5,36.4
369,369,14,348.5,6,198.6,4,58.6,8.67112487474,8,4,2,164.2,123.7,60.6,2,3,1,59.0,102.7,36.9
370,370,14,328.6,5,165.3,5,71.4,8.58607356949,8,4,2,153.3,116.8,58.5,1,3,1,31.4,98.3,35.6
371,371,14,325.8,5,166.7,6,91.1,8.70759426031,8,4,2,151.4,118.0,56.4,1,3,1,32.0,99.5,35.2
372,372,13,312.8,5,166.5,4,56.7,8.63978572859,7,4,2,138.2,117.6,57.0,1,3,1,32.0,99.1,35.4
373,373,13,315.5,5,169.9,4,55.6,9.14607243715,7,4,2,141.1,116.8,57.6,1,3,1,33.5,99.4,37.0
374,374,12,293.7,5,159.4,4,63.6,8.01341205276,6,4,2,130.2,108.2,55.3,1,3,1,33.1,90.8,35.5
375,375,12,305.3,5,166.1,3,46.2,8.27245795432,6,4,2,129.1,119.8,56.4,1,3,1,31.1,98.4,36.6
376,376,12,295.9,4,136.3,3,43.7,8.19461667342,6,4,2,128.6,115.4,51.9,1,2,1,32.0,68.4,35.9
377,377,12,301.3,5,166.9,3,44.6,8.3692574161,6,4,2,128.5,120.1,52.7,1,3,1,34.4,96.7,35.8
378,378,12,306.2,6,192.8,3,45.9,8.18344596602,6,4,2,130.3,122.4,53.5,2,3,1,58.5,99.0,35.3
379,379,12,308.8,5,169.6,3,47.1,8.24580701529,6,4,2,128.4,123.7,56.7,1,3,1,33.4,99.8,36.4
380,380,12,313.0,5,171.6,3,47.1,8.41630812318,6,4,2,128.7,126.4,57.9,1,3,1,33.7,101.6,36.3
381,381,12,302.2,5,167.1,3,43.4,8.49372317263,6,4,2,125.3,119.4,57.5,1,3,1,34.6,96.2,36.3
382,382,12,307.7,6,192.3,3,43.4,8.24207148866,6,4,2,129.2,119.3,59.2,2,3,1,61.1,95.8,35.4
383,383,12,308.1,7,219.7,3,43.6,8.53741764236,6,4,2,128.2,121.7,58.2,2,4,1,62.5,121.7,35.5
384,384,13,324.1,7,217.0,4,59.4,8.5435535752,7,4,2,146.7,119.1,58.3,3,3,1,87.3,94.9,34.8
385,385,13,324.6,5,166.9,3,39.8,8.44209537727,7,4,2,146.7,119.6,58.3,1,3,1,35.9,95.4,35.6
386,386,13,325.1,5,166.6,3,39.8,8.38902671534,7,4,2,146.7,119.4,59.0,1,3,1,36.0,95.2,35.4
387,387,13,323.6,7,217.2,4,59.3,8.55983464973,7,4,2,151.8,113.4,58.4,3,3,1,87.7,93.9,35.6
388,388,13,327.1,6,194.5,3,39.8,8.68442460784,7,4,2,151.2,119.4,56.5,2,3,1,62.0,96.7,35.8
389,389,13,322.1,6,194.3,4,59.1,8.7025047971,7,4,2,148.2,118.8,55.1,2,3,1,61.0,97.5,35.8
390,390,13,327.5,6,195.5,4,59.5,8.77719217997,7,4,2,148.8,122.1,56.6,2,3,1,61.0,97.6,36.9
391,391,12,316.1,7,220.6,3,47.0,7.68131834486,6,4,2,139.0,124.4,52.7,2,4,1,62.0,124.4,34.2
392,392,12,323.2,7,226.9,2,28.5,7.94358899117,6,4,2,138.6,128.9,55.7,2,4,1,62.7,128.9,35.3
393,393,12,319.7,7,222.4,2,28.5,7.52854668256,6,4,2,137.0,126.1,56.6,2,4,1,61.6,126.1,34.7
394,394,12,321.9,7,226.3,2,28.5,7.96493736778,6,4,2,136.6,127.8,57.5,2,4,1,63.3,127.8,35.2
395,395,12,318.8,7,225.6,2,28.3,7.96747174834,6,4,2,135.5,127.7,55.6,2,4,1,62.7,127.7,35.2
396,396,12,319.6,7,227.8,3,47.5,8.2320143711,6,4,2,135.9,129.3,54.4,2,4,1,63.3,129.3,35.2
397,397,13,330.9,7,224.4,4,60.6,8.63979314805,7,4,2,148.6,126.2,56.1,2,4,1,62.1,126.2,36.1
398,398,13,323.6,7,218.8,3,40.6,8.3455039331,7,4,2,143.0,122.9,57.7,2,4,1,60.1,122.9,35.8
399,399,13,319.6,6,195.3,4,57.8,8.80329920672,7,4,2,146.5,119.5,53.6,2,3,1,62.2,96.9,36.2
400,400,12,300.4,6,195.7,3,41.4,9.00447700095,6,4,2,127.3,119.2,53.9,2,3,1,60.4,98.8,36.5
401,401,12,295.2,5,167.0,5,82.3,8.7667761256,6,4,2,128.9,112.6,53.7,1,3,1,35.8,94.9,36.3
402,402,12,298.4,6,195.2,5,81.8,8.80973978909,6,4,2,128.7,117.1,52.6,2,3,1,60.1,99.4,35.7
403,403,12,301.0,6,195.6,6,105.4,8.61846150933,6,4,2,129.4,117.2,54.4,2,3,1,60.9,99.5,35.2
404,404,12,297.5,6,192.1,5,82.8,8.70354769185,6,4,2,127.8,114.4,55.3,2,3,1,60.3,96.4,35.4
405,405,12,309.4,5,169.7,4,69.6,8.06888900016,6,4,2,130.6,123.6,55.2,1,3,1,34.3,99.6,35.8
406,406,12,319.7,7,222.5,3,50.4,7.74648991871,6,4,2,137.2,127.2,55.3,2,4,1,59.4,127.2,35.9
407,407,12,316.9,6,199.8,3,44.0,8.61863291557,6,4,2,136.2,129.2,51.5,1,4,1,35.2,129.2,35.4
408,408,12,309.2,6,195.2,3,44.0,8.3506486774,6,4,2,132.5,125.1,51.6,1,4,1,34.6,125.1,35.5
409,409,12,309.3,7,218.9,3,44.0,8.27253121646,6,4,2,135.6,122.7,51.0,2,4,1,61.3,122.7,34.9
410,410,12,307.8,6,194.8,3,43.0,8.30733520341,6,4,2,132.6,126.0,49.2,1,4,1,34.7,126.0,34.1
411,411,12,313.3,6,200.0,3,43.0,8.58280080725,6,4,2,132.9,130.4,50.0,1,4,1,34.7,130.4,34.9
412,412,12,312.3,6,195.4,3,47.0,7.79453479864,6,4,2,132.1,126.7,53.5,1,4,1,34.3,126.7,34.4
413,413,12,319.2,6,201.1,2,27.9,8.26075057123,6,4,2,132.2,129.3,57.7,1,4,1,35.6,129.3,36.2
414,414,12,317.8,6,196.7,2,27.9,8.01700843472,6,4,2,135.3,123.8,58.7,2,3,1,60.2,99.6,36.9
415,415,11,295.7,5,171.0,2,33.8,7.71204488859,5,4,2,121.1,117.5,57.1,1,3,1,34.4,99.7,36.9
416,416,11,295.9,5,170.6,3,53.2,7.59262800353,5,4,2,122.9,118.9,54.1,1,3,1,34.8,99.1,36.7
417,417,11,303.8,6,198.2,2,34.1,7.44779406023,5,4,2,122.1,126.5,55.2,1,4,1,34.6,126.5,37.1
418,418,12,320.9,7,223.8,3,49.8,7.65962951078,6,4,2,137.6,127.9,55.4,2,4,1,59.8,127.9,36.1
419,419,12,310.1,6,193.2,4,68.2,7.66129093482,6,4,2,133.7,123.8,52.6,1,4,1,35.3,123.8,34.1
420,420,12,312.8,7,221.4,4,68.6,7.84373905891,6,4,2,131.0,127.0,54.8,2,4,1,59.0,127.0,35.4
421,421,12,305.2,6,190.6,4,66.4,7.71602032767,6,4,2,128.8,121.2,55.2,1,4,1,33.6,121.2,35.8
422,422,12,303.0,5,169.6,4,62.2,8.51261096577,6,4,2,130.2,121.7,51.1,1,3,1,33.8,99.9,35.9
423,423,13,315.8,5,166.3,5,78.7,8.33041230857,7,4,2,142.3,117.9,55.6,1,3,1,34.1,96.1,36.1
424,424,13,320.4,5,173.3,5,78.1,8.97511516961,7,4,2,142.3,120.3,57.8,1,3,1,34.5,101.8,37.0
425,425,13,325.8,5,173.3,4,60.5,8.70407361159,7,4,2,142.6,124.7,58.5,1,3,1,34.6,102.5,36.2
426,426,13,326.6,6,195.3,4,62.0,8.29599841753,7,4,2,143.5,124.9,58.2,1,4,1,35.0,124.9,35.4
427,427,13,321.8,6,194.8,4,61.1,8.40214410975,7,4,2,140.9,125.0,55.9,1,4,1,34.4,125.0,35.4
428,428,13,315.7,6,193.9,5,78.2,8.66745312014,7,4,2,137.1,124.2,54.4,1,4,1,34.7,124.2,35.0
429,429,13,324.2,5,170.1,3,46.1,8.17420112932,7,4,2,142.2,125.6,56.4,1,3,1,32.6,101.6,35.9
430,430,13,320.9,5,171.3,4,63.2,8.45240066035,7,4,2,145.9,122.3,52.7,1,3,1,34.1,101.6,35.6
431,431,13,321.8,5,169.8,4,63.2,8.27593050001,7,4,2,148.3,121.4,52.1,1,3,1,33.7,101.1,35.0
432,432,13,323.4,5,170.2,4,63.2,8.33458195774,7,4,2,145.4,125.0,53.0,1,3,1,33.1,101.2,35.9
433,433,13,323.5,6,195.0,4,61.3,8.32504716241,7,4,2,145.2,127.9,50.4,1,4,1,31.9,127.9,35.2
434,434,13,315.9,6,188.2,4,61.3,7.71848430717,7,4,2,146.3,122.3,47.3,1,4,1,33.8,122.3,32.1
435,435,13,308.7,6,182.3,5,80.8,7.39274592474,7,4,2,143.2,119.2,46.3,1,4,1,32.0,119.2,31.1
436,436,13,309.5,6,184.4,4,58.6,7.82511571144,7,4,2,137.4,119.7,52.4,1,4,1,32.8,119.7,31.9
437,437,13,307.2,6,180.1,4,62.9,7.17651082994,7,4,2,141.0,112.5,53.7,2,3,1,56.8,91.6,31.7
438,438,13,309.8,6,180.7,4,60.3,7.36335347236,7,4,2,141.0,112.4,56.4,2,3,1,57.4,91.5,31.8
439,439,13,306.7,5,163.8,5,77.3,8.27692188543,7,4,2,136.6,113.5,56.6,1,3,1,32.7,96.6,34.5
440,440,13,316.3,5,173.5,5,77.9,9.03459873813,7,4,2,134.2,125.8,56.3,1,3,1,34.5,104.1,34.9
441,441,13,324.4,6,201.2,4,58.3,9.04733988388,7,4,2,138.0,131.0,55.4,1,4,1,35.4,131.0,34.8
442,442,13,324.2,6,203.2,5,77.7,9.18182429781,7,4,2,135.0,132.8,56.4,1,4,1,35.3,132.8,35.1
443,443,13,317.6,6,197.2,5,78.5,8.74274791045,7,4,2,133.4,129.0,55.2,1,4,1,33.5,129.0,34.7
444,444,12,297.4,6,187.0,4,65.8,7.65931795365,6,4,2,126.1,119.3,52.0,1,4,1,33.7,119.3,34.0
445,445,12,293.5,5,162.1,4,65.8,7.82716230169,6,4,2,127.1,116.3,50.1,1,3,1,34.4,95.6,32.1
446,446,12,288.5,5,155.9,4,66.5,7.04665727759,6,4,2,123.0,110.2,55.3,1,3,1,31.3,91.5,33.1
447,447,12,297.3,5,159.7,4,65.6,7.70573871156,6,4,2,123.7,115.4,58.2,1,3,1,33.3,91.0,35.4
448,448,12,300.0,5,159.0,4,69.7,7.29956412148,6,4,2,127.3,113.2,59.5,1,3,1,33.5,90.7,34.8
449,449,12,304.6,7,214.4,4,66.1,7.68526729095,6,4,2,123.7,121.0,59.9,1,4,2,33.5,121.0,59.9
450,450,12,304.2,6,188.4,3,46.7,7.51695054224,6,4,2,126.6,116.1,61.5,1,3,2,33.8,93.1,61.5
451,451,12,292.9,5,157.3,3,43.9,7.67942449706,6,4,2,119.9,112.3,60.7,1,2,2,31.4,65.2,60.7
452,452,12,307.8,5,167.6,3,44.9,7.98993685263,6,4,2,124.0,123.3,60.5,1,3,1,32.0,100.0,35.6
453,453,12,299.4,5,165.6,3,44.9,8.02048513609,6,4,2,119.8,121.1,58.5,1,3,1,30.2,100.4,35.0
454,454,12,295.1,5,164.2,4,63.8,7.97421507489,6,4,2,120.6,117.7,56.8,1,3,1,33.9,97.0,33.3
455,455,12,303.2,5,171.2,3,45.4,8.51899837618,6,4,2,121.4,123.6,58.2,1,3,1,32.5,103.3,35.4
456,456,12,309.0,5,172.8,3,48.2,8.32307853884,6,4,2,125.4,125.3,58.3,1,3,1,34.1,103.4,35.3
457,457,12,303.4,5,167.2,3,47.7,7.79310106712,6,4,2,125.6,124.7,53.1,1,3,1,33.7,100.9,32.6
458,458,12,304.1,5,169.0,3,47.7,8.04741159214,6,4,2,123.8,126.6,53.7,1,3,1,33.0,102.8,33.2
459,459,12,299.0,5,160.0,3,47.7,7.35191172829,6,4,2,125.8,116.6,56.6,1,3,1,32.6,94.2,33.2
460,460,12,298.5,5,163.0,3,45.5,7.84730700768,6,4,2,123.7,118.4,56.4,1,3,1,32.8,97.5,32.7
461,461,12,298.3,5,162.9,3,45.5,7.74191171286,6,4,2,123.2,117.7,57.4,1,3,1,33.8,96.3,32.8
462,462,12,297.1,5,162.4,3,45.5,7.60782591491,6,4,2,120.4,118.1,58.6,1,3,1,31.8,96.7,33.9
463,463,11,282.0,5,163.5,2,27.4,7.77910955409,5,4,2,103.8,121.5,56.7,1,3,1,32.6,98.0,32.9
464,464,11,279.4,5,162.8,2,27.4,7.96153251579,5,4,2,104.9,119.2,55.3,1,3,1,34.7,95.3,32.8
465,465,11,281.1,5,163.2,3,50.5,7.74175220946,5,4,2,109.0,114.8,57.3,1,3,1,35.5,92.5,35.2
466,466,11,275.2,5,161.3,4,68.5,7.74891194708,5,4,2,110.9,110.0,54.3,1,3,1,33.5,93.0,34.8
467,467,11,275.1,5,157.7,3,51.0,7.16176717654,5,4,2,113.1,109.5,52.5,1,3,1,34.5,91.0,32.2
468,468,11,279.3,5,159.6,4,71.9,7.18588262435,5,4,2,114.6,113.4,51.3,1,3,1,34.3,93.8,31.5
469,469,11,278.8,5,157.5,2,32.5,6.88844882922,5,4,2,110.6,116.7,51.5,1,3,1,33.5,92.6,31.4
470,470,11,283.8,5,159.1,2,32.5,6.79808796648,5,4,2,113.6,117.6,52.6,1,3,1,34.4,94.0,30.7
471,471,11,285.5,5,162.7,2,30.3,7.26682374031,5,4,2,113.3,119.5,52.7,1,3,1,35.9,95.3,31.5
472,472,11,271.7,4,130.1,3,49.8,7.16979776563,5,4,2,108.4,109.3,54.0,1,2,1,30.7,65.5,33.9
473,473,11,272.4,6,179.5,3,49.4,7.27313862473,5,4,2,109.1,110.3,53.0,2,3,1,55.8,91.2,32.5
474,474,12,304.2,6,189.1,3,45.2,7.89032779593,6,4,2,128.1,119.6,56.5,1,4,1,34.6,119.6,34.9
475,475,12,304.4,5,162.8,3,48.7,7.51499511079,6,4,2,130.5,120.3,53.6,1,3,1,34.8,96.1,31.9
476,476,12,297.6,5,158.7,3,48.7,7.43676371451,6,4,2,132.9,110.4,54.3,2,2,1,61.7,64.4,32.6
477,477,12,292.5,5,153.9,3,49.2,7.00780409128,6,4,2,129.4,106.5,56.6,2,2,1,57.7,61.9,34.3
478,478,12,293.8,5,156.1,3,48.4,7.1257322856,6,4,2,127.7,109.0,57.1,2,2,1,58.4,63.3,34.4
479,479,12,297.9,6,184.4,3,44.5,7.78975142561,6,4,2,125.2,114.4,58.3,2,3,1,60.0,89.5,34.9
480,480,13,313.4,7,212.1,4,55.5,8.27188627606,7,4,2,136.7,117.1,59.6,2,4,1,59.7,117.1,35.3
481,481,13,294.4,5,148.8,4,54.8,7.23643735833,7,4,2,130.9,109.7,53.8,1,3,1,31.6,85.5,31.7
482,482,13,301.1,6,180.8,5,71.2,8.10951482946,7,4,2,129.2,114.1,57.8,1,4,1,33.4,114.1,33.3
483,483,13,295.5,5,155.3,6,91.0,8.20694671355,7,4,2,130.7,105.6,59.2,2,2,1,59.4,61.5,34.4
484,484,13,301.9,6,183.0,5,73.3,8.48352853536,7,4,2,135.8,106.9,59.2,2,3,1,62.5,85.8,34.7
485,485,12,288.3,4,131.9,3,43.7,7.85263418455,6,4,2,126.8,103.5,58.0,2,1,1,62.1,36.3,33.5
486,486,12,292.1,7,209.3,4,62.3,8.21234750331,6,4,2,128.4,105.6,58.1,2,3,2,64.1,87.1,58.1
487,487,12,285.1,6,181.5,5,80.3,7.85973147047,6,4,2,125.4,102.7,57.0,2,2,2,63.7,60.8,57.0
488,488,13,299.9,6,180.5,6,97.6,7.72392221342,7,4,2,141.4,101.8,56.7,2,2,2,63.1,60.7,56.7
489,489,13,308.5,6,184.0,4,56.9,8.17214625169,7,4,2,143.8,107.2,57.5,2,2,2,64.9,61.6,57.5
490,490,13,310.3,6,184.1,4,56.5,8.01128210873,7,4,2,142.2,110.3,57.8,2,2,2,63.7,62.6,57.8
491,491,13,312.3,6,185.4,4,57.3,7.90982025145,7,4,2,143.6,110.5,58.2,2,2,2,64.2,63.0,58.2
492,492,13,308.0,6,185.7,4,57.0,8.05517034151,7,4,2,144.2,105.5,58.3,2,2,2,65.1,62.3,58.3
493,493,13,309.7,6,186.6,4,56.9,8.10834486256,7,4,2,143.9,105.9,59.9,2,2,2,64.9,61.8,59.9
494,494,13,305.7,6,184.1,4,54.1,8.21612704318,7,4,2,141.4,105.1,59.2,2,2,2,64.1,60.8,59.2
495,495,13,301.6,7,210.0,5,68.9,8.58020978765,7,4,2,142.0,101.6,58.0,2,3,2,65.3,86.7,58.0
496,496,12,287.1,6,184.0,4,55.5,8.43026204704,6,4,2,128.0,101.3,57.8,2,2,2,64.7,61.5,57.8
497,497,12,287.9,6,181.8,4,58.6,8.02104712427,6,4,2,127.1,102.8,58.0,2,2,2,63.6,60.2,58.0
498,498,12,292.7,7,207.1,4,62.6,7.76079404716,6,4,2,131.7,103.7,57.3,2,3,2,64.1,85.7,57.3
499,499,12,288.4,6,180.9,4,61.4,7.83701396444,6,4,2,129.1,102.5,56.8,2,2,2,64.5,59.6,56.8
500,500,12,285.0,5,155.0,4,59.0,7.9092006262,6,4,2,128.7,100.2,56.1,2,2,1,63.7,59.8,31.5
501,501,12,283.6,6,179.6,4,58.3,7.93351158445,6,4,2,128.5,99.5,55.6,2,3,1,64.6,83.9,31.1
502,502,12,283.7,5,155.2,4,60.1,7.91448135708,6,4,2,128.3,100.1,55.3,2,2,1,64.5,58.6,32.1
503,503,13,300.1,5,153.6,5,76.9,7.77569355469,7,4,2,142.5,101.6,56.0,2,2,1,64.5,57.5,31.6
504,504,13,296.1,4,126.4,5,76.1,7.64723848263,7,4,2,140.1,101.1,54.9,2,1,1,64.0,31.5,30.9
505,505,13,296.9,4,127.0,5,76.1,7.69583637014,7,4,2,140.9,101.3,54.7,2,1,1,64.8,30.6,31.6
506,506,14,311.5,4,126.9,6,90.1,7.71649083258,8,4,2,155.3,100.6,55.6,2,1,1,65.2,30.1,31.6
507,507,13,299.8,5,154.7,5,75.8,7.87004219192,7,4,2,142.5,99.8,57.5,2,1,2,66.7,30.5,57.5
508,508,13,297.4,5,155.1,5,74.9,7.91182172934,7,4,2,140.6,104.6,52.2,2,2,1,65.7,58.1,31.3
509,509,13,296.5,5,151.3,5,74.2,7.73514291383,7,4,2,138.6,99.7,58.2,2,1,2,64.4,28.7,58.2
510,510,13,299.6,6,177.2,5,74.0,7.82289539159,7,4,2,138.9,102.0,58.7,2,2,2,64.9,53.6,58.7
511,511,13,306.8,7,206.0,5,76.3,7.78085256682,7,4,2,141.6,105.5,59.7,2,3,2,65.3,81.0,59.7
512,512,13,305.1,7,205.1,5,75.7,7.76352417993,7,4,2,141.0,105.0,59.1,2,3,2,65.3,80.7,59.1
513,513,13,302.0,6,176.0,5,78.0,7.32033521721,7,4,2,142.0,101.6,58.4,2,2,2,64.0,53.6,58.4
514,514,13,303.2,6,176.6,5,79.4,7.30309909629,7,4,2,144.4,100.9,57.9,2,2,2,65.0,53.7,57.9
515,515,14,312.6,5,150.1,6,92.5,7.42961108532,8,4,2,156.5,99.2,56.9,2,2,1,64.0,53.7,32.4
516,516,14,315.5,6,178.4,6,91.1,7.71099186904,8,4,2,155.5,102.3,57.7,2,3,1,64.4,80.6,33.4
517,517,14,312.6,5,154.1,6,91.0,7.83124202463,8,4,2,155.6,99.0,58.0,2,2,1,64.6,55.3,34.2
518,518,14,322.3,6,183.5,6,94.3,7.78955697086,8,4,2,157.7,106.8,57.8,2,3,1,63.4,85.1,35.0
519,519,14,321.9,6,180.1,6,96.2,7.34464370877,8,4,2,159.4,105.8,56.7,2,3,1,63.2,83.9,33.0
520,520,14,323.9,6,182.5,5,72.4,7.92179147793,8,4,2,157.2,107.7,59.0,2,3,1,63.3,85.1,34.1
521,521,14,326.8,6,187.8,5,72.2,8.04073420736,8,4,2,154.8,114.5,57.5,2,3,1,61.6,92.5,33.7
522,522,14,331.6,6,190.9,6,95.8,8.05938126494,8,4,2,160.0,112.9,58.7,2,3,1,64.2,92.4,34.3
523,523,14,332.6,6,190.9,6,95.8,8.02397506378,8,4,2,159.4,115.0,58.2,2,3,1,63.6,92.7,34.6
524,524,14,334.0,6,194.0,6,94.1,8.31871978739,8,4,2,157.3,118.9,57.8,2,3,1,63.2,96.5,34.3
525,525,13,319.9,6,194.5,5,80.4,8.1249063111,7,4,2,143.2,119.7,57.0,2,3,1,62.8,97.2,34.5
526,526,13,310.4,6,193.8,7,116.6,8.49883853301,7,4,2,139.0,116.7,54.7,2,3,1,61.6,97.4,34.8
527,527,13,305.7,6,194.1,6,90.7,9.00359614764,7,4,2,133.7,116.8,55.2,2,3,1,62.3,97.5,34.3
528,528,13,307.2,6,191.9,7,115.3,8.39964132323,7,4,2,139.0,115.9,52.3,2,3,1,61.2,96.6,34.1
529,529,13,308.9,6,192.2,7,116.7,8.33322051206,7,4,2,140.4,115.3,53.2,2,3,1,61.0,97.1,34.1
530,530,13,318.3,6,192.3,5,79.2,8.06523880137,7,4,2,143.9,121.5,52.9,2,3,1,61.6,96.6,34.1
531,531,13,319.1,7,218.6,5,79.3,8.10366330584,7,4,2,144.2,121.9,53.0,2,4,1,62.6,121.9,34.1
532,532,12,304.8,7,218.0,4,63.6,7.86303203143,6,4,2,131.2,120.7,52.9,2,4,1,63.3,120.7,34.0
533,533,12,301.9,7,219.2,4,60.8,8.17117531697,6,4,2,130.9,121.6,49.4,2,4,1,64.3,121.6,33.3
534,534,12,303.0,7,219.2,4,62.5,8.00187478032,6,4,2,130.9,120.9,51.2,2,4,1,64.9,120.9,33.4
535,535,12,299.8,7,216.9,5,82.9,7.9068248234,6,4,2,128.7,119.1,52.0,2,4,1,64.5,119.1,33.3
536,536,12,297.8,6,191.4,5,82.6,7.97938632105,6,4,2,127.9,117.3,52.6,2,3,1,64.8,93.5,33.1
537,537,12,296.9,6,190.8,5,82.3,7.9195337711,6,4,2,127.8,116.8,52.3,2,3,1,64.7,93.0,33.1
538,538,12,296.7,6,191.6,5,81.3,8.08647861332,6,4,2,126.2,117.9,52.6,2,3,1,64.1,94.1,33.4
539,539,12,287.4,6,191.4,5,75.8,8.61895374372,6,4,2,119.9,116.6,50.9,2,3,1,61.9,96.4,33.1
540,540,12,288.4,7,212.0,5,76.4,8.23499553826,6,4,2,113.9,121.3,53.2,2,4,1,57.2,121.3,33.5
541,541,12,286.2,7,207.7,4,56.7,7.84433785374,6,4,2,113.2,118.4,54.6,2,4,1,56.5,118.4,32.8
542,542,12,282.1,6,185.6,5,76.2,8.21622102178,6,4,2,114.1,115.7,52.3,2,3,1,57.4,96.2,32.0
543,543,13,301.6,6,186.8,5,69.7,8.38291914152,7,4,2,128.9,117.4,55.3,2,3,1,59.2,95.3,32.3
544,544,14,303.2,6,180.3,7,102.3,7.9700124781,8,4,2,140.4,112.0,50.8,2,3,1,56.3,93.8,30.2
545,545,14,304.7,6,181.1,7,101.4,8.04560148756,8,4,2,141.2,111.0,52.5,2,3,1,57.5,93.3,30.3
546,546,14,301.0,6,180.6,7,98.9,8.20768870305,8,4,2,136.4,111.5,53.1,2,3,1,56.0,93.0,31.6
547,547,14,310.7,6,188.9,7,98.8,8.8978358895,8,4,2,140.3,115.0,55.4,2,3,1,60.0,96.5,32.4
548,548,14,305.5,6,186.0,7,98.8,8.75681524224,8,4,2,140.0,111.4,54.1,2,3,1,59.7,92.9,33.4
549,549,14,302.9,6,187.3,8,115.6,9.01661774749,8,4,2,139.7,110.7,52.5,2,3,1,59.9,94.1,33.3
550,550,14,302.9,6,188.1,8,114.8,9.13468513565,8,4,2,137.8,111.5,53.6,2,3,1,59.4,94.9,33.8
551,551,14,283.3,6,175.0,8,108.3,8.56608762171,8,4,2,127.9,103.9,51.5,2,3,1,55.4,87.9,31.7
