,e_id,num_sat,sum_snr,num_sat_25,sum_snr_25,snr_std,elev_0_30,elev_30_60,elev_60_90,elev_0_30_25,elev_30_60_25,elev_60_90_25
1,1,22,632.0,15,473.6,5.40741834522,10,10,2,5,9,1
2,2,22,624.7,14,450.6,6.14084508476,10,10,2,5,8,1
3,3,23,660.3,14,459.8,6.2213644399,11,10,2,5,8,1
4,4,23,667.3,14,461.6,6.21810438433,11,10,2,5,8,1
5,5,23,664.1,17,535.2,6.31392525882,11,10,2,6,10,1
6,6,23,673.5,16,518.3,6.2060565853,11,10,2,6,9,1
7,7,23,669.8,17,539.4,6.09865533031,11,10,2,6,10,1
8,8,21,605.4,15,473.7,5.95433815442,10,9,2,6,8,1
9,9,20,619.3,16,523.1,5.26310644712,8,10,2,5,10,1
10,10,17,531.5,14,460.4,5.00011764567,6,9,2,4,9,1
11,11,17,533.4,14,462.7,5.13499384271,7,9,1,4,9,1
12,12,17,532.9,14,461.5,5.06632480787,6,9,2,4,9,1
13,13,16,512.4,14,464.5,4.74531347753,6,9,1,4,9,1
14,14,17,548.4,15,500.9,4.71355211379,6,10,1,4,10,1
15,15,16,513.5,14,465.1,4.63730794751,5,9,2,4,9,1
16,16,19,599.6,15,502.4,5.04340226759,7,10,2,4,10,1
17,17,17,533.7,15,485.4,4.5205738834,6,9,2,4,9,2
18,18,18,568.8,16,521.1,4.81859144662,6,10,2,4,10,2
19,19,18,580.9,18,580.9,4.52922608057,6,10,2,6,10,2
20,20,18,572.2,17,548.1,4.79446849031,6,10,2,5,10,2
21,21,18,570.5,15,497.4,5.02949795439,6,10,2,4,10,1
22,22,18,573.3,18,573.3,4.74642280162,6,10,2,6,10,2
23,23,18,564.7,15,492.9,5.17934876165,6,10,2,5,9,1
24,24,18,569.0,15,494.9,5.17140200456,6,10,2,4,9,2
25,25,19,598.8,19,598.8,4.6968385535,7,10,2,7,10,2
26,26,19,593.9,18,569.3,4.95640055209,7,10,2,6,10,2
27,27,19,589.1,17,541.6,5.01912715787,7,10,2,5,10,2
28,28,17,524.1,16,500.4,4.80361383568,6,9,2,5,9,2
29,29,17,523.9,16,499.6,4.78359635814,6,9,2,5,9,2
30,30,18,547.8,15,475.2,5.00611390907,7,9,2,4,9,2
31,31,17,516.1,14,444.7,5.18941938269,7,8,2,4,8,2
32,32,17,518.9,15,471.5,4.97550618176,6,9,2,4,9,2
33,33,18,553.8,17,531.2,5.10351666529,6,10,2,5,10,2
34,34,18,539.2,14,444.4,5.35814083453,7,9,2,4,9,1
35,35,19,581.7,15,487.6,5.38075409398,7,10,2,3,10,2
36,36,17,524.4,14,452.0,4.86249905489,6,9,2,4,9,1
37,37,18,548.4,16,501.3,4.91994739331,7,9,2,5,9,2
38,38,17,515.4,15,466.9,5.01226437029,6,9,2,4,9,2
39,39,19,577.9,15,481.3,5.59565934531,7,10,2,5,9,1
40,40,16,487.6,12,392.3,5.52804968622,5,9,2,4,7,1
41,41,18,561.7,15,488.5,5.11013666471,6,10,2,4,10,1
42,42,16,495.0,14,447.1,4.95914979272,5,9,2,4,8,2
43,43,14,447.6,12,398.3,4.54438428959,4,8,2,3,8,1
44,44,17,534.0,13,438.3,5.45766460505,6,9,2,3,9,1
45,45,16,503.4,15,480.4,4.842433961,6,9,1,5,9,1
46,46,18,565.1,16,517.7,5.23208115405,7,10,1,5,10,1
47,47,15,488.9,15,488.9,4.62670303266,6,8,1,6,8,1
48,48,13,432.7,13,432.7,4.5101452589,5,7,1,5,7,1
49,49,18,561.9,15,490.3,5.19516177634,6,10,2,5,9,1
50,50,18,565.1,16,517.4,4.86977137067,6,10,2,5,10,1
51,51,19,593.3,16,522.0,4.92959792199,7,10,2,5,10,1
52,52,17,532.2,15,483.6,4.68007352883,6,9,2,5,9,1
53,53,14,415.0,12,368.6,4.0865095668,4,9,1,2,9,1
54,54,18,555.5,16,506.4,4.25484345311,6,10,2,4,10,2
55,55,16,488.9,15,466.1,3.83161736955,5,9,2,4,9,2
56,56,18,551.6,15,480.2,4.46545198585,7,9,2,4,9,2
57,57,16,492.3,16,492.3,3.75032776345,5,9,2,5,9,2
58,58,17,517.8,15,469.8,4.19435019156,7,9,1,6,8,1
59,59,18,562.1,17,538.4,3.68714867607,8,8,2,7,8,2
60,60,19,594.3,17,546.4,4.37868307794,8,9,2,7,8,2
61,61,18,538.0,15,466.2,4.39235818866,7,9,2,6,7,2
62,62,16,480.5,13,409.0,5.08300682011,7,7,2,6,5,2
63,63,16,459.4,11,344.4,5.16357434342,7,8,1,5,5,1
64,64,13,385.4,10,312.3,4.94799881848,7,5,1,5,4,1
65,65,14,399.5,11,327.9,3.80922102734,5,7,2,5,5,1
66,66,15,427.5,12,356.3,4.35725995159,7,7,1,5,6,1
67,67,16,457.1,14,409.0,3.90430851752,6,8,2,5,8,1
68,68,13,401.2,13,401.2,4.63834353722,6,6,1,6,6,1
69,69,15,427.5,9,286.1,5.0974783682,6,7,2,4,4,1
70,70,14,403.4,10,309.9,4.46195147766,7,6,1,5,4,1
71,71,14,420.8,13,396.3,3.37518416266,7,6,1,7,5,1
72,72,16,449.4,15,426.5,3.73164396301,7,8,1,7,7,1
73,73,13,356.1,8,235.9,4.20167854126,6,5,2,5,2,1
74,74,19,524.9,15,438.1,4.70447093557,9,8,2,7,7,1
75,75,20,546.3,12,373.4,6.04859922888,9,9,2,8,3,1
76,76,19,514.9,12,361.6,5.63550254094,9,8,2,5,6,1
77,77,20,524.0,11,330.9,5.69413363864,9,9,2,4,6,1
