,e_id,num_sat,sum_snr,num_sat_25,sum_snr_25,snr_std,elev_0_30,elev_30_60,elev_60_90,elev_0_30_25,elev_30_60_25,elev_60_90_25
1,1,16,437.7,10,293.8,3.4308344466,6,5,5,2,4,4
2,2,13,344.8,8,233.8,4.24738230093,4,6,3,4,1,3
3,3,11,330.4,11,330.4,1.46374364373,4,3,4,4,3,4
4,4,13,385.0,11,338.4,3.87939990072,5,5,3,4,4,3
5,5,11,305.6,9,259.4,2.54276156248,3,5,3,2,4,3
6,6,13,349.4,9,259.3,3.62402948989,4,6,3,1,6,2
7,7,12,333.3,8,238.0,3.66980925935,4,5,3,2,3,3
8,8,12,331.7,11,307.2,1.89470954038,5,5,2,4,5,2
9,9,13,343.9,10,280.6,3.76621281586,5,4,4,4,4,2
10,10,11,302.0,8,237.2,4.11615442771,4,4,3,2,3,3
11,11,12,339.2,9,269.4,3.62499738767,3,5,4,1,5,3
12,12,17,430.9,9,246.9,2.80849551519,7,6,4,4,3,2
13,13,15,386.6,8,224.9,3.46584697269,6,5,4,3,2,3
14,14,14,372.4,7,204.8,3.40271384904,4,6,4,2,4,1
15,15,14,370.9,8,234.7,4.14329194384,5,5,4,2,4,2
16,16,11,315.8,9,271.3,4.10522948091,4,5,2,3,4,2
17,17,16,418.3,9,255.8,3.1799305548,6,6,4,3,4,2
18,18,14,387.6,10,290.9,3.27528205312,5,5,4,3,4,3
19,19,13,361.1,9,266.6,3.829524306,4,5,4,3,3,3
20,20,14,383.7,10,287.7,3.04642647798,6,4,4,4,4,2
21,21,14,356.9,8,220.2,3.03960126072,5,6,3,2,6,0
22,22,14,373.6,8,233.2,3.47847383486,5,6,3,2,5,1
23,23,14,374.9,8,240.8,4.81554830674,5,6,3,2,4,2
24,24,12,332.6,8,242.0,4.54249297459,4,5,3,2,4,2
25,25,12,323.2,7,210.0,4.5699280546,3,6,3,1,5,1
26,26,10,282.2,8,237.5,3.89324200806,2,5,3,1,5,2
27,27,13,354.9,11,305.3,2.09722038263,4,6,3,3,5,3
28,28,13,366.7,12,342.5,2.42709069274,6,5,2,5,5,2
29,29,13,364.6,10,293.5,3.57155787312,5,6,2,2,6,2
30,30,14,388.4,9,265.2,3.03763933792,6,6,2,3,4,2
31,31,10,287.5,9,263.2,3.26573115856,2,4,4,2,4,3
32,32,13,353.9,9,260.0,3.849492141,4,6,3,2,4,3
33,33,16,424.1,9,267.4,4.4781646166,6,6,4,3,4,2
34,34,16,423.0,9,263.3,4.0066403216,6,6,4,3,3,3
35,35,15,402.9,10,288.9,3.69223122631,6,6,3,4,5,1
36,36,14,403.6,12,358.1,3.45173948822,5,6,3,4,5,3
37,37,16,428.4,8,246.6,4.84128082226,6,6,4,3,4,1
38,38,18,459.2,7,204.7,3.77637997977,8,6,4,3,3,1
39,39,11,321.5,11,321.5,2.23028738466,3,5,3,3,5,3
40,40,13,374.4,13,374.4,2.21960957528,4,5,4,4,5,4
41,41,13,371.4,11,322.8,3.3124473871,4,5,4,2,5,4
42,42,13,375.7,10,302.5,3.90811122326,4,5,4,2,5,3
43,43,15,396.2,10,281.9,3.38248992537,5,6,4,3,4,3
44,44,14,376.7,9,262.2,4.11572300139,6,5,3,4,4,1
45,45,12,362.8,11,340.2,4.39034753922,2,5,5,2,5,4
46,46,13,379.0,11,333.5,4.76280998722,3,6,4,2,6,3
47,47,11,327.1,10,302.5,3.41621800454,3,5,3,2,5,3
48,48,12,348.2,11,323.6,3.4495937398,4,5,3,4,4,3
49,49,12,347.8,11,324.6,3.49878766882,4,5,3,3,5,3
50,50,12,337.9,8,242.9,4.21241850924,3,6,3,1,5,2
51,51,15,435.6,15,435.6,2.45874532464,5,6,4,5,6,4
52,52,10,268.7,7,199.9,3.25714598997,2,5,3,2,4,1
53,53,11,311.2,10,287.1,2.52802474096,3,5,3,3,4,3
54,54,14,372.2,10,283.4,3.87930547766,5,5,4,3,4,3
55,55,14,393.4,12,344.2,2.6188664606,6,5,3,4,5,3
56,56,12,355.0,12,355.0,2.78464403905,4,5,3,4,5,3
57,57,14,386.2,10,296.0,4.61049924593,5,6,3,4,4,2
58,58,11,323.0,10,299.1,3.93707320919,5,4,2,5,3,2
59,59,13,382.3,11,333.9,4.14496914714,4,5,4,3,4,4
60,60,15,393.0,7,214.2,4.84546916496,6,5,4,3,2,2
61,61,17,425.9,8,229.6,4.17584088045,7,6,4,3,3,2
62,62,18,431.1,7,203.2,4.83178812352,8,6,4,3,2,2
63,63,19,452.0,9,258.6,5.28665980841,9,6,4,3,5,1
64,64,19,457.2,7,202.5,4.61196638302,9,6,4,3,2,2
65,65,19,464.8,10,275.7,4.20359773505,9,6,4,4,4,2
66,66,19,478.2,11,320.6,5.59534058457,9,6,4,4,5,2
67,67,19,468.0,10,282.7,5.09684571645,9,6,4,2,5,3
68,68,19,494.2,10,305.8,5.88660388196,9,6,4,2,5,3
69,69,18,471.1,9,280.1,5.70529223416,8,6,4,2,4,3
70,70,18,465.8,10,295.2,4.83425954614,8,6,4,3,4,3
71,71,18,471.5,11,320.9,4.91521912889,8,6,4,4,4,3
72,72,18,440.1,8,235.0,5.63562721599,8,6,4,4,2,2
73,73,18,458.9,9,262.2,4.56604761798,8,6,4,3,4,2
74,74,18,451.1,7,214.4,5.19594172961,8,6,4,3,2,2
75,75,18,450.4,9,268.0,5.42971730989,8,6,4,3,3,3
76,76,18,462.5,9,259.9,3.85142788223,8,6,4,2,4,3
77,77,18,452.8,11,305.2,3.9406213637,8,6,4,4,4,3
78,78,18,442.5,7,204.9,4.63366834732,8,6,4,2,3,2
79,79,18,449.0,10,281.0,4.61101267711,8,6,4,2,5,3
80,80,18,462.9,11,314.0,4.28049612298,8,6,4,4,4,3
81,81,18,477.2,12,343.8,4.15563244835,8,6,4,3,5,4
82,82,18,488.8,12,357.2,4.726797476,8,6,4,5,5,2
83,83,18,456.8,10,284.4,4.4228757687,8,6,4,5,4,1
84,84,18,445.0,8,230.4,4.96073471261,8,6,4,3,2,3
85,85,18,454.1,11,314.6,5.10476197009,8,6,4,3,5,3
86,86,18,451.9,8,241.7,5.41875525344,8,6,4,2,3,3
87,87,18,464.8,10,301.6,5.49197870219,8,6,4,3,3,4
88,88,18,463.5,10,293.5,4.83908717693,8,6,4,4,3,3
89,89,18,438.9,7,202.3,4.54510078837,8,6,4,2,2,3
90,90,18,450.5,10,286.3,4.93985062355,8,6,4,5,3,2
91,91,18,452.5,8,240.4,5.36756477688,8,6,4,3,4,1
92,92,18,424.2,7,193.1,4.15465720254,8,6,4,2,4,1
93,93,18,436.7,10,273.4,4.20743583907,8,6,4,3,5,2
94,94,18,428.7,9,247.5,4.51380236217,8,6,4,3,4,2
95,95,18,452.1,11,305.0,4.24641717493,8,6,4,4,5,2
96,96,18,447.0,7,209.5,4.72664537178,8,6,4,2,4,1
97,97,18,472.2,12,338.7,3.47935085223,8,6,4,4,6,2
98,98,18,451.5,9,256.8,4.71121940004,8,6,4,3,4,2
99,99,18,481.7,10,303.2,4.90787349289,8,6,4,3,5,2
100,100,18,466.5,9,268.8,5.16165158247,8,6,4,4,4,1
101,101,18,461.6,10,287.6,4.50714755527,8,6,4,4,5,1
102,102,18,477.5,11,318.9,3.79144634137,8,6,4,4,4,3
103,103,17,463.9,11,327.2,3.74864681468,8,5,4,3,5,3
104,104,15,423.6,12,352.7,3.65118376108,6,5,4,5,4,3
105,105,15,437.2,11,342.2,4.29665429087,5,6,4,3,4,4
106,106,12,357.4,10,309.5,3.54473574687,3,5,4,1,5,4
107,107,12,357.0,10,309.0,4.14191435757,3,6,3,3,4,3
108,108,12,355.9,12,355.9,3.68126913228,3,5,4,3,5,4
109,109,11,335.3,11,335.3,3.21615241611,3,4,4,3,4,4
110,110,13,370.8,9,276.3,4.92868370632,4,5,4,1,4,4
111,111,12,329.3,8,242.5,5.61417982893,4,4,4,1,4,3
112,112,15,422.0,10,301.9,4.15119030549,6,5,4,2,4,4
113,113,16,441.1,12,349.3,3.75370372654,6,6,4,5,4,3
114,114,13,390.2,12,366.9,3.74229122193,3,6,4,2,6,4
115,115,12,353.1,12,353.1,3.23141539492,2,6,4,2,6,4
116,116,12,349.8,9,277.4,4.1629316593,2,6,4,2,3,4
117,117,10,310.8,10,310.8,3.07021533809,1,5,4,1,5,4
118,118,12,354.6,11,330.7,3.4906368265,3,5,4,3,5,3
119,119,13,375.4,12,351.4,2.91980417327,4,5,4,3,5,4
120,120,15,445.5,13,397.1,3.99302964105,5,6,4,4,6,3
121,121,15,431.8,11,338.2,4.64586862041,6,6,3,3,5,3
122,122,13,379.9,10,308.2,4.51961536825,3,6,4,2,5,3
123,123,14,420.4,11,351.3,5.82123811459,6,5,3,4,4,3
124,124,14,399.9,8,255.7,5.48839434876,6,5,3,2,4,2
125,125,14,421.0,12,372.7,4.56161721853,6,5,3,4,5,3
126,126,14,421.6,11,350.2,4.88826808135,5,6,3,3,5,3
127,127,13,386.3,11,338.7,4.66901955337,5,5,3,4,4,3
128,128,15,440.4,13,394.4,4.77580210167,5,6,4,4,5,4
129,129,13,384.5,11,335.2,4.59749095452,5,4,4,5,3,3
130,130,11,328.8,10,304.0,4.50853735605,4,4,3,3,4,3
131,131,12,358.2,9,286.1,5.2628198456,4,5,3,2,5,2
132,132,12,375.6,12,375.6,4.06246678308,5,4,3,5,4,3
133,133,17,500.8,11,357.7,4.99838209118,8,5,4,3,4,4
134,134,15,420.6,9,275.9,3.95922070254,7,5,3,3,4,2
135,135,13,361.6,11,314.3,3.14002286453,6,5,2,5,4,2
136,136,12,359.0,12,359.0,2.65015722804,4,4,4,4,4,4
137,137,12,340.6,10,294.0,3.2685368796,4,5,3,4,4,2
138,138,16,449.1,12,355.1,3.59401701907,6,6,4,4,5,3
139,139,14,389.1,11,319.8,4.05547384801,6,6,2,5,4,2
140,140,15,430.5,11,336.6,4.05885275839,7,4,4,4,4,3
141,141,14,398.8,10,300.8,3.36448810665,6,6,2,5,5,0
142,142,17,487.1,14,416.6,3.2724451193,7,6,4,5,6,3
143,143,17,472.9,13,375.2,2.84390473076,7,6,4,5,6,2
144,144,14,397.5,9,273.8,3.53411163589,5,6,3,3,4,2
145,145,14,408.0,13,383.5,3.62951878262,5,5,4,4,5,4
146,146,14,421.2,11,348.3,4.50552774043,4,6,4,3,4,4
147,147,11,287.7,6,169.8,3.55706722915,4,4,3,3,2,1
148,148,14,416.3,13,393.4,3.37721030594,5,5,4,4,5,4
149,149,14,409.8,13,384.9,2.7161705428,5,5,4,5,5,3
150,150,15,416.1,10,299.7,4.20676326204,6,5,4,3,4,3
151,151,13,376.5,11,329.0,3.22633395191,5,4,4,3,4,4
152,152,15,388.9,7,206.3,4.08454695279,6,5,4,4,1,2
153,153,13,365.7,10,294.4,3.06659002134,4,6,3,4,4,2
154,154,11,305.1,8,233.0,2.8841888729,4,5,2,4,2,2
155,155,13,359.0,10,289.5,2.86381044352,5,4,4,5,2,3
156,156,13,362.0,10,289.1,3.00960002454,5,4,4,4,3,3
157,157,13,370.0,11,324.5,3.93097495573,5,4,4,4,4,3
158,158,13,375.6,9,281.2,4.10009380756,5,6,2,3,4,2
159,159,15,408.0,11,311.9,3.00618410234,6,5,4,4,4,3
160,160,14,408.1,12,360.4,3.69026786603,5,5,4,5,5,2
161,161,14,392.2,10,297.3,4.0810739806,6,4,4,4,4,2
162,162,14,384.4,10,291.4,3.30470859549,5,5,4,2,4,4
163,163,14,412.3,13,388.9,3.12920486337,5,6,3,4,6,3
164,164,14,395.9,10,300.7,4.18075785758,5,5,4,4,4,2
165,165,14,399.5,12,351.9,3.7812507379,7,5,2,5,5,2
166,166,15,422.5,11,327.6,3.69800460995,5,6,4,4,4,3
167,167,14,397.6,11,329.1,3.68176379136,6,5,3,4,4,3
168,168,15,430.8,14,407.8,2.87506521665,7,5,3,6,5,3
169,169,15,405.0,9,269.6,4.59891291503,6,5,4,4,4,1
170,170,15,416.8,12,345.7,2.94154154597,7,5,3,5,4,3
171,171,14,402.0,13,378.4,3.46362574432,5,5,4,4,5,4
172,172,12,359.6,11,335.1,2.98886823619,4,4,4,3,4,4
173,173,15,407.3,10,289.8,3.26340459089,7,5,3,4,4,2
174,174,14,407.7,13,385.6,3.60089274645,5,5,4,5,4,4
175,175,11,334.0,9,284.8,4.4206951325,4,4,3,3,3,3
176,176,14,410.8,11,341.4,4.47879006424,5,5,4,4,4,3
177,177,14,397.8,11,325.9,3.06866474166,5,5,4,3,5,3
178,178,14,395.5,13,373.0,2.55335375235,5,5,4,5,4,4
179,179,13,356.4,9,261.9,3.09726926874,4,6,3,3,4,2
180,180,11,325.0,10,301.0,3.49180859623,3,4,4,2,4,4
181,181,13,369.2,11,320.4,3.01247406628,6,4,3,5,4,2
182,182,10,298.2,9,273.2,3.85653845941,4,4,2,4,4,1
183,183,13,372.5,11,326.2,3.73867520757,5,4,4,4,4,3
184,184,15,438.8,13,391.3,3.69939505994,5,6,4,5,5,3
185,185,15,426.9,10,308.3,4.28599046729,6,5,4,3,5,2
186,186,15,420.6,13,373.7,3.7892328662,6,6,3,6,5,2
187,187,13,383.9,10,311.7,4.19272874856,4,5,4,3,3,4
188,188,14,407.6,13,383.7,2.7497852064,6,5,3,5,5,3
189,189,15,438.3,13,389.8,4.00645907076,6,5,4,6,4,3
190,190,13,379.2,11,333.4,4.24840845011,5,4,4,4,4,3
191,191,12,353.5,12,353.5,3.68645144311,5,4,3,5,4,3
192,192,15,441.7,13,393.7,3.60611913809,5,6,4,4,5,4
193,193,17,490.1,16,465.5,3.22543886663,7,6,4,6,6,4
194,194,15,404.7,10,285.7,3.34283882779,8,4,3,5,3,2
195,195,15,422.5,12,351.2,3.50828950318,7,5,3,6,4,2
196,196,15,417.1,12,344.4,2.72356559014,5,6,4,4,6,2
197,197,13,361.3,10,290.5,3.48579535125,5,4,4,4,2,4
198,198,13,389.1,12,364.2,3.84672688039,5,4,4,5,4,3
199,199,14,402.9,11,331.7,3.76852931351,6,4,4,5,3,3
200,200,13,381.3,10,310.6,3.8850964414,4,5,4,4,4,2
201,201,13,378.1,11,332.1,4.63084696246,5,5,3,4,4,3
202,202,11,328.1,10,304.7,3.71081956152,3,4,4,2,4,4
203,203,13,367.3,10,296.9,3.76577025866,6,3,4,4,2,4
204,204,14,403.6,11,331.8,4.31837372727,5,5,4,4,3,4
205,205,12,339.3,10,291.6,3.85560394986,5,3,4,3,3,4
206,206,12,347.3,11,324.6,3.76381294418,4,4,4,3,4,4
207,207,10,294.1,10,294.1,2.38301862724,3,4,3,3,4,3
208,208,10,275.6,8,228.3,2.53999125108,3,4,3,1,4,3
209,209,10,288.6,8,239.2,2.59752018493,3,4,3,2,3,3
210,210,11,313.2,9,266.5,2.9906825004,4,4,3,3,3,3
211,211,2,66.6,2,66.6,1.27279220614,1,1,0,1,1,0
212,212,14,365.7,7,206.7,4.28147684287,5,5,4,3,3,1
213,213,14,402.0,10,312.7,5.28144169462,5,5,4,3,3,4
214,214,16,441.2,10,316.7,6.58427419437,7,5,4,3,4,3
215,215,17,480.3,13,406.7,6.77856157742,8,5,4,5,4,4
216,216,17,473.9,12,378.2,6.98637329125,8,5,4,3,5,4
217,217,17,487.5,13,406.7,5.80791802324,8,5,4,5,4,4
218,218,17,481.6,12,378.9,6.31899563874,8,5,4,4,4,4
219,219,17,480.9,12,376.3,5.64401035977,8,5,4,4,4,4
220,220,17,474.5,13,398.7,5.94431265507,8,5,4,5,4,4
221,221,17,500.2,13,414.9,5.55264907632,8,5,4,5,4,4
222,222,17,497.6,13,411.3,5.63568592829,8,5,4,6,4,3
