,e_id,num_sat,sum_snr,num_sat_25,sum_snr_25,snr_std,elev_0_30,elev_30_60,elev_60_90,elev_0_30_25,elev_30_60_25,elev_60_90_25
1,1,19,465.2,8,239.4,5.55230314153,11,6,2,3,4,1
2,2,20,493.9,12,331.8,4.80323082058,12,6,2,5,6,1
3,3,20,465.1,7,205.5,5.54279760258,12,6,2,2,4,1
4,4,20,467.8,8,227.0,5.15260792425,12,6,2,3,5,0
5,5,19,458.7,10,275.1,4.3509023061,11,6,2,4,5,1
6,6,10,259.3,7,193.1,3.21871264811,5,4,1,3,3,1
7,7,8,190.6,3,82.7,3.31393163133,2,6,0,0,3,0
8,8,15,374.4,5,144.5,3.52476949601,7,6,2,1,3,1
9,9,17,408.7,5,147.6,4.37293648815,9,6,2,1,3,1
10,10,18,424.7,7,198.2,4.79527613414,10,6,2,1,5,1
11,11,18,442.9,8,228.1,4.56772207641,10,6,2,1,6,1
12,12,13,350.0,8,233.6,3.5923886775,6,6,1,2,5,1
13,13,10,279.8,8,232.5,2.97911247037,4,5,1,2,5,1
14,14,10,283.0,9,258.6,3.21800490297,5,5,0,4,5,0
15,15,9,238.6,5,143.3,3.4064073613,4,4,1,1,3,1
16,16,13,331.5,6,172.3,3.71999103942,8,4,1,2,3,1
17,17,11,295.9,8,226.7,3.42315643814,6,4,1,3,4,1
18,18,11,294.3,6,175.0,3.4866498638,7,4,0,2,4,0
19,19,9,264.6,9,264.6,3.23728281125,5,3,1,5,3,1
20,20,11,307.6,7,210.0,3.45435166921,6,4,1,3,3,1
21,21,12,320.3,7,203.6,3.69334987963,8,3,1,5,2,0
22,22,12,314.1,8,223.1,3.03258815356,7,4,1,5,2,1
23,23,14,369.4,11,299.2,2.21076288359,7,5,2,5,4,2
24,24,9,245.6,7,197.1,1.96687851966,5,3,1,4,2,1
25,25,11,288.3,7,194.7,2.56688704288,5,4,2,4,3,0
26,26,11,301.8,8,230.1,2.84333351096,6,3,2,5,2,1
27,27,9,248.1,8,225.3,2.73861278753,4,3,2,4,2,2
28,28,11,300.2,9,254.6,2.86372294241,5,4,2,4,3,2
29,29,11,303.1,7,210.4,3.80351512061,5,5,1,4,2,1
30,30,12,331.0,8,235.9,3.28518252802,5,5,2,4,3,1
31,31,9,248.0,7,199.8,2.78078725863,4,3,2,4,2,1
32,32,10,280.9,8,232.1,2.89653049162,5,3,2,4,3,1
33,33,9,258.6,9,258.6,2.69211812519,4,4,1,4,4,1
34,34,11,304.8,8,233.8,3.52801772826,7,3,1,4,3,1
35,35,11,307.4,8,236.8,3.68438967439,5,4,2,4,3,1
36,36,10,282.0,9,258.2,3.11840415027,5,4,1,5,3,1
37,37,11,313.3,9,265.2,2.9935992323,5,5,1,4,4,1
38,38,11,320.5,10,296.9,3.04081328834,5,4,2,4,4,2
39,39,12,343.9,10,296.1,3.05389716244,6,4,2,4,4,2
40,40,9,262.8,9,262.8,2.41816045787,4,4,1,4,4,1
41,41,9,240.8,6,173.1,3.84191069362,5,3,1,3,3,0
42,42,9,238.6,5,145.9,4.00544767924,5,3,1,2,3,0
43,43,7,182.8,3,89.9,4.18068119307,3,3,1,2,1,0
44,44,12,290.7,4,116.2,4.05061723692,7,4,1,3,1,0
45,45,2,63.0,2,63.0,3.81837661841,0,2,0,0,2,0
46,46,14,367.1,8,235.2,4.47457407882,8,5,1,2,5,1
47,47,17,451.4,11,318.3,4.25427985196,9,6,2,5,5,1
48,48,17,440.1,9,261.0,4.10957454503,9,6,2,3,5,1
49,49,17,451.6,12,348.1,4.63450930203,9,6,2,5,6,1
50,50,17,437.5,10,287.2,4.62695109879,9,6,2,4,5,1
51,51,17,432.6,8,235.0,4.49376201626,9,6,2,3,4,1
52,52,17,452.8,9,271.9,4.69706572986,9,6,2,4,4,1
53,53,17,453.7,10,296.7,4.32505525296,9,6,2,5,4,1
54,54,17,444.3,11,315.7,4.47142890703,9,6,2,4,6,1
55,55,17,420.4,8,233.7,5.61813633533,9,6,2,3,4,1
56,56,17,422.3,8,234.1,5.59230037904,9,6,2,4,3,1
