,e_id,num_sat,sum_snr,num_sat_25,sum_snr_25,num_sat_u20,sum_sat_u20,snr_std,elev_0_30,elev_30_60,elev_60_90,sum_elev_0_30,sum_elev_30_60,sum_elev_60_90,elev_0_30_25,elev_30_60_25,elev_60_90_25,sum_elev_0_30_25,sum_elev_30_60_25,sum_elev_60_90_25
1,1,17,429.7,6,191.3,2,33.6,6.16679915067,9,6,2,215.9,165.9,47.9,2,4,0,61.7,129.6,0
2,2,17,442.3,11,319.9,3,55.8,5.35388121998,9,6,2,227.6,160.1,54.6,5,4,2,143.4,121.9,54.6
3,3,17,459.5,12,350.6,1,14.3,4.80049017105,9,6,2,229.0,172.3,58.2,6,4,2,169.6,122.8,58.2
4,4,17,438.9,10,289.3,2,33.8,4.70056317026,9,6,2,222.8,159.8,56.3,4,4,2,117.0,116.0,56.3
5,5,17,427.4,7,207.9,3,52.7,4.88147759694,9,6,2,226.3,148.8,52.3,3,3,1,94.3,83.1,30.5
6,6,17,451.5,11,327.3,3,57.1,5.10307001024,9,6,2,228.3,168.2,55.0,6,4,1,171.2,124.7,31.4
7,7,17,461.0,12,356.7,3,55.6,5.17508880288,9,6,2,233.7,172.7,54.6,6,5,1,172.2,154.3,30.2
8,8,17,446.5,10,290.5,2,37.6,4.07123156681,9,6,2,237.1,154.5,54.9,5,4,1,148.2,112.2,30.1
9,9,18,477.0,13,373.0,2,37.7,4.39745915943,10,6,2,262.6,167.7,46.7,7,5,1,201.4,145.9,25.7
10,10,18,459.1,10,285.2,2,34.7,4.48506963973,10,6,2,244.2,169.2,45.7,4,5,1,115.7,144.5,25.0
11,11,18,470.9,11,322.0,2,32.1,5.0004869044,10,6,2,253.4,163.2,54.3,6,3,2,174.5,93.2,54.3
12,12,19,478.2,14,391.9,4,66.1,5.24563867858,11,6,2,268.7,157.6,51.9,8,4,2,221.9,118.1,51.9
13,13,19,471.4,10,293.5,3,46.4,5.78454787793,11,6,2,268.2,151.7,51.5,5,3,2,153.8,88.2,51.5
14,14,17,466.2,12,357.9,1,16.1,4.8653788922,9,6,2,252.5,157.9,55.8,7,3,2,216.3,85.8,55.8
15,15,13,371.4,11,325.1,0,0,3.5193239444,7,4,2,198.8,120.2,52.4,6,4,1,175.4,120.2,29.5
16,16,13,375.9,10,307.4,0,0,4.57890928676,7,4,2,199.5,129.0,47.4,6,4,0,178.4,129.0,0
17,17,15,395.6,12,331.8,1,19.8,3.17815460081,8,5,2,210.8,132.3,52.5,7,4,1,191.0,110.0,30.8
18,18,16,443.2,10,301.4,0,0,3.90384425919,8,6,2,228.2,167.3,47.7,6,4,0,179.5,121.9,0
19,19,17,451.9,9,268.8,1,19.5,4.15394921944,9,6,2,231.1,173.2,47.6,5,4,0,140.9,127.9,0
20,20,17,444.3,9,261.6,1,19.5,4.16847411778,9,6,2,238.7,158.3,47.3,5,4,0,152.2,109.4,0
21,21,15,413.1,12,347.0,1,19.5,3.63766015848,9,4,2,241.4,117.8,53.9,6,4,2,175.3,117.8,53.9
22,22,15,431.0,13,382.3,0,0,3.20438687397,8,5,2,225.6,150.9,54.5,6,5,2,176.9,150.9,54.5
23,23,13,352.4,8,235.3,0,0,3.56872095165,7,4,2,181.4,123.0,48.0,4,4,0,112.3,123.0,0
24,24,16,431.8,10,291.2,0,0,3.7079868752,8,6,2,214.7,165.5,51.6,5,4,1,144.3,118.3,28.6
25,25,15,396.3,7,214.4,0,0,5.00359870493,7,6,2,178.5,164.9,52.9,2,4,1,63.3,120.2,30.9
26,26,14,374.3,8,233.7,0,0,3.9758128618,7,5,2,173.7,151.8,48.8,3,4,1,78.5,129.5,25.7
27,27,16,408.2,9,247.2,0,0,3.29886344064,8,6,2,202.2,154.3,51.7,4,3,2,109.5,86.0,51.7
28,28,14,370.2,8,237.1,0,0,4.87926764456,7,5,2,177.4,139.2,53.6,4,3,1,109.4,97.3,30.4
29,29,12,360.0,10,311.0,0,0,4.17786374294,6,4,2,164.5,135.0,60.5,4,4,2,115.5,135.0,60.5
30,30,15,397.7,11,307.2,0,0,3.51666779508,8,5,2,211.2,139.2,47.3,6,4,1,165.2,115.7,26.3
31,31,13,370.8,10,299.4,0,0,3.74102344423,6,5,2,162.2,146.7,61.9,4,4,2,115.1,122.4,61.9
32,32,12,324.6,7,208.3,0,0,4.21113243245,6,5,1,156.3,137.0,31.3,4,2,1,110.7,66.3,31.3
33,33,13,350.8,8,237.6,0,0,4.24457421379,7,4,2,175.2,112.1,63.5,3,3,2,83.5,90.6,63.5
34,34,14,377.1,10,282.0,0,0,3.0149900224,8,5,1,212.7,135.1,29.3,5,4,1,141.3,111.4,29.3
35,35,14,379.0,9,268.5,0,0,4.72675341034,7,5,2,182.5,152.0,44.5,4,5,0,116.5,152.0,0
36,36,15,410.6,10,292.6,0,0,3.88338340454,8,5,2,205.7,148.4,56.5,4,4,2,112.6,123.5,56.5
37,37,15,438.5,14,415.4,0,0,3.4437659342,7,6,2,200.0,175.8,62.7,7,5,2,200.0,152.7,62.7
38,38,11,333.6,10,308.9,0,0,3.63705675213,7,3,1,208.8,97.6,27.2,6,3,1,184.1,97.6,27.2
39,39,15,419.2,12,351.8,0,0,3.2802148594,9,4,2,250.6,118.9,49.7,7,4,1,205.6,118.9,27.3
40,40,16,441.3,12,349.4,0,0,3.58259100838,9,5,2,242.7,142.6,56.0,6,5,1,173.9,142.6,32.9
41,41,17,459.3,12,349.7,2,39.2,4.92877206996,9,6,2,232.9,180.0,46.4,7,5,0,189.7,160.0,0
42,42,17,457.0,12,350.7,3,59.1,4.64371016727,9,6,2,237.6,168.8,50.6,6,5,1,171.1,149.0,30.6
43,43,15,419.5,11,332.9,2,39.1,5.42568845752,8,6,1,215.1,179.4,25.0,5,5,1,148.3,159.6,25.0
44,44,15,416.1,11,324.0,0,0,3.70073351802,8,5,2,227.1,142.9,46.1,7,4,0,202.8,121.2,0
45,45,14,392.6,9,272.9,0,0,3.82656992131,8,5,1,223.4,144.9,24.3,5,4,0,151.8,121.1,0
46,46,12,359.1,12,359.1,0,0,3.10926036221,6,5,1,174.9,159.2,25.0,6,5,1,174.9,159.2,25.0
47,47,14,378.8,10,288.7,0,0,4.62047521461,7,5,2,192.7,133.0,53.1,6,2,2,168.0,67.6,53.1
48,48,14,394.2,10,299.1,0,0,4.04050916169,7,5,2,196.0,148.0,50.2,5,4,1,147.9,124.0,27.2
49,49,12,358.0,12,358.0,0,0,3.04103252003,7,4,1,208.6,123.2,26.2,7,4,1,208.6,123.2,26.2
50,50,12,341.3,10,293.6,0,0,2.84779287211,5,5,2,140.7,146.5,54.1,4,5,1,117.7,146.5,29.4
51,51,13,368.1,11,320.1,0,0,2.95320338893,7,5,1,187.8,155.9,24.4,6,5,0,164.2,155.9,0
52,52,15,421.7,10,300.9,0,0,3.62547862193,8,5,2,216.3,145.1,60.3,5,3,2,143.1,97.5,60.3
53,53,11,321.6,10,298.2,0,0,3.01438973169,6,3,2,171.8,88.7,61.1,6,2,2,171.8,65.3,61.1
54,54,14,396.8,10,308.1,0,0,4.67212919436,7,6,1,185.0,177.1,34.7,4,5,1,121.0,152.4,34.7
55,55,16,466.9,14,423.5,1,19.8,3.9562977222,8,6,2,235.1,174.6,57.2,7,5,2,211.5,154.8,57.2
56,56,15,435.2,13,391.9,1,19.8,3.90217277692,8,5,2,226.5,144.3,64.4,7,4,2,203.0,124.5,64.4
57,57,15,436.2,12,365.9,0,0,4.46097362851,8,5,2,227.0,154.5,54.7,6,5,1,180.3,154.5,31.1
58,58,17,478.6,13,389.3,0,0,4.05834289567,9,6,2,251.3,168.5,58.8,7,4,2,205.1,125.4,58.8
59,59,17,506.3,13,413.1,0,0,4.76067685499,9,6,2,249.3,190.5,66.5,5,6,2,156.1,190.5,66.5
60,60,15,430.1,9,287.2,0,0,5.26992364632,8,5,2,234.6,148.1,47.4,6,3,0,188.4,98.8,0
61,61,17,465.2,12,360.8,2,38.7,4.96272873232,9,6,2,249.0,166.3,49.9,6,5,1,186.9,145.7,28.2
62,62,16,431.2,10,301.5,2,38.7,4.69964537669,8,6,2,212.7,165.0,53.5,4,5,1,127.3,144.4,29.8
63,63,14,364.8,7,210.7,1,18.7,4.76892413052,7,5,2,188.4,120.3,56.1,4,2,1,119.7,57.1,33.9
64,64,16,436.3,12,357.9,3,57.0,5.11621197763,9,5,2,235.9,148.5,51.9,6,5,1,176.4,148.5,33.0
65,65,17,488.3,14,418.6,0,0,3.8704859856,9,6,2,247.5,183.7,57.1,7,6,1,202.7,183.7,32.2
66,66,16,473.1,16,473.1,0,0,3.6180508104,8,6,2,228.7,188.4,56.0,8,6,2,228.7,188.4,56.0
67,67,16,460.0,13,388.4,0,0,3.86229638082,8,6,2,226.3,180.9,52.8,7,5,1,202.2,157.8,28.4
68,68,16,461.3,13,391.4,0,0,4.0803135092,8,6,2,223.2,182.8,55.3,6,5,2,176.3,159.8,55.3
69,69,16,469.5,16,469.5,0,0,3.68383292238,8,6,2,226.7,184.3,58.5,8,6,2,226.7,184.3,58.5
70,70,16,464.7,14,417.2,0,0,3.95962435087,8,6,2,223.8,183.8,57.1,7,5,2,201.1,159.0,57.1
71,71,14,404.1,11,332.4,0,0,4.15388736243,7,5,2,201.5,147.7,54.9,6,4,1,177.3,123.4,31.7
72,72,14,413.3,13,389.7,0,0,4.11660400955,7,5,2,202.2,154.9,56.2,7,5,1,202.2,154.9,32.6
73,73,16,461.9,13,393.1,0,0,4.42699578345,8,6,2,223.8,179.1,59.0,6,5,2,177.7,156.4,59.0
74,74,15,447.5,14,423.1,0,0,3.79410570428,7,6,2,201.4,187.3,58.8,6,6,2,177.0,187.3,58.8
75,75,15,446.1,14,423.2,0,0,4.28765670268,7,6,2,197.1,189.6,59.4,7,5,2,197.1,166.7,59.4
76,76,15,447.9,14,424.3,0,0,3.99764216222,7,6,2,201.2,184.9,61.8,7,5,2,201.2,161.3,61.8
77,77,16,464.0,13,393.7,0,0,4.14053136687,8,6,2,226.8,177.2,60.0,7,4,2,203.6,130.1,60.0
78,78,13,401.8,12,378.5,0,0,3.97753305841,7,4,2,204.4,138.4,59.0,6,4,2,181.1,138.4,59.0
79,79,13,396.6,12,374.3,0,0,4.12299679409,6,5,2,180.5,156.8,59.3,6,4,2,180.5,134.5,59.3
80,80,13,385.6,12,360.9,0,0,4.14860186519,6,5,2,172.0,152.1,61.5,5,5,2,147.3,152.1,61.5
81,81,12,351.1,9,281.6,0,0,4.72333825196,6,4,2,168.9,121.0,61.2,4,3,2,122.6,97.8,61.2
82,82,11,326.9,9,282.3,0,0,5.04535790243,5,5,1,139.4,150.9,36.6,3,5,1,94.8,150.9,36.6
83,83,14,391.2,8,252.5,0,0,5.09157891269,8,5,1,204.8,150.5,35.9,3,4,1,89.3,127.3,35.9
84,84,13,377.6,11,331.6,0,0,4.34043303996,8,4,1,216.5,124.8,36.3,6,4,1,170.5,124.8,36.3
85,85,16,443.2,11,333.5,0,0,4.86525093563,8,6,2,219.7,165.1,58.4,6,4,1,175.6,123.2,34.7
86,86,15,443.8,14,423.6,0,0,4.17353338939,7,6,2,208.6,176.3,58.9,7,5,2,208.6,156.1,58.9
87,87,13,394.3,13,394.3,0,0,3.45769302074,7,4,2,208.9,121.5,63.9,7,4,2,208.9,121.5,63.9
88,88,14,389.2,9,277.2,0,0,4.86968645334,7,5,2,189.6,143.1,56.5,5,3,1,145.9,98.1,33.2
89,89,17,456.8,10,297.7,0,0,4.06198299878,9,6,2,240.5,161.7,54.6,4,4,2,125.5,117.6,54.6
90,90,17,445.1,10,294.6,1,18.2,4.5405444737,9,6,2,220.8,167.8,56.5,4,4,2,112.5,125.6,56.5
91,91,17,466.0,12,358.5,2,38.3,4.76797681844,9,6,2,239.2,171.8,55.0,6,5,1,175.0,152.6,30.9
92,92,15,437.6,12,366.3,0,0,4.02323016398,8,5,2,230.7,146.1,60.8,6,4,2,183.3,122.2,60.8
93,93,14,422.8,13,400.1,0,0,4.40034963646,7,5,2,198.2,162.9,61.7,6,5,2,175.5,162.9,61.7
94,94,15,432.0,10,313.2,0,0,5.04054985663,8,5,2,213.9,159.7,58.4,4,4,2,118.1,136.7,58.4
95,95,14,404.5,13,381.4,0,0,3.13797197755,8,4,2,226.0,121.8,56.7,7,4,2,202.9,121.8,56.7
96,96,14,403.9,11,333.0,0,0,3.93968956216,7,5,2,195.8,153.0,55.1,5,5,1,148.6,153.0,31.4
97,97,16,467.9,13,396.4,0,0,3.85192051666,8,6,2,243.2,177.6,47.1,7,6,0,218.8,177.6,0
98,98,15,412.4,10,302.5,0,0,5.36422896426,8,4,3,216.3,110.4,85.7,5,3,2,149.0,89.5,64.0
99,99,16,440.5,11,326.3,0,0,4.57481784701,8,5,3,214.4,141.5,84.6,5,3,3,147.2,94.5,84.6
100,100,16,470.0,13,396.7,0,0,3.70288176065,8,5,3,238.1,149.7,82.2,7,4,2,214.2,125.0,57.5
101,101,13,366.0,8,245.2,0,0,4.21497635118,5,5,3,140.2,142.9,82.9,3,3,2,92.8,94.1,58.3
102,102,16,423.3,10,294.9,1,17.4,4.75085518617,8,5,3,209.1,132.6,81.6,5,3,2,142.9,92.6,59.4
103,103,14,345.7,5,145.6,0,0,3.81322885305,8,3,3,199.4,77.7,68.6,3,1,1,86.1,33.0,26.5
104,104,13,347.5,9,251.3,0,0,2.41087280716,6,4,3,163.8,105.9,77.8,5,2,2,139.9,58.5,52.9
105,105,15,403.9,11,315.4,1,19.3,3.89532075823,7,5,3,190.1,135.3,78.5,6,3,2,166.5,95.3,53.6
106,106,15,402.2,11,317.9,1,19.8,4.34361052363,7,5,3,184.0,136.5,81.7,5,3,3,140.7,95.5,81.7
107,107,16,434.2,10,303.5,1,19.0,5.19048809522,8,5,3,211.9,145.1,77.2,5,3,2,149.5,100.2,53.8
108,108,17,446.8,13,368.9,3,54.7,4.64249869334,9,5,3,231.9,137.6,77.3,6,4,3,171.2,120.4,77.3
109,109,17,466.8,13,382.3,2,38.3,4.60978020402,9,5,3,243.9,141.0,81.9,8,3,2,224.7,99.9,57.7
110,110,17,463.1,12,348.9,1,18.9,3.79918721958,9,5,3,241.7,144.9,76.5,7,3,2,198.7,96.7,53.5
111,111,17,438.6,8,240.3,1,18.6,4.50152751852,9,5,3,225.6,133.5,79.5,4,3,1,117.4,91.0,31.9
112,112,17,456.1,12,346.5,1,17.4,4.10026900122,9,5,3,242.1,128.8,85.2,6,3,3,174.4,86.9,85.2
113,113,17,452.1,11,326.6,2,36.7,5.22188550576,9,5,3,236.5,126.8,88.8,5,3,3,149.8,88.0,88.8
114,114,17,449.9,10,298.3,2,36.4,5.2034773441,9,5,3,235.8,124.9,89.2,5,2,3,147.2,61.9,89.2
115,115,17,445.3,11,317.7,2,36.4,4.54236592926,9,5,3,233.0,126.8,85.5,5,3,3,144.8,87.4,85.5
116,116,15,408.1,12,339.4,0,0,3.10171995297,8,4,3,220.9,110.8,76.4,7,3,2,196.8,88.7,53.9
117,117,15,421.3,12,350.9,0,0,3.47292932483,9,4,2,244.1,117.8,59.4,6,4,2,173.7,117.8,59.4
118,118,15,390.9,11,302.2,0,0,2.93788067442,8,4,3,209.5,107.9,73.5,6,3,2,164.6,85.1,52.5
119,119,17,452.7,9,273.0,1,17.4,4.64310842888,9,5,3,239.7,127.8,85.2,5,2,2,148.8,61.8,62.4
120,120,17,455.3,14,395.6,2,36.7,4.40258947866,9,5,3,248.6,127.9,78.8,7,4,3,207.4,109.4,78.8
121,121,17,457.6,12,346.7,1,17.4,4.36194269995,9,5,3,246.3,127.9,83.4,7,3,2,201.6,85.6,59.5
122,122,17,439.8,9,275.7,2,36.0,6.02367876653,9,5,3,241.0,117.9,80.9,5,2,2,158.3,59.1,58.3
123,123,17,460.0,11,330.7,1,17.4,5.26213583342,9,5,3,254.8,128.4,76.8,6,3,2,186.6,88.7,55.4
124,124,17,456.0,12,350.7,2,36.4,4.54581255275,9,5,3,248.0,125.7,82.3,6,3,3,182.9,85.5,82.3
125,125,17,475.0,13,393.7,2,36.9,4.99725660032,9,5,3,256.5,128.3,90.2,7,3,3,217.2,86.3,90.2
126,126,17,460.0,12,346.4,1,18.3,4.01482546687,9,5,3,251.2,124.4,84.4,7,3,2,204.1,82.6,59.7
127,127,17,469.7,14,403.4,0,0,3.87939504077,9,5,3,249.1,138.7,81.9,7,4,3,205.5,116.0,81.9
128,128,18,491.1,13,379.7,1,19.0,4.16077622849,10,5,3,268.8,130.8,91.5,7,3,3,200.4,87.8,91.5
129,129,18,487.9,13,379.0,1,16.6,4.60006038608,10,5,3,265.7,133.1,89.1,7,3,3,195.0,94.9,89.1
130,130,18,470.9,11,316.0,1,18.3,4.09679054999,10,5,3,258.2,129.3,83.4,6,3,2,171.2,84.0,60.8
131,131,18,473.6,11,311.6,0,0,3.48186712739,10,5,3,250.3,133.8,89.5,5,3,3,137.7,84.4,89.5
132,132,18,482.2,12,345.9,0,0,3.33817295729,10,5,3,258.1,139.0,85.1,5,4,3,146.2,114.6,85.1
133,133,18,489.0,13,383.4,1,16.9,4.56044373486,10,5,3,255.4,146.5,87.1,6,4,3,171.0,125.3,87.1
134,134,18,486.9,14,406.1,1,16.9,4.27802180783,10,5,3,255.5,145.7,85.7,7,4,3,195.9,124.5,85.7
135,135,16,431.1,12,345.1,1,16.9,4.10576322584,10,3,3,258.6,88.2,84.3,6,3,3,172.6,88.2,84.3
136,136,15,408.3,9,268.8,0,0,4.29288447816,9,4,2,228.9,110.7,68.7,4,3,2,113.8,86.3,68.7
137,137,13,359.4,10,286.6,0,0,2.84124837135,8,2,3,212.7,55.2,91.5,5,2,3,139.9,55.2,91.5
138,138,14,409.6,12,363.1,0,0,3.87927715029,7,4,3,197.1,121.7,90.8,6,4,2,174.1,121.7,67.3
139,139,13,383.5,10,310.4,0,0,4.44390969005,6,4,3,169.0,127.9,86.6,5,3,2,144.9,103.6,61.9
140,140,17,467.5,11,330.7,0,0,4.05169717526,9,5,3,249.8,131.7,86.0,7,2,2,207.4,60.9,62.4
141,141,15,418.8,11,325.5,0,0,4.09933792564,7,5,3,198.4,133.0,87.4,5,3,3,151.0,87.1,87.4
142,142,13,371.6,10,306.1,0,0,4.91593432182,6,4,3,160.3,121.0,90.3,4,3,3,115.1,100.7,90.3
143,143,17,475.4,13,391.3,1,18.7,4.62330255019,9,5,3,262.7,128.2,84.5,8,3,2,240.5,88.8,62.0
144,144,14,391.3,11,322.9,0,0,3.18813907621,8,3,3,232.1,78.9,80.3,7,2,2,209.9,56.6,56.4
145,145,12,345.4,11,322.5,0,0,3.80259082333,5,4,3,141.9,118.8,84.7,5,4,2,141.9,118.8,61.8
146,146,12,352.7,10,305.8,0,0,4.30421745254,5,4,3,138.2,111.7,102.8,4,3,3,114.3,88.7,102.8
147,147,13,357.2,9,261.0,0,0,3.01611058765,7,3,3,185.5,85.0,86.7,3,3,3,89.3,85.0,86.7
148,148,12,350.1,10,303.0,0,0,4.12886182864,6,4,2,175.6,116.8,57.7,4,4,2,128.5,116.8,57.7
149,149,12,356.2,11,334.0,0,0,4.21055671839,5,4,3,142.8,119.8,93.6,4,4,3,120.6,119.8,93.6
150,150,14,388.5,11,319.0,0,0,3.99879789629,8,3,3,217.9,87.8,82.8,6,2,3,171.3,64.9,82.8
151,151,14,383.7,10,293.5,0,0,3.77531746718,6,5,3,158.3,137.5,87.9,4,3,3,114.0,91.6,87.9
152,152,14,402.9,13,379.2,0,0,3.17227862086,7,5,2,205.0,139.1,58.8,7,4,2,205.0,115.4,58.8
153,153,16,433.5,9,270.0,0,0,4.32164609842,9,4,3,227.8,112.6,93.1,5,2,2,136.9,64.8,68.3
154,154,13,375.5,12,352.7,0,0,3.25470074248,7,4,2,205.1,107.5,62.9,6,4,2,182.3,107.5,62.9
155,155,14,397.1,11,324.6,0,0,3.84559831153,7,4,3,189.0,122.5,85.6,6,3,2,165.1,98.5,61.0
156,156,13,366.0,10,294.9,0,0,3.77814226497,7,4,2,191.2,115.3,59.5,5,3,2,143.8,91.6,59.5
157,157,12,346.9,9,276.1,0,0,3.9964662421,6,3,3,160.9,101.7,84.3,4,3,2,114.4,101.7,60.0
158,158,14,390.8,11,320.3,0,0,4.01800891044,7,4,3,193.2,115.6,82.0,6,2,3,168.6,69.7,82.0
159,159,17,464.6,11,328.0,1,19.7,4.57776756535,9,5,3,238.2,127.9,98.5,5,3,3,146.4,83.1,98.5
160,160,14,422.5,13,399.5,0,0,3.25107758974,7,4,3,208.7,115.3,98.5,7,3,3,208.7,92.3,98.5
161,161,13,369.0,10,300.2,0,0,4.49682223981,8,3,2,220.1,85.6,63.3,6,2,2,175.1,61.8,63.3
162,162,16,455.2,13,386.9,0,0,3.852791196,8,5,3,218.4,148.7,88.1,5,5,3,150.1,148.7,88.1
163,163,14,382.8,9,269.1,0,0,4.41879104345,9,2,3,239.9,65.8,77.1,5,2,2,149.9,65.8,53.4
164,164,15,388.9,8,232.5,1,19.2,3.87509754102,9,3,3,216.1,83.2,89.6,3,2,3,83.9,59.0,89.6
165,165,16,423.5,11,316.2,1,19.2,4.50210598868,8,5,3,198.9,128.5,96.1,5,3,3,135.3,84.8,96.1
166,166,17,449.0,10,293.2,0,0,4.35228134904,9,5,3,234.3,117.6,97.1,6,1,3,168.0,28.1,97.1
167,167,17,427.7,9,254.2,3,57.3,4.02244621212,9,5,3,227.0,119.4,81.3,5,2,2,142.6,54.3,57.3
168,168,17,451.1,9,270.0,0,0,4.47687686569,9,5,3,221.0,135.4,94.7,3,3,3,86.7,88.6,94.7
169,169,17,454.1,12,340.0,0,0,3.80343304676,9,5,3,233.8,136.5,83.8,6,3,3,165.7,90.5,83.8
170,170,16,419.7,10,289.2,2,39.4,4.43977758452,8,5,3,200.7,133.6,85.4,4,3,3,109.6,94.2,85.4
171,171,16,426.0,9,267.5,1,20.0,4.15796424548,8,5,3,200.0,132.5,93.5,3,3,3,85.7,88.3,93.5
172,172,13,365.9,10,297.6,1,20.0,3.71721566602,6,4,3,173.0,103.3,89.6,5,2,3,148.6,59.4,89.6
173,173,16,439.6,11,324.5,0,0,3.93234450847,8,5,3,212.4,131.3,95.9,5,3,3,142.4,86.2,95.9
174,174,16,420.4,10,287.6,2,36.5,4.34304040967,8,5,3,221.5,122.1,76.8,6,3,1,172.7,85.6,29.3
175,175,16,436.2,12,344.3,1,19.1,3.687614405,8,5,3,215.6,134.2,86.4,5,4,3,142.8,115.1,86.4
176,176,16,420.6,8,232.5,0,0,3.59274732389,8,5,3,210.6,127.4,82.6,4,2,2,117.3,57.5,57.7
177,177,16,420.9,9,266.8,1,19.8,4.50991038344,8,5,3,206.3,138.4,76.2,4,3,2,115.1,95.3,56.4
178,178,16,416.7,8,239.8,1,19.9,4.57631128749,8,5,3,186.7,138.4,91.6,2,3,3,53.0,95.2,91.6
179,179,16,405.2,9,258.1,3,54.5,4.58526625908,8,5,3,194.2,123.9,87.1,3,3,3,81.8,89.2,87.1
180,180,16,424.0,12,341.7,1,16.7,4.20824587368,8,5,3,202.7,137.2,84.1,6,3,3,164.3,93.3,84.1
181,181,16,421.2,10,303.6,4,73.2,5.86088730484,8,5,3,199.5,134.7,87.0,4,3,3,118.4,98.2,87.0
182,182,16,426.8,11,316.7,0,0,4.47206141878,8,5,3,199.2,144.7,82.9,4,4,3,110.3,123.5,82.9
183,183,16,448.5,13,384.1,0,0,4.28061035368,8,5,3,210.1,145.9,92.5,6,4,3,166.9,124.7,92.5
184,184,15,410.5,11,321.4,0,0,4.00636398508,7,5,3,186.2,133.1,91.2,5,3,3,138.7,91.5,91.2
185,185,11,316.2,10,291.4,0,0,3.54580417856,5,4,2,139.8,110.7,65.7,4,4,2,115.0,110.7,65.7
186,186,16,418.9,8,235.5,0,0,4.35204453868,8,5,3,200.2,127.4,91.3,4,2,2,110.6,58.1,66.8
187,187,16,443.9,13,373.3,0,0,3.03731652395,8,5,3,228.1,129.3,86.5,8,2,3,228.1,58.7,86.5
188,188,13,370.2,12,346.5,0,0,2.44033940473,6,4,3,166.6,113.8,89.8,5,4,3,142.9,113.8,89.8
189,189,11,317.6,10,293.5,0,0,3.14136623433,6,2,3,176.3,58.3,83.0,6,2,2,176.3,58.3,58.9
190,190,15,417.6,11,323.7,0,0,3.91750649557,7,5,3,190.4,134.7,92.5,4,4,3,118.0,113.2,92.5
191,191,16,426.9,9,263.3,0,0,3.82730867146,8,5,3,201.2,133.8,91.9,3,3,3,82.5,88.9,91.9
192,192,14,378.6,10,288.0,1,20.0,3.74878734972,8,3,3,207.8,84.5,86.3,5,2,3,141.6,60.1,86.3
193,193,16,410.5,7,203.4,0,0,3.84100138853,8,5,3,192.2,135.3,83.0,1,4,2,30.4,114.0,59.0
194,194,16,428.8,10,292.5,0,0,4.21489422564,8,5,3,205.0,132.1,91.7,4,3,3,116.0,84.8,91.7
195,195,11,320.7,10,296.6,0,0,3.98707001101,6,2,3,162.6,60.6,97.5,5,2,3,138.5,60.6,97.5
196,196,12,331.6,11,307.0,0,0,2.19019855195,6,3,3,167.5,81.8,82.3,5,3,3,142.9,81.8,82.3
197,197,11,315.0,10,291.4,0,0,2.34319129704,5,3,3,146.9,81.8,86.3,5,2,3,146.9,58.2,86.3
198,198,13,352.9,10,282.4,0,0,2.83331825034,6,4,3,155.2,111.3,86.4,4,3,3,107.1,88.9,86.4
199,199,12,354.0,12,354.0,0,0,2.85179369393,7,3,2,203.9,90.9,59.2,7,3,2,203.9,90.9,59.2
200,200,15,390.5,8,232.3,0,0,4.22165618595,8,4,3,217.3,99.5,73.7,5,2,1,149.0,54.7,28.6
201,201,15,405.1,11,313.6,0,0,3.43749632034,7,5,3,181.6,136.6,86.9,4,4,3,111.0,115.7,86.9
202,202,16,424.0,10,289.0,0,0,3.93649590372,8,5,3,211.9,131.7,80.4,5,3,2,143.8,88.1,57.1
203,203,13,347.8,9,260.5,0,0,3.91633659275,8,3,2,209.8,83.1,54.9,4,3,2,122.5,83.1,54.9
204,204,12,323.7,8,231.7,0,0,3.52784379164,6,4,2,159.6,106.2,57.9,3,3,2,92.2,81.6,57.9
205,205,13,370.4,9,277.9,0,0,4.23467069528,6,4,3,171.3,118.1,81.0,4,3,2,124.7,94.9,58.3
206,206,12,344.6,10,295.4,0,0,2.99175635047,6,3,3,170.8,88.2,85.6,5,3,2,146.2,88.2,61.0
207,207,12,341.1,11,317.8,0,0,3.04126917286,6,4,2,176.2,105.4,59.5,6,3,2,176.2,82.1,59.5
208,208,16,437.2,11,326.0,0,0,4.55477771137,9,4,3,237.5,118.2,81.5,5,4,2,150.2,118.2,57.6
209,209,17,445.7,9,260.9,0,0,4.51902026081,9,5,3,231.2,138.0,76.5,4,3,2,116.0,91.2,53.7
210,210,17,463.4,12,349.7,0,0,3.71938483212,9,5,3,233.5,143.3,86.6,5,4,3,142.7,120.4,86.6
211,211,16,425.4,9,265.3,0,0,3.92596060432,9,4,3,225.2,115.7,84.5,3,3,3,89.8,91.0,84.5
212,212,12,355.1,10,309.0,0,0,4.29766497559,6,3,3,158.4,100.8,95.9,4,3,3,112.3,100.8,95.9
213,213,14,396.5,10,300.4,0,0,3.74621420625,6,5,3,164.0,148.4,84.1,4,4,2,116.0,125.0,59.4
214,214,14,400.6,13,377.3,0,0,4.23862407698,7,4,3,182.5,136.9,81.2,6,4,3,159.2,136.9,81.2
215,215,15,398.3,8,241.5,1,18.4,4.9487179677,8,4,3,186.0,132.4,79.9,2,4,2,52.7,132.4,56.4
216,216,16,434.2,10,293.8,0,0,4.2063246031,9,4,3,225.4,122.7,86.1,4,4,2,109.8,122.7,61.3
217,217,15,389.6,7,200.3,0,0,3.41184212218,8,4,3,202.6,103.3,83.7,3,3,1,84.2,81.8,34.3
218,218,16,415.9,9,254.9,0,0,3.10579431601,8,5,3,198.7,138.0,79.2,3,4,2,84.0,114.5,56.4
219,219,16,441.5,14,398.5,0,0,3.66596394781,8,5,3,203.7,146.5,91.3,6,5,3,160.7,146.5,91.3
220,220,16,441.5,14,392.4,0,0,2.82240293603,8,5,3,208.0,151.1,82.4,6,5,3,158.9,151.1,82.4
221,221,13,366.2,10,295.0,0,0,3.69129259551,6,4,3,167.7,103.1,95.4,5,2,3,143.2,56.4,95.4
222,222,16,441.1,13,367.7,0,0,3.26266123484,8,5,3,217.9,136.2,87.0,5,5,3,144.5,136.2,87.0
223,223,12,331.2,10,282.6,0,0,2.35835073342,6,3,3,159.2,86.8,85.2,4,3,3,110.6,86.8,85.2
224,224,12,355.5,11,332.6,0,0,3.06864642947,7,2,3,203.2,61.2,91.1,6,2,3,180.3,61.2,91.1
225,225,15,410.7,8,245.7,0,0,4.17906346309,8,4,3,196.5,126.8,87.4,2,4,2,56.0,126.8,62.9
226,226,15,398.0,11,311.1,0,0,3.68310169494,7,5,3,184.0,125.5,88.5,5,3,3,139.7,82.9,88.5
227,227,16,431.6,10,293.7,0,0,3.56791255498,9,4,3,242.3,100.7,88.6,5,2,3,149.0,56.1,88.6
228,228,17,461.8,11,323.0,0,0,3.94698321134,9,5,3,240.9,129.3,91.6,5,3,3,145.5,85.9,91.6
229,229,14,354.4,7,194.8,0,0,3.28232027286,9,2,3,228.7,52.1,73.6,4,1,2,113.7,30.8,50.3
230,230,14,351.0,6,170.0,0,0,3.73433725382,8,3,3,192.6,74.4,84.0,2,2,2,55.4,53.1,61.5
231,231,9,233.1,5,143.6,0,0,4.35086198356,2,4,3,53.4,101.6,78.1,2,2,1,53.4,55.3,34.9
232,232,10,248.2,4,110.9,0,0,3.08537770063,3,4,3,72.7,98.1,77.4,1,1,2,26.5,27.8,56.6
233,233,9,242.2,5,147.5,0,0,3.73779495306,3,3,3,73.5,81.2,87.5,1,2,2,26.4,56.3,64.8
234,234,3,98.8,3,98.8,0,0,2.67644042215,2,0,1,66.6,0,32.2,2,0,1,66.6,0,32.2
235,235,14,441.9,12,399.8,0,0,5.52485393373,6,5,3,192.7,153.4,95.8,5,4,3,171.6,132.4,95.8
236,236,15,485.6,12,418.2,0,0,5.89436373237,7,5,3,239.2,153.1,93.3,6,3,3,217.6,107.3,93.3
237,237,16,472.8,13,409.3,1,19.4,5.16552675597,8,5,3,236.3,143.8,92.7,6,4,3,193.9,122.7,92.7
238,238,17,479.7,12,372.3,1,16.9,5.22688187332,9,5,3,255.9,147.3,76.5,7,4,1,216.1,126.5,29.7
239,239,17,487.9,13,402.5,1,16.7,5.34918218048,9,5,3,254.8,144.4,88.7,7,3,3,214.4,99.4,88.7
240,240,17,511.6,12,404.0,1,17.1,6.8247225757,9,5,3,291.1,141.3,79.2,8,3,1,274.0,99.6,30.4
