,e_id,num_sat,sum_snr,num_sat_25,sum_snr_25,num_sat_u20,sum_sat_u20,snr_std,elev_0_30,elev_30_60,elev_60_90,sum_elev_0_30,sum_elev_30_60,sum_elev_60_90,elev_0_30_25,elev_30_60_25,elev_60_90_25,sum_elev_0_30_25,sum_elev_30_60_25,sum_elev_60_90_25
1,1,16,437.7,10,293.8,0,0,3.4308344466,6,5,5,159.9,140.2,137.6,2,4,4,63.0,117.2,113.6
2,2,13,344.8,8,233.8,0,0,4.24738230093,4,6,3,116.8,140.6,87.4,4,1,3,116.8,29.6,87.4
3,3,11,330.4,11,330.4,0,0,1.46374364373,4,3,4,120.1,92.5,117.8,4,3,4,120.1,92.5,117.8
4,4,13,385.0,11,338.4,0,0,3.87939990072,5,5,3,145.6,150.4,89.0,4,4,3,121.5,127.9,89.0
5,5,11,305.6,9,259.4,0,0,2.54276156248,3,5,3,81.9,136.8,86.9,2,4,3,58.8,113.7,86.9
6,6,13,349.4,9,259.3,0,0,3.62402948989,4,6,3,98.7,170.8,79.9,1,6,2,30.0,170.8,58.5
7,7,12,333.3,8,238.0,0,0,3.66980925935,4,5,3,111.2,141.5,80.6,2,3,3,63.0,94.4,80.6
8,8,12,331.7,11,307.2,0,0,1.89470954038,5,5,2,129.2,143.7,58.8,4,5,2,104.7,143.7,58.8
9,9,13,343.9,10,280.6,0,0,3.76621281586,5,4,4,128.3,111.6,104.0,4,4,2,107.2,111.6,61.8
10,10,11,302.0,8,237.2,0,0,4.11615442771,4,4,3,100.8,111.1,90.1,2,3,3,57.4,89.7,90.1
11,11,12,339.2,9,269.4,0,0,3.62499738767,3,5,4,77.4,146.1,115.7,1,5,3,28.5,146.1,94.8
12,12,17,430.9,9,246.9,0,0,2.80849551519,7,6,4,175.4,153.2,102.3,4,3,2,107.8,82.5,56.6
13,13,15,386.6,8,224.9,0,0,3.46584697269,6,5,4,145.2,130.0,111.4,3,2,3,78.7,56.3,89.9
14,14,14,372.4,8,229.8,0,0,3.40271384904,4,6,4,105.1,162.7,104.6,2,5,1,56.3,140.0,33.5
15,15,14,370.9,8,234.7,0,0,4.14329194384,5,5,4,119.4,145.2,106.3,2,4,2,54.1,121.9,58.7
16,16,11,315.8,9,271.3,0,0,4.10522948091,4,5,2,107.8,141.2,66.8,3,4,2,86.6,117.9,66.8
17,17,16,418.3,9,255.8,0,0,3.1799305548,6,6,4,149.9,162.7,105.7,3,4,2,81.6,115.3,58.9
18,18,14,387.6,10,290.9,0,0,3.27528205312,5,5,4,132.1,145.2,110.3,3,4,3,84.3,120.4,86.2
19,19,13,361.1,9,266.6,0,0,3.829524306,4,5,4,108.8,144.7,107.6,3,3,3,84.0,97.3,85.3
20,20,14,383.7,10,287.7,0,0,3.04642647798,6,4,4,163.1,112.4,108.2,4,4,2,115.0,112.4,60.3
21,21,14,356.9,9,245.2,0,0,3.03960126072,5,6,3,130.1,159.6,67.2,2,6,1,60.6,159.6,25.0
22,22,14,373.6,8,233.2,0,0,3.47847383486,5,6,3,130.2,164.4,79.0,2,5,1,61.2,142.2,29.8
23,23,14,374.9,8,240.8,0,0,4.81554830674,5,6,3,130.1,165.3,79.5,2,4,2,61.5,122.5,56.8
24,24,12,332.6,8,242.0,0,0,4.54249297459,4,5,3,106.0,149.0,77.6,2,4,2,61.0,125.7,55.3
25,25,12,323.2,7,210.0,0,0,4.5699280546,3,6,3,78.9,169.4,74.9,1,5,1,33.1,148.8,28.1
26,26,10,282.2,8,237.5,0,0,3.89324200806,2,5,3,53.6,151.2,77.4,1,5,2,31.3,151.2,55.0
27,27,13,354.9,11,305.3,0,0,2.09722038263,4,6,3,106.7,164.7,83.5,3,5,3,82.0,139.8,83.5
28,28,13,366.7,12,342.5,0,0,2.42709069274,6,5,2,165.0,144.8,56.9,5,5,2,140.8,144.8,56.9
29,29,13,364.6,10,293.5,0,0,3.57155787312,5,6,2,129.1,176.6,58.9,2,6,2,58.0,176.6,58.9
30,30,14,388.4,12,340.2,0,0,3.03763933792,6,6,2,161.4,170.4,56.6,5,5,2,137.5,146.1,56.6
31,31,10,287.5,9,263.2,0,0,3.26573115856,2,4,4,60.1,119.1,108.3,2,4,3,60.1,119.1,84.0
32,32,13,353.9,9,260.0,0,0,3.849492141,4,6,3,108.8,160.2,84.9,2,4,3,59.7,115.4,84.9
33,33,16,424.1,10,292.4,0,0,4.4781646166,6,6,4,156.8,170.3,97.0,4,4,2,114.3,125.2,52.9
34,34,16,423.0,9,263.3,1,19.9,4.0066403216,6,6,4,149.0,158.2,115.8,3,3,3,82.5,88.4,92.4
35,35,15,402.9,11,313.9,0,0,3.69223122631,6,6,3,155.3,173.1,74.5,4,5,2,112.0,151.1,50.8
36,36,14,403.6,12,358.1,0,0,3.45173948822,5,6,3,142.0,180.4,81.2,4,5,3,119.7,157.2,81.2
37,37,16,428.4,8,246.6,0,0,4.84128082226,6,6,4,156.3,174.8,97.3,3,4,1,87.6,126.9,32.1
38,38,18,459.2,7,204.7,0,0,3.77637997977,8,6,4,197.6,167.0,94.6,3,3,1,84.3,94.6,25.8
39,39,11,321.5,11,321.5,0,0,2.23028738466,3,5,3,81.3,151.9,88.3,3,5,3,81.3,151.9,88.3
40,40,13,374.4,13,374.4,0,0,2.21960957528,4,5,4,107.8,148.0,118.6,4,5,4,107.8,148.0,118.6
41,41,13,371.4,12,347.8,0,0,3.3124473871,4,5,4,106.6,155.1,109.7,3,5,4,83.0,155.1,109.7
42,42,13,375.7,11,327.5,0,0,3.90811122326,4,5,4,101.7,159.8,114.2,2,5,4,53.5,159.8,114.2
43,43,15,396.2,10,281.9,0,0,3.38248992537,5,6,4,129.6,165.6,101.0,3,4,3,83.6,119.6,78.7
44,44,14,376.7,9,262.2,0,0,4.11572300139,6,5,3,155.6,144.2,76.9,4,4,1,110.9,119.9,31.4
45,45,12,362.8,11,340.2,0,0,4.39034753922,2,5,5,65.5,158.3,139.0,2,5,4,65.5,158.3,116.4
46,46,13,379.0,11,333.5,0,0,4.76280998722,3,6,4,87.1,180.4,111.5,2,6,3,64.1,180.4,89.0
47,47,11,327.1,10,302.5,0,0,3.41621800454,3,5,3,84.2,154.3,88.6,2,5,3,59.6,154.3,88.6
48,48,12,348.2,11,323.6,0,0,3.4495937398,4,5,3,114.8,148.2,85.2,4,4,3,114.8,123.6,85.2
49,49,12,347.8,11,324.6,0,0,3.49878766882,4,5,3,110.6,151.8,85.4,3,5,3,87.4,151.8,85.4
50,50,12,337.9,8,242.9,0,0,4.21241850924,3,6,3,74.2,174.5,89.2,1,5,2,27.3,151.1,64.5
51,51,15,435.6,15,435.6,0,0,2.45874532464,5,6,4,133.9,181.2,120.5,5,6,4,133.9,181.2,120.5
52,52,10,268.7,7,199.9,0,0,3.25714598997,2,5,3,55.2,137.6,75.9,2,4,1,55.2,112.8,31.9
53,53,11,311.2,10,287.1,0,0,2.52802474096,3,5,3,83.3,143.8,84.1,3,4,3,83.3,119.7,84.1
54,54,14,372.2,10,283.4,0,0,3.87930547766,5,5,4,124.1,140.6,107.5,3,4,3,83.1,116.8,83.5
55,55,14,393.4,13,369.2,0,0,2.6188664606,6,5,3,163.3,144.7,85.4,5,5,3,139.1,144.7,85.4
56,56,12,355.0,12,355.0,0,0,2.78464403905,4,5,3,119.4,146.4,89.2,4,5,3,119.4,146.4,89.2
57,57,14,386.2,10,296.0,0,0,4.61049924593,5,6,3,137.9,167.5,80.8,4,4,2,114.8,121.1,60.1
58,58,11,323.0,10,299.1,0,0,3.93707320919,5,4,2,142.0,119.9,61.1,5,3,2,142.0,96.0,61.1
59,59,13,382.3,11,333.9,0,0,4.14496914714,4,5,4,113.8,144.5,124.0,3,4,4,89.2,120.7,124.0
60,60,15,393.0,7,214.2,0,0,4.84546916496,6,5,4,153.5,133.0,106.5,3,2,2,89.7,62.7,61.8
61,61,17,425.9,8,229.6,3,58.9,4.17584088045,7,6,4,176.8,151.4,97.7,3,3,2,92.4,84.8,52.4
62,62,18,431.1,7,203.2,6,111.1,4.83178812352,8,6,4,180.5,153.3,97.3,3,2,2,87.5,60.6,55.1
63,63,19,452.0,9,258.6,6,107.9,5.28665980841,9,6,4,202.4,159.4,90.2,3,5,1,92.6,139.0,27.0
64,64,19,457.2,7,202.5,5,92.0,4.61196638302,9,6,4,206.4,146.7,104.1,3,2,2,86.1,58.7,57.7
65,65,19,464.8,10,275.7,2,31.0,4.20359773505,9,6,4,212.8,156.7,95.3,4,4,2,114.8,110.1,50.8
66,66,19,478.2,11,320.6,5,88.1,5.59534058457,9,6,4,210.1,169.5,98.6,4,5,2,119.2,146.1,55.3
67,67,19,468.0,10,282.7,3,49.7,5.09684571645,9,6,4,194.7,168.3,105.0,2,5,3,56.0,146.0,80.7
68,68,19,494.2,10,305.8,3,52.6,5.88660388196,9,6,4,204.0,175.2,115.0,2,5,3,60.2,154.7,90.9
69,69,18,471.1,9,280.1,3,57.6,5.70529223416,8,6,4,185.1,176.1,109.9,2,4,3,57.5,132.7,89.9
70,70,18,465.8,10,295.2,2,37.2,4.83425954614,8,6,4,197.7,163.8,104.3,3,4,3,95.1,118.3,81.8
71,71,18,471.5,11,320.9,2,37.3,4.91521912889,8,6,4,204.0,164.4,103.1,4,4,3,122.5,119.7,78.7
72,72,18,440.1,8,235.0,4,71.6,5.63562721599,8,6,4,187.2,155.1,97.8,4,2,2,115.6,65.3,54.1
73,73,18,458.9,9,262.2,2,33.7,4.56604761798,8,6,4,195.3,161.6,102.0,3,4,2,91.2,115.0,56.0
74,74,18,451.1,8,239.4,3,56.1,5.19594172961,8,6,4,194.0,151.0,106.1,3,3,2,91.2,88.2,60.0
75,75,18,450.4,9,268.0,4,72.3,5.42971730989,8,6,4,187.8,158.8,103.8,3,3,3,91.0,95.6,81.4
76,76,18,462.5,9,259.9,1,19.7,3.85142788223,8,6,4,186.5,160.7,115.3,2,4,3,51.6,117.9,90.4
77,77,18,452.8,11,305.2,4,76.7,3.9406213637,8,6,4,184.0,164.9,103.9,4,4,3,107.3,117.5,80.4
78,78,18,442.5,7,204.9,3,56.3,4.63366834732,8,6,4,177.4,161.7,103.4,2,3,2,53.3,92.2,59.4
79,79,18,449.0,10,281.0,5,93.5,4.61101267711,8,6,4,179.1,163.2,106.7,2,5,3,52.9,146.2,81.9
80,80,18,462.9,12,339.0,2,37.6,4.28049612298,8,6,4,193.6,164.7,104.6,4,5,3,112.2,144.0,82.8
81,81,18,477.2,12,343.8,1,16.8,4.15563244835,8,6,4,194.2,177.0,106.0,3,5,4,85.2,152.6,106.0
82,82,18,488.8,12,357.2,2,38.2,4.726797476,8,6,4,208.3,177.7,102.8,5,5,2,143.5,158.0,55.7
83,83,18,456.8,11,309.4,3,55.8,4.4228757687,8,6,4,200.6,163.2,93.0,5,5,1,142.7,139.5,27.2
84,84,18,445.0,8,230.4,4,76.0,4.96073471261,8,6,4,199.6,147.8,97.6,3,2,3,93.5,59.3,77.6
85,85,18,454.1,11,314.6,5,92.8,5.10476197009,8,6,4,194.1,160.2,99.8,3,5,3,92.9,141.5,80.2
86,86,18,451.9,8,241.7,3,53.8,5.41875525344,8,6,4,193.8,149.1,109.0,2,3,3,69.3,85.4,87.0
87,87,18,464.8,10,301.6,3,53.0,5.49197870219,8,6,4,194.6,154.2,116.0,3,3,4,98.5,87.1,116.0
88,88,18,463.5,10,293.5,3,55.2,4.83908717693,8,6,4,197.3,155.4,110.8,4,3,3,110.7,94.2,88.6
89,89,18,438.9,7,202.3,3,54.6,4.54510078837,8,6,4,185.6,149.5,103.8,2,2,3,54.7,64.9,82.7
90,90,18,450.5,11,311.3,4,73.8,4.93985062355,8,6,4,190.1,156.0,104.4,5,3,3,134.0,94.0,83.3
91,91,18,452.5,8,240.4,3,55.3,5.36756477688,8,6,4,192.5,166.1,93.9,3,4,1,86.3,124.8,29.3
92,92,18,424.2,7,193.1,5,92.5,4.15465720254,8,6,4,185.9,148.0,90.3,2,4,1,55.7,108.9,28.5
93,93,18,436.7,10,273.4,5,91.6,4.20743583907,8,6,4,189.3,150.8,96.6,3,5,2,82.2,134.0,57.2
94,94,18,428.7,9,247.5,5,88.7,4.51380236217,8,6,4,179.9,146.7,102.1,3,4,2,86.8,107.1,53.6
95,95,18,452.1,11,305.0,2,31.4,4.24641717493,8,6,4,190.0,161.7,100.4,4,5,2,114.0,138.1,52.9
96,96,18,447.0,7,209.5,2,36.1,4.72664537178,8,6,4,188.1,165.6,93.3,2,4,1,63.5,117.0,29.0
97,97,18,472.2,12,338.7,1,18.3,3.47935085223,8,6,4,197.4,171.2,103.6,4,6,2,113.2,171.2,54.3
98,98,18,451.5,10,281.8,3,53.8,4.71121940004,8,6,4,196.0,153.3,102.2,3,4,3,96.5,106.0,79.3
99,99,18,481.7,10,303.2,2,35.1,4.90787349289,8,6,4,200.5,176.0,105.2,3,5,2,95.2,151.8,56.2
100,100,18,466.5,9,268.8,2,32.8,5.16165158247,8,6,4,195.7,176.0,94.8,4,4,1,117.2,126.5,25.1
101,101,18,461.6,11,312.6,2,36.1,4.50714755527,8,6,4,196.0,166.6,99.0,4,5,2,114.9,144.9,52.8
102,102,18,477.5,11,318.9,1,19.9,3.79144634137,8,6,4,205.9,164.8,106.8,4,4,3,117.3,118.8,82.8
103,103,17,463.9,11,327.2,0,0,3.74864681468,8,5,4,206.4,145.3,112.2,3,5,3,92.2,145.3,89.7
104,104,15,423.6,12,352.7,0,0,3.65118376108,6,5,4,166.3,136.8,120.5,5,4,3,142.8,113.1,96.8
105,105,15,437.2,11,342.2,0,0,4.29665429087,5,6,4,139.1,163.1,135.0,3,4,4,91.9,115.3,135.0
106,106,12,357.4,11,334.5,0,0,3.54473574687,3,5,4,77.4,157.6,122.4,2,5,4,54.5,157.6,122.4
107,107,12,357.0,10,309.0,0,0,4.14191435757,3,6,3,82.7,177.9,96.4,3,4,3,82.7,129.9,96.4
108,108,12,355.9,12,355.9,0,0,3.68126913228,3,5,4,86.0,150.3,119.6,3,5,4,86.0,150.3,119.6
109,109,11,335.3,11,335.3,0,0,3.21615241611,3,4,4,89.6,122.5,123.2,3,4,4,89.6,122.5,123.2
110,110,13,370.8,9,276.3,0,0,4.92868370632,4,5,4,103.5,146.1,121.2,1,4,4,32.3,122.8,121.2
111,111,12,329.3,8,242.5,0,0,5.61417982893,4,4,4,98.8,116.7,113.8,1,4,3,32.5,116.7,93.3
112,112,15,422.0,10,301.9,0,0,4.15119030549,6,5,4,152.9,148.3,120.8,2,4,4,57.1,124.0,120.8
113,113,16,441.1,12,349.3,0,0,3.75370372654,6,6,4,174.5,162.2,104.4,5,4,3,152.3,115.7,81.3
114,114,13,390.2,12,366.9,0,0,3.74229122193,3,6,4,87.4,176.8,126.0,2,6,4,64.1,176.8,126.0
115,115,12,353.1,12,353.1,0,0,3.23141539492,2,6,4,58.1,166.4,128.6,2,6,4,58.1,166.4,128.6
116,116,12,349.8,9,277.4,0,0,4.1629316593,2,6,4,59.3,160.7,129.8,2,3,4,59.3,88.3,129.8
117,117,10,310.8,10,310.8,0,0,3.07021533809,1,5,4,29.6,149.3,131.9,1,5,4,29.6,149.3,131.9
118,118,12,354.6,11,330.7,0,0,3.4906368265,3,5,4,87.0,145.7,121.9,3,5,3,87.0,145.7,98.0
119,119,13,375.4,12,351.4,0,0,2.91980417327,4,5,4,107.6,143.0,124.8,3,5,4,83.6,143.0,124.8
120,120,15,445.5,13,397.1,0,0,3.99302964105,5,6,4,135.4,192.4,117.7,4,6,3,111.0,192.4,93.7
121,121,15,431.8,11,338.2,0,0,4.64586862041,6,6,3,163.1,186.0,82.7,3,5,3,93.3,162.2,82.7
122,122,13,379.9,10,308.2,0,0,4.51961536825,3,6,4,77.8,189.5,112.6,2,5,3,55.2,165.3,87.7
123,123,14,420.4,11,351.3,0,0,5.82123811459,6,5,3,159.1,163.8,97.5,4,4,3,113.7,140.1,97.5
124,124,14,399.9,9,280.7,0,0,5.48839434876,6,5,3,151.8,156.9,91.2,3,4,2,81.1,133.2,66.4
125,125,14,421.0,12,372.7,0,0,4.56161721853,6,5,3,162.4,157.3,101.3,4,5,3,114.1,157.3,101.3
126,126,14,421.6,11,350.2,0,0,4.88826808135,5,6,3,136.0,184.2,101.4,3,5,3,87.8,161.0,101.4
127,127,13,386.3,11,338.7,0,0,4.66901955337,5,5,3,133.9,154.6,97.8,4,4,3,110.3,130.6,97.8
128,128,15,440.4,13,394.4,0,0,4.77580210167,5,6,4,136.6,173.2,130.6,4,5,4,113.0,150.8,130.6
129,129,13,384.5,11,335.2,0,0,4.59749095452,5,4,4,137.9,118.4,128.2,5,3,3,137.9,93.9,103.4
130,130,11,328.8,10,304.0,0,0,4.50853735605,4,4,3,105.8,128.7,94.3,3,4,3,81.0,128.7,94.3
131,131,12,358.2,9,286.1,0,0,5.2628198456,4,5,3,106.0,160.6,91.6,2,5,2,58.6,160.6,66.9
132,132,12,375.6,12,375.6,0,0,4.06246678308,5,4,3,141.8,136.5,97.3,5,4,3,141.8,136.5,97.3
133,133,17,500.8,12,382.7,0,0,4.99838209118,8,5,4,223.6,154.8,122.4,3,5,4,105.5,154.8,122.4
134,134,15,420.6,9,275.9,0,0,3.95922070254,7,5,3,189.9,144.6,86.1,3,4,2,92.1,121.0,62.8
135,135,13,361.6,11,314.3,0,0,3.14002286453,6,5,2,170.3,132.4,58.9,5,4,2,147.9,107.5,58.9
136,136,12,359.0,12,359.0,0,0,2.65015722804,4,4,4,116.0,123.9,119.1,4,4,4,116.0,123.9,119.1
137,137,12,340.6,10,294.0,0,0,3.2685368796,4,5,3,116.2,138.9,85.5,4,4,2,116.2,115.9,61.9
138,138,16,449.1,13,380.1,0,0,3.59401701907,6,6,4,160.8,172.9,115.4,4,6,3,114.5,172.9,92.7
139,139,14,389.1,11,319.8,0,0,4.05547384801,6,6,2,164.2,163.2,61.7,5,4,2,141.6,116.5,61.7
140,140,15,430.5,11,336.6,0,0,4.05885275839,7,4,4,190.5,121.7,118.3,4,4,3,120.4,121.7,94.5
141,141,14,398.8,11,325.8,0,0,3.36448810665,6,6,2,168.5,181.9,48.4,5,6,0,143.9,181.9,0
142,142,17,487.1,14,416.6,0,0,3.2724451193,7,6,4,188.8,184.9,113.4,5,6,3,141.9,184.9,89.8
143,143,17,472.9,13,375.2,0,0,2.84390473076,7,6,4,195.8,173.5,103.6,5,6,2,147.1,173.5,54.6
144,144,14,397.5,10,298.8,0,0,3.53411163589,5,6,3,146.2,171.9,79.4,3,5,2,97.0,147.0,54.8
145,145,14,408.0,13,383.5,0,0,3.62951878262,5,5,4,140.9,149.6,117.5,4,5,4,116.4,149.6,117.5
146,146,14,421.2,12,373.3,0,0,4.50552774043,4,6,4,116.2,173.8,131.2,4,4,4,116.2,125.9,131.2
147,147,11,287.7,6,169.8,0,0,3.55706722915,4,4,3,101.0,113.5,73.2,3,2,1,77.3,65.8,26.7
148,148,14,416.3,13,393.4,0,0,3.37721030594,5,5,4,137.8,153.2,125.3,4,5,4,114.9,153.2,125.3
149,149,14,409.8,13,384.9,0,0,2.7161705428,5,5,4,150.1,144.5,115.2,5,5,3,150.1,144.5,90.3
150,150,15,416.1,10,299.7,0,0,4.20676326204,6,5,4,156.1,144.0,116.0,3,4,3,86.1,121.5,92.1
151,151,13,376.5,11,329.0,0,0,3.22633395191,5,4,4,137.6,116.1,122.8,3,4,4,90.1,116.1,122.8
152,152,15,388.9,7,206.3,0,0,4.08454695279,6,5,4,167.2,120.9,100.8,4,1,2,120.5,28.8,57.0
153,153,13,365.7,10,294.4,0,0,3.06659002134,4,6,3,114.9,166.2,84.6,4,4,2,114.9,118.7,60.8
154,154,11,305.1,9,258.0,0,0,2.8841888729,4,5,2,115.5,128.3,61.3,4,3,2,115.5,81.2,61.3
155,155,13,359.0,10,289.5,0,0,2.86381044352,5,4,4,143.1,107.7,108.2,5,2,3,143.1,60.8,85.6
156,156,13,362.0,10,289.1,0,0,3.00960002454,5,4,4,141.3,107.0,113.7,4,3,3,116.5,83.0,89.6
157,157,13,370.0,11,324.5,0,0,3.93097495573,5,4,4,136.7,113.6,119.7,4,4,3,114.5,113.6,96.4
158,158,13,375.6,9,281.2,0,0,4.10009380756,5,6,2,145.1,169.7,60.8,3,4,2,98.0,122.4,60.8
159,159,15,408.0,11,311.9,0,0,3.00618410234,6,5,4,154.8,137.4,115.8,4,4,3,107.9,112.5,91.5
160,160,14,408.1,12,360.4,0,0,3.69026786603,5,5,4,138.6,156.0,113.5,5,5,2,138.6,156.0,65.8
161,161,14,392.2,10,297.3,0,0,4.0810739806,6,4,4,160.5,120.5,111.2,4,4,2,113.7,120.5,63.1
162,162,14,384.4,10,291.4,0,0,3.30470859549,5,5,4,127.5,144.4,112.5,2,4,4,57.3,121.6,112.5
163,163,14,412.3,13,388.9,0,0,3.12920486337,5,6,3,143.5,177.4,91.4,4,6,3,120.1,177.4,91.4
164,164,14,395.9,10,300.7,0,0,4.18075785758,5,5,4,145.0,145.0,105.9,4,4,2,121.6,120.9,58.2
165,165,14,399.5,12,351.9,0,0,3.7812507379,7,5,2,193.4,144.8,61.3,5,5,2,145.8,144.8,61.3
166,166,15,422.5,12,352.6,0,0,3.69800460995,5,6,4,143.8,166.2,112.5,4,4,4,120.4,119.7,112.5
167,167,14,397.6,11,329.1,0,0,3.68176379136,6,5,3,165.5,142.8,89.3,4,4,3,120.1,119.7,89.3
168,168,15,430.8,14,407.8,0,0,2.87506521665,7,5,3,193.1,149.5,88.2,6,5,3,170.1,149.5,88.2
169,169,15,405.0,9,269.6,0,0,4.59891291503,6,5,4,158.3,152.6,94.1,4,4,1,112.9,128.4,28.3
170,170,15,416.8,12,345.7,0,0,2.94154154597,7,5,3,187.0,143.5,86.3,5,4,3,140.4,119.0,86.3
171,171,14,402.0,13,378.4,0,0,3.46362574432,5,5,4,132.7,149.1,120.2,4,5,4,109.1,149.1,120.2
172,172,12,359.6,11,335.1,0,0,2.98886823619,4,4,4,112.5,122.2,124.9,3,4,4,88.0,122.2,124.9
173,173,15,407.3,10,289.8,0,0,3.26340459089,7,5,3,183.2,138.5,85.6,4,4,2,113.7,115.2,60.9
174,174,14,407.7,13,385.6,0,0,3.60089274645,5,5,4,153.5,144.2,110.0,5,4,4,153.5,122.1,110.0
175,175,11,334.0,9,284.8,0,0,4.4206951325,4,4,3,125.6,111.8,96.6,3,3,3,101.3,86.9,96.6
176,176,14,410.8,11,341.4,0,0,4.47879006424,5,5,4,146.3,142.0,122.5,4,4,3,122.7,118.4,100.3
177,177,14,397.8,11,325.9,0,0,3.06866474166,5,5,4,136.6,151.5,109.7,3,5,3,87.3,151.5,87.1
178,178,14,395.5,13,373.0,0,0,2.55335375235,5,5,4,141.7,140.1,113.7,5,4,4,141.7,117.6,113.7
179,179,13,356.4,9,261.9,0,0,3.09726926874,4,6,3,107.0,168.7,80.7,3,4,2,83.9,120.6,57.4
180,180,11,325.0,10,301.0,0,0,3.49180859623,4,3,4,110.4,90.3,124.3,3,3,4,86.4,90.3,124.3
181,181,13,369.2,11,320.4,0,0,3.01247406628,7,3,3,200.8,80.2,88.2,6,3,2,176.3,80.2,63.9
182,182,10,298.2,10,298.2,0,0,3.85653845941,5,3,2,149.9,97.2,51.1,5,3,2,149.9,97.2,51.1
183,183,13,372.5,11,326.2,0,0,3.73867520757,6,3,4,170.8,90.9,110.8,5,3,3,147.6,90.9,87.7
184,184,15,438.8,13,391.3,0,0,3.69939505994,6,5,4,172.2,154.6,112.0,6,4,3,172.2,131.7,87.4
185,185,15,426.9,10,308.3,0,0,4.28599046729,7,4,4,191.5,128.6,106.8,4,4,2,121.0,128.6,58.7
186,186,15,420.6,13,373.7,0,0,3.7892328662,7,5,3,198.6,140.3,81.7,7,4,2,198.6,116.8,58.3
187,187,13,383.9,10,311.7,0,0,4.19272874856,5,4,4,148.6,109.6,125.7,4,2,4,124.0,62.0,125.7
188,188,14,407.6,13,383.7,0,0,2.7497852064,7,4,3,205.3,114.8,87.5,6,4,3,181.4,114.8,87.5
189,189,15,438.3,14,414.8,0,0,4.00645907076,7,4,4,204.9,119.0,114.4,7,3,4,204.9,95.5,114.4
190,190,13,379.2,11,333.4,0,0,4.24840845011,5,4,4,140.5,122.2,116.5,4,4,3,117.5,122.2,93.7
191,191,12,353.5,12,353.5,0,0,3.68645144311,5,4,3,142.2,122.5,88.8,5,4,3,142.2,122.5,88.8
192,192,15,441.7,13,393.7,0,0,3.60611913809,6,5,4,171.1,148.6,122.0,5,4,4,147.3,124.4,122.0
193,193,17,490.1,16,465.5,0,0,3.22543886663,8,5,4,236.7,139.4,114.0,7,5,4,212.1,139.4,114.0
194,194,15,404.7,10,285.7,0,0,3.34283882779,9,3,3,240.6,81.0,83.1,5,3,2,146.0,81.0,58.7
195,195,15,422.5,12,351.2,0,0,3.50828950318,8,4,3,235.7,105.5,81.3,7,3,2,212.1,81.5,57.6
196,196,15,417.1,13,369.4,0,0,2.72356559014,6,5,4,171.1,138.6,107.4,6,5,2,171.1,138.6,59.7
197,197,13,361.3,10,290.5,0,0,3.48579535125,6,3,4,165.7,78.6,117.0,4,2,4,119.3,54.2,117.0
198,198,13,389.1,12,364.2,0,0,3.84672688039,6,3,4,175.8,90.2,123.1,6,3,3,175.8,90.2,98.2
199,199,14,402.9,11,331.7,0,0,3.76852931351,7,3,4,209.1,82.5,111.3,6,2,3,186.5,58.3,86.9
200,200,13,381.3,10,310.6,0,0,3.8850964414,5,4,4,162.4,111.6,107.3,5,3,2,162.4,87.9,60.3
201,201,13,378.1,11,332.1,0,0,4.63084696246,6,4,3,167.1,127.1,83.9,5,3,3,143.9,104.3,83.9
202,202,11,328.1,10,304.7,0,0,3.71081956152,4,3,4,109.8,96.1,122.2,3,3,4,86.4,96.1,122.2
203,203,13,367.3,10,296.9,0,0,3.76577025866,7,2,4,185.9,63.3,118.1,4,2,4,115.5,63.3,118.1
204,204,14,403.6,11,331.8,0,0,4.31837372727,6,4,4,171.1,113.5,119.0,4,3,4,123.9,88.9,119.0
205,205,12,339.3,10,291.6,0,0,3.85560394986,5,3,4,126.6,93.4,119.3,3,3,4,78.9,93.4,119.3
206,206,12,347.3,11,324.6,0,0,3.76381294418,4,4,4,103.4,122.4,121.5,3,4,4,80.7,122.4,121.5
207,207,10,294.1,10,294.1,0,0,2.38301862724,4,3,3,113.9,88.3,91.9,4,3,3,113.9,88.3,91.9
208,208,10,275.6,8,228.3,0,0,2.53999125108,4,3,3,107.6,81.5,86.5,2,3,3,60.3,81.5,86.5
209,209,10,288.6,8,239.2,0,0,2.59752018493,4,3,3,113.6,82.7,92.3,3,2,3,89.0,57.9,92.3
210,210,11,313.2,9,266.5,0,0,2.9906825004,5,3,3,138.1,84.1,91.0,4,2,3,114.0,61.5,91.0
211,211,2,66.6,2,66.6,0,0,1.27279220614,1,1,0,32.4,34.2,0,1,1,0,32.4,34.2,0
212,212,14,365.7,8,231.7,1,18.9,4.28147684287,5,5,4,130.3,136.9,98.5,3,3,2,87.2,94.3,50.2
213,213,14,402.0,10,312.7,1,20.0,5.28144169462,5,5,4,140.7,138.7,122.6,3,3,4,98.5,91.6,122.6
214,214,16,441.2,11,341.7,2,33.1,6.58427419437,7,5,4,179.1,144.1,118.0,4,4,3,124.6,123.5,93.6
215,215,17,480.3,13,406.7,3,49.8,6.77856157742,8,5,4,208.8,145.1,126.4,5,4,4,159.0,121.3,126.4
216,216,17,473.9,12,378.2,3,52.7,6.98637329125,8,5,4,193.5,151.4,129.0,3,5,4,97.8,151.4,129.0
217,217,17,487.5,13,406.7,2,34.5,5.80791802324,8,5,4,209.7,143.8,134.0,5,4,4,153.4,119.3,134.0
218,218,17,481.6,12,378.9,2,34.7,6.31899563874,8,5,4,205.0,146.8,129.8,4,4,4,125.2,123.9,129.8
219,219,17,480.9,12,376.3,2,35.2,5.64401035977,8,5,4,210.2,141.0,129.7,4,4,4,128.3,118.3,129.7
220,220,17,474.5,13,398.7,3,52.7,5.94431265507,8,5,4,206.8,144.1,123.6,5,4,4,154.1,121.0,123.6
221,221,17,500.2,13,414.9,1,18.3,5.55264907632,8,5,4,228.2,147.5,124.5,5,4,4,167.6,122.8,124.5
222,222,17,497.6,13,411.3,1,17.1,5.63568592829,8,5,4,231.9,146.9,118.8,6,4,3,194.5,122.4,94.4
