,e_id,num_sat,sum_snr,num_sat_25,sum_snr_25,snr_std,elev_0_30,elev_30_60,elev_60_90,elev_0_30_25,elev_30_60_25,elev_60_90_25
1,1,19,478.4,9,262.0,4.52862242328,10,7,2,2,5,2
2,2,19,479.0,8,235.1,4.50775809477,10,7,2,1,6,1
3,3,19,479.9,9,269.9,5.39303210834,10,7,2,3,5,1
4,4,19,467.9,6,186.2,5.22109419197,10,7,2,3,2,1
5,5,19,467.8,8,235.5,5.22276841737,10,7,2,5,2,1
6,6,19,486.9,11,325.9,5.53492367761,10,7,2,5,5,1
7,7,19,502.8,11,330.4,5.20568178119,10,7,2,4,5,2
8,8,19,497.6,10,300.5,4.90633317898,10,7,2,4,5,1
9,9,19,490.4,12,345.2,4.63667681964,10,7,2,5,6,1
10,10,19,496.2,11,320.5,4.37496198814,10,7,2,4,5,2
11,11,19,505.4,12,351.2,4.47648175344,10,7,2,5,5,2
12,12,19,470.5,9,259.8,4.9614301843,10,7,2,3,4,2
13,13,19,474.0,6,190.2,5.38313915244,10,7,2,1,4,1
14,14,19,469.2,9,265.2,5.51739407935,10,7,2,3,5,1
15,15,19,461.7,7,211.0,5.60446250768,10,7,2,2,4,1
16,16,19,458.5,6,187.3,5.7119808426,10,7,2,1,4,1
17,17,19,465.2,6,185.2,5.15603887128,10,7,2,1,4,1
18,18,19,454.8,9,261.8,5.93737788425,10,7,2,2,5,2
19,19,19,476.8,9,266.8,5.42304482783,10,7,2,2,5,2
20,20,19,466.4,7,209.5,5.12741741589,10,7,2,2,4,1
21,21,19,467.2,9,266.7,5.69111341741,10,7,2,2,6,1
22,22,19,463.1,9,271.1,6.22529268435,10,7,2,2,6,1
23,23,19,452.6,9,269.5,6.88924918884,10,7,2,2,6,1
24,24,19,463.8,9,271.7,6.78363183101,10,7,2,2,6,1
25,25,19,465.7,8,242.2,6.03120540162,10,7,2,2,5,1
26,26,19,469.6,9,270.8,6.08159912796,10,7,2,2,6,1
27,27,19,467.7,9,271.2,6.26269937876,10,7,2,2,6,1
28,28,19,467.7,10,297.3,6.1857599154,10,7,2,2,7,1
29,29,19,466.9,9,262.4,5.57263573238,10,7,2,3,5,1
30,30,19,463.7,9,261.8,5.73056848879,10,7,2,2,6,1
31,31,19,467.5,9,263.2,5.69731649153,10,7,2,2,5,2
32,32,19,449.0,9,265.6,6.59090725769,10,7,2,2,5,2
33,33,19,458.8,8,244.7,6.51838156643,10,7,2,2,5,1
34,34,19,448.3,9,265.4,6.63387549578,10,7,2,2,6,1
35,35,19,463.0,9,267.0,6.10846885994,10,7,2,3,5,1
36,36,19,459.7,10,293.1,6.70144873924,10,7,2,4,5,1
37,37,19,455.9,7,217.6,6.76292784099,10,7,2,2,4,1
38,38,19,459.4,8,243.9,6.77040774641,10,7,2,3,4,1
39,39,19,461.5,6,194.4,6.85912974208,10,7,2,2,3,1
40,40,19,463.0,10,294.8,6.51485930875,10,7,2,3,5,2
41,41,19,481.4,9,260.0,4.45735478686,10,7,2,4,5,0
42,42,13,368.7,11,323.6,3.93267052216,6,6,1,5,5,1
43,43,15,388.2,9,251.7,3.71468129762,7,6,2,4,4,1
44,44,14,375.7,10,284.8,3.5300048252,8,4,2,4,4,2
45,45,16,412.7,9,253.6,3.57164177935,8,6,2,3,4,2
46,46,15,393.9,9,256.4,3.64178135376,7,6,2,4,4,1
47,47,14,372.6,7,206.5,3.73813140133,6,7,1,3,3,1
48,48,12,319.4,8,228.7,4.09719046384,6,4,2,3,4,1
49,49,16,412.0,6,179.3,3.88020618009,8,6,2,3,2,1
50,50,16,421.5,9,261.6,3.9040096909,7,7,2,2,5,2
51,51,16,436.5,11,316.9,3.52159409927,7,7,2,4,5,2
52,52,14,393.1,12,344.9,3.92373028388,5,6,3,3,6,3
53,53,14,383.1,9,272.8,4.99116251956,5,7,2,3,4,2
54,54,16,428.0,9,270.4,4.85770865052,7,7,2,3,4,2
55,55,16,431.2,12,344.6,4.53813471227,8,6,2,5,5,2
56,56,14,375.8,9,262.1,4.56385705394,6,6,2,2,5,2
57,57,13,357.5,8,240.9,4.17452592119,4,7,2,3,4,1
58,58,12,341.7,11,319.1,3.60356515387,4,7,1,3,7,1
59,59,13,370.6,11,324.1,3.78868084749,5,6,2,3,6,2
60,60,14,389.8,12,343.0,3.45558951571,5,7,2,5,6,1
61,61,12,343.4,11,318.9,3.16165472594,4,6,2,3,6,2
62,62,12,345.2,10,295.6,3.40863431286,3,7,2,3,5,2
63,63,14,396.9,11,322.2,3.06638097889,5,7,2,4,5,2
64,64,14,379.8,8,242.9,4.6365485458,6,7,1,3,4,1
65,65,14,383.5,11,314.1,3.88418178409,6,7,1,5,5,1
66,66,14,381.6,10,288.9,4.41896512175,6,7,1,4,5,1
67,67,14,367.5,7,200.0,3.36583513468,6,6,2,2,4,1
68,68,12,328.7,9,257.5,3.84316591399,4,6,2,3,5,1
69,69,15,385.8,6,179.3,4.29621095518,6,7,2,3,2,1
70,70,15,382.0,7,199.0,3.5054379524,6,7,2,2,4,1
71,71,16,412.4,7,207.0,4.17572349021,7,7,2,2,4,1
72,72,16,405.5,7,201.4,3.87142846161,7,7,2,0,5,2
73,73,11,271.1,5,138.8,3.89778491874,4,5,2,2,2,1
74,74,15,391.3,7,207.9,4.11354325311,7,6,2,2,4,1
75,75,13,346.2,8,233.9,4.11630591173,6,6,1,2,5,1
76,76,12,333.8,9,263.1,3.69762413482,5,6,1,5,3,1
77,77,11,281.6,5,144.8,3.72907495232,4,5,2,0,4,1
78,78,10,263.4,7,191.8,2.33771018069,3,5,2,1,4,2
79,79,11,277.1,6,164.3,3.19920444656,3,6,2,1,4,1
80,80,11,272.3,3,86.6,3.17028820026,3,6,2,0,3,0
81,81,13,342.5,7,205.1,3.9542414748,5,6,2,1,4,2
82,82,13,333.2,7,202.0,4.05881440312,5,6,2,2,4,1
83,83,11,294.3,6,181.8,4.43900070655,4,6,1,1,4,1
84,84,10,272.7,7,204.6,4.5665571763,3,6,1,2,4,1
85,85,13,328.6,6,170.8,3.8600850263,4,7,2,0,4,2
86,86,12,304.6,6,172.9,3.97076437188,5,5,2,2,3,1
87,87,8,222.8,5,156.8,6.18269474305,1,5,2,0,4,1
88,88,9,253.6,7,212.0,5.12220113276,3,4,2,1,4,2
89,89,13,342.5,6,181.7,5.09846633551,4,7,2,1,3,2
90,90,13,343.4,7,208.8,4.4597918774,4,7,2,1,5,1
91,91,13,347.0,8,232.9,4.25724119168,4,7,2,2,5,1
92,92,12,322.1,8,228.1,3.55820647705,3,7,2,1,5,2
93,93,13,350.4,8,241.5,4.78880906987,4,7,2,2,5,1
94,94,12,318.2,6,179.2,4.0876384232,3,7,2,1,4,1
95,95,13,336.0,7,202.0,3.80780238121,5,6,2,1,5,1
96,96,11,267.9,4,109.6,2.93508556481,3,6,2,0,4,0
97,97,11,288.9,6,171.2,3.29037162864,4,5,2,3,3,0
98,98,9,239.9,5,142.7,2.68891758479,2,5,2,1,3,1
99,99,9,235.2,7,190.8,2.42126000256,3,4,2,1,4,2
100,100,13,320.6,5,137.6,2.82357293204,5,5,3,0,3,2
101,101,13,320.5,8,214.8,3.07858608905,5,5,3,2,4,2
102,102,13,331.4,6,170.7,3.2986011021,4,6,3,1,4,1
103,103,13,329.7,6,171.1,3.45989847191,5,5,3,0,4,2
104,104,12,303.1,5,143.4,3.6457841988,5,4,3,0,3,2
105,105,10,252.0,4,115.8,3.66575746303,4,4,2,0,3,1
106,106,8,211.8,6,166.1,3.15583360054,1,5,2,0,5,1
107,107,10,247.9,5,137.8,3.21401445063,2,5,3,0,4,1
108,108,10,274.8,6,179.4,4.16007478565,3,4,3,0,4,2
109,109,10,261.0,4,121.5,4.10067745081,3,5,2,0,3,1
110,110,9,238.8,5,147.8,4.05832477754,2,5,2,0,3,2
111,111,11,286.8,6,174.3,4.27295937474,4,4,3,0,3,3
112,112,13,324.8,5,146.0,3.83206779556,4,6,3,1,2,2
113,113,11,290.6,7,200.7,3.96958894139,3,5,3,1,4,2
114,114,13,317.7,6,160.6,2.7924118791,4,6,3,1,3,2
115,115,14,373.1,10,279.6,2.4538039543,6,5,3,4,4,2
116,116,13,356.3,10,286.5,3.33303203767,5,5,3,3,4,3
117,117,14,361.5,7,200.6,3.59298002979,5,6,3,2,4,1
118,118,13,346.6,7,206.2,3.689746708,6,5,2,3,2,2
119,119,10,286.7,9,263.3,2.50202140501,4,3,3,4,2,3
120,120,10,243.8,2,56.6,2.70341348011,2,5,3,0,1,1
121,121,16,389.2,7,197.1,3.96711482062,7,6,3,3,3,1
122,122,16,390.5,8,218.2,3.1484321495,7,6,3,3,3,2
123,123,16,386.5,7,190.7,3.38092073258,7,6,3,1,4,2
124,124,17,401.9,6,163.2,4.04522230902,8,6,3,2,3,1
125,125,17,409.2,7,200.6,4.74628337569,8,6,3,2,3,2
126,126,17,414.1,7,200.6,4.5122138169,8,6,3,1,4,2
127,127,17,402.6,4,116.1,4.0833863542,8,6,3,0,2,2
128,128,17,408.4,8,219.9,4.09184087725,8,6,3,3,3,2
129,129,17,417.8,10,276.0,4.31748326745,8,6,3,4,4,2
130,130,17,417.3,9,246.8,3.96360278772,8,6,3,3,4,2
131,131,17,413.1,7,196.3,4.00640112819,8,6,3,2,3,2
132,132,17,400.2,6,164.5,3.65035252125,8,6,3,0,4,2
133,133,17,398.6,5,132.8,2.6170397511,8,6,3,0,3,2
134,134,17,406.2,3,82.5,2.59023903053,8,6,3,0,1,2
135,135,17,414.3,9,248.5,3.91723191582,8,6,3,2,4,3
136,136,17,423.7,8,226.4,4.09107709102,8,6,3,3,3,2
137,137,17,425.0,9,253.5,4.3796403962,8,6,3,3,4,2
138,138,18,409.5,6,166.5,4.65254516051,9,6,3,1,4,1
139,139,18,423.0,6,166.6,4.5380742223,9,6,3,1,3,2
140,140,18,429.0,9,254.3,5.16242077279,9,6,3,3,4,2
141,141,19,437.3,7,194.0,5.04317615506,10,6,3,3,3,1
142,142,19,432.6,7,187.6,4.53174636826,10,6,3,2,3,2
143,143,19,425.6,4,112.2,4.69396776015,10,6,3,0,3,1
144,144,19,420.8,6,162.9,4.9019688132,10,6,3,0,3,3
145,145,19,426.3,8,215.6,4.5868423569,10,6,3,2,4,2
146,146,19,424.7,5,137.8,4.35512066692,10,6,3,2,1,2
147,147,19,427.8,8,216.6,4.70865198425,10,6,3,2,4,2
148,148,19,421.8,5,140.7,5.08516360493,10,6,3,1,3,1
149,149,19,410.2,5,137.9,4.72756629154,10,6,3,0,4,1
150,150,19,428.5,6,170.7,5.20046669071,10,6,3,1,4,1
151,151,19,421.6,5,143.1,4.95556866754,10,6,3,1,2,2
152,152,19,440.5,7,208.1,5.96343144673,10,6,3,1,4,2
153,153,19,449.1,7,210.9,5.9354126063,10,6,3,1,4,2
154,154,19,444.3,7,215.6,6.44138211169,10,6,3,0,5,2
155,155,19,451.9,7,215.6,6.13118288006,10,6,3,0,5,2
156,156,19,457.6,8,237.9,5.68548474997,10,6,3,0,5,3
157,157,19,444.7,8,230.3,5.68960784474,10,6,3,0,5,3
158,158,19,436.3,8,227.7,5.76119302135,10,6,3,1,4,3
159,159,19,433.7,8,223.6,5.3953521258,10,6,3,1,4,3
160,160,19,433.4,7,202.6,5.51129090916,10,6,3,1,3,3
161,161,20,430.1,7,191.4,5.13875624928,11,6,3,1,3,3
162,162,20,407.3,4,110.0,4.74189335936,11,6,3,1,2,1
163,163,20,410.6,6,163.5,4.98736297794,11,6,3,1,2,3
164,164,20,413.8,6,162.6,5.06898723405,11,6,3,1,2,3
165,165,20,423.4,5,136.8,4.93783459892,11,6,3,0,4,1
166,166,20,418.1,5,136.2,5.0166538439,11,6,3,1,3,1
167,167,20,411.2,4,113.3,5.23725520719,11,6,3,0,3,1
168,168,20,412.0,5,138.5,5.39317307246,11,6,3,0,2,3
169,169,20,410.2,2,63.5,5.45140252354,11,6,3,0,2,0
170,170,20,406.0,4,112.3,5.27336904195,11,6,3,1,2,1
171,171,20,416.9,5,139.4,5.20318475349,11,6,3,1,4,0
172,172,20,404.6,3,88.8,5.40488083514,11,6,3,0,3,0
173,173,20,399.1,4,110.8,5.36464792586,11,6,3,0,3,1
174,174,20,425.7,6,176.2,6.69864676043,11,6,3,1,4,1
175,175,20,418.2,6,170.9,5.98453269512,11,6,3,0,4,2
176,176,20,438.6,7,202.3,6.29612244915,11,6,3,0,5,2
177,177,20,436.6,8,225.0,6.19771604791,11,6,3,1,5,2
178,178,20,433.2,7,200.5,6.10171675583,11,6,3,0,5,2
179,179,20,424.8,3,94.8,6.00783698707,11,6,3,0,1,2
180,180,20,422.0,4,113.2,5.08620425113,11,6,3,0,2,2
181,181,20,418.2,5,136.4,4.91784077566,11,6,3,0,4,1
182,182,20,425.4,3,85.0,4.3450031797,11,6,3,0,1,2
183,183,20,421.3,5,135.6,4.51818256429,11,6,3,1,3,1
184,184,20,432.5,6,174.5,5.67588388665,11,6,3,0,4,2
185,185,20,441.4,6,171.8,5.31889383039,11,6,3,0,4,2
186,186,20,428.0,4,111.1,4.44770786621,11,6,3,0,2,2
187,187,20,416.4,3,82.5,4.00809706784,11,6,3,0,2,1
188,188,20,423.7,5,137.2,4.47816633057,11,6,3,1,3,1
189,189,20,429.4,7,193.0,5.22837400507,11,6,3,0,5,2
190,190,20,444.7,7,196.4,5.14569569743,11,6,3,0,4,3
191,191,20,433.7,6,165.2,4.68831413983,11,6,3,0,3,3
192,192,19,425.3,6,173.3,5.32762852787,10,6,3,0,4,2
193,193,19,428.0,7,208.0,6.41879550013,10,6,3,0,4,3
194,194,19,416.9,6,182.7,6.39394816208,10,6,3,0,3,3
195,195,19,435.2,6,185.8,6.24201478194,10,6,3,0,3,3
196,196,19,431.6,7,210.3,6.79773354042,10,6,3,1,4,2
197,197,20,439.7,6,179.8,6.51704445443,11,6,3,1,3,2
198,198,20,448.0,8,230.6,6.0336774158,11,6,3,1,4,3
199,199,20,437.6,7,190.6,4.77940758276,11,6,3,0,4,3
200,200,20,423.0,4,113.2,4.38268122693,11,6,3,0,2,2
201,201,20,421.2,3,92.7,5.12367055928,11,6,3,0,2,1
202,202,20,448.0,5,144.9,4.91206891774,11,6,3,0,3,2
203,203,20,452.9,6,177.4,5.74955146992,11,6,3,0,4,2
204,204,20,446.9,7,201.1,5.56421602744,11,6,3,1,3,3
205,205,20,455.6,10,273.6,5.33346929651,11,6,3,2,5,3
206,206,20,456.1,9,250.3,5.42105786919,11,6,3,2,4,3
207,207,20,437.6,6,161.8,4.56423164687,11,6,3,1,4,1
208,208,20,464.4,7,194.1,4.47714664773,11,6,3,3,2,2
209,209,20,465.6,6,165.8,3.99639311064,11,6,3,2,4,0
210,210,20,466.8,8,226.3,4.90052628753,11,6,3,1,5,2
211,211,20,458.8,7,197.9,5.0617658662,11,6,3,2,3,2
212,212,20,437.9,5,131.7,3.36850349406,11,6,3,1,3,1
213,213,20,455.9,6,162.9,3.67329982154,11,6,3,2,3,1
214,214,20,481.4,9,255.1,4.83529784637,11,6,3,2,4,3
215,215,20,498.1,8,242.7,5.48581664026,11,6,3,1,4,3
216,216,20,499.8,9,271.3,5.32915516164,11,6,3,2,5,2
217,217,20,516.4,11,327.7,5.1505339529,11,6,3,4,5,2
218,218,20,521.8,10,312.5,6.16158728695,11,6,3,3,4,3
219,219,20,509.2,9,278.5,5.89410052957,11,6,3,4,4,1
220,220,20,504.2,11,323.1,5.74748457565,11,6,3,4,5,2
221,221,20,515.5,11,323.9,4.75382117769,11,6,3,6,4,1
222,222,20,528.0,12,362.6,5.66624353425,11,6,3,4,6,2
223,223,21,548.0,12,357.1,5.3820512995,12,6,3,5,5,2
224,224,19,488.9,10,295.5,5.06480806169,10,6,3,4,4,2
225,225,20,514.4,10,301.7,5.40259197053,11,6,3,3,5,2
226,226,19,521.4,15,439.2,4.92344908344,10,6,3,6,6,3
227,227,15,430.9,13,381.9,3.32704645222,7,6,2,6,5,2
228,228,15,416.8,12,343.3,3.19013359923,9,5,1,6,5,1
