,e_id,num_sat,sum_snr,num_sat_25,sum_snr_25,snr_std,elev_0_30,elev_30_60,elev_60_90,elev_0_30_25,elev_30_60_25,elev_60_90_25
1,1,17,429.7,6,191.3,6.16679915067,9,6,2,2,4,0
2,2,17,442.3,11,319.9,5.35388121998,9,6,2,5,4,2
3,3,17,459.5,12,350.6,4.80049017105,9,6,2,6,4,2
4,4,17,438.9,10,289.3,4.70056317026,9,6,2,4,4,2
5,5,17,427.4,7,207.9,4.88147759694,9,6,2,3,3,1
6,6,17,451.5,11,327.3,5.10307001024,9,6,2,6,4,1
7,7,17,461.0,12,356.7,5.17508880288,9,6,2,6,5,1
8,8,17,446.5,10,290.5,4.07123156681,9,6,2,5,4,1
9,9,18,477.0,13,373.0,4.39745915943,10,6,2,7,5,1
10,10,18,459.1,9,260.2,4.48506963973,10,6,2,4,5,0
11,11,18,470.9,11,322.0,5.0004869044,10,6,2,6,3,2
12,12,19,478.2,12,341.9,5.24563867858,11,6,2,7,4,1
13,13,19,471.4,9,268.5,5.78454787793,11,6,2,5,3,1
14,14,17,466.2,11,332.9,4.8653788922,9,6,2,7,2,2
15,15,13,371.4,11,325.1,3.5193239444,7,4,2,6,4,1
16,16,13,375.9,10,307.4,4.57890928676,7,4,2,6,4,0
17,17,15,395.6,12,331.8,3.17815460081,8,5,2,7,4,1
18,18,16,443.2,10,301.4,3.90384425919,8,6,2,6,4,0
19,19,17,451.9,8,243.8,4.15394921944,9,6,2,4,4,0
20,20,17,444.3,9,261.6,4.16847411778,9,6,2,5,4,0
21,21,15,413.1,12,347.0,3.63766015848,9,4,2,6,4,2
22,22,15,431.0,13,382.3,3.20438687397,8,5,2,6,5,2
23,23,13,352.4,8,235.3,3.56872095165,7,4,2,4,4,0
24,24,16,431.8,10,291.2,3.7079868752,8,6,2,5,4,1
25,25,15,396.3,7,214.4,5.00359870493,7,6,2,2,4,1
26,26,14,374.3,8,233.7,3.9758128618,7,5,2,3,4,1
27,27,16,408.2,9,247.2,3.29886344064,8,6,2,4,3,2
28,28,14,370.2,7,212.1,4.87926764456,7,5,2,3,3,1
29,29,12,360.0,10,311.0,4.17786374294,6,4,2,4,4,2
30,30,15,397.7,11,307.2,3.51666779508,8,5,2,6,4,1
31,31,13,370.8,10,299.4,3.74102344423,6,5,2,4,4,2
32,32,12,324.6,7,208.3,4.21113243245,6,5,1,4,2,1
33,33,13,350.8,8,237.6,4.24457421379,7,4,2,3,3,2
34,34,14,377.1,10,282.0,3.0149900224,8,5,1,5,4,1
35,35,14,379.0,9,268.5,4.72675341034,7,5,2,4,5,0
36,36,15,410.6,10,292.6,3.88338340454,8,5,2,4,4,2
37,37,15,438.5,14,415.4,3.4437659342,7,6,2,7,5,2
38,38,11,333.6,10,308.9,3.63705675213,7,3,1,6,3,1
39,39,15,419.2,12,351.8,3.2802148594,9,4,2,7,4,1
40,40,16,441.3,12,349.4,3.58259100838,9,5,2,6,5,1
41,41,17,459.3,12,349.7,4.92877206996,9,6,2,7,5,0
42,42,17,457.0,12,350.7,4.64371016727,9,6,2,6,5,1
43,43,15,419.5,10,307.9,5.42568845752,8,6,1,5,5,0
44,44,15,416.1,11,324.0,3.70073351802,8,5,2,7,4,0
45,45,14,392.6,9,272.9,3.82656992131,8,5,1,5,4,0
46,46,12,359.1,11,334.1,3.10926036221,6,5,1,6,5,0
47,47,14,378.8,10,288.7,4.62047521461,7,5,2,6,2,2
48,48,14,394.2,10,299.1,4.04050916169,7,5,2,5,4,1
49,49,12,358.0,12,358.0,3.04103252003,7,4,1,7,4,1
50,50,12,341.3,10,293.6,2.84779287211,5,5,2,4,5,1
51,51,13,368.1,11,320.1,2.95320338893,7,5,1,6,5,0
52,52,15,421.7,10,300.9,3.62547862193,8,5,2,5,3,2
53,53,11,321.6,10,298.2,3.01438973169,6,3,2,6,2,2
54,54,14,396.8,10,308.1,4.67212919436,7,6,1,4,5,1
55,55,16,466.9,14,423.5,3.9562977222,8,6,2,7,5,2
56,56,15,435.2,13,391.9,3.90217277692,8,5,2,7,4,2
57,57,15,436.2,12,365.9,4.46097362851,8,5,2,6,5,1
58,58,17,478.6,13,389.3,4.05834289567,9,6,2,7,4,2
59,59,17,506.3,13,413.1,4.76067685499,9,6,2,5,6,2
60,60,15,430.1,9,287.2,5.26992364632,8,5,2,6,3,0
61,61,17,465.2,12,360.8,4.96272873232,9,6,2,6,5,1
62,62,16,431.2,10,301.5,4.69964537669,8,6,2,4,5,1
63,63,14,364.8,7,210.7,4.76892413052,7,5,2,4,2,1
64,64,16,436.3,12,357.9,5.11621197763,9,5,2,6,5,1
65,65,17,488.3,14,418.6,3.8704859856,9,6,2,7,6,1
66,66,16,473.1,16,473.1,3.6180508104,8,6,2,8,6,2
67,67,16,460.0,12,363.4,3.86229638082,8,6,2,6,5,1
68,68,16,461.3,13,391.4,4.0803135092,8,6,2,6,5,2
69,69,16,469.5,16,469.5,3.68383292238,8,6,2,8,6,2
70,70,16,464.7,14,417.2,3.95962435087,8,6,2,7,5,2
71,71,14,404.1,11,332.4,4.15388736243,7,5,2,6,4,1
72,72,14,413.3,12,364.7,4.11660400955,7,5,2,6,5,1
73,73,16,461.9,13,393.1,4.42699578345,8,6,2,6,5,2
74,74,15,447.5,14,423.1,3.79410570428,7,6,2,6,6,2
75,75,15,446.1,14,423.2,4.28765670268,7,6,2,7,5,2
76,76,15,447.9,14,424.3,3.99764216222,7,6,2,7,5,2
77,77,16,464.0,13,393.7,4.14053136687,8,6,2,7,4,2
78,78,13,401.8,12,378.5,3.97753305841,7,4,2,6,4,2
79,79,13,396.6,12,374.3,4.12299679409,6,5,2,6,4,2
80,80,13,385.6,12,360.9,4.14860186519,6,5,2,5,5,2
81,81,12,351.1,9,281.6,4.72333825196,6,4,2,4,3,2
82,82,11,326.9,9,282.3,5.04535790243,5,5,1,3,5,1
83,83,14,391.2,8,252.5,5.09157891269,8,5,1,3,4,1
84,84,13,377.6,11,331.6,4.34043303996,8,4,1,6,4,1
85,85,16,443.2,11,333.5,4.86525093563,8,6,2,6,4,1
86,86,15,443.8,14,423.6,4.17353338939,7,6,2,7,5,2
87,87,13,394.3,13,394.3,3.45769302074,7,4,2,7,4,2
88,88,14,389.2,9,277.2,4.86968645334,7,5,2,5,3,1
89,89,17,456.8,10,297.7,4.06198299878,9,6,2,4,4,2
90,90,17,445.1,10,294.6,4.5405444737,9,6,2,4,4,2
91,91,17,466.0,12,358.5,4.76797681844,9,6,2,6,5,1
92,92,15,437.6,12,366.3,4.02323016398,8,5,2,6,4,2
93,93,14,422.8,13,400.1,4.40034963646,7,5,2,6,5,2
94,94,15,432.0,10,313.2,5.04054985663,8,5,2,4,4,2
95,95,14,404.5,13,381.4,3.13797197755,8,4,2,7,4,2
96,96,14,403.9,11,333.0,3.93968956216,7,5,2,5,5,1
97,97,16,467.9,13,396.4,3.85192051666,8,6,2,7,6,0
98,98,15,412.4,10,302.5,5.36422896426,8,4,3,5,3,2
99,99,16,440.5,11,326.3,4.57481784701,8,5,3,5,3,3
100,100,16,470.0,13,396.7,3.70288176065,8,5,3,7,4,2
101,101,13,366.0,8,245.2,4.21497635118,5,5,3,3,3,2
102,102,16,423.3,10,294.9,4.75085518617,8,5,3,5,3,2
103,103,14,345.7,5,145.6,3.81322885305,8,3,3,3,1,1
104,104,13,347.5,9,251.3,2.41087280716,6,4,3,5,2,2
105,105,15,403.9,11,315.4,3.89532075823,7,5,3,6,3,2
106,106,15,402.2,11,317.9,4.34361052363,7,5,3,5,3,3
107,107,16,434.2,10,303.5,5.19048809522,8,5,3,5,3,2
108,108,17,446.8,13,368.9,4.64249869334,9,5,3,6,4,3
109,109,17,466.8,13,382.3,4.60978020402,9,5,3,8,3,2
110,110,17,463.1,11,323.9,3.79918721958,9,5,3,6,3,2
111,111,17,438.6,8,240.3,4.50152751852,9,5,3,4,3,1
112,112,17,456.1,12,346.5,4.10026900122,9,5,3,6,3,3
113,113,17,452.1,11,326.6,5.22188550576,9,5,3,5,3,3
114,114,17,449.9,10,298.3,5.2034773441,9,5,3,5,2,3
115,115,17,445.3,10,292.7,4.54236592926,9,5,3,5,2,3
116,116,15,408.1,12,339.4,3.10171995297,8,4,3,7,3,2
117,117,15,421.3,12,350.9,3.47292932483,9,4,2,6,4,2
118,118,15,390.9,11,302.2,2.93788067442,8,4,3,6,3,2
119,119,17,452.7,9,273.0,4.64310842888,9,5,3,5,2,2
120,120,17,455.3,13,370.6,4.40258947866,9,5,3,7,4,2
121,121,17,457.6,11,321.7,4.36194269995,9,5,3,6,3,2
122,122,17,439.8,9,275.7,6.02367876653,9,5,3,5,2,2
123,123,17,460.0,11,330.7,5.26213583342,9,5,3,6,3,2
124,124,17,456.0,12,350.7,4.54581255275,9,5,3,6,3,3
125,125,17,475.0,13,393.7,4.99725660032,9,5,3,7,3,3
126,126,17,460.0,12,346.4,4.01482546687,9,5,3,7,3,2
127,127,17,469.7,13,378.4,3.87939504077,9,5,3,7,4,2
128,128,18,491.1,13,379.7,4.16077622849,10,5,3,7,3,3
129,129,18,487.9,13,379.0,4.60006038608,10,5,3,7,3,3
130,130,18,470.9,11,316.0,4.09679054999,10,5,3,6,3,2
131,131,18,473.6,11,311.6,3.48186712739,10,5,3,5,3,3
132,132,18,482.2,12,345.9,3.33817295729,10,5,3,5,4,3
133,133,18,489.0,13,383.4,4.56044373486,10,5,3,6,4,3
134,134,18,486.9,14,406.1,4.27802180783,10,5,3,7,4,3
135,135,16,431.1,12,345.1,4.10576322584,10,3,3,6,3,3
136,136,15,408.3,9,268.8,4.29288447816,9,4,2,4,3,2
137,137,13,359.4,10,286.6,2.84124837135,8,2,3,5,2,3
138,138,14,409.6,11,338.1,3.87927715029,7,4,3,6,3,2
139,139,13,383.5,10,310.4,4.44390969005,6,4,3,5,3,2
140,140,17,467.5,11,330.7,4.05169717526,9,5,3,7,2,2
141,141,15,418.8,11,325.5,4.09933792564,7,5,3,5,3,3
142,142,13,371.6,10,306.1,4.91593432182,6,4,3,4,3,3
143,143,17,475.4,12,366.3,4.62330255019,9,5,3,7,3,2
144,144,14,391.3,11,322.9,3.18813907621,8,3,3,7,2,2
145,145,12,345.4,11,322.5,3.80259082333,5,4,3,5,4,2
146,146,12,352.7,10,305.8,4.30421745254,5,4,3,4,3,3
147,147,13,357.2,9,261.0,3.01611058765,7,3,3,3,3,3
148,148,12,350.1,10,303.0,4.12886182864,6,4,2,4,4,2
149,149,12,356.2,11,334.0,4.21055671839,5,4,3,4,4,3
150,150,14,388.5,11,319.0,3.99879789629,8,3,3,6,2,3
151,151,14,383.7,10,293.5,3.77531746718,6,5,3,4,3,3
152,152,14,402.9,13,379.2,3.17227862086,7,5,2,7,4,2
153,153,16,433.5,9,270.0,4.32164609842,9,4,3,5,2,2
154,154,13,375.5,12,352.7,3.25470074248,7,4,2,6,4,2
155,155,14,397.1,11,324.6,3.84559831153,7,4,3,6,3,2
156,156,13,366.0,9,269.9,3.77814226497,7,4,2,4,3,2
157,157,12,346.9,9,276.1,3.9964662421,6,3,3,4,3,2
158,158,14,390.8,11,320.3,4.01800891044,7,4,3,6,2,3
159,159,17,464.6,10,303.0,4.57776756535,9,5,3,5,2,3
160,160,14,422.5,13,399.5,3.25107758974,7,4,3,7,3,3
161,161,13,369.0,9,275.2,4.49682223981,8,3,2,5,2,2
162,162,16,455.2,13,386.9,3.852791196,8,5,3,5,5,3
163,163,14,382.8,9,269.1,4.41879104345,9,2,3,5,2,2
164,164,15,388.9,8,232.5,3.87509754102,9,3,3,3,2,3
165,165,16,423.5,11,316.2,4.50210598868,8,5,3,5,3,3
166,166,17,449.0,10,293.2,4.35228134904,9,5,3,6,1,3
167,167,17,427.7,9,254.2,4.02244621212,9,5,3,5,2,2
168,168,17,451.1,9,270.0,4.47687686569,9,5,3,3,3,3
169,169,17,454.1,12,340.0,3.80343304676,9,5,3,6,3,3
170,170,16,419.7,10,289.2,4.43977758452,8,5,3,4,3,3
171,171,16,426.0,9,267.5,4.15796424548,8,5,3,3,3,3
172,172,13,365.9,10,297.6,3.71721566602,6,4,3,5,2,3
173,173,16,439.6,11,324.5,3.93234450847,8,5,3,5,3,3
174,174,16,420.4,9,262.6,4.34304040967,8,5,3,5,3,1
175,175,16,436.2,11,319.3,3.687614405,8,5,3,4,4,3
176,176,16,420.6,8,232.5,3.59274732389,8,5,3,4,2,2
177,177,16,420.9,9,266.8,4.50991038344,8,5,3,4,3,2
178,178,16,416.7,8,239.8,4.57631128749,8,5,3,2,3,3
179,179,16,405.2,9,258.1,4.58526625908,8,5,3,3,3,3
180,180,16,424.0,12,341.7,4.20824587368,8,5,3,6,3,3
181,181,16,421.2,10,303.6,5.86088730484,8,5,3,4,3,3
182,182,16,426.8,11,316.7,4.47206141878,8,5,3,4,4,3
183,183,16,448.5,13,384.1,4.28061035368,8,5,3,6,4,3
184,184,15,410.5,10,296.4,4.00636398508,7,5,3,4,3,3
185,185,11,316.2,10,291.4,3.54580417856,5,4,2,4,4,2
186,186,16,418.9,8,235.5,4.35204453868,8,5,3,4,2,2
187,187,16,443.9,12,348.3,3.03731652395,8,5,3,7,2,3
188,188,13,370.2,12,346.5,2.44033940473,6,4,3,5,4,3
189,189,11,317.6,10,293.5,3.14136623433,6,2,3,6,2,2
190,190,15,417.6,11,323.7,3.91750649557,7,5,3,4,4,3
191,191,16,426.9,9,263.3,3.82730867146,8,5,3,3,3,3
192,192,14,378.6,10,288.0,3.74878734972,8,3,3,5,2,3
193,193,16,410.5,7,203.4,3.84100138853,8,5,3,1,4,2
194,194,16,428.8,10,292.5,4.21489422564,8,5,3,4,3,3
195,195,11,320.7,10,296.6,3.98707001101,6,2,3,5,2,3
196,196,12,331.6,11,307.0,2.19019855195,6,3,3,5,3,3
197,197,11,315.0,10,291.4,2.34319129704,5,3,3,5,2,3
198,198,13,352.9,10,282.4,2.83331825034,6,4,3,4,3,3
199,199,12,354.0,12,354.0,2.85179369393,7,3,2,7,3,2
200,200,15,390.5,8,232.3,4.22165618595,8,4,3,5,2,1
201,201,15,405.1,11,313.6,3.43749632034,7,5,3,4,4,3
202,202,16,424.0,10,289.0,3.93649590372,8,5,3,5,3,2
203,203,13,347.8,9,260.5,3.91633659275,8,3,2,4,3,2
204,204,12,323.7,8,231.7,3.52784379164,6,4,2,3,3,2
205,205,13,370.4,9,277.9,4.23467069528,6,4,3,4,3,2
206,206,12,344.6,10,295.4,2.99175635047,6,3,3,5,3,2
207,207,12,341.1,11,317.8,3.04126917286,6,4,2,6,3,2
208,208,16,437.2,11,326.0,4.55477771137,9,4,3,5,4,2
209,209,17,445.7,9,260.9,4.51902026081,9,5,3,4,3,2
210,210,17,463.4,12,349.7,3.71938483212,9,5,3,5,4,3
211,211,16,425.4,9,265.3,3.92596060432,9,4,3,3,3,3
212,212,12,355.1,10,309.0,4.29766497559,6,3,3,4,3,3
213,213,14,396.5,10,300.4,3.74621420625,6,5,3,4,4,2
214,214,14,400.6,13,377.3,4.23862407698,7,4,3,6,4,3
215,215,15,398.3,8,241.5,4.9487179677,8,4,3,2,4,2
216,216,16,434.2,10,293.8,4.2063246031,9,4,3,4,4,2
217,217,15,389.6,7,200.3,3.41184212218,8,4,3,3,3,1
218,218,16,415.9,9,254.9,3.10579431601,8,5,3,3,4,2
219,219,16,441.5,14,398.5,3.66596394781,8,5,3,6,5,3
220,220,16,441.5,14,392.4,2.82240293603,8,5,3,6,5,3
221,221,13,366.2,10,295.0,3.69129259551,6,4,3,5,2,3
222,222,16,441.1,13,367.7,3.26266123484,8,5,3,5,5,3
223,223,12,331.2,10,282.6,2.35835073342,6,3,3,4,3,3
224,224,12,355.5,11,332.6,3.06864642947,7,2,3,6,2,3
225,225,15,410.7,8,245.7,4.17906346309,8,4,3,2,4,2
226,226,15,398.0,10,286.1,3.68310169494,7,5,3,5,2,3
227,227,16,431.6,10,293.7,3.56791255498,9,4,3,5,2,3
228,228,17,461.8,11,323.0,3.94698321134,9,5,3,5,3,3
229,229,14,354.4,7,194.8,3.28232027286,9,2,3,4,1,2
230,230,14,351.0,6,170.0,3.73433725382,8,3,3,2,2,2
231,231,9,233.1,5,143.6,4.35086198356,2,4,3,2,2,1
232,232,10,248.2,4,110.9,3.08537770063,3,4,3,1,1,2
233,233,9,242.2,5,147.5,3.73779495306,3,3,3,1,2,2
234,234,3,98.8,3,98.8,2.67644042215,2,0,1,2,0,1
235,235,14,441.9,12,399.8,5.52485393373,6,5,3,5,4,3
236,236,15,485.6,12,418.2,5.89436373237,7,5,3,6,3,3
237,237,16,472.8,13,409.3,5.16552675597,8,5,3,6,4,3
238,238,17,479.7,12,372.3,5.22688187332,9,5,3,7,4,1
239,239,17,487.9,13,402.5,5.34918218048,9,5,3,7,3,3
240,240,17,511.6,12,404.0,6.8247225757,9,5,3,8,3,1
