,e_id,num_sat,sum_snr,num_sat_25,sum_snr_25,num_sat_u20,sum_sat_u20,snr_std,elev_0_30,elev_30_60,elev_60_90,sum_elev_0_30,sum_elev_30_60,sum_elev_60_90,elev_0_30_25,elev_30_60_25,elev_60_90_25,sum_elev_0_30_25,sum_elev_30_60_25,sum_elev_60_90_25
1,1,17,501.0,13,423.5,3,56.3,7.00328179373,9,5,3,283.5,138.1,79.4,8,3,2,266.1,99.2,58.2
2,2,17,523.4,14,463.6,2,37.2,5.93526351068,9,5,3,287.9,142.1,93.4,8,3,3,270.3,99.9,93.4
3,3,17,548.3,15,510.8,2,37.5,5.97548299795,9,5,3,302.6,148.4,97.3,8,4,3,285.1,128.4,97.3
4,4,21,645.4,16,536.3,1,17.9,6.21573272699,13,5,3,421.9,141.2,82.3,11,4,1,381.6,119.6,35.1
5,5,19,601.5,17,552.6,0,0,5.66816801577,11,5,3,368.1,151.4,82.0,9,5,3,319.2,151.4,82.0
6,6,12,435.4,12,435.4,0,0,2.49575397,9,1,2,328.6,34.4,72.4,9,1,2,328.6,34.4,72.4
7,7,14,493.2,14,493.2,0,0,4.3517332659,8,3,3,296.0,101.8,95.4,8,3,3,296.0,101.8,95.4
8,8,15,518.4,14,494.2,0,0,4.63908858044,9,3,3,324.7,97.9,95.8,9,3,2,324.7,97.9,71.6
9,9,17,580.2,16,555.3,0,0,4.71006431828,9,5,3,315.7,157.0,107.5,8,5,3,290.8,157.0,107.5
10,10,17,555.3,15,506.3,0,0,4.72452923269,9,5,3,301.1,153.5,100.7,8,4,3,277.0,128.6,100.7
11,11,15,507.7,15,507.7,0,0,4.31125879308,8,4,3,280.5,129.7,97.5,8,4,3,280.5,129.7,97.5
12,12,16,515.2,15,492.5,0,0,5.114815083,8,5,3,258.3,163.6,93.3,7,5,3,235.6,163.6,93.3
13,13,16,527.2,14,479.1,0,0,5.49872712544,8,5,3,264.5,163.2,99.5,6,5,3,216.4,163.2,99.5
14,14,16,518.0,13,446.8,0,0,5.44505892224,9,5,2,290.2,160.3,67.5,6,5,2,219.0,160.3,67.5
15,15,18,587.5,16,541.4,0,0,5.53152876315,10,5,3,329.6,165.1,92.8,8,5,3,283.5,165.1,92.8
16,16,17,553.4,14,483.8,0,0,5.72244677204,9,5,3,304.5,153.4,95.5,7,4,3,257.2,131.1,95.5
17,17,16,520.7,13,450.5,0,0,6.1508773087,9,4,3,301.8,131.7,87.2,7,4,2,254.5,131.7,64.3
18,18,17,555.0,17,555.0,0,0,5.22112507596,9,5,3,302.3,161.4,91.3,9,5,3,302.3,161.4,91.3
19,19,14,444.1,13,420.0,0,0,4.72443379944,7,5,2,232.5,152.6,59.0,6,5,2,208.4,152.6,59.0
20,20,15,450.0,13,402.1,0,0,5.20946939991,9,4,2,276.5,120.8,52.7,7,4,2,228.6,120.8,52.7
21,21,15,455.6,11,362.0,0,0,5.51639979213,9,3,3,283.9,95.0,76.7,7,3,1,236.6,95.0,30.4
22,22,16,497.7,13,428.1,0,0,5.41608330192,8,5,3,261.4,157.4,78.9,7,5,1,239.1,157.4,31.6
23,23,14,451.1,13,427.5,0,0,5.09723583786,8,4,2,265.5,135.1,50.5,8,4,1,265.5,135.1,26.9
24,24,15,485.9,15,485.9,0,0,4.63672708872,8,5,2,273.4,151.2,61.3,8,5,2,273.4,151.2,61.3
25,25,15,471.3,12,397.2,0,0,4.37708317751,7,5,3,221.2,157.1,93.0,6,4,2,196.6,132.3,68.3
26,26,15,515.1,15,515.1,0,0,4.62675449347,7,5,3,246.5,165.3,103.3,7,5,3,246.5,165.3,103.3
27,27,15,526.9,15,526.9,0,0,4.55278041682,8,4,3,288.0,131.6,107.3,8,4,3,288.0,131.6,107.3
28,28,15,497.3,14,474.1,0,0,5.26536753115,8,5,2,275.4,160.0,61.9,7,5,2,252.2,160.0,61.9
29,29,16,503.9,13,431.5,0,0,4.97506700122,9,5,2,280.1,160.5,63.3,6,5,2,207.7,160.5,63.3
30,30,17,515.9,13,420.7,0,0,4.56688045156,9,5,3,280.3,154.5,81.1,7,4,2,232.8,130.3,57.6
31,31,16,495.2,13,423.9,0,0,5.61771009101,8,5,3,257.3,154.7,83.2,7,4,2,233.3,131.6,59.0
32,32,15,469.9,15,469.9,0,0,4.00953625154,9,3,3,289.5,92.9,87.5,9,3,3,289.5,92.9,87.5
33,33,14,472.6,14,472.6,0,0,3.36102417672,9,3,2,308.8,97.7,66.1,9,3,2,308.8,97.7,66.1
34,34,16,536.3,16,536.3,0,0,3.19525038143,9,4,3,308.2,133.2,94.9,9,4,3,308.2,133.2,94.9
35,35,15,500.9,15,500.9,0,0,3.91926863926,9,4,2,292.5,133.3,75.1,9,4,2,292.5,133.3,75.1
36,36,14,451.9,14,451.9,0,0,5.03605134871,8,3,3,272.7,87.2,92.0,8,3,3,272.7,87.2,92.0
37,37,17,543.8,15,495.7,0,0,4.28979637526,10,4,3,316.7,120.9,106.2,9,3,3,292.5,97.0,106.2
38,38,15,482.5,14,458.0,0,0,4.19483809779,8,4,3,257.8,126.7,98.0,7,4,3,233.3,126.7,98.0
39,39,17,549.8,16,526.2,0,0,4.30785022133,9,5,3,299.6,154.7,95.5,9,5,2,299.6,154.7,71.9
40,40,17,531.4,16,508.5,0,0,4.0306728383,9,5,3,279.6,156.8,95.0,8,5,3,256.7,156.8,95.0
41,41,18,544.1,16,497.8,0,0,4.62446251956,10,5,3,296.1,152.0,96.0,9,4,3,273.2,128.6,96.0
42,42,16,514.0,16,514.0,0,0,3.43113198036,10,4,2,310.6,132.0,71.4,10,4,2,310.6,132.0,71.4
43,43,14,445.8,13,422.8,0,0,5.01746400634,7,4,3,221.7,131.3,92.8,6,4,3,198.7,131.3,92.8
44,44,16,519.4,16,519.4,0,0,5.0103725743,8,5,3,276.7,157.5,85.2,8,5,3,276.7,157.5,85.2
45,45,15,504.9,15,504.9,0,0,5.11940286696,8,5,2,287.7,161.6,55.6,8,5,2,287.7,161.6,55.6
46,46,16,489.5,12,393.1,0,0,5.68113471647,9,5,2,282.2,150.8,56.5,6,4,2,209.1,127.5,56.5
47,47,16,508.2,16,508.2,0,0,4.93124392691,8,5,3,266.3,157.4,84.5,8,5,3,266.3,157.4,84.5
48,48,16,493.3,14,445.5,0,0,5.42251094974,8,5,3,257.2,151.5,84.6,7,5,2,232.9,151.5,61.1
49,49,14,475.6,14,475.6,0,0,4.91487985164,6,5,3,227.2,156.2,92.2,6,5,3,227.2,156.2,92.2
50,50,15,461.3,14,437.1,0,0,4.31225275344,8,4,3,251.8,119.3,90.2,8,4,2,251.8,119.3,66.0
51,51,14,458.5,14,458.5,0,0,3.6590772271,7,4,3,238.7,116.2,103.6,7,4,3,238.7,116.2,103.6
52,52,16,507.1,16,507.1,0,0,4.02035964395,8,5,3,266.9,139.7,100.5,8,5,3,266.9,139.7,100.5
53,53,17,533.0,16,508.3,0,0,4.58790769947,9,5,3,289.2,146.5,97.3,9,4,3,289.2,121.8,97.3
54,54,17,541.1,16,518.1,0,0,4.71629683993,9,5,3,285.9,157.4,97.8,8,5,3,262.9,157.4,97.8
55,55,16,510.8,14,461.4,0,0,4.70028367938,8,5,3,255.2,160.8,94.8,6,5,3,205.8,160.8,94.8
56,56,15,496.0,13,446.6,0,0,4.65689453034,8,4,3,261.6,134.0,100.4,7,3,3,237.1,109.1,100.4
57,57,15,487.2,13,439.7,0,0,4.36695382553,8,5,2,254.7,166.6,65.9,6,5,2,207.2,166.6,65.9
58,58,15,484.5,13,436.3,0,0,4.88963919206,8,4,3,257.4,129.4,97.7,7,3,3,233.8,104.8,97.7
59,59,13,443.0,13,443.0,0,0,3.22365058232,7,4,2,237.8,132.4,72.8,7,4,2,237.8,132.4,72.8
60,60,13,436.1,13,436.1,0,0,3.46665433923,7,4,2,233.1,136.3,66.7,7,4,2,233.1,136.3,66.7
61,61,17,523.6,12,406.5,0,0,5.94800386684,9,5,3,284.1,145.8,93.7,6,3,3,213.9,98.9,93.7
62,62,17,534.4,16,510.1,0,0,4.03514887837,9,5,3,283.6,156.7,94.1,8,5,3,259.3,156.7,94.1
63,63,16,507.6,13,434.8,0,0,4.47489292237,9,5,2,288.7,152.8,66.1,8,3,2,264.4,104.3,66.1
64,64,16,515.1,16,515.1,0,0,4.15844021239,9,4,3,293.6,125.8,95.7,9,4,3,293.6,125.8,95.7
65,65,15,488.0,14,464.4,0,0,3.60568334452,9,3,3,297.7,100.8,89.5,9,3,2,297.7,100.8,65.9
66,66,16,502.6,12,408.3,0,0,5.6967680896,10,3,3,307.1,105.3,90.2,7,3,2,236.8,105.3,66.2
67,67,15,467.2,14,444.4,0,0,3.57688345324,8,4,3,242.5,126.5,98.2,8,3,3,242.5,103.7,98.2
68,68,16,520.6,15,496.1,0,0,5.20959051494,8,5,3,272.5,168.3,79.8,8,5,2,272.5,168.3,55.3
69,69,14,440.2,12,391.8,0,0,5.54723968581,6,5,3,197.0,161.7,81.5,6,5,1,197.0,161.7,33.1
70,70,16,530.0,15,505.7,0,0,3.55668384876,9,4,3,302.2,130.2,97.6,9,3,3,302.2,105.9,97.6
71,71,14,459.0,14,459.0,0,0,4.54530309438,6,5,3,211.6,148.9,98.5,6,5,3,211.6,148.9,98.5
72,72,16,517.1,15,493.5,0,0,4.86980064616,9,4,3,294.6,124.2,98.3,9,3,3,294.6,100.6,98.3
73,73,15,492.8,15,492.8,0,0,3.62882638774,9,4,2,285.6,135.1,72.1,9,4,2,285.6,135.1,72.1
74,74,17,550.7,16,528.6,0,0,4.9322244713,9,5,3,289.7,161.9,99.1,8,5,3,267.6,161.9,99.1
75,75,17,559.6,16,535.3,0,0,4.46741470178,9,5,3,303.0,165.2,91.4,8,5,3,278.7,165.2,91.4
76,76,16,517.2,15,492.5,0,0,4.68052703585,8,5,3,262.7,166.9,87.6,8,5,2,262.7,166.9,62.9
77,77,17,558.2,17,558.2,0,0,4.06831371339,10,5,2,334.9,158.3,65.0,10,5,2,334.9,158.3,65.0
78,78,16,526.6,16,526.6,0,0,3.4802059326,9,5,2,304.5,155.6,66.5,9,5,2,304.5,155.6,66.5
79,79,16,530.7,16,530.7,0,0,3.33421030131,9,5,2,304.5,158.5,67.7,9,5,2,304.5,158.5,67.7
80,80,16,520.1,15,495.4,0,0,4.50280930827,9,5,2,296.9,162.1,61.1,8,5,2,272.2,162.1,61.1
81,81,16,515.9,15,491.0,0,0,4.30317227945,9,5,2,291.4,161.2,63.3,8,5,2,266.5,161.2,63.3
82,82,16,528.8,14,480.0,0,0,5.3882588406,10,4,2,341.0,118.5,69.3,9,3,2,316.6,94.1,69.3
83,83,16,539.7,15,516.9,0,0,4.03645368279,9,5,2,316.7,158.5,64.5,9,4,2,316.7,135.7,64.5
84,84,17,519.1,13,424.8,0,0,5.06408199683,9,5,3,282.8,145.8,90.5,7,4,2,234.8,122.8,67.2
85,85,17,564.2,16,539.5,0,0,4.19685631648,10,5,2,341.3,156.2,66.7,9,5,2,316.6,156.2,66.7
86,86,15,526.9,15,526.9,0,0,3.789170031,9,4,2,320.8,136.6,69.5,9,4,2,320.8,136.6,69.5
87,87,18,580.3,16,532.3,0,0,5.53779940249,11,4,3,359.0,121.8,99.5,9,4,3,311.0,121.8,99.5
88,88,17,567.7,17,567.7,0,0,5.11767410405,9,5,3,317.4,155.5,94.8,9,5,3,317.4,155.5,94.8
89,89,14,509.3,14,509.3,0,0,2.84393513164,8,4,2,299.3,136.3,73.7,8,4,2,299.3,136.3,73.7
90,90,14,494.8,14,494.8,0,0,4.01951284567,7,5,2,262.2,160.4,72.2,7,5,2,262.2,160.4,72.2
91,91,15,503.0,15,503.0,0,0,5.30332330669,8,5,2,279.4,153.4,70.2,8,5,2,279.4,153.4,70.2
92,92,15,483.4,14,458.8,0,0,5.16007567313,8,5,2,271.9,151.9,59.6,8,5,1,271.9,151.9,35.0
93,93,16,558.8,16,558.8,0,0,4.57332847424,8,5,3,292.4,165.8,100.6,8,5,3,292.4,165.8,100.6
94,94,16,537.6,16,537.6,0,0,4.94300853057,8,5,3,287.0,154.3,96.3,8,5,3,287.0,154.3,96.3
95,95,17,566.9,15,519.2,0,0,4.88967248993,10,4,3,342.7,128.5,95.7,9,4,2,318.9,128.5,71.8
96,96,16,519.7,15,497.2,0,0,4.44015296283,10,5,1,327.0,161.1,31.6,9,5,1,304.5,161.1,31.6
97,97,17,567.6,17,567.6,0,0,4.01464231796,9,5,3,299.2,174.4,94.0,9,5,3,299.2,174.4,94.0
98,98,17,536.7,16,512.6,0,0,5.2221600782,9,5,3,296.3,159.3,81.1,9,5,2,296.3,159.3,57.0
99,99,15,472.6,12,400.8,0,0,5.56384587784,9,3,3,285.8,102.7,84.1,7,3,2,238.1,102.7,60.0
100,100,15,476.3,15,476.3,0,0,4.89254048332,8,5,2,260.4,161.0,54.9,8,5,2,260.4,161.0,54.9
101,101,16,533.8,16,533.8,0,0,5.37945164492,8,5,3,275.6,167.3,90.9,8,5,3,275.6,167.3,90.9
102,102,15,507.6,15,507.6,0,0,5.08383994353,9,4,2,308.7,139.7,59.2,9,4,2,308.7,139.7,59.2
103,103,16,536.3,15,513.5,0,0,4.67991720012,9,4,3,293.4,141.5,101.4,8,4,3,270.6,141.5,101.4
104,104,16,549.4,14,500.6,0,0,4.93043270582,9,5,2,307.9,166.6,74.9,7,5,2,259.1,166.6,74.9
105,105,17,559.8,15,512.3,0,0,5.48347115269,9,5,3,312.9,148.4,98.5,8,4,3,288.9,124.9,98.5
106,106,16,528.6,15,503.9,0,0,5.24390121951,8,5,3,286.6,151.5,90.5,8,5,2,286.6,151.5,65.8
107,107,17,551.7,16,527.7,0,0,4.64275209965,9,5,3,308.8,157.5,85.4,9,5,2,308.8,157.5,61.4
108,108,17,538.3,15,491.0,0,0,5.2996392774,9,5,3,302.0,148.6,87.7,8,5,2,278.0,148.6,64.4
109,109,17,572.3,16,547.7,0,0,4.87890115401,10,5,2,349.5,160.7,62.1,9,5,2,324.9,160.7,62.1
110,110,15,484.9,15,484.9,0,0,3.80966190226,8,4,3,262.4,134.0,88.5,8,4,3,262.4,134.0,88.5
111,111,17,552.1,16,528.4,0,0,4.66965328099,9,5,3,300.5,165.6,86.0,8,5,3,276.8,165.6,86.0
112,112,17,544.8,14,473.2,0,0,4.76367999123,9,5,3,297.1,151.6,96.1,8,4,2,273.5,128.3,71.4
113,113,16,527.1,15,503.1,0,0,4.77269577912,9,5,2,297.7,161.5,67.9,8,5,2,273.7,161.5,67.9
114,114,17,555.8,16,532.6,0,0,4.77852887773,9,5,3,294.1,169.5,92.2,8,5,3,270.9,169.5,92.2
115,115,17,549.3,15,502.1,0,0,5.13601041093,9,5,3,299.9,152.1,97.3,8,4,3,275.6,129.2,97.3
116,116,17,547.2,17,547.2,0,0,4.52574335786,9,5,3,300.7,148.5,98.0,9,5,3,300.7,148.5,98.0
117,117,17,542.6,15,493.7,0,0,4.35204482027,9,5,3,300.8,148.3,93.5,8,5,2,276.3,148.3,69.1
118,118,17,547.2,16,522.3,0,0,4.33414962146,9,5,3,305.4,149.7,92.1,9,5,2,305.4,149.7,67.2
119,119,17,561.9,15,516.5,0,0,5.50852948243,9,5,3,319.0,147.6,95.3,8,4,3,296.6,124.6,95.3
120,120,16,557.3,16,557.3,0,0,4.43947725902,9,4,3,331.9,128.8,96.6,9,4,3,331.9,128.8,96.6
121,121,16,556.5,16,556.5,0,0,4.28629113181,9,5,2,327.1,158.0,71.4,9,5,2,327.1,158.0,71.4
122,122,15,523.0,15,523.0,0,0,4.64383872408,9,3,3,328.5,99.4,95.1,9,3,3,328.5,99.4,95.1
123,123,15,536.5,15,536.5,0,0,4.27612419081,9,4,2,333.1,134.8,68.6,9,4,2,333.1,134.8,68.6
124,124,16,559.7,16,559.7,0,0,4.53787303333,9,5,2,331.6,159.0,69.1,9,5,2,331.6,159.0,69.1
125,125,14,518.0,14,518.0,0,0,2.92495890832,9,3,2,341.6,107.0,69.4,9,3,2,341.6,107.0,69.4
126,126,15,485.9,14,461.8,0,0,5.3145980451,9,4,2,290.6,120.3,75.0,9,3,2,290.6,96.2,75.0
127,127,16,521.2,13,451.7,0,0,5.84836159393,10,4,2,330.9,131.8,58.5,8,4,1,284.1,131.8,35.8
128,128,16,528.4,15,503.8,0,0,4.97547317683,9,4,3,312.2,119.2,97.0,8,4,3,287.6,119.2,97.0
129,129,16,510.5,14,463.2,0,0,4.92834911507,9,5,2,287.9,155.7,66.9,8,4,2,263.9,132.4,66.9
130,130,14,447.4,13,424.4,0,0,4.07312284007,7,5,2,229.3,152.4,65.7,7,4,2,229.3,129.4,65.7
131,131,15,475.9,14,451.1,0,0,3.82705904741,8,5,2,255.4,153.3,67.2,8,4,2,255.4,128.5,67.2
132,132,16,495.1,15,471.1,0,0,4.37583801498,9,4,3,286.9,116.5,91.7,9,3,3,286.9,92.5,91.7
133,133,14,454.3,14,454.3,0,0,3.97796817097,8,4,2,272.5,121.1,60.7,8,4,2,272.5,121.1,60.7
134,134,13,421.5,13,421.5,0,0,3.85598103517,7,4,2,238.0,126.1,57.4,7,4,2,238.0,126.1,57.4
135,135,15,482.2,15,482.2,0,0,3.9469457752,8,5,2,259.8,164.1,58.3,8,5,2,259.8,164.1,58.3
136,136,16,504.4,16,504.4,0,0,4.77542319242,8,5,3,262.4,142.4,99.6,8,5,3,262.4,142.4,99.6
137,137,16,502.0,13,429.1,0,0,5.28122460546,8,5,3,269.1,151.5,81.4,7,4,2,244.8,127.6,56.7
138,138,14,464.0,14,464.0,0,0,4.00378941383,9,4,1,308.5,119.2,36.3,9,4,1,308.5,119.2,36.3
139,139,16,508.6,16,508.6,0,0,4.71237731936,9,4,3,293.6,120.7,94.3,9,4,3,293.6,120.7,94.3
140,140,16,532.9,15,508.9,0,0,4.46996923927,9,4,3,307.8,141.6,83.5,9,4,2,307.8,141.6,59.5
141,141,16,547.5,14,498.7,0,0,4.66064641439,9,5,2,316.1,159.7,71.7,8,4,2,291.7,135.3,71.7
142,142,14,492.8,14,492.8,0,0,3.87357914397,9,3,2,323.0,104.1,65.7,9,3,2,323.0,104.1,65.7
143,143,14,493.1,14,493.1,0,0,3.8365005231,9,3,2,326.6,101.1,65.4,9,3,2,326.6,101.1,65.4
144,144,16,532.2,14,483.4,0,0,5.64740353319,9,5,2,321.8,151.1,59.3,9,4,1,321.8,127.1,34.5
145,145,15,506.9,14,484.0,0,0,5.51808282787,9,4,2,321.2,128.3,57.4,9,4,1,321.2,128.3,34.5
146,146,15,511.2,14,487.3,0,0,5.47177171621,9,4,2,317.6,130.6,63.0,9,3,2,317.6,106.7,63.0
147,147,14,491.2,14,491.2,0,0,4.84130579061,9,3,2,322.1,107.6,61.5,9,3,2,322.1,107.6,61.5
148,148,15,505.1,14,480.7,0,0,5.24533352701,9,4,2,315.8,128.1,61.2,9,3,2,315.8,103.7,61.2
149,149,15,503.5,15,503.5,0,0,4.37862774764,8,4,3,276.9,130.4,96.2,8,4,3,276.9,130.4,96.2
150,150,15,515.7,15,515.7,0,0,4.19731206505,9,4,2,321.2,129.0,65.5,9,4,2,321.2,129.0,65.5
151,151,15,518.5,15,518.5,0,0,4.97933826164,9,3,3,318.5,103.8,96.2,9,3,3,318.5,103.8,96.2
152,152,14,493.0,13,468.6,0,0,4.66457305209,9,3,2,320.6,102.9,69.5,8,3,2,296.2,102.9,69.5
153,153,16,539.4,16,539.4,0,0,3.72556483413,9,5,2,308.5,163.5,67.4,9,5,2,308.5,163.5,67.4
154,154,16,533.3,16,533.3,0,0,4.32661819439,9,5,2,312.3,157.4,63.6,9,5,2,312.3,157.4,63.6
155,155,16,535.7,16,535.7,0,0,4.73176764011,8,5,3,276.9,155.8,103.0,8,5,3,276.9,155.8,103.0
156,156,17,550.8,16,526.9,0,0,3.79637985455,9,5,3,295.3,154.7,100.8,9,4,3,295.3,130.8,100.8
157,157,17,552.8,16,529.4,0,0,4.14852915111,9,5,3,286.5,158.8,107.5,8,5,3,263.1,158.8,107.5
158,158,16,524.4,16,524.4,0,0,3.72943248587,8,5,3,259.8,158.1,106.5,8,5,3,259.8,158.1,106.5
159,159,17,542.6,17,542.6,0,0,4.41902637666,9,5,3,280.3,158.4,103.9,9,5,3,280.3,158.4,103.9
160,160,17,538.0,16,515.3,0,0,4.84524478833,9,5,3,289.5,154.1,94.4,8,5,3,266.8,154.1,94.4
161,161,16,508.5,13,437.8,0,0,5.04647979619,8,5,3,267.4,142.7,98.4,7,3,3,244.7,94.7,98.4
162,162,18,578.8,17,555.8,0,0,4.46466153413,10,5,3,329.6,159.5,89.7,9,5,3,306.6,159.5,89.7
163,163,18,582.2,16,535.8,0,0,4.26038139997,10,5,3,327.0,161.9,93.3,9,4,3,303.4,139.1,93.3
164,164,17,534.4,17,534.4,0,0,3.93620076604,9,5,3,290.2,159.9,84.3,9,5,3,290.2,159.9,84.3
165,165,16,509.7,15,485.3,0,0,4.11646591953,10,5,1,317.0,161.3,31.4,9,5,1,292.6,161.3,31.4
166,166,17,537.3,16,513.8,0,0,4.37813753042,9,5,3,293.9,146.7,96.7,8,5,3,270.4,146.7,96.7
167,167,17,557.1,16,532.7,0,0,4.01010671708,9,5,3,302.6,153.7,100.8,9,4,3,302.6,129.3,100.8
168,168,16,529.5,16,529.5,0,0,4.52407909598,9,5,2,307.9,150.4,71.2,9,5,2,307.9,150.4,71.2
169,169,17,554.6,15,508.7,0,0,5.67004512898,9,5,3,302.6,154.4,97.6,9,4,2,302.6,132.4,73.7
170,170,16,541.3,16,541.3,0,0,3.92389581071,9,5,2,304.8,167.1,69.4,9,5,2,304.8,167.1,69.4
171,171,17,565.9,16,541.5,0,0,3.86908942016,9,5,3,313.5,153.3,99.1,9,4,3,313.5,128.9,99.1
172,172,17,546.0,16,523.4,0,0,4.1572580047,9,5,3,305.7,151.3,89.0,9,4,3,305.7,128.7,89.0
173,173,15,508.5,14,484.5,0,0,4.19863923534,10,3,2,342.8,108.9,56.8,10,3,1,342.8,108.9,32.8
174,174,14,457.0,14,457.0,0,0,5.02221438836,10,3,1,323.4,103.9,29.7,10,3,1,323.4,103.9,29.7
175,175,15,486.3,13,439.4,0,0,5.44756826483,9,4,2,297.6,126.0,62.7,8,3,2,273.7,103.0,62.7
176,176,14,467.4,13,442.9,0,0,4.75570218755,9,3,2,301.1,103.7,62.6,8,3,2,276.6,103.7,62.6
177,177,16,516.1,15,491.7,0,0,4.31570291687,8,5,3,266.8,165.4,83.9,8,4,3,266.8,141.0,83.9
178,178,16,518.8,14,469.5,0,0,5.18015443785,9,4,3,295.6,122.2,101.0,8,4,2,271.2,122.2,76.1
179,179,17,549.4,16,525.1,0,0,3.89233787301,9,5,3,299.9,147.7,101.8,9,4,3,299.9,123.4,101.8
180,180,17,557.3,16,532.7,0,0,3.96125537143,9,5,3,300.2,156.0,101.1,8,5,3,275.6,156.0,101.1
181,181,16,502.5,14,455.1,0,0,3.94114513815,9,4,3,295.7,116.6,90.2,9,3,2,295.7,93.6,65.8
182,182,16,524.2,15,499.6,0,0,3.86072100347,9,4,3,289.7,136.9,97.6,8,4,3,265.1,136.9,97.6
183,183,17,528.8,16,504.2,0,0,4.53424064594,9,5,3,283.3,159.4,86.1,9,5,2,283.3,159.4,61.5
184,184,15,494.5,14,470.3,0,0,4.95489176279,7,5,3,237.7,170.6,86.2,7,5,2,237.7,170.6,62.0
185,185,17,554.3,17,554.3,0,0,4.48504049428,9,5,3,298.2,166.7,89.4,9,5,3,298.2,166.7,89.4
186,186,17,543.9,16,519.3,0,0,5.13900167691,9,5,3,287.3,168.1,88.5,8,5,3,262.7,168.1,88.5
187,187,16,516.5,15,491.6,0,0,5.1234387866,8,5,3,259.5,170.7,86.3,8,5,2,259.5,170.7,61.4
188,188,14,487.6,14,487.6,0,0,3.49426531762,8,5,1,284.4,169.5,33.7,8,5,1,284.4,169.5,33.7
189,189,15,489.3,14,466.7,0,0,5.25441311117,8,5,2,264.6,159.1,65.6,8,4,2,264.6,136.5,65.6
190,190,16,523.9,15,499.5,0,0,5.04856002572,8,5,3,270.9,165.8,87.2,7,5,3,246.5,165.8,87.2
191,191,15,492.6,15,492.6,0,0,4.91714202706,8,5,2,273.0,159.7,59.9,8,5,2,273.0,159.7,59.9
192,192,16,516.4,14,468.9,0,0,5.35319219407,8,5,3,271.2,161.1,84.1,7,5,2,246.9,161.1,60.9
193,193,16,511.6,14,465.0,0,0,5.65467358327,8,5,3,261.3,161.8,88.5,7,4,3,238.4,138.1,88.5
194,194,15,484.8,15,484.8,0,0,5.48884583236,8,4,3,261.9,134.4,88.5,8,4,3,261.9,134.4,88.5
195,195,17,544.1,14,471.8,0,0,5.59424599346,9,5,3,290.7,161.8,91.6,7,5,2,241.0,161.8,69.0
196,196,15,494.1,14,469.7,0,0,4.26912503582,8,5,2,266.1,164.6,63.4,8,4,2,266.1,140.2,63.4
197,197,13,453.1,13,453.1,0,0,4.88443367318,7,5,1,256.9,160.7,35.5,7,5,1,256.9,160.7,35.5
198,198,15,478.7,11,383.1,0,0,6.32205512095,7,5,3,233.7,162.4,82.6,6,4,1,210.0,137.7,35.4
199,199,17,542.0,14,469.8,0,0,5.62074675801,9,5,3,285.9,169.8,86.3,7,5,2,238.3,169.8,61.7
200,200,14,448.5,12,401.6,0,0,5.12874360726,7,3,4,238.6,99.8,110.1,6,3,3,216.3,99.8,85.5
201,201,15,463.8,14,440.1,0,0,4.35286440995,8,4,3,256.3,119.2,88.3,7,4,3,232.6,119.2,88.3
202,202,16,535.3,15,511.7,0,0,4.83431742855,9,5,2,308.4,162.6,64.3,8,5,2,284.8,162.6,64.3
203,203,16,546.9,16,546.9,0,0,4.09816523988,9,5,2,314.2,168.1,64.6,9,5,2,314.2,168.1,64.6
204,204,16,522.3,15,499.3,0,0,5.75140200299,9,5,2,292.6,172.5,57.2,8,5,2,269.6,172.5,57.2
205,205,16,541.5,16,541.5,0,0,4.80665770919,8,5,3,278.0,170.8,92.7,8,5,3,278.0,170.8,92.7
206,206,16,545.3,16,545.3,0,0,4.47842513242,8,5,3,279.8,171.8,93.7,8,5,3,279.8,171.8,93.7
207,207,17,564.7,16,540.6,0,0,4.79924932856,9,5,3,300.0,172.4,92.3,8,5,3,275.9,172.4,92.3
208,208,16,507.7,15,485.3,0,0,5.83948841937,9,5,2,278.9,162.6,66.2,8,5,2,256.5,162.6,66.2
209,209,16,522.1,15,497.2,0,0,5.3406265238,9,5,2,292.0,163.8,66.3,8,5,2,267.1,163.8,66.3
210,210,16,514.3,15,490.9,0,0,5.68987038517,9,5,2,283.0,165.3,66.0,8,5,2,259.6,165.3,66.0
211,211,14,461.3,13,437.4,0,0,5.34383181449,7,5,2,232.1,162.7,66.5,6,5,2,208.2,162.7,66.5
212,212,17,538.0,15,489.6,0,0,4.89491032184,9,5,3,280.9,161.3,95.8,8,5,2,256.4,161.3,71.9
213,213,16,535.8,15,511.1,0,0,4.38069629169,9,5,2,300.7,160.5,74.6,8,5,2,276.0,160.5,74.6
214,214,15,504.9,13,456.4,0,0,4.8673548111,8,4,3,273.5,133.3,98.1,7,4,2,249.9,133.3,73.2
215,215,16,518.0,13,447.6,0,0,5.73393407705,9,4,3,289.2,126.1,102.7,7,3,3,243.6,101.3,102.7
216,216,15,502.0,13,456.6,0,0,5.34651644487,8,5,2,270.0,156.2,75.8,7,4,2,247.4,133.4,75.8
217,217,14,467.9,14,467.9,0,0,4.176708047,7,4,3,230.4,135.5,102.0,7,4,3,230.4,135.5,102.0
218,218,14,451.2,12,404.3,0,0,4.90234301462,7,4,3,224.2,128.5,98.5,6,3,3,201.4,104.4,98.5
219,219,15,502.5,13,454.9,0,0,4.66154480832,7,5,3,241.0,162.6,98.9,6,4,3,217.0,139.0,98.9
220,220,14,441.7,13,418.4,0,0,4.50414339162,9,3,2,286.5,95.5,59.7,8,3,2,263.2,95.5,59.7
221,221,14,444.7,13,422.0,0,0,4.5085571874,8,3,3,256.8,99.4,88.5,7,3,3,234.1,99.4,88.5
222,222,13,448.4,13,448.4,0,0,4.3473098077,8,4,1,290.8,130.5,27.1,8,4,1,290.8,130.5,27.1
223,223,13,420.7,11,371.1,0,0,4.80026708659,7,4,2,246.7,124.0,50.0,7,3,1,246.7,99.1,25.3
224,224,7,232.2,7,232.2,0,0,2.41710176707,4,2,1,134.7,65.1,32.4,4,2,1,134.7,65.1,32.4
225,225,8,258.9,8,258.9,0,0,2.66508509647,5,2,1,164.4,62.8,31.7,5,2,1,164.4,62.8,31.7
226,226,21,613.8,14,454.9,1,18.7,5.73368492831,12,6,3,340.3,182.2,91.3,7,4,3,227.4,136.2,91.3
227,227,23,703.7,17,576.4,2,38.7,6.7837692835,14,6,3,430.3,193.3,80.1,11,5,1,368.7,172.7,35.0
228,228,22,683.5,17,574.9,2,38.5,6.3624184054,14,5,3,434.9,159.3,89.3,11,4,2,370.2,140.1,64.6
229,229,22,694.2,19,636.3,2,37.0,6.62194959587,14,5,3,431.8,168.6,93.8,12,4,3,392.0,150.5,93.8
230,230,22,669.2,18,584.8,1,17.1,5.60438912721,14,5,3,429.3,156.1,83.8,12,4,2,386.6,139.0,59.2
231,231,23,681.2,16,529.0,1,16.5,6.17485017661,14,6,3,422.5,176.4,82.3,10,4,2,331.8,137.2,60.0
