,e_id,num_sat,sum_snr,num_sat_25,sum_snr_25,snr_std,elev_0_30,elev_30_60,elev_60_90,elev_0_30_25,elev_30_60_25,elev_60_90_25
1,1,20,570.8,14,459.1,7.42487993878,11,4,5,6,4,4
2,2,20,583.8,16,522.0,7.94076093397,11,4,5,8,4,4
3,3,20,614.5,17,562.8,6.84042742586,11,4,5,8,4,5
4,4,20,580.4,16,488.1,4.60292812983,11,4,5,8,4,4
5,5,20,583.7,17,522.4,5.25880464705,11,4,5,9,4,4
6,6,17,532.4,15,495.7,7.00858716987,9,4,4,7,4,4
7,7,16,507.3,15,483.8,4.91032500622,9,4,3,8,4,3
8,8,16,500.9,13,428.1,4.66068217468,8,4,4,6,4,3
9,9,15,486.6,14,461.8,4.76097228965,7,4,4,6,4,4
10,10,15,486.0,14,461.4,4.38080227486,7,4,4,6,4,4
11,11,15,485.8,14,461.3,4.15775809553,7,4,4,7,4,3
12,12,13,416.4,13,416.4,3.66114385937,6,4,3,6,4,3
13,13,15,472.8,13,424.0,4.47631864052,7,4,4,6,4,3
14,14,13,436.8,12,412.3,3.80657326213,6,4,3,5,4,3
15,15,15,498.8,14,476.3,4.73178713847,7,4,4,6,4,4
16,16,14,470.0,13,445.2,4.87575297087,6,4,4,5,4,4
17,17,16,517.7,12,422.9,5.65001106194,7,4,5,5,4,3
18,18,16,515.9,12,419.0,5.29792018941,7,4,5,5,4,3
19,19,15,493.2,12,421.8,5.29679148164,7,4,4,5,4,3
20,20,14,474.4,13,450.5,4.7718496886,5,4,5,5,4,4
21,21,14,468.4,13,444.9,4.47500997605,5,4,5,5,4,4
22,22,14,462.0,14,462.0,4.4493733353,5,4,5,5,4,5
23,23,14,460.0,14,460.0,4.02849738846,5,4,5,5,4,5
24,24,15,489.2,15,489.2,4.98409852383,6,4,5,6,4,5
25,25,15,486.3,14,462.7,4.93402183098,7,4,4,6,4,4
26,26,14,458.2,12,409.9,5.32735012372,5,4,5,5,4,3
27,27,15,480.3,14,456.0,5.20249939933,6,4,5,5,4,5
28,28,13,423.7,12,400.7,4.68000383519,4,4,5,4,4,4
29,29,16,511.7,15,488.6,5.56898778954,7,4,5,6,4,5
30,30,17,541.7,13,444.4,5.76649169518,8,4,5,6,3,4
31,31,16,522.0,16,522.0,4.67211586614,8,4,4,8,4,4
32,32,17,560.6,17,560.6,5.18333018095,8,4,5,8,4,5
33,33,16,509.4,12,414.9,5.86763723032,8,4,4,6,3,3
34,34,16,506.3,13,433.3,5.57266767357,8,4,4,7,2,4
35,35,17,526.5,13,431.1,5.78292364487,8,4,5,6,4,3
36,36,17,551.4,15,502.1,5.06420541355,8,4,5,6,4,5
37,37,16,510.7,14,463.1,5.6527537537,8,4,4,6,4,4
38,38,15,482.0,14,459.8,5.5230253959,7,4,4,6,4,4
39,39,14,412.5,12,365.0,4.46501049062,5,4,5,4,4,4
40,40,17,570.9,15,523.5,5.99585641236,8,4,5,6,4,5
41,41,15,478.4,15,478.4,4.69642214376,6,4,5,6,4,5
42,42,18,594.0,18,594.0,4.87466439267,9,4,5,9,4,5
43,43,16,524.2,16,524.2,4.64282600722,7,4,5,7,4,5
44,44,16,547.8,16,547.8,5.03545760913,7,4,5,7,4,5
45,45,17,564.6,16,539.7,5.29880674692,8,4,5,8,4,4
46,46,16,533.3,15,508.4,4.77587252063,8,3,5,7,3,5
47,47,18,582.7,16,537.4,5.16365187184,9,4,5,7,4,5
48,48,17,553.2,15,504.6,4.82688548957,8,4,5,7,3,5
49,49,18,564.5,16,515.5,5.24585426104,9,4,5,7,4,5
50,50,17,534.4,16,510.0,5.26948066422,8,4,5,8,4,4
51,51,17,536.5,15,488.7,5.41226140623,8,4,5,6,4,5
52,52,16,515.1,16,515.1,4.55433401644,7,4,5,7,4,5
53,53,18,583.1,17,559.8,5.0679468197,9,4,5,8,4,5
54,54,16,527.9,15,503.4,5.07890654242,8,3,5,7,3,5
55,55,17,562.3,16,537.9,5.1328025254,8,4,5,7,4,5
56,56,17,554.8,15,506.3,5.00910934903,8,4,5,7,4,4
57,57,18,587.2,17,564.7,6.02099811499,9,4,5,8,4,5
58,58,16,547.6,16,547.6,5.82025199913,8,4,4,8,4,4
59,59,15,508.5,13,460.3,7.04252389823,8,4,3,7,4,2
60,60,15,522.1,15,522.1,6.14752757115,8,4,3,8,4,3
61,61,15,486.7,13,439.7,5.52977223332,8,3,4,7,3,3
62,62,13,420.9,13,420.9,4.70658295124,7,3,3,7,3,3
63,63,15,493.6,13,444.8,5.0030657268,7,4,4,6,4,3
64,64,11,363.0,11,363.0,5.29169160099,6,3,2,6,3,2
65,65,14,449.6,12,400.6,5.28653691252,6,4,4,6,3,3
66,66,15,470.0,15,470.0,3.75417228212,6,4,5,6,4,5
67,67,16,507.7,15,484.3,4.71348685511,7,4,5,6,4,5
68,68,17,526.9,13,439.4,6.62641216914,8,4,5,6,4,3
69,69,18,539.0,14,458.2,6.9003173177,9,4,5,7,4,3
70,70,17,524.7,14,458.6,5.80451776383,9,4,4,7,4,3
71,71,18,565.6,17,548.5,5.43924254627,9,4,5,8,4,5
72,72,18,551.5,17,533.8,5.14222873275,9,4,5,8,4,5
73,73,18,560.2,15,494.6,5.89352142367,9,4,5,8,4,3
74,74,18,565.8,16,524.0,5.71890569541,9,4,5,8,4,4
75,75,18,566.5,17,549.1,5.50943634947,9,4,5,8,4,5
76,76,18,566.3,16,526.0,5.66435073782,9,4,5,7,4,5
77,77,18,563.9,16,522.3,5.46150222338,9,4,5,7,4,5
78,78,19,585.9,16,519.5,5.5946611978,10,4,5,8,4,4
79,79,19,600.9,17,555.1,4.89657954373,10,4,5,8,4,5
80,80,19,607.4,18,583.2,4.74880717556,10,4,5,9,4,5
81,81,19,612.4,17,564.2,5.60387292976,10,4,5,9,4,4
82,82,18,591.4,16,545.7,6.19546534569,10,3,5,9,3,4
83,83,19,620.8,18,597.6,5.90497361978,10,4,5,9,4,5
84,84,19,610.6,16,540.1,6.31481595811,10,4,5,8,4,4
85,85,19,601.7,17,559.0,6.30485286035,10,4,5,9,4,4
86,86,19,599.2,18,580.9,6.14972542534,10,4,5,10,4,4
87,87,18,575.7,15,509.8,6.89929663934,10,4,4,8,4,3
88,88,18,570.8,13,453.3,6.52316134914,10,4,4,7,4,2
89,89,18,577.7,14,485.4,6.15481372798,10,4,4,7,4,3
90,90,18,568.6,13,452.9,6.41064270329,10,4,4,7,3,3
91,91,18,565.7,16,523.6,5.73634496825,10,4,4,8,4,4
92,92,17,499.2,13,409.3,6.10398857065,10,4,3,8,4,1
93,93,17,504.1,14,442.2,6.25061173477,10,4,3,8,4,2
94,94,18,541.6,15,477.0,6.028548639,10,4,4,7,4,4
95,95,18,513.5,12,381.2,6.3405145046,10,4,4,6,3,3
96,96,17,481.9,10,328.1,6.66850036056,10,4,3,6,3,1
97,97,17,477.6,11,354.7,7.16881009898,10,4,3,6,4,1
98,98,17,471.9,11,353.2,7.33204088432,10,4,3,6,4,1
99,99,18,499.7,12,378.4,7.00899748549,10,4,4,6,4,2
100,100,18,504.3,14,428.0,6.84949547305,10,4,4,7,4,3
101,101,18,511.0,12,381.9,6.6288042475,10,4,4,6,3,3
102,102,18,524.0,14,436.0,5.92520924315,10,4,4,7,4,3
103,103,18,526.7,15,459.3,5.44460217192,10,4,4,7,4,4
104,104,17,503.3,13,413.0,5.69829695921,9,4,4,6,4,3
105,105,16,498.1,15,473.6,4.1716054064,8,4,4,7,4,4
106,106,14,450.5,14,450.5,3.58268884229,6,4,4,6,4,4
107,107,16,498.5,15,474.1,3.9604660921,7,4,5,6,4,5
108,108,16,499.8,14,451.4,3.90382291265,7,4,5,6,4,4
109,109,15,462.1,14,439.0,3.71838418569,6,4,5,5,4,5
110,110,16,489.8,15,466.0,3.80821480487,7,4,5,7,4,4
111,111,17,517.2,15,470.5,4.04173994274,9,4,4,7,4,4
112,112,16,494.0,13,421.9,5.26478869472,8,4,4,7,3,3
113,113,15,486.5,14,462.8,4.89557623438,7,3,5,7,3,4
114,114,15,469.0,13,422.3,4.90009718077,7,3,5,6,3,4
115,115,17,526.0,16,502.1,4.95984611953,8,4,5,7,4,5
116,116,17,526.5,14,454.6,5.25306633143,8,4,5,7,3,4
117,117,15,464.2,12,390.7,4.96701500856,7,4,4,7,3,2
118,118,15,462.3,12,389.0,4.92083035966,9,3,3,6,3,3
119,119,17,518.4,15,471.0,5.52827624448,9,4,4,8,4,3
120,120,16,509.1,16,509.1,5.32931749852,8,4,4,8,4,4
121,121,16,501.7,15,478.7,5.37276697801,8,4,4,8,4,3
122,122,17,523.8,16,498.8,4.94543758844,8,4,5,7,4,5
123,123,17,518.6,16,495.1,4.76044517197,8,4,5,8,4,4
124,124,16,502.1,15,477.8,4.90213813895,8,4,4,8,4,3
125,125,17,534.6,15,488.4,5.49091495644,9,4,4,8,4,3
126,126,17,542.3,16,517.4,4.92544414241,8,4,5,8,4,4
127,127,15,479.4,13,429.7,5.55669480383,8,4,3,7,4,2
128,128,16,525.7,15,500.9,5.34140664994,9,3,4,9,3,3
129,129,16,548.7,16,548.7,5.33959658276,9,4,3,9,4,3
130,130,15,514.4,15,514.4,5.49915144969,8,4,3,8,4,3
131,131,17,552.8,15,506.6,6.19114643,8,4,5,7,4,4
132,132,17,542.4,14,469.9,5.84577524673,8,4,5,7,4,3
133,133,17,537.2,14,466.0,5.30176857284,9,4,4,7,4,3
134,134,16,533.7,15,508.8,4.29898728385,8,4,4,8,4,3
135,135,15,510.7,14,486.6,4.88187122594,8,4,3,7,4,3
136,136,16,542.1,16,542.1,4.90444951039,8,4,4,8,4,4
137,137,18,584.5,17,560.1,5.40520506827,9,4,5,9,4,4
138,138,17,560.2,16,535.4,5.183521685,9,4,4,8,4,4
139,139,17,550.1,14,481.2,5.9237930019,8,4,5,6,4,4
140,140,17,568.1,15,520.0,5.93824840485,9,4,4,8,4,3
141,141,16,526.3,15,502.7,4.3733234883,8,4,4,8,4,3
142,142,16,533.6,16,533.6,4.24091185163,9,4,3,9,4,3
143,143,17,558.0,15,508.8,4.57896404929,9,4,4,8,4,3
144,144,15,513.4,15,513.4,3.43562567948,8,4,3,8,4,3
145,145,17,550.2,16,526.7,4.63410471079,9,4,4,9,4,3
146,146,17,549.3,16,524.6,4.62869883889,9,4,4,8,4,4
147,147,16,516.8,16,516.8,4.38330164754,9,4,3,9,4,3
148,148,16,513.6,14,465.2,4.89176178215,9,4,3,7,4,3
149,149,14,463.8,14,463.8,4.74153960251,8,3,3,8,3,3
150,150,16,517.5,15,493.3,5.68424357325,9,3,4,8,3,4
151,151,16,521.1,15,497.4,6.15139211886,9,4,3,8,4,3
152,152,16,515.3,14,466.8,5.34820452738,8,4,4,7,4,3
153,153,15,481.1,14,457.1,4.94591702701,7,4,4,7,4,3
154,154,16,509.8,15,485.9,4.83237346791,8,4,4,7,4,4
155,155,16,521.2,15,498.2,5.72182954424,9,4,3,8,4,3
156,156,15,474.6,13,427.0,5.91364040648,8,3,4,7,3,3
157,157,17,529.8,16,505.5,4.71340391549,8,4,5,7,4,5
158,158,17,519.9,13,425.6,5.29389215206,9,3,5,5,3,5
159,159,16,505.6,13,431.9,5.31450844387,7,4,5,5,3,5
160,160,17,532.8,17,532.8,4.67092855109,8,4,5,8,4,5
161,161,17,511.5,14,437.5,5.87227408601,9,3,5,7,3,4
162,162,16,492.1,14,443.6,5.43715228773,8,3,5,7,3,4
163,163,18,548.6,16,500.7,5.44950678346,9,4,5,8,4,4
164,164,17,521.6,14,452.0,5.14990719505,9,4,4,7,4,3
165,165,15,470.2,14,447.2,4.80042656835,8,4,3,7,4,3
166,166,17,515.6,13,420.6,5.09077163919,9,4,4,6,4,3
167,167,16,496.3,14,448.7,4.82178649465,8,4,4,6,4,4
168,168,16,496.7,14,450.2,4.9392264914,8,4,4,6,4,4
169,169,17,526.7,14,455.7,4.91810879482,9,4,4,6,4,4
170,170,16,506.3,15,483.2,4.36729798235,9,3,4,8,3,4
171,171,16,512.4,15,488.3,4.50429424735,8,3,5,7,3,5
172,172,17,530.8,15,482.2,4.77801337008,9,3,5,8,3,4
173,173,16,509.7,15,485.0,4.28874010249,8,3,5,7,3,5
174,174,16,512.4,16,512.4,4.17396693806,8,3,5,8,3,5
175,175,17,542.3,16,518.9,4.41460643772,8,4,5,8,3,5
176,176,17,533.3,16,509.4,4.34694788126,8,4,5,7,4,5
177,177,16,511.7,15,487.8,4.24754340767,8,3,5,7,3,5
178,178,17,540.9,15,494.3,5.68608337238,9,3,5,8,3,4
179,179,13,448.6,13,448.6,5.11964542041,6,3,4,6,3,4
180,180,16,542.0,16,542.0,4.28851178538,7,4,5,7,4,5
181,181,16,529.0,16,529.0,4.76289477804,7,4,5,7,4,5
182,182,17,560.5,17,560.5,4.36889069242,8,4,5,8,4,5
183,183,16,535.9,16,535.9,4.6812347018,7,4,5,7,4,5
184,184,14,444.1,12,396.1,6.30032704541,8,2,4,7,2,3
185,185,16,501.7,13,429.8,5.72747399238,8,3,5,8,3,2
186,186,17,565.9,17,565.9,3.82800247403,8,4,5,8,4,5
187,187,15,495.9,14,472.9,4.50076184027,7,4,4,6,4,4
188,188,13,415.8,11,368.3,4.85521131601,6,4,3,5,4,2
189,189,14,445.1,12,396.5,5.71455150481,6,4,4,5,4,3
190,190,11,361.3,10,338.5,5.72981040461,5,3,3,5,3,2
191,191,1,32.5,1,32.5,,0,0,1,0,0,1
192,192,15,488.8,15,488.8,4.00836031077,6,6,3,6,6,3
193,193,19,599.3,16,535.1,5.87265941929,9,6,4,7,6,3
194,194,19,596.9,16,533.3,6.18549047349,9,6,4,7,6,3
195,195,20,616.9,16,535.8,6.99544776792,10,6,4,7,6,3
196,196,20,611.5,15,500.6,6.45623933229,10,6,4,6,6,3
197,197,20,617.9,16,525.7,5.86187279217,10,6,4,7,6,3
