,e_id,num_sat,sum_snr,num_sat_25,sum_snr_25,num_sat_u20,sum_sat_u20,snr_std,elev_0_30,elev_30_60,elev_60_90,sum_elev_0_30,sum_elev_30_60,sum_elev_60_90,elev_0_30_25,elev_30_60_25,elev_60_90_25,sum_elev_0_30_25,sum_elev_30_60_25,sum_elev_60_90_25
1,1,20,570.8,14,459.1,3,44.1,7.42487993878,11,4,5,278.5,137.4,154.9,6,4,4,187.4,137.4,134.3
2,2,20,583.8,16,522.0,3,41.1,7.94076093397,11,4,5,297.9,136.9,149.0,8,4,4,256.8,136.9,128.3
3,3,20,614.5,17,562.8,2,30.0,6.84042742586,11,4,5,316.4,138.4,159.7,8,4,5,264.7,138.4,159.7
4,4,20,580.4,16,488.1,0,0,4.60292812983,11,4,5,332.5,114.6,133.3,8,4,4,262.1,114.6,111.4
5,5,20,583.7,17,522.4,2,36.7,5.25880464705,11,4,5,327.6,120.7,135.4,9,4,4,290.9,120.7,110.8
6,6,17,532.4,15,495.7,2,36.7,7.00858716987,9,4,4,283.8,129.0,119.6,7,4,4,247.1,129.0,119.6
7,7,16,507.3,15,483.8,0,0,4.91032500622,9,4,3,293.6,128.8,84.9,8,4,3,270.1,128.8,84.9
8,8,16,500.9,14,453.1,0,0,4.66068217468,8,4,4,250.8,141.5,108.6,7,4,3,226.4,141.5,85.2
9,9,15,486.6,14,461.8,0,0,4.76097228965,7,4,4,229.7,141.4,115.5,6,4,4,204.9,141.4,115.5
10,10,15,486.0,14,461.4,0,0,4.38080227486,7,4,4,223.2,143.8,119.0,6,4,4,198.6,143.8,119.0
11,11,15,485.8,14,461.3,0,0,4.15775809553,7,4,4,224.1,144.1,117.6,7,4,3,224.1,144.1,93.1
12,12,13,416.4,13,416.4,0,0,3.66114385937,6,4,3,199.5,132.3,84.6,6,4,3,199.5,132.3,84.6
13,13,15,472.8,13,424.0,0,0,4.47631864052,7,4,4,224.6,138.0,110.2,6,4,3,200.4,138.0,85.6
14,14,13,436.8,12,412.3,0,0,3.80657326213,6,4,3,200.3,144.2,92.3,5,4,3,175.8,144.2,92.3
15,15,15,498.8,14,476.3,0,0,4.73178713847,7,4,4,223.4,148.9,126.5,6,4,4,200.9,148.9,126.5
16,16,14,470.0,13,445.2,0,0,4.87575297087,6,4,4,198.5,147.7,123.8,5,4,4,173.7,147.7,123.8
17,17,16,517.7,12,422.9,0,0,5.65001106194,7,4,5,220.6,149.0,148.1,5,4,3,173.5,149.0,100.4
18,18,16,515.9,13,444.0,0,0,5.29792018941,7,4,5,219.3,149.4,147.2,6,4,3,196.4,149.4,98.2
19,19,15,493.2,12,421.8,0,0,5.29679148164,7,4,4,220.6,150.9,121.7,5,4,3,174.0,150.9,96.9
20,20,14,474.4,13,450.5,0,0,4.7718496886,5,4,5,174.2,151.8,148.4,5,4,4,174.2,151.8,124.5
21,21,14,468.4,13,444.9,0,0,4.47500997605,5,4,5,172.9,147.4,148.1,5,4,4,172.9,147.4,124.6
22,22,14,462.0,14,462.0,0,0,4.4493733353,5,4,5,167.0,145.4,149.6,5,4,5,167.0,145.4,149.6
23,23,14,460.0,14,460.0,0,0,4.02849738846,5,4,5,168.8,142.7,148.5,5,4,5,168.8,142.7,148.5
24,24,15,489.2,15,489.2,0,0,4.98409852383,6,4,5,206.9,138.8,143.5,6,4,5,206.9,138.8,143.5
25,25,15,486.3,14,462.7,0,0,4.93402183098,7,4,4,220.7,146.8,118.8,6,4,4,197.1,146.8,118.8
26,26,14,458.2,12,409.9,0,0,5.32735012372,5,4,5,165.2,151.2,141.8,5,4,3,165.2,151.2,93.5
27,27,15,480.3,14,456.0,0,0,5.20249939933,6,4,5,188.0,149.3,143.0,5,4,5,163.7,149.3,143.0
28,28,13,423.7,12,400.7,0,0,4.68000383519,4,4,5,137.5,144.6,141.6,4,4,4,137.5,144.6,118.6
29,29,16,511.7,15,488.6,0,0,5.56898778954,7,4,5,229.4,138.5,143.8,6,4,5,206.3,138.5,143.8
30,30,17,541.7,14,469.4,0,0,5.76649169518,8,4,5,262.9,130.2,148.6,7,3,4,238.0,107.3,124.1
31,31,16,522.0,16,522.0,0,0,4.67211586614,8,4,4,267.4,131.1,123.5,8,4,4,267.4,131.1,123.5
32,32,17,560.6,17,560.6,0,0,5.18333018095,8,4,5,269.9,135.3,155.4,8,4,5,269.9,135.3,155.4
33,33,16,509.4,12,414.9,0,0,5.86763723032,8,4,4,260.8,127.3,121.3,6,3,3,214.3,103.2,97.4
34,34,16,506.3,13,433.3,0,0,5.57266767357,8,4,4,261.5,124.2,120.6,7,2,4,237.0,75.7,120.6
35,35,17,526.5,13,431.1,0,0,5.78292364487,8,4,5,250.0,138.8,137.7,6,4,3,202.9,138.8,89.4
36,36,17,551.4,15,502.1,0,0,5.06420541355,8,4,5,261.7,137.3,152.4,6,4,5,212.4,137.3,152.4
37,37,16,510.7,14,463.1,0,0,5.6527537537,8,4,4,251.7,142.8,116.2,6,4,4,204.1,142.8,116.2
38,38,15,482.0,14,459.8,0,0,5.5230253959,7,4,4,222.0,143.6,116.4,6,4,4,199.8,143.6,116.4
39,39,14,412.5,12,365.0,0,0,4.46501049062,5,4,5,141.5,127.1,143.9,4,4,4,117.1,127.1,120.8
40,40,17,570.9,15,523.5,0,0,5.99585641236,8,4,5,264.5,148.9,157.5,6,4,5,217.1,148.9,157.5
41,41,15,478.4,15,478.4,0,0,4.69642214376,6,4,5,207.5,133.4,137.5,6,4,5,207.5,133.4,137.5
42,42,18,594.0,18,594.0,0,0,4.87466439267,9,4,5,299.9,134.0,160.1,9,4,5,299.9,134.0,160.1
43,43,16,524.2,16,524.2,0,0,4.64282600722,7,4,5,246.8,121.2,156.2,7,4,5,246.8,121.2,156.2
44,44,16,547.8,16,547.8,0,0,5.03545760913,7,4,5,241.6,151.8,154.4,7,4,5,241.6,151.8,154.4
45,45,17,564.6,16,539.7,0,0,5.29880674692,8,4,5,272.4,143.4,148.8,8,4,4,272.4,143.4,123.9
46,46,16,533.3,15,508.4,0,0,4.77587252063,8,3,5,261.1,110.2,162.0,7,3,5,236.2,110.2,162.0
47,47,18,582.7,16,537.4,0,0,5.16365187184,9,4,5,282.1,139.4,161.2,7,4,5,236.8,139.4,161.2
48,48,17,553.2,15,504.6,0,0,4.82688548957,8,4,5,261.0,133.6,158.6,7,3,5,237.0,109.0,158.6
49,49,18,564.5,17,540.5,0,0,5.24585426104,9,4,5,274.0,137.5,153.0,8,4,5,250.0,137.5,153.0
50,50,17,534.4,16,510.0,0,0,5.26948066422,8,4,5,242.0,141.1,151.3,8,4,4,242.0,141.1,126.9
51,51,17,536.5,15,488.7,0,0,5.41226140623,8,4,5,246.0,139.5,151.0,6,4,5,198.2,139.5,151.0
52,52,16,515.1,16,515.1,0,0,4.55433401644,7,4,5,224.0,136.3,154.8,7,4,5,224.0,136.3,154.8
53,53,18,583.1,17,559.8,0,0,5.0679468197,9,4,5,287.9,134.1,161.1,8,4,5,264.6,134.1,161.1
54,54,16,527.9,15,503.4,0,0,5.07890654242,8,3,5,268.5,102.6,156.8,7,3,5,244.0,102.6,156.8
55,55,17,562.3,16,537.9,0,0,5.1328025254,8,4,5,275.8,128.5,158.0,7,4,5,251.4,128.5,158.0
56,56,17,554.8,15,506.3,0,0,5.00910934903,8,4,5,270.4,130.3,154.1,7,4,4,245.7,130.3,130.3
57,57,18,587.2,17,564.7,0,0,6.02099811499,9,4,5,298.4,144.8,144.0,8,4,5,275.9,144.8,144.0
58,58,16,547.6,16,547.6,0,0,5.82025199913,8,4,4,278.5,147.7,121.4,8,4,4,278.5,147.7,121.4
59,59,15,508.5,13,460.3,0,0,7.04252389823,8,4,3,270.7,152.8,85.0,7,4,2,246.8,152.8,60.7
60,60,15,522.1,15,522.1,0,0,6.14752757115,8,4,3,279.4,158.4,84.3,8,4,3,279.4,158.4,84.3
61,61,15,486.7,13,439.7,0,0,5.52977223332,8,3,4,267.0,108.0,111.7,7,3,3,243.1,108.0,88.6
62,62,13,420.9,13,420.9,0,0,4.70658295124,7,3,3,230.7,102.8,87.4,7,3,3,230.7,102.8,87.4
63,63,15,493.6,13,444.8,0,0,5.0030657268,7,4,4,233.4,139.5,120.7,6,4,3,209.5,139.5,95.8
64,64,11,363.0,11,363.0,0,0,5.29169160099,6,3,2,205.9,99.4,57.7,6,3,2,205.9,99.4,57.7
65,65,14,449.6,12,400.6,0,0,5.28653691252,6,4,4,205.0,130.6,114.0,6,3,3,205.0,106.3,89.3
66,66,15,470.0,15,470.0,0,0,3.75417228212,6,4,5,196.0,130.9,143.1,6,4,5,196.0,130.9,143.1
67,67,16,507.7,15,484.3,0,0,4.71348685511,7,4,5,229.4,139.6,138.7,6,4,5,206.0,139.6,138.7
68,68,17,526.9,13,439.4,1,19.3,6.62641216914,8,4,5,256.9,138.0,132.0,6,4,3,212.3,138.0,89.1
69,69,18,539.0,14,458.2,2,35.1,6.9003173177,9,4,5,275.7,137.8,125.5,7,4,3,235.9,137.8,84.5
70,70,17,524.7,14,458.6,0,0,5.80451776383,9,4,4,288.0,126.4,110.3,7,4,3,244.0,126.4,88.2
71,71,18,565.6,17,548.5,1,17.1,5.43924254627,9,4,5,290.2,129.0,146.4,8,4,5,273.1,129.0,146.4
72,72,18,551.5,17,533.8,1,17.7,5.14222873275,9,4,5,280.8,124.9,145.8,8,4,5,263.1,124.9,145.8
73,73,18,560.2,15,494.6,1,17.7,5.89352142367,9,4,5,291.2,129.5,139.5,8,4,3,273.5,129.5,91.6
74,74,18,565.8,16,524.0,1,17.4,5.71890569541,9,4,5,287.8,129.8,148.2,8,4,4,270.4,129.8,123.8
75,75,18,566.5,17,549.1,1,17.4,5.50943634947,9,4,5,280.7,131.0,154.8,8,4,5,263.3,131.0,154.8
76,76,18,566.3,16,526.0,1,16.9,5.66435073782,9,4,5,281.0,130.3,155.0,7,4,5,240.7,130.3,155.0
77,77,18,563.9,16,522.3,1,18.5,5.46150222338,9,4,5,280.8,127.8,155.3,7,4,5,239.2,127.8,155.3
78,78,19,585.9,16,519.5,1,17.3,5.5946611978,10,4,5,307.4,123.9,154.6,8,4,4,265.4,123.9,130.2
79,79,19,600.9,17,555.1,0,0,4.89657954373,10,4,5,318.5,128.8,153.6,8,4,5,272.7,128.8,153.6
80,80,19,607.4,18,583.2,0,0,4.74880717556,10,4,5,323.1,131.7,152.6,9,4,5,298.9,131.7,152.6
81,81,19,612.4,17,564.2,0,0,5.60387292976,10,4,5,330.7,132.7,149.0,9,4,4,305.8,132.7,125.7
82,82,18,591.4,16,545.7,0,0,6.19546534569,10,3,5,324.8,112.1,154.5,9,3,4,303.9,112.1,129.7
83,83,19,620.8,18,597.6,0,0,5.90497361978,10,4,5,325.1,150.8,144.9,9,4,5,301.9,150.8,144.9
84,84,19,610.6,17,565.1,0,0,6.31481595811,10,4,5,324.7,142.8,143.1,9,4,4,302.8,142.8,119.5
85,85,19,601.7,17,559.0,1,18.3,6.30485286035,10,4,5,325.1,137.3,139.3,9,4,4,300.7,137.3,121.0
86,86,19,599.2,18,580.9,1,18.3,6.14972542534,10,4,5,324.5,137.1,137.6,10,4,4,324.5,137.1,119.3
87,87,18,575.7,15,509.8,1,18.4,6.89929663934,10,4,4,316.2,150.0,109.5,8,4,3,268.7,150.0,91.1
88,88,18,570.8,14,478.3,0,0,6.52316134914,10,4,4,311.0,146.8,113.0,8,4,2,265.1,146.8,66.4
89,89,18,577.7,14,485.4,0,0,6.15481372798,10,4,4,324.4,137.6,115.7,7,4,3,253.3,137.6,94.5
90,90,18,568.6,13,452.9,0,0,6.41064270329,10,4,4,324.9,126.9,116.8,7,3,3,257.0,102.6,93.3
91,91,18,565.7,16,523.6,0,0,5.73634496825,10,4,4,316.0,135.0,114.7,8,4,4,273.9,135.0,114.7
92,92,17,499.2,13,409.3,1,15.8,6.10398857065,10,4,3,293.5,125.2,80.5,8,4,1,253.3,125.2,30.8
93,93,17,504.1,14,442.2,1,15.8,6.25061173477,10,4,3,292.3,131.6,80.2,8,4,2,252.1,131.6,58.5
94,94,18,541.6,15,477.0,1,16.8,6.028548639,10,4,4,294.3,130.3,117.0,7,4,4,229.7,130.3,117.0
95,95,18,513.5,12,381.2,1,16.8,6.3405145046,10,4,4,284.5,121.8,107.2,6,3,3,198.7,99.3,83.2
96,96,17,481.9,10,328.1,2,36.0,6.66850036056,10,4,3,281.9,123.0,77.0,6,3,1,198.7,98.3,31.1
97,97,17,477.6,11,354.7,2,31.5,7.16881009898,10,4,3,274.9,125.8,76.9,6,4,1,197.7,125.8,31.2
98,98,17,471.9,11,353.2,3,50.5,7.33204088432,10,4,3,276.8,124.7,70.4,6,4,1,197.9,124.7,30.6
99,99,18,499.7,12,378.4,2,30.7,7.00899748549,10,4,4,278.1,124.5,97.1,6,4,2,197.1,124.5,56.8
100,100,18,504.3,14,428.0,2,30.7,6.84949547305,10,4,4,283.4,122.3,98.6,7,4,3,223.9,122.3,81.8
101,101,18,511.0,12,381.9,2,33.2,6.6288042475,10,4,4,286.4,123.7,100.9,6,3,3,200.3,99.5,82.1
102,102,18,524.0,14,436.0,1,18.4,5.92520924315,10,4,4,292.9,124.8,106.3,7,4,3,225.6,124.8,85.6
103,103,18,526.7,15,459.3,1,18.4,5.44460217192,10,4,4,291.4,124.4,110.9,7,4,4,224.0,124.4,110.9
104,104,17,503.3,13,413.0,1,18.4,5.69829695921,9,4,4,267.4,124.6,111.3,6,4,3,201.5,124.6,86.9
105,105,16,498.1,15,473.6,0,0,4.1716054064,8,4,4,256.7,122.0,119.4,7,4,4,232.2,122.0,119.4
106,106,14,450.5,14,450.5,0,0,3.58268884229,6,4,4,194.8,136.4,119.3,6,4,4,194.8,136.4,119.3
107,107,16,498.5,15,474.1,0,0,3.9604660921,7,4,5,212.1,141.3,145.1,6,4,5,187.7,141.3,145.1
108,108,16,499.8,14,451.4,0,0,3.90382291265,7,4,5,213.3,136.0,150.5,6,4,4,189.2,136.0,126.2
109,109,15,462.1,14,439.0,0,0,3.71838418569,6,4,5,185.9,129.7,146.5,5,4,5,162.8,129.7,146.5
110,110,16,489.8,15,466.0,0,0,3.80821480487,7,4,5,213.2,127.8,148.8,7,4,4,213.2,127.8,125.0
111,111,17,517.2,15,470.5,0,0,4.04173994274,9,4,4,269.0,130.9,117.3,7,4,4,222.3,130.9,117.3
112,112,16,494.0,13,421.9,0,0,5.26478869472,8,4,4,252.0,130.7,111.3,7,3,3,228.9,106.2,86.8
113,113,15,486.5,14,462.8,0,0,4.89557623438,7,3,5,232.0,110.1,144.4,7,3,4,232.0,110.1,120.7
114,114,15,469.0,13,422.3,0,0,4.90009718077,7,3,5,224.5,105.1,139.4,6,3,4,200.1,105.1,117.1
115,115,17,526.0,16,502.1,0,0,4.95984611953,8,4,5,246.9,133.7,145.4,7,4,5,223.0,133.7,145.4
116,116,17,526.5,14,454.6,0,0,5.25306633143,8,4,5,249.9,131.8,144.8,7,3,4,226.8,107.7,120.1
117,117,15,464.2,12,390.7,0,0,4.96701500856,7,4,4,224.6,127.8,111.8,7,3,2,224.6,103.1,63.0
118,118,15,462.3,12,389.0,0,0,4.92083035966,9,3,3,270.8,101.5,90.0,6,3,3,197.5,101.5,90.0
119,119,17,518.4,15,471.0,0,0,5.52827624448,9,4,4,278.8,131.0,108.6,8,4,3,256.2,131.0,83.8
120,120,16,509.1,16,509.1,0,0,5.32931749852,8,4,4,264.0,132.3,112.8,8,4,4,264.0,132.3,112.8
121,121,16,501.7,15,478.7,0,0,5.37276697801,8,4,4,263.9,133.7,104.1,8,4,3,263.9,133.7,81.1
122,122,17,523.8,17,523.8,0,0,4.94543758844,8,4,5,250.6,130.7,142.5,8,4,5,250.6,130.7,142.5
123,123,17,518.6,16,495.1,0,0,4.76044517197,8,4,5,250.8,128.9,138.9,8,4,4,250.8,128.9,115.4
124,124,16,502.1,15,477.8,0,0,4.90213813895,8,4,4,253.0,137.2,111.9,8,4,3,253.0,137.2,87.6
125,125,17,534.6,15,488.4,0,0,5.49091495644,9,4,4,282.0,141.4,111.2,8,4,3,258.6,141.4,88.4
126,126,17,542.3,16,517.4,0,0,4.92544414241,8,4,5,264.0,138.7,139.6,8,4,4,264.0,138.7,114.7
127,127,15,479.4,14,454.7,0,0,5.55669480383,8,4,3,257.2,138.7,83.5,8,4,2,257.2,138.7,58.8
128,128,16,525.7,15,500.9,0,0,5.34140664994,9,3,4,305.6,107.9,112.2,9,3,3,305.6,107.9,87.4
129,129,16,548.7,16,548.7,0,0,5.33959658276,9,4,3,299.1,157.8,91.8,9,4,3,299.1,157.8,91.8
130,130,15,514.4,15,514.4,0,0,5.49915144969,8,4,3,271.6,152.1,90.7,8,4,3,271.6,152.1,90.7
131,131,17,552.8,15,506.6,0,0,6.19114643,8,4,5,266.3,147.2,139.3,7,4,4,242.8,147.2,116.6
132,132,17,542.4,14,469.9,0,0,5.84577524673,8,4,5,259.5,143.7,139.2,7,4,3,234.6,143.7,91.6
133,133,17,537.2,14,466.0,0,0,5.30176857284,9,4,4,278.3,142.7,116.2,7,4,3,231.6,142.7,91.7
134,134,16,533.7,15,508.8,0,0,4.29898728385,8,4,4,265.6,149.8,118.3,8,4,3,265.6,149.8,93.4
135,135,15,510.7,14,486.6,0,0,4.88187122594,8,4,3,262.5,148.4,99.8,7,4,3,238.4,148.4,99.8
136,136,16,542.1,16,542.1,0,0,4.90444951039,8,4,4,272.7,146.9,122.5,8,4,4,272.7,146.9,122.5
137,137,18,584.5,17,560.1,0,0,5.40520506827,9,4,5,291.1,146.4,147.0,9,4,4,291.1,146.4,122.6
138,138,17,560.2,16,535.4,0,0,5.183521685,9,4,4,289.4,142.9,127.9,8,4,4,264.6,142.9,127.9
139,139,17,550.1,14,481.2,0,0,5.9237930019,8,4,5,258.2,135.9,156.0,6,4,4,211.9,135.9,133.4
140,140,17,568.1,15,520.0,0,0,5.93824840485,9,4,4,300.5,140.8,126.8,8,4,3,275.9,140.8,103.3
141,141,16,526.3,15,502.7,0,0,4.3733234883,8,4,4,272.1,127.7,126.5,8,4,3,272.1,127.7,102.9
142,142,16,533.6,16,533.6,0,0,4.24091185163,9,4,3,289.6,147.4,96.6,9,4,3,289.6,147.4,96.6
143,143,17,558.0,15,508.8,0,0,4.57896404929,9,4,4,285.1,145.6,127.3,8,4,3,260.7,145.6,102.5
144,144,15,513.4,15,513.4,0,0,3.43562567948,8,4,3,261.8,147.1,104.5,8,4,3,261.8,147.1,104.5
145,145,17,550.2,16,526.7,0,0,4.63410471079,9,4,4,281.5,140.8,127.9,9,4,3,281.5,140.8,104.4
146,146,17,549.3,16,524.6,0,0,4.62869883889,9,4,4,277.7,140.1,131.5,8,4,4,253.0,140.1,131.5
147,147,16,516.8,16,516.8,0,0,4.38330164754,9,4,3,277.3,135.8,103.7,9,4,3,277.3,135.8,103.7
148,148,16,513.6,14,465.2,0,0,4.89176178215,9,4,3,277.0,135.4,101.2,7,4,3,228.6,135.4,101.2
149,149,14,463.8,14,463.8,0,0,4.74153960251,8,3,3,254.8,108.4,100.6,8,3,3,254.8,108.4,100.6
150,150,16,517.5,15,493.3,0,0,5.68424357325,9,3,4,291.3,111.5,114.7,8,3,4,267.1,111.5,114.7
151,151,16,521.1,15,497.4,0,0,6.15139211886,9,4,3,289.8,145.3,86.0,8,4,3,266.1,145.3,86.0
152,152,16,515.3,14,466.8,0,0,5.34820452738,8,4,4,263.0,136.5,115.8,7,4,3,238.2,136.5,92.1
153,153,15,481.1,14,457.1,0,0,4.94591702701,7,4,4,229.7,135.5,115.9,7,4,3,229.7,135.5,91.9
154,154,16,509.8,15,485.9,0,0,4.83237346791,8,4,4,252.0,137.8,120.0,7,4,4,228.1,137.8,120.0
155,155,16,521.2,15,498.2,0,0,5.72182954424,9,4,3,277.4,152.7,91.1,8,4,3,254.4,152.7,91.1
156,156,15,474.6,13,427.0,0,0,5.91364040648,8,3,4,251.3,112.2,111.1,7,3,3,226.7,112.2,88.1
157,157,17,529.8,16,505.5,0,0,4.71340391549,8,4,5,244.4,130.3,155.1,7,4,5,220.1,130.3,155.1
158,158,17,519.9,14,450.6,0,0,5.29389215206,9,3,5,253.7,104.4,161.8,6,3,5,184.4,104.4,161.8
159,159,16,505.6,13,431.9,0,0,5.31450844387,7,4,5,211.0,132.1,162.5,5,3,5,161.8,107.6,162.5
160,160,17,532.8,17,532.8,0,0,4.67092855109,8,4,5,237.8,132.5,162.5,8,4,5,237.8,132.5,162.5
161,161,17,511.5,14,437.5,0,0,5.87227408601,9,3,5,264.2,101.2,146.1,7,3,4,215.1,101.2,121.2
162,162,16,492.1,14,443.6,0,0,5.43715228773,8,3,5,240.7,103.4,148.0,7,3,4,216.1,103.4,124.1
163,163,18,548.6,16,500.7,0,0,5.44950678346,9,4,5,275.1,129.1,144.4,8,4,4,251.1,129.1,120.5
164,164,17,521.6,14,452.0,0,0,5.14990719505,9,4,4,274.1,129.7,117.8,7,4,3,227.4,129.7,94.9
165,165,15,470.2,14,447.2,0,0,4.80042656835,8,4,3,245.5,131.0,93.7,7,4,3,222.5,131.0,93.7
166,166,17,515.6,13,420.6,0,0,5.09077163919,9,4,4,266.1,129.2,120.3,6,4,3,195.1,129.2,96.3
167,167,16,496.3,14,448.7,0,0,4.82178649465,8,4,4,244.1,130.1,122.1,6,4,4,196.5,130.1,122.1
168,168,16,496.7,14,450.2,0,0,4.9392264914,8,4,4,241.2,130.9,124.6,6,4,4,194.7,130.9,124.6
169,169,17,526.7,14,455.7,0,0,4.91810879482,9,4,4,270.7,129.0,127.0,6,4,4,199.7,129.0,127.0
170,170,16,506.3,15,483.2,0,0,4.36729798235,9,3,4,274.1,102.6,129.6,8,3,4,251.0,102.6,129.6
171,171,16,512.4,15,488.3,0,0,4.50429424735,8,3,5,251.3,104.8,156.3,7,3,5,227.2,104.8,156.3
172,172,17,530.8,15,482.2,0,0,4.77801337008,9,3,5,272.6,103.3,154.9,8,3,4,248.4,103.3,130.5
173,173,16,509.7,15,485.0,0,0,4.28874010249,8,3,5,247.1,104.5,158.1,7,3,5,222.4,104.5,158.1
174,174,16,512.4,16,512.4,0,0,4.17396693806,8,3,5,251.4,102.5,158.5,8,3,5,251.4,102.5,158.5
175,175,17,542.3,16,518.9,0,0,4.41460643772,8,4,5,253.0,130.8,158.5,8,3,5,253.0,107.4,158.5
176,176,17,533.3,16,509.4,0,0,4.34694788126,8,4,5,247.8,130.7,154.8,7,4,5,223.9,130.7,154.8
177,177,16,511.7,15,487.8,0,0,4.24754340767,8,3,5,250.6,102.9,158.2,7,3,5,226.7,102.9,158.2
178,178,17,540.9,15,494.3,0,0,5.68608337238,9,3,5,280.6,107.9,152.4,8,3,4,258.2,107.9,128.2
179,179,13,448.6,13,448.6,0,0,5.11964542041,6,3,4,204.5,108.6,135.5,6,3,4,204.5,108.6,135.5
180,180,16,542.0,16,542.0,0,0,4.28851178538,7,4,5,238.8,145.6,157.6,7,4,5,238.8,145.6,157.6
181,181,16,529.0,16,529.0,0,0,4.76289477804,7,4,5,228.3,137.7,163.0,7,4,5,228.3,137.7,163.0
182,182,17,560.5,17,560.5,0,0,4.36889069242,8,4,5,256.2,137.2,167.1,8,4,5,256.2,137.2,167.1
183,183,16,535.9,16,535.9,0,0,4.6812347018,7,4,5,240.0,145.3,150.6,7,4,5,240.0,145.3,150.6
184,184,14,444.1,12,396.1,0,0,6.30032704541,8,2,4,245.2,78.2,120.7,7,2,3,221.6,78.2,96.3
185,185,16,501.7,14,454.8,0,0,5.72747399238,8,3,5,257.2,108.3,136.2,8,3,3,257.2,108.3,89.3
186,186,17,565.9,17,565.9,0,0,3.82800247403,8,4,5,253.1,141.6,171.2,8,4,5,253.1,141.6,171.2
187,187,15,495.9,14,472.9,0,0,4.50076184027,7,4,4,219.2,143.0,133.7,6,4,4,196.2,143.0,133.7
188,188,13,415.8,12,393.3,0,0,4.85521131601,6,4,3,188.9,137.3,89.6,5,4,3,166.4,137.3,89.6
189,189,14,445.1,13,421.5,0,0,5.71455150481,6,4,4,189.0,138.9,117.2,6,4,3,189.0,138.9,93.6
190,190,11,361.3,10,338.5,0,0,5.72981040461,5,3,3,163.8,110.6,86.9,5,3,2,163.8,110.6,64.1
191,191,1,32.5,1,32.5,0,0,,0,0,1,0,0,32.5,0,0,1,0,0,32.5
192,192,15,488.8,15,488.8,0,0,4.00836031077,8,4,3,256.3,137.7,94.8,8,4,3,256.3,137.7,94.8
193,193,19,599.3,16,535.1,0,0,5.87265941929,11,4,4,334.4,143.7,121.2,9,4,3,290.7,143.7,100.7
194,194,19,596.9,16,533.3,1,19.6,6.18549047349,11,4,4,330.6,147.8,118.5,9,4,3,288.6,147.8,96.9
195,195,20,616.9,16,535.8,2,39.4,6.99544776792,12,4,4,348.8,148.2,119.9,9,4,3,288.2,148.2,99.4
196,196,20,611.5,15,500.6,1,20.0,6.45623933229,12,4,4,346.9,140.3,124.3,8,4,3,258.3,140.3,102.0
197,197,20,617.9,16,525.7,0,0,5.86187279217,12,4,4,350.1,139.0,128.8,9,4,3,282.6,139.0,104.1
