,e_id,num_sat,sum_snr,num_sat_25,sum_snr_25,snr_std,elev_0_30,elev_30_60,elev_60_90,elev_0_30_25,elev_30_60_25,elev_60_90_25
1,1,17,501.0,13,423.5,7.00328179373,9,5,3,8,3,2
2,2,17,523.4,14,463.6,5.93526351068,9,5,3,8,3,3
3,3,17,548.3,15,510.8,5.97548299795,9,5,3,8,4,3
4,4,21,645.4,16,536.3,6.21573272699,13,5,3,11,4,1
5,5,19,601.5,15,502.6,5.66816801577,11,5,3,9,4,2
6,6,12,435.4,12,435.4,2.49575397,9,1,2,9,1,2
7,7,14,493.2,14,493.2,4.3517332659,8,3,3,8,3,3
8,8,15,518.4,14,494.2,4.63908858044,9,3,3,9,3,2
9,9,17,580.2,16,555.3,4.71006431828,9,5,3,8,5,3
10,10,17,555.3,15,506.3,4.72452923269,9,5,3,8,4,3
11,11,15,507.7,15,507.7,4.31125879308,8,4,3,8,4,3
12,12,16,515.2,15,492.5,5.114815083,8,5,3,7,5,3
13,13,16,527.2,14,479.1,5.49872712544,8,5,3,6,5,3
14,14,16,518.0,13,446.8,5.44505892224,9,5,2,6,5,2
15,15,18,587.5,16,541.4,5.53152876315,10,5,3,8,5,3
16,16,17,553.4,14,483.8,5.72244677204,9,5,3,7,4,3
17,17,16,520.7,13,450.5,6.1508773087,9,4,3,7,4,2
18,18,17,555.0,17,555.0,5.22112507596,9,5,3,9,5,3
19,19,14,444.1,13,420.0,4.72443379944,7,5,2,6,5,2
20,20,15,450.0,13,402.1,5.20946939991,9,4,2,7,4,2
21,21,15,455.6,11,362.0,5.51639979213,9,3,3,7,3,1
22,22,16,497.7,13,428.1,5.41608330192,8,5,3,7,5,1
23,23,14,451.1,13,427.5,5.09723583786,8,4,2,8,4,1
24,24,15,485.9,15,485.9,4.63672708872,8,5,2,8,5,2
25,25,15,471.3,12,397.2,4.37708317751,7,5,3,6,4,2
26,26,15,515.1,15,515.1,4.62675449347,7,5,3,7,5,3
27,27,15,526.9,15,526.9,4.55278041682,8,4,3,8,4,3
28,28,15,497.3,14,474.1,5.26536753115,8,5,2,7,5,2
29,29,16,503.9,13,431.5,4.97506700122,9,5,2,6,5,2
30,30,17,515.9,13,420.7,4.56688045156,9,5,3,7,4,2
31,31,16,495.2,13,423.9,5.61771009101,8,5,3,7,4,2
32,32,15,469.9,15,469.9,4.00953625154,9,3,3,9,3,3
33,33,14,472.6,14,472.6,3.36102417672,9,3,2,9,3,2
34,34,16,536.3,16,536.3,3.19525038143,9,4,3,9,4,3
35,35,15,500.9,15,500.9,3.91926863926,9,4,2,9,4,2
36,36,14,451.9,14,451.9,5.03605134871,8,3,3,8,3,3
37,37,17,543.8,15,495.7,4.28979637526,10,4,3,9,3,3
38,38,15,482.5,14,458.0,4.19483809779,8,4,3,7,4,3
39,39,17,549.8,16,526.2,4.30785022133,9,5,3,9,5,2
40,40,17,531.4,16,508.5,4.0306728383,9,5,3,8,5,3
41,41,18,544.1,16,497.8,4.62446251956,10,5,3,9,4,3
42,42,16,514.0,16,514.0,3.43113198036,10,4,2,10,4,2
43,43,14,445.8,13,422.8,5.01746400634,7,4,3,6,4,3
44,44,16,519.4,16,519.4,5.0103725743,8,5,3,8,5,3
45,45,15,504.9,15,504.9,5.11940286696,8,5,2,8,5,2
46,46,16,489.5,12,393.1,5.68113471647,9,5,2,6,4,2
47,47,16,508.2,16,508.2,4.93124392691,8,5,3,8,5,3
48,48,16,493.3,13,420.5,5.42251094974,8,5,3,7,4,2
49,49,14,475.6,14,475.6,4.91487985164,6,5,3,6,5,3
50,50,15,461.3,14,437.1,4.31225275344,8,4,3,8,4,2
51,51,14,458.5,14,458.5,3.6590772271,7,4,3,7,4,3
52,52,16,507.1,16,507.1,4.02035964395,8,5,3,8,5,3
53,53,17,533.0,15,483.3,4.58790769947,9,5,3,8,4,3
54,54,17,541.1,16,518.1,4.71629683993,9,5,3,8,5,3
55,55,16,510.8,14,461.4,4.70028367938,8,5,3,6,5,3
56,56,15,496.0,13,446.6,4.65689453034,8,4,3,7,3,3
57,57,15,487.2,13,439.7,4.36695382553,8,5,2,6,5,2
58,58,15,484.5,13,436.3,4.88963919206,8,4,3,7,3,3
59,59,13,443.0,13,443.0,3.22365058232,7,4,2,7,4,2
60,60,13,436.1,13,436.1,3.46665433923,7,4,2,7,4,2
61,61,17,523.6,12,406.5,5.94800386684,9,5,3,6,3,3
62,62,17,534.4,16,510.1,4.03514887837,9,5,3,8,5,3
63,63,16,507.6,13,434.8,4.47489292237,9,5,2,8,3,2
64,64,16,515.1,16,515.1,4.15844021239,9,4,3,9,4,3
65,65,15,488.0,14,464.4,3.60568334452,9,3,3,9,3,2
66,66,16,502.6,12,408.3,5.6967680896,10,3,3,7,3,2
67,67,15,467.2,14,444.4,3.57688345324,8,4,3,8,3,3
68,68,16,520.6,14,471.1,5.20959051494,8,5,3,8,5,1
69,69,14,440.2,12,391.8,5.54723968581,6,5,3,6,5,1
70,70,16,530.0,15,505.7,3.55668384876,9,4,3,9,3,3
71,71,14,459.0,14,459.0,4.54530309438,6,5,3,6,5,3
72,72,16,517.1,15,493.5,4.86980064616,9,4,3,9,3,3
73,73,15,492.8,15,492.8,3.62882638774,9,4,2,9,4,2
74,74,17,550.7,16,528.6,4.9322244713,9,5,3,8,5,3
75,75,17,559.6,16,535.3,4.46741470178,9,5,3,8,5,3
76,76,16,517.2,15,492.5,4.68052703585,8,5,3,8,5,2
77,77,17,558.2,17,558.2,4.06831371339,10,5,2,10,5,2
78,78,16,526.6,16,526.6,3.4802059326,9,5,2,9,5,2
79,79,16,530.7,16,530.7,3.33421030131,9,5,2,9,5,2
80,80,16,520.1,15,495.4,4.50280930827,9,5,2,8,5,2
81,81,16,515.9,15,491.0,4.30317227945,9,5,2,8,5,2
82,82,16,528.8,14,480.0,5.3882588406,10,4,2,9,3,2
83,83,16,539.7,15,516.9,4.03645368279,9,5,2,9,4,2
84,84,17,519.1,13,424.8,5.06408199683,9,5,3,7,4,2
85,85,17,564.2,16,539.5,4.19685631648,10,5,2,9,5,2
86,86,15,526.9,15,526.9,3.789170031,9,4,2,9,4,2
87,87,18,580.3,16,532.3,5.53779940249,11,4,3,9,4,3
88,88,17,567.7,17,567.7,5.11767410405,9,5,3,9,5,3
89,89,14,509.3,14,509.3,2.84393513164,8,4,2,8,4,2
90,90,14,494.8,14,494.8,4.01951284567,7,5,2,7,5,2
91,91,15,503.0,15,503.0,5.30332330669,8,5,2,8,5,2
92,92,15,483.4,14,458.8,5.16007567313,8,5,2,8,5,1
93,93,16,558.8,16,558.8,4.57332847424,8,5,3,8,5,3
94,94,16,537.6,16,537.6,4.94300853057,8,5,3,8,5,3
95,95,17,566.9,15,519.2,4.88967248993,10,4,3,9,4,2
96,96,16,519.7,15,497.2,4.44015296283,10,5,1,9,5,1
97,97,17,567.6,17,567.6,4.01464231796,9,5,3,9,5,3
98,98,17,536.7,15,487.6,5.2221600782,9,5,3,9,5,1
99,99,15,472.6,12,400.8,5.56384587784,9,3,3,7,3,2
100,100,15,476.3,13,426.3,4.89254048332,8,5,2,8,4,1
101,101,16,533.8,15,508.8,5.37945164492,8,5,3,7,5,3
102,102,15,507.6,15,507.6,5.08383994353,9,4,2,9,4,2
103,103,16,536.3,15,513.5,4.67991720012,9,4,3,8,4,3
104,104,16,549.4,14,500.6,4.93043270582,9,5,2,7,5,2
105,105,17,559.8,15,512.3,5.48347115269,9,5,3,8,4,3
106,106,16,528.6,15,503.9,5.24390121951,8,5,3,8,5,2
107,107,17,551.7,16,527.7,4.64275209965,9,5,3,9,5,2
108,108,17,538.3,15,491.0,5.2996392774,9,5,3,8,5,2
109,109,17,572.3,15,522.7,4.87890115401,10,5,2,9,5,1
110,110,15,484.9,15,484.9,3.80966190226,8,4,3,8,4,3
111,111,17,552.1,16,528.4,4.66965328099,9,5,3,8,5,3
112,112,17,544.8,14,473.2,4.76367999123,9,5,3,8,4,2
113,113,16,527.1,15,503.1,4.77269577912,9,5,2,8,5,2
114,114,17,555.8,16,532.6,4.77852887773,9,5,3,8,5,3
115,115,17,549.3,15,502.1,5.13601041093,9,5,3,8,4,3
116,116,17,547.2,17,547.2,4.52574335786,9,5,3,9,5,3
117,117,17,542.6,15,493.7,4.35204482027,9,5,3,8,5,2
118,118,17,547.2,16,522.3,4.33414962146,9,5,3,9,5,2
119,119,17,561.9,15,516.5,5.50852948243,9,5,3,8,4,3
120,120,16,557.3,16,557.3,4.43947725902,9,4,3,9,4,3
121,121,16,556.5,16,556.5,4.28629113181,9,5,2,9,5,2
122,122,15,523.0,15,523.0,4.64383872408,9,3,3,9,3,3
123,123,15,536.5,15,536.5,4.27612419081,9,4,2,9,4,2
124,124,16,559.7,16,559.7,4.53787303333,9,5,2,9,5,2
125,125,14,518.0,14,518.0,2.92495890832,9,3,2,9,3,2
126,126,15,485.9,14,461.8,5.3145980451,9,4,2,9,3,2
127,127,16,521.2,13,451.7,5.84836159393,10,4,2,8,4,1
128,128,16,528.4,15,503.8,4.97547317683,9,4,3,8,4,3
129,129,16,510.5,14,463.2,4.92834911507,9,5,2,8,4,2
130,130,14,447.4,13,424.4,4.07312284007,7,5,2,7,4,2
131,131,15,475.9,14,451.1,3.82705904741,8,5,2,8,4,2
132,132,16,495.1,15,471.1,4.37583801498,9,4,3,9,3,3
133,133,14,454.3,14,454.3,3.97796817097,8,4,2,8,4,2
134,134,13,421.5,13,421.5,3.85598103517,7,4,2,7,4,2
135,135,15,482.2,15,482.2,3.9469457752,8,5,2,8,5,2
136,136,16,504.4,16,504.4,4.77542319242,8,5,3,8,5,3
137,137,16,502.0,13,429.1,5.28122460546,8,5,3,7,4,2
138,138,14,464.0,14,464.0,4.00378941383,9,4,1,9,4,1
139,139,16,508.6,14,458.6,4.71237731936,9,4,3,8,3,3
140,140,16,532.9,15,508.9,4.46996923927,9,4,3,9,4,2
141,141,16,547.5,14,498.7,4.66064641439,9,5,2,8,4,2
142,142,14,492.8,14,492.8,3.87357914397,9,3,2,9,3,2
143,143,14,493.1,14,493.1,3.8365005231,9,3,2,9,3,2
144,144,16,532.2,14,483.4,5.64740353319,9,5,2,9,4,1
145,145,15,506.9,14,484.0,5.51808282787,9,4,2,9,4,1
146,146,15,511.2,13,462.3,5.47177171621,9,4,2,8,3,2
147,147,14,491.2,14,491.2,4.84130579061,9,3,2,9,3,2
148,148,15,505.1,14,480.7,5.24533352701,9,4,2,9,3,2
149,149,15,503.5,15,503.5,4.37862774764,8,4,3,8,4,3
150,150,15,515.7,15,515.7,4.19731206505,9,4,2,9,4,2
151,151,15,518.5,15,518.5,4.97933826164,9,3,3,9,3,3
152,152,14,493.0,13,468.6,4.66457305209,9,3,2,8,3,2
153,153,16,539.4,16,539.4,3.72556483413,9,5,2,9,5,2
154,154,16,533.3,16,533.3,4.32661819439,9,5,2,9,5,2
155,155,16,535.7,15,510.7,4.73176764011,8,5,3,8,4,3
156,156,17,550.8,16,526.9,3.79637985455,9,5,3,9,4,3
157,157,17,552.8,16,529.4,4.14852915111,9,5,3,8,5,3
158,158,16,524.4,16,524.4,3.72943248587,8,5,3,8,5,3
159,159,17,542.6,15,492.6,4.41902637666,9,5,3,7,5,3
160,160,17,538.0,16,515.3,4.84524478833,9,5,3,8,5,3
161,161,16,508.5,13,437.8,5.04647979619,8,5,3,7,3,3
162,162,18,578.8,17,555.8,4.46466153413,10,5,3,9,5,3
163,163,18,582.2,16,535.8,4.26038139997,10,5,3,9,4,3
164,164,17,534.4,17,534.4,3.93620076604,9,5,3,9,5,3
165,165,16,509.7,15,485.3,4.11646591953,10,5,1,9,5,1
166,166,17,537.3,16,513.8,4.37813753042,9,5,3,8,5,3
167,167,17,557.1,16,532.7,4.01010671708,9,5,3,9,4,3
168,168,16,529.5,16,529.5,4.52407909598,9,5,2,9,5,2
169,169,17,554.6,15,508.7,5.67004512898,9,5,3,9,4,2
170,170,16,541.3,16,541.3,3.92389581071,9,5,2,9,5,2
171,171,17,565.9,16,541.5,3.86908942016,9,5,3,9,4,3
172,172,17,546.0,15,498.4,4.1572580047,9,5,3,9,4,2
173,173,15,508.5,14,484.5,4.19863923534,10,3,2,10,3,1
174,174,14,457.0,14,457.0,5.02221438836,10,3,1,10,3,1
175,175,15,486.3,13,439.4,5.44756826483,9,4,2,8,3,2
176,176,14,467.4,13,442.9,4.75570218755,9,3,2,8,3,2
177,177,16,516.1,15,491.7,4.31570291687,8,5,3,8,4,3
178,178,16,518.8,14,469.5,5.18015443785,9,4,3,8,4,2
179,179,17,549.4,16,525.1,3.89233787301,9,5,3,9,4,3
180,180,17,557.3,16,532.7,3.96125537143,9,5,3,8,5,3
181,181,16,502.5,14,455.1,3.94114513815,9,4,3,9,3,2
182,182,16,524.2,15,499.6,3.86072100347,9,4,3,8,4,3
183,183,17,528.8,16,504.2,4.53424064594,9,5,3,9,5,2
184,184,15,494.5,14,470.3,4.95489176279,7,5,3,7,5,2
185,185,17,554.3,17,554.3,4.48504049428,9,5,3,9,5,3
186,186,17,543.9,16,519.3,5.13900167691,9,5,3,8,5,3
187,187,16,516.5,15,491.6,5.1234387866,8,5,3,8,5,2
188,188,14,487.6,14,487.6,3.49426531762,8,5,1,8,5,1
189,189,15,489.3,14,466.7,5.25441311117,8,5,2,8,4,2
190,190,16,523.9,15,499.5,5.04856002572,8,5,3,7,5,3
191,191,15,492.6,14,467.6,4.91714202706,8,5,2,8,4,2
192,192,16,516.4,14,468.9,5.35319219407,8,5,3,7,5,2
193,193,16,511.6,14,465.0,5.65467358327,8,5,3,7,4,3
194,194,15,484.8,15,484.8,5.48884583236,8,4,3,8,4,3
195,195,17,544.1,14,471.8,5.59424599346,9,5,3,7,5,2
196,196,15,494.1,14,469.7,4.26912503582,8,5,2,8,4,2
197,197,13,453.1,13,453.1,4.88443367318,7,5,1,7,5,1
198,198,15,478.7,11,383.1,6.32205512095,7,5,3,6,4,1
199,199,17,542.0,14,469.8,5.62074675801,9,5,3,7,5,2
200,200,14,448.5,12,401.6,5.12874360726,7,3,4,6,3,3
201,201,15,463.8,14,440.1,4.35286440995,8,4,3,7,4,3
202,202,16,535.3,15,511.7,4.83431742855,9,5,2,8,5,2
203,203,16,546.9,16,546.9,4.09816523988,9,5,2,9,5,2
204,204,16,522.3,15,499.3,5.75140200299,9,5,2,8,5,2
205,205,16,541.5,16,541.5,4.80665770919,8,5,3,8,5,3
206,206,16,545.3,16,545.3,4.47842513242,8,5,3,8,5,3
207,207,17,564.7,16,540.6,4.79924932856,9,5,3,8,5,3
208,208,16,507.7,15,485.3,5.83948841937,9,5,2,8,5,2
209,209,16,522.1,15,497.2,5.3406265238,9,5,2,8,5,2
210,210,16,514.3,15,490.9,5.68987038517,9,5,2,8,5,2
211,211,14,461.3,13,437.4,5.34383181449,7,5,2,6,5,2
212,212,17,538.0,15,489.6,4.89491032184,9,5,3,8,5,2
213,213,16,535.8,15,511.1,4.38069629169,9,5,2,8,5,2
214,214,15,504.9,13,456.4,4.8673548111,8,4,3,7,4,2
215,215,16,518.0,13,447.6,5.73393407705,9,4,3,7,3,3
216,216,15,502.0,13,456.6,5.34651644487,8,5,2,7,4,2
217,217,14,467.9,14,467.9,4.176708047,7,4,3,7,4,3
218,218,14,451.2,12,404.3,4.90234301462,7,4,3,6,3,3
219,219,15,502.5,13,454.9,4.66154480832,7,5,3,6,4,3
220,220,14,441.7,13,418.4,4.50414339162,9,3,2,8,3,2
221,221,14,444.7,13,422.0,4.5085571874,8,3,3,7,3,3
222,222,13,448.4,13,448.4,4.3473098077,8,4,1,8,4,1
223,223,13,420.7,11,371.1,4.80026708659,7,4,2,7,3,1
224,224,7,232.2,7,232.2,2.41710176707,4,2,1,4,2,1
225,225,8,258.9,8,258.9,2.66508509647,5,2,1,5,2,1
226,226,21,613.8,14,454.9,5.73368492831,11,7,3,7,4,3
227,227,23,703.7,17,576.4,6.7837692835,13,7,3,11,5,1
228,228,22,683.5,17,574.9,6.3624184054,13,6,3,11,4,2
229,229,22,694.2,19,636.3,6.62194959587,13,6,3,11,5,3
230,230,22,669.2,18,584.8,5.60438912721,13,6,3,11,5,2
231,231,23,681.2,16,529.0,6.17485017661,13,7,3,9,5,2
