,e_id,num_sat,sum_snr,num_sat_25,sum_snr_25,snr_std,elev_0_30,elev_30_60,elev_60_90,elev_0_30_25,elev_30_60_25,elev_60_90_25
1,1,19,572.8,16,501.7,4.59496928064,8,8,3,6,7,3
2,2,19,570.0,15,479.8,5.07444578255,8,8,3,5,7,3
3,3,19,554.3,15,461.0,4.22569417115,8,8,3,5,7,3
4,4,19,567.4,18,549.8,4.8058078898,8,8,3,8,7,3
5,5,19,565.4,16,499.0,5.23612619633,8,8,3,7,6,3
6,6,19,565.1,14,450.2,5.52150500714,8,8,3,7,4,3
7,7,19,565.1,15,476.4,5.59993212156,8,8,3,7,5,3
8,8,19,518.0,12,361.6,4.74718753302,8,8,3,4,5,3
9,9,19,554.0,17,509.8,4.14692868806,8,8,3,7,7,3
10,10,19,515.2,13,381.9,4.05959263937,8,8,3,6,6,1
11,11,19,497.6,12,339.8,3.60137238299,8,8,3,5,5,2
12,12,19,497.2,13,368.6,4.15813160921,8,8,3,5,6,2
13,13,19,520.4,14,406.6,3.85557240841,8,8,3,6,6,2
14,14,19,557.5,16,483.2,3.93012804279,8,8,3,5,8,3
15,15,19,554.2,16,487.8,4.50777755435,8,8,3,7,6,3
16,16,19,541.5,15,450.0,4.59323173569,8,8,3,7,6,2
17,17,19,529.6,13,391.5,4.77282144663,8,8,3,5,7,1
18,18,19,550.2,17,511.4,4.57545575016,8,8,3,6,8,3
19,19,19,555.5,14,444.8,5.07019729249,8,8,3,3,8,3
20,20,19,551.2,15,466.2,5.19849280901,8,8,3,4,8,3
21,21,19,550.8,15,459.1,4.90791817563,8,8,3,4,8,3
22,22,19,539.9,15,458.2,5.82964294293,8,8,3,6,6,3
23,23,19,551.5,15,460.8,5.11053836099,8,8,3,6,7,2
24,24,19,538.8,15,459.5,5.97981008519,8,8,3,5,8,2
25,25,19,535.2,13,409.8,6.28110505419,8,8,3,4,7,2
26,26,19,544.4,14,436.2,5.71142796127,8,8,3,4,8,2
27,27,19,541.1,14,432.9,5.82070814204,8,8,3,4,8,2
28,28,19,541.4,16,478.0,5.33556970656,8,8,3,5,8,3
29,29,19,545.4,13,408.0,5.50852608682,8,8,3,4,6,3
30,30,19,541.5,13,404.8,5.56447062472,8,8,3,5,6,2
31,31,18,513.0,13,404.1,5.92571663574,8,8,2,5,7,1
32,32,18,510.6,12,377.9,5.93999405823,8,8,2,4,7,1
33,33,19,538.6,14,429.4,5.55261384105,8,8,3,4,8,2
34,34,17,483.3,12,375.8,6.16317336137,7,8,2,4,8,0
35,35,18,517.9,14,426.8,4.87741560732,7,8,3,4,7,3
36,36,18,509.0,14,420.7,5.07213327385,7,8,3,4,7,3
37,37,18,495.1,11,333.0,4.82291981641,7,8,3,4,5,2
38,38,18,495.1,13,388.2,5.7716826196,7,8,3,4,7,2
39,39,18,505.8,14,421.5,5.85561570581,7,8,3,5,6,3
40,40,18,506.9,15,452.3,5.84084390447,7,8,3,6,6,3
41,41,18,511.3,14,429.7,5.77096915321,7,8,3,5,6,3
42,42,18,506.6,13,403.2,5.86266574804,7,8,3,5,6,2
43,43,18,503.3,12,375.4,5.78010165684,7,8,3,4,6,2
44,44,18,494.5,12,370.3,5.8698437253,7,8,3,4,6,2
45,45,18,508.0,12,376.2,5.42809202267,7,8,3,4,6,2
46,46,18,508.9,12,374.8,5.17696317472,7,8,3,4,6,2
47,47,18,520.8,14,434.4,5.12089146651,7,8,3,5,6,3
48,48,19,486.9,10,302.2,5.71468304801,8,8,3,2,5,3
49,49,20,525.6,9,274.4,5.08605937834,9,8,3,3,4,2
50,50,19,528.4,13,401.3,5.94370766599,8,8,3,4,7,2
51,51,19,553.3,14,447.6,6.54527640935,8,8,3,4,7,3
52,52,19,545.3,12,394.2,6.89653697316,8,8,3,4,5,3
53,53,19,556.3,15,474.8,6.33083976766,8,8,3,5,7,3
54,54,19,540.2,15,452.3,4.99466967338,8,8,3,5,7,3
55,55,19,536.2,12,392.0,7.14466226147,8,8,3,3,6,3
56,56,17,535.4,14,464.1,5.64573628815,5,9,3,3,8,3
57,57,16,510.6,15,486.3,5.19485322218,5,8,3,4,8,3
58,58,15,455.4,13,409.0,4.88273927802,4,8,3,2,8,3
59,59,16,507.7,13,436.1,5.96754765377,4,9,3,2,8,3
60,60,15,469.6,14,444.8,4.07386560313,5,8,2,4,8,2
61,61,19,576.3,16,511.2,5.81005379891,9,7,3,6,7,3
62,62,17,524.9,14,456.3,5.30725086695,7,7,3,4,7,3
63,63,19,574.3,17,533.1,5.88782567915,8,8,3,6,8,3
64,64,18,551.8,17,529.5,4.78087147141,7,8,3,6,8,3
65,65,18,555.4,16,507.5,5.02900086232,7,8,3,5,8,3
66,66,16,522.0,15,498.7,4.89782264549,5,8,3,4,8,3
67,67,16,496.3,13,428.1,5.14784339959,6,7,3,5,6,2
68,68,14,439.7,13,416.8,4.32407647511,6,5,3,5,5,3
69,69,17,522.2,14,450.7,4.91047799279,6,8,3,5,6,3
70,70,16,491.4,13,420.3,5.14585593787,7,6,3,6,5,2
71,71,17,515.4,14,447.2,5.30933556273,7,7,3,6,5,3
72,72,18,535.9,13,421.8,5.57006764723,7,8,3,6,5,2
73,73,18,541.8,14,450.6,5.52630075186,7,8,3,6,6,2
74,74,18,543.3,15,477.3,5.56578306948,7,8,3,6,7,2
75,75,18,534.0,13,419.8,5.47228310241,7,8,3,5,6,2
76,76,17,521.4,13,429.2,5.74225181287,7,7,3,5,6,2
77,77,16,493.1,13,425.1,5.64673578273,7,6,3,5,6,2
78,78,17,526.7,16,506.9,5.21383199937,7,7,3,6,7,3
79,79,16,497.9,13,428.3,5.32330959085,7,6,3,5,6,2
80,80,16,494.7,14,458.0,6.73599472981,7,6,3,5,6,3
81,81,18,545.8,15,485.6,6.4762512355,7,8,3,5,7,3
82,82,18,542.6,15,482.9,6.72687517895,7,8,3,5,7,3
83,83,18,542.3,15,480.6,6.38967968962,7,8,3,5,7,3
84,84,18,542.7,15,476.5,5.94655115073,7,8,3,5,7,3
85,85,18,551.2,17,534.4,6.20432065348,7,8,3,6,8,3
86,86,17,541.8,16,517.4,5.08081744234,6,8,3,6,7,3
87,87,17,534.9,15,485.4,5.28747827141,6,8,3,5,7,3
88,88,16,500.1,14,451.1,5.03003893292,5,8,3,4,8,2
89,89,17,542.6,15,493.6,5.08333494053,6,8,3,5,8,2
90,90,17,544.7,16,520.9,5.04728377738,6,8,3,6,8,2
91,91,17,550.3,17,550.3,4.455020301,6,8,3,6,8,3
92,92,16,520.4,16,520.4,4.38155223637,6,8,2,6,8,2
93,93,16,522.4,16,522.4,4.25816862043,6,8,2,6,8,2
94,94,16,524.0,16,524.0,4.46482549118,5,8,3,5,8,3
95,95,16,520.1,16,520.1,4.52319485172,5,8,3,5,8,3
96,96,16,522.4,16,522.4,4.52592531976,5,8,3,5,8,3
97,97,15,497.5,15,497.5,4.54008600716,5,8,2,5,8,2
98,98,17,542.9,15,494.0,4.79021674568,6,8,3,4,8,3
99,99,17,543.9,16,520.2,4.68954563207,6,8,3,5,8,3
100,100,15,499.2,15,499.2,3.97154162223,4,8,3,4,8,3
101,101,16,517.9,13,445.8,5.69756892601,5,8,3,4,7,2
102,102,19,600.9,18,578.0,5.25883828587,8,8,3,7,8,3
103,103,18,566.5,16,520.1,4.71091418074,6,9,3,6,8,2
104,104,15,458.5,13,410.5,5.25800976289,5,7,3,4,6,3
105,105,18,536.1,15,465.2,4.42748766896,7,8,3,4,8,3
106,106,18,534.3,15,464.1,4.54833518347,7,8,3,5,7,3
107,107,16,474.4,15,451.5,3.46487132998,5,8,3,5,7,3
108,108,12,348.9,9,277.4,4.81703888674,3,7,2,2,5,2
109,109,16,479.7,13,406.6,4.64689412404,6,7,3,3,7,3
110,110,16,471.9,14,425.1,4.21164556122,6,7,3,5,6,3
111,111,18,535.0,13,413.5,4.63764082463,7,8,3,5,6,2
112,112,17,508.6,13,412.6,4.9824987825,7,7,3,4,6,3
113,113,17,517.2,15,469.5,3.9698125604,6,8,3,5,7,3
114,114,15,449.1,12,377.7,5.22039954683,5,7,3,3,6,3
115,115,16,472.5,15,449.2,3.8378325046,6,7,3,5,7,3
116,116,15,424.5,12,353.0,4.66338319862,6,7,2,4,6,2
117,117,13,398.1,12,374.0,4.89832519782,5,6,2,5,5,2
118,118,17,509.1,12,388.1,5.24798981123,6,8,3,4,5,3
119,119,14,431.6,12,386.1,5.47756663709,6,5,3,4,5,3
120,120,12,388.3,12,388.3,5.0712125739,4,5,3,4,5,3
121,121,15,470.7,12,398.5,5.96647778366,5,7,3,4,5,3
122,122,14,421.7,12,374.4,5.37131678046,4,7,3,4,5,3
123,123,10,329.8,10,329.8,2.98246728584,4,4,2,4,4,2
124,124,9,264.4,8,239.4,2.83318627069,5,3,1,4,3,1
125,125,8,226.0,7,203.1,2.52020407337,5,2,1,4,2,1
126,126,9,245.2,7,197.6,2.3146874039,5,4,0,4,3,0
127,127,10,285.4,8,240.6,4.64068960393,6,3,1,4,3,1
128,128,9,256.6,9,256.6,2.90535903308,5,3,1,5,3,1
129,129,8,198.3,4,105.3,2.2228922601,4,3,1,3,0,1
130,130,7,176.0,5,133.1,2.72326834451,3,3,1,3,2,0
131,131,8,210.4,4,116.7,3.1856822548,4,3,1,3,1,0
132,132,9,270.9,9,270.9,3.48460901681,5,3,1,5,3,1
133,133,5,144.7,3,98.9,6.56528750322,3,2,0,2,1,0
134,134,11,296.4,6,187.2,6.11855597937,5,4,2,4,2,0
135,135,11,312.6,7,228.9,7.17339782555,5,5,1,5,2,0
136,136,11,266.9,4,120.5,5.35691566618,5,5,1,3,1,0
137,137,12,355.2,9,295.8,6.97515069893,5,5,2,5,3,1
138,138,12,340.3,7,228.7,7.0014879371,5,5,2,4,2,1
139,139,13,354.5,6,205.0,7.62259630041,5,6,2,4,2,0
