,e_id,num_sat,sum_snr,num_sat_25,sum_snr_25,num_sat_u20,sum_sat_u20,snr_std,elev_0_30,elev_30_60,elev_60_90,sum_elev_0_30,sum_elev_30_60,sum_elev_60_90,elev_0_30_25,elev_30_60_25,elev_60_90_25,sum_elev_0_30_25,sum_elev_30_60_25,sum_elev_60_90_25
1,1,21,546.8,11,337.1,4,71.6,5.72332737055,12,7,2,306.0,190.1,50.7,5,5,1,154.6,151.8,30.7
2,2,21,561.8,13,393.1,3,57.8,5.27405148322,12,7,2,302.3,205.4,54.1,6,6,1,173.4,187.3,32.4
3,3,21,567.8,12,373.1,3,54.7,5.4711494396,12,7,2,307.1,203.3,57.4,5,5,2,153.4,162.3,57.4
4,4,20,555.2,14,426.1,2,36.7,5.181688406,11,7,2,295.0,201.9,58.3,7,5,2,206.8,161.0,58.3
5,5,20,541.7,14,419.0,3,56.6,5.37775877794,11,7,2,284.8,197.3,59.6,7,5,2,200.7,158.7,59.6
6,6,20,532.6,13,383.9,3,56.8,4.94167029082,11,7,2,281.6,194.1,56.9,6,5,2,171.0,156.0,56.9
7,7,21,543.9,12,358.0,5,91.9,5.4771342872,12,7,2,296.2,192.1,55.6,6,5,1,169.2,157.0,31.8
8,8,21,550.7,13,385.5,4,73.5,5.41053645787,12,7,2,301.3,194.5,54.9,8,4,1,220.4,133.4,31.7
9,9,21,543.3,12,356.0,3,51.9,5.52224074603,12,7,2,297.2,194.1,52.0,7,4,1,191.4,133.0,31.6
10,10,21,510.4,8,237.8,5,89.9,5.11248239024,12,7,2,276.1,185.0,49.3,3,4,1,83.9,123.2,30.7
11,11,21,528.6,9,270.6,4,72.6,5.27864971912,12,7,2,283.6,190.4,54.6,4,4,1,113.2,125.1,32.3
12,12,21,559.7,14,413.9,4,74.0,5.2619026072,12,7,2,301.1,200.6,58.0,7,5,2,198.0,157.9,58.0
13,13,21,560.1,16,465.7,3,51.4,5.46938231038,12,7,2,303.4,200.4,56.3,8,6,2,225.0,184.4,56.3
14,14,21,567.1,15,439.3,2,36.3,4.67477017515,12,7,2,312.2,205.2,49.7,9,5,1,249.8,159.5,30.0
15,15,21,565.4,15,442.3,2,36.0,4.97623399389,12,7,2,312.8,202.8,49.8,9,5,1,250.8,161.1,30.4
16,16,21,561.4,14,416.0,3,52.9,5.19021515289,12,7,2,310.0,201.4,50.0,8,5,1,223.7,161.5,30.8
17,17,21,631.0,20,614.1,1,16.9,4.33884996832,12,7,2,340.1,228.8,62.1,11,7,2,323.2,228.8,62.1
18,18,21,605.5,19,562.2,0,0,4.05146064196,12,7,2,331.9,214.4,59.2,10,7,2,288.6,214.4,59.2
19,19,21,584.8,16,475.5,1,19.4,4.42533829753,12,7,2,315.1,213.1,56.6,7,7,2,205.8,213.1,56.6
20,20,21,567.7,14,417.7,3,57.0,5.28027777047,12,7,2,310.1,202.6,55.0,7,6,1,204.5,183.1,30.1
21,21,20,559.9,15,455.2,2,38.3,5.45348512421,11,7,2,297.1,206.8,56.0,8,6,1,235.3,187.3,32.6
22,22,14,423.4,12,376.3,0,0,4.9587086231,7,5,2,208.4,162.2,52.8,6,5,1,184.4,162.2,29.7
23,23,16,465.7,11,346.4,0,0,5.11148624831,9,5,2,254.0,158.1,53.6,6,4,1,182.0,133.7,30.7
24,24,16,461.3,11,343.9,0,0,4.79078542621,8,7,1,221.9,206.5,32.9,5,5,1,152.7,158.3,32.9
25,25,15,437.3,11,343.4,0,0,4.9010008696,7,7,1,199.4,205.2,32.7,5,5,1,152.0,158.7,32.7
26,26,13,385.9,9,289.7,0,0,4.8870315042,7,5,1,201.6,154.4,29.9,5,3,1,154.1,105.7,29.9
27,27,13,382.3,10,311.7,0,0,4.92738293256,7,5,1,197.3,154.0,31.0,5,4,1,150.0,130.7,31.0
28,28,15,439.1,14,416.9,0,0,4.46533739993,8,6,1,230.1,179.3,29.7,7,6,1,207.9,179.3,29.7
29,29,14,400.4,9,282.8,0,0,5.07952147958,9,4,1,239.6,131.2,29.6,4,4,1,122.0,131.2,29.6
30,30,12,359.0,8,262.8,0,0,5.33885131216,6,5,1,172.5,155.3,31.2,3,4,1,99.5,132.1,31.2
31,31,14,425.2,12,379.6,0,0,4.68671257122,6,7,1,181.0,214.6,29.6,5,6,1,158.0,192.0,29.6
32,32,15,459.8,13,411.7,0,0,4.2365529564,8,5,2,231.8,168.4,59.6,6,5,2,183.7,168.4,59.6
33,33,16,485.3,14,439.5,0,0,4.65914423473,9,6,1,261.5,193.4,30.4,8,5,1,237.9,171.2,30.4
34,34,15,468.7,14,444.6,0,0,3.97992581888,7,6,2,211.6,193.0,64.1,7,5,2,211.6,168.9,64.1
35,35,17,504.8,15,458.8,0,0,4.09549609148,9,6,2,255.7,188.9,60.2,7,6,2,209.7,188.9,60.2
36,36,16,489.6,14,443.0,0,0,4.0427713267,8,6,2,234.1,194.2,61.3,6,6,2,187.5,194.2,61.3
37,37,17,513.2,15,465.0,0,0,3.98024533681,9,6,2,261.0,193.9,58.3,7,6,2,212.8,193.9,58.3
38,38,15,442.9,12,374.1,0,0,5.02272929032,6,7,2,174.5,208.2,60.2,5,5,2,151.8,162.1,60.2
39,39,16,478.6,15,455.7,0,0,4.15609993463,9,5,2,255.6,157.6,65.4,8,5,2,232.7,157.6,65.4
40,40,16,469.9,14,421.5,0,0,4.02553826629,10,5,1,283.4,154.8,31.7,8,5,1,235.0,154.8,31.7
41,41,16,468.0,15,444.4,0,0,3.99432931375,10,5,1,281.2,155.4,31.4,9,5,1,257.6,155.4,31.4
42,42,16,456.1,10,310.3,0,0,4.58104336733,10,5,1,271.3,151.8,33.0,5,4,1,149.6,127.7,33.0
43,43,15,436.1,11,337.7,0,0,4.43757763178,8,5,2,220.1,151.6,64.4,5,4,2,146.5,126.8,64.4
44,44,13,377.8,10,306.1,0,0,4.85618822767,8,4,1,226.6,119.3,31.9,6,3,1,177.9,96.3,31.9
45,45,18,489.1,9,282.0,1,19.8,5.28881233811,9,7,2,243.2,181.6,64.3,5,2,2,147.4,70.3,64.3
46,46,20,522.4,11,332.0,3,54.3,5.87022818529,11,7,2,276.7,181.7,64.0,5,4,2,145.2,122.8,64.0
47,47,19,505.4,10,310.6,2,36.0,5.92855612926,10,7,2,260.0,180.6,64.8,5,3,2,149.0,96.8,64.8
48,48,15,429.9,11,335.6,0,0,4.94841966115,9,4,2,244.7,121.0,64.2,5,4,2,150.4,121.0,64.2
49,49,14,406.0,13,382.0,0,0,4.40052444427,8,5,1,228.3,145.3,32.4,8,4,1,228.3,121.3,32.4
50,50,16,458.2,13,386.7,0,0,4.44820188391,9,5,2,245.4,148.4,64.4,6,5,2,173.9,148.4,64.4
51,51,13,376.0,10,304.0,0,0,5.0964291169,8,4,1,224.4,119.3,32.3,6,3,1,175.7,96.0,32.3
52,52,15,426.3,11,332.6,0,0,5.02013090324,8,5,2,217.4,145.6,63.3,5,4,2,148.1,121.2,63.3
53,53,14,396.3,11,325.9,0,0,4.86327909095,8,5,1,221.1,144.3,30.9,6,4,1,173.6,121.4,30.9
54,54,15,425.2,11,327.8,0,0,4.59966872513,9,5,1,248.7,146.0,30.5,6,4,1,175.9,121.4,30.5
55,55,16,468.6,14,422.1,0,0,4.57454915811,9,5,2,257.6,146.0,65.0,8,4,2,234.3,122.8,65.0
56,56,14,410.1,13,386.6,0,0,4.58382847808,8,5,1,234.4,143.4,32.3,8,4,1,234.4,119.9,32.3
57,57,17,497.6,14,426.6,0,0,4.40777221307,8,7,2,233.5,200.2,63.9,7,5,2,210.7,152.0,63.9
58,58,17,497.1,15,449.1,0,0,4.08901865115,9,6,2,257.6,175.0,64.5,7,6,2,209.6,175.0,64.5
59,59,17,490.8,14,418.8,0,0,4.44462663025,9,6,2,259.2,166.8,64.8,8,4,2,235.2,118.8,64.8
60,60,17,489.2,15,442.0,0,0,4.27485809878,10,5,2,273.1,153.1,63.0,8,5,2,225.9,153.1,63.0
61,61,13,378.2,10,304.8,0,0,4.70946945675,7,5,1,193.5,157.2,27.5,4,5,1,120.1,157.2,27.5
62,62,14,402.2,10,305.3,0,0,5.25656052675,8,5,1,224.6,151.3,26.3,6,3,1,176.6,102.4,26.3
63,63,14,402.4,10,305.7,0,0,5.09233425178,8,5,1,224.4,150.6,27.4,6,3,1,176.1,102.2,27.4
64,64,17,483.8,13,385.7,0,0,4.31842836335,8,7,2,222.0,205.5,56.3,7,5,1,197.4,156.2,32.1
65,65,16,458.3,13,389.4,0,0,4.97513400155,9,5,2,239.7,156.3,62.3,6,5,2,170.8,156.3,62.3
66,66,15,450.2,15,450.2,0,0,4.37245708411,9,4,2,258.6,130.8,60.8,9,4,2,258.6,130.8,60.8
67,67,15,450.9,13,402.6,0,0,4.68764333114,8,6,1,232.3,191.4,27.2,7,5,1,207.6,167.8,27.2
68,68,18,546.9,15,475.5,0,0,4.75187269586,10,6,2,296.6,193.9,56.4,9,5,1,273.6,170.0,31.9
69,69,16,468.1,13,398.1,0,0,4.93949643182,7,7,2,195.6,220.3,52.2,5,6,2,148.2,197.7,52.2
70,70,16,459.4,11,339.3,0,0,4.74466366915,8,7,1,219.9,214.9,24.6,5,6,0,149.1,190.2,0
71,71,19,543.8,16,470.6,0,0,4.09682518643,10,7,2,278.7,210.0,55.1,9,5,2,255.0,160.5,55.1
72,72,15,442.3,13,395.3,0,0,4.39802986196,7,6,2,193.1,190.0,59.2,5,6,2,146.1,190.0,59.2
73,73,17,487.6,13,390.4,0,0,4.6017979223,8,7,2,219.5,209.6,58.5,6,6,1,171.9,184.9,33.6
74,74,17,481.6,13,386.5,0,0,4.44870271904,8,7,2,217.6,204.3,59.7,5,6,2,145.0,181.8,59.7
75,75,16,470.7,14,423.1,0,0,3.96370512694,7,7,2,194.6,216.6,59.5,5,7,2,147.0,216.6,59.5
76,76,17,485.9,15,438.5,0,0,4.0729650278,8,7,2,215.9,210.4,59.6,6,7,2,168.5,210.4,59.6
77,77,14,425.7,13,402.3,0,0,3.57372124213,6,6,2,179.8,186.6,59.3,5,6,2,156.4,186.6,59.3
78,78,13,393.4,13,393.4,0,0,3.46951928984,6,6,1,180.1,185.6,27.7,6,6,1,180.1,185.6,27.7
79,79,16,467.7,13,398.2,0,0,4.43090942509,8,6,2,223.9,185.4,58.4,6,5,2,178.7,161.1,58.4
80,80,14,413.2,12,367.3,0,0,4.52443913105,7,6,1,199.9,187.8,25.5,6,5,1,177.3,164.5,25.5
81,81,16,460.1,12,365.3,0,0,4.53092613785,9,5,2,237.6,161.9,60.6,5,5,2,142.8,161.9,60.6
82,82,16,466.3,12,371.4,0,0,4.68600309432,9,5,2,243.7,163.2,59.4,5,5,2,148.8,163.2,59.4
83,83,17,483.8,11,338.8,0,0,4.54890904827,8,7,2,211.8,211.9,60.1,3,6,2,91.4,187.3,60.1
84,84,14,408.6,12,362.6,0,0,4.77281680141,6,6,2,166.2,182.4,60.0,5,5,2,142.7,159.9,60.0
85,85,15,432.1,10,312.5,0,0,4.92217528373,7,6,2,188.9,183.0,60.2,4,4,2,116.7,135.6,60.2
86,86,14,401.7,9,280.9,0,0,4.96874295908,6,6,2,157.7,182.1,61.9,3,4,2,84.6,134.4,61.9
87,87,13,382.8,11,335.0,0,0,4.40238862903,4,7,2,114.9,205.8,62.1,3,6,2,90.7,182.2,62.1
88,88,16,463.0,14,413.4,0,0,3.69628191566,7,7,2,194.8,205.2,63.0,6,6,2,170.0,180.4,63.0
89,89,15,433.7,12,364.1,0,0,4.34278822,7,6,2,192.9,179.0,61.8,5,5,2,146.5,155.8,61.8
90,90,16,453.8,12,361.7,0,0,4.5758605748,8,6,2,213.4,179.5,60.9,5,5,2,144.3,156.5,60.9
91,91,17,493.8,13,400.4,0,0,4.65337480317,9,6,2,251.7,181.8,60.3,6,5,2,180.7,159.4,60.3
92,92,14,412.2,12,364.2,0,0,4.2264213423,8,4,2,221.2,132.2,58.8,6,4,2,173.2,132.2,58.8
93,93,13,377.7,10,306.4,0,0,4.76298495075,5,6,2,142.2,173.2,62.3,4,4,2,118.8,125.3,62.3
94,94,13,386.4,11,337.7,0,0,4.71012275957,5,6,2,147.8,175.7,62.9,5,4,2,147.8,127.0,62.9
95,95,16,472.6,13,400.7,0,0,4.74213383756,7,7,2,207.4,204.5,60.7,5,6,2,159.9,180.1,60.7
96,96,14,409.6,12,363.0,0,0,5.36910167041,7,5,2,190.9,164.3,54.4,5,5,2,144.3,164.3,54.4
97,97,12,352.3,7,232.8,0,0,6.13269306605,6,5,1,163.7,158.0,30.6,2,4,1,67.6,134.6,30.6
98,98,13,382.1,11,334.5,0,0,5.24602413555,7,5,1,195.7,155.8,30.6,5,5,1,148.1,155.8,30.6
99,99,13,382.9,12,358.0,0,0,5.04589195693,7,5,1,197.3,157.6,28.0,6,5,1,172.4,157.6,28.0
100,100,14,411.5,12,363.3,0,0,5.05286884022,7,6,1,200.7,182.4,28.4,6,5,1,176.3,158.6,28.4
101,101,13,390.1,11,342.9,0,0,5.02302391302,7,5,1,200.7,159.8,29.6,5,5,1,153.5,159.8,29.6
102,102,14,410.9,11,338.8,0,0,5.13026465054,7,6,1,194.9,187.6,28.4,5,5,1,147.6,162.8,28.4
103,103,12,356.3,11,332.7,0,0,5.23579608141,6,5,1,167.8,158.8,29.7,5,5,1,144.2,158.8,29.7
104,104,11,327.4,9,280.9,0,0,5.76320617838,6,4,1,165.0,131.0,31.4,4,4,1,118.5,131.0,31.4
105,105,13,389.2,11,341.0,0,0,5.05808568227,8,4,1,225.5,132.0,31.7,6,4,1,177.3,132.0,31.7
106,106,15,444.0,13,396.5,0,0,4.62029683648,7,7,1,204.7,206.5,32.8,6,6,1,180.1,183.6,32.8
107,107,12,371.5,12,371.5,0,0,4.5617895877,7,4,1,206.5,132.0,33.0,7,4,1,206.5,132.0,33.0
108,108,14,418.8,13,394.4,0,0,4.57700895662,9,4,1,256.4,129.9,32.5,8,4,1,232.0,129.9,32.5
109,109,16,482.5,15,458.8,0,0,4.41058858506,8,6,2,231.6,185.1,65.8,7,6,2,207.9,185.1,65.8
110,110,15,431.6,12,360.8,0,0,5.12158829531,10,4,1,269.1,130.5,32.0,7,4,1,198.3,130.5,32.0
111,111,12,358.9,10,310.7,0,0,5.16094746998,7,4,1,196.1,131.8,31.0,5,4,1,147.9,131.8,31.0
112,112,12,357.4,10,311.5,0,0,5.4021600618,6,5,1,172.4,153.0,32.0,5,4,1,149.3,130.2,32.0
113,113,13,401.6,12,377.8,0,0,4.55383749133,7,5,1,208.8,159.2,33.6,6,5,1,185.0,159.2,33.6
114,114,12,377.9,12,377.9,0,0,4.54721859709,6,5,1,184.0,161.6,32.3,6,5,1,184.0,161.6,32.3
115,115,14,428.7,13,404.0,0,0,4.53332592652,8,5,1,237.2,158.1,33.4,7,5,1,212.5,158.1,33.4
116,116,16,479.9,13,409.0,0,0,5.38757443877,8,6,2,227.4,187.7,64.8,6,5,2,180.1,164.1,64.8
117,117,19,567.4,15,474.2,0,0,4.88799101271,10,7,2,285.9,221.1,60.4,7,6,2,215.6,198.2,60.4
118,118,15,456.7,14,433.2,0,0,4.58598278401,7,6,2,211.7,186.6,58.4,6,6,2,188.2,186.6,58.4
119,119,16,481.1,13,408.4,0,0,4.79273321464,9,6,1,259.5,190.4,31.2,6,6,1,186.8,190.4,31.2
120,120,17,526.4,15,478.5,0,0,4.15014174102,9,6,2,265.2,200.6,60.6,7,6,2,217.3,200.6,60.6
121,121,17,513.0,16,488.9,0,0,4.22825753292,8,7,2,228.5,224.2,60.3,7,7,2,204.4,224.2,60.3
122,122,17,509.6,14,437.7,0,0,4.57391099222,10,6,1,284.8,193.9,30.9,7,6,1,212.9,193.9,30.9
123,123,17,510.0,15,462.6,0,0,4.65174698366,8,7,2,233.7,209.2,67.1,7,6,2,210.4,185.1,67.1
124,124,17,512.3,14,441.5,0,0,5.11015425115,9,6,2,256.5,185.9,69.9,7,5,2,209.0,162.6,69.9
125,125,14,429.1,13,406.4,0,0,4.68971870569,7,5,2,205.1,156.8,67.2,6,5,2,182.4,156.8,67.2
126,126,17,506.4,15,458.9,0,0,4.76378032042,9,6,2,254.2,186.2,66.0,7,6,2,206.7,186.2,66.0
127,127,14,424.1,12,378.5,0,0,4.98420031171,7,5,2,199.9,158.2,66.0,5,5,2,154.3,158.2,66.0
128,128,14,424.7,12,377.1,0,0,4.91615971808,7,5,2,195.8,162.7,66.2,5,5,2,148.2,162.7,66.2
129,129,15,452.7,12,380.9,0,0,5.03589969264,8,5,2,224.4,160.8,67.5,6,4,2,177.5,135.9,67.5
130,130,15,448.7,12,376.3,0,0,4.68932932559,8,5,2,226.3,158.1,64.3,5,5,2,153.9,158.1,64.3
131,131,17,510.6,15,465.3,0,0,4.89884440155,8,7,2,228.9,215.9,65.8,7,6,2,206.6,192.9,65.8
132,132,18,551.1,15,480.5,0,0,5.09985582264,10,6,2,281.4,199.0,70.7,8,5,2,233.6,176.2,70.7
133,133,16,505.5,15,481.9,0,0,4.5290865525,8,6,2,233.6,202.5,69.4,8,5,2,233.6,178.9,69.4
134,134,16,496.9,15,473.5,0,0,4.10088913123,8,6,2,230.7,200.6,65.6,7,6,2,207.3,200.6,65.6
135,135,18,536.4,15,463.6,0,0,4.54713872542,9,7,2,253.2,215.7,67.5,6,7,2,180.4,215.7,67.5
136,136,16,483.2,15,459.9,0,0,4.43936932458,8,6,2,235.3,180.6,67.3,8,5,2,235.3,157.3,67.3
137,137,16,484.0,14,436.8,0,0,4.66261729075,8,6,2,237.8,178.5,67.7,7,5,2,213.0,156.1,67.7
138,138,16,488.7,14,441.8,0,0,4.97151469206,8,6,2,225.2,192.5,71.0,7,5,2,201.9,168.9,71.0
139,139,16,504.9,14,457.1,0,0,4.43530814412,8,6,2,234.8,200.0,70.1,7,5,2,210.5,176.5,70.1
140,140,17,509.1,14,439.5,0,0,4.93357345733,9,7,1,259.2,223.0,26.9,7,6,1,213.0,199.6,26.9
141,141,18,529.0,15,457.2,0,0,4.85227525635,10,6,2,276.8,193.6,58.6,7,6,2,205.0,193.6,58.6
142,142,19,549.1,14,429.4,0,0,4.67606197088,10,7,2,278.3,207.3,63.5,7,5,2,205.9,160.0,63.5
143,143,17,511.8,15,464.7,0,0,4.9061785776,9,6,2,255.5,190.3,66.0,7,6,2,208.4,190.3,66.0
144,144,16,489.2,15,466.3,0,0,4.8831001082,10,5,1,288.5,170.4,30.3,9,5,1,265.6,170.4,30.3
145,145,15,455.2,12,383.4,0,0,5.38249366885,7,6,2,198.8,186.5,69.9,5,5,2,149.9,163.6,69.9
146,146,13,386.4,9,293.1,0,0,6.50578637908,6,5,2,165.8,150.9,69.7,3,4,2,95.8,127.6,69.7
147,147,12,367.7,9,295.0,0,0,5.73211976233,5,5,2,150.2,147.6,69.9,5,2,2,150.2,74.9,69.9
148,148,13,394.7,12,371.9,0,0,5.56035647262,8,3,2,227.1,99.0,68.6,7,3,2,204.3,99.0,68.6
149,149,12,360.8,8,264.3,0,0,6.01971508437,7,3,2,193.2,99.5,68.1,4,2,2,121.5,74.7,68.1
150,150,12,363.0,8,265.4,0,0,6.22144385463,6,4,2,167.1,126.7,69.2,2,4,2,69.5,126.7,69.2
151,151,12,363.2,9,290.9,0,0,5.89149361111,7,3,2,195.5,100.2,67.5,4,3,2,123.2,100.2,67.5
152,152,12,360.5,9,289.9,0,0,6.15666059621,6,4,2,168.2,124.5,67.8,4,3,2,121.5,100.6,67.8
153,153,13,388.2,10,317.5,0,0,5.95182583492,7,4,2,196.7,123.8,67.7,5,3,2,149.0,100.8,67.7
154,154,15,431.7,9,292.5,0,0,6.25085137058,9,4,2,241.7,122.7,67.3,4,3,2,125.0,100.2,67.3
155,155,14,411.9,11,343.4,0,0,5.8996973288,7,5,2,201.2,147.0,63.7,6,3,2,178.7,101.0,63.7
156,156,17,492.0,12,372.6,0,0,5.43645781087,10,5,2,279.2,148.0,64.8,7,3,2,206.6,101.2,64.8
157,157,16,466.7,13,398.0,0,0,5.48740603564,9,5,2,256.1,147.2,63.4,8,3,2,234.0,100.6,63.4
158,158,15,448.8,14,425.2,0,0,5.07292533245,8,5,2,238.3,147.9,62.6,8,4,2,238.3,124.3,62.6
159,159,16,472.6,13,401.5,0,0,5.39516759085,9,5,2,257.7,151.6,63.3,7,4,2,211.0,127.2,63.3
160,160,15,444.2,12,372.8,0,0,5.42571478723,8,5,2,233.1,149.0,62.1,6,4,2,185.5,125.2,62.1
161,161,15,447.1,12,373.1,0,0,5.13064555485,8,5,2,239.2,146.7,61.2,7,3,2,214.7,97.2,61.2
162,162,16,470.1,13,399.1,0,0,5.1993869831,8,6,2,237.8,172.2,60.1,7,4,2,214.5,124.5,60.1
163,163,15,441.0,12,369.2,0,0,5.45527267879,8,5,2,232.2,147.3,61.5,6,4,2,183.1,124.6,61.5
164,164,14,411.9,9,293.4,0,0,5.94114448589,8,4,2,229.0,119.0,63.9,5,2,2,156.2,73.3,63.9
165,165,16,470.8,12,376.0,0,0,5.50847831378,10,4,2,285.5,124.7,60.6,8,2,2,238.1,77.3,60.6
166,166,17,497.4,13,401.5,0,0,4.80599350077,9,7,1,273.5,195.6,28.3,9,3,1,273.5,99.7,28.3
167,167,16,469.9,14,422.6,0,0,4.59401331445,9,7,0,271.1,198.8,0,8,6,0,246.9,175.7,0
168,168,17,494.8,12,373.3,0,0,4.61471431784,10,6,1,287.6,182.6,24.6,6,6,0,190.7,182.6,0
169,169,17,489.9,11,346.8,0,0,4.91874416062,10,7,0,285.9,204.0,0,6,5,0,190.0,156.8,0
170,170,13,387.9,11,339.8,0,0,5.06055636953,7,5,1,206.8,151.5,29.6,7,3,1,206.8,103.4,29.6
171,171,16,469.7,11,349.3,0,0,5.81618073424,9,5,2,256.8,153.8,59.1,7,3,1,208.2,106.9,34.2
172,172,16,480.7,12,383.7,0,0,5.7469955919,9,5,2,264.9,157.1,58.7,7,4,1,216.7,132.5,34.5
173,173,19,548.0,13,403.0,0,0,4.51753568386,10,7,2,289.6,206.0,52.4,8,4,1,242.3,131.7,29.0
174,174,18,520.9,14,427.6,0,0,4.55994567678,10,7,1,283.8,214.1,23.0,8,6,0,238.2,189.4,0
175,175,18,520.7,15,450.9,0,0,4.26529159827,9,7,2,262.3,201.8,56.6,8,5,2,238.8,155.5,56.6
176,176,16,474.6,15,451.7,0,0,4.41993589697,8,6,2,241.3,175.8,57.5,8,5,2,241.3,152.9,57.5
177,177,15,446.9,14,423.4,0,0,4.68972534479,9,4,2,260.0,126.3,60.6,8,4,2,236.5,126.3,60.6
178,178,15,440.4,12,367.2,0,0,5.00139980405,9,4,2,250.6,128.9,60.9,6,4,2,177.4,128.9,60.9
179,179,16,463.6,9,294.9,0,0,5.55187655963,8,6,2,221.8,180.5,61.3,4,3,2,126.7,106.9,61.3
180,180,13,405.3,11,357.1,0,0,5.47481412868,7,4,2,207.2,135.3,62.8,5,4,2,159.0,135.3,62.8
181,181,13,412.6,12,388.7,0,0,5.2355417519,6,5,2,188.7,163.3,60.6,5,5,2,164.8,163.3,60.6
182,182,15,456.0,12,385.1,0,0,5.61235881146,8,5,2,237.8,162.0,56.2,6,5,1,191.1,162.0,32.0
183,183,14,434.2,11,363.4,0,0,5.46652148472,7,5,2,215.7,161.1,57.4,6,4,1,192.5,138.0,32.9
184,184,14,436.4,12,388.1,0,0,5.30463202109,7,5,2,214.8,162.4,59.2,6,5,1,191.4,162.4,34.3
185,185,13,415.7,13,415.7,0,0,4.4368070062,6,5,2,189.6,165.0,61.1,6,5,2,189.6,165.0,61.1
186,186,15,460.0,12,389.3,0,0,5.25230108302,7,6,2,210.4,189.8,59.8,5,5,2,163.7,165.8,59.8
187,187,14,439.6,13,417.1,0,0,4.95658070727,6,6,2,189.9,190.7,59.0,5,6,2,167.4,190.7,59.0
188,188,15,457.7,12,386.2,0,0,5.20972533779,8,5,2,235.7,162.7,59.3,5,5,2,164.2,162.7,59.3
189,189,15,466.4,14,443.1,0,0,4.96062592057,7,6,2,215.7,191.8,58.9,6,6,2,192.4,191.8,58.9
190,190,16,486.1,13,416.1,0,0,5.33944051376,8,6,2,235.6,192.2,58.3,5,6,2,165.6,192.2,58.3
191,191,15,459.5,13,412.6,0,0,5.20626911475,7,6,2,211.2,189.9,58.4,6,6,1,188.3,189.9,34.4
192,192,16,479.4,11,360.5,0,0,5.43321574515,8,6,2,232.5,189.1,57.8,4,6,1,137.0,189.1,34.4
193,193,16,489.2,14,440.6,0,0,4.83907704699,8,6,2,241.9,186.9,60.4,7,5,2,217.4,162.8,60.4
194,194,16,488.4,13,415.6,0,0,4.82818116203,8,6,2,241.0,189.8,57.6,6,6,1,192.1,189.8,33.7
195,195,16,483.5,14,437.2,0,0,4.99949580791,8,6,2,238.1,188.6,56.8,7,6,1,214.5,188.6,34.1
196,196,17,509.6,13,411.9,0,0,4.64038379498,9,6,2,261.9,189.1,58.6,6,6,1,188.8,189.1,34.0
197,197,17,511.7,15,464.9,0,0,4.45491301823,9,6,2,262.1,189.4,60.2,7,6,2,215.3,189.4,60.2
198,198,17,510.0,14,437.1,0,0,4.59047927781,9,6,2,264.3,185.9,59.8,7,6,1,216.0,185.9,35.2
199,199,16,481.1,14,434.4,0,0,4.39055330606,8,6,2,239.0,185.2,56.9,7,6,1,214.7,185.2,34.5
200,200,14,406.1,10,314.0,0,0,5.79143456198,8,4,2,224.5,124.5,57.1,6,3,1,177.5,101.8,34.7
201,201,17,500.6,14,428.2,0,0,4.40867293625,11,5,1,316.6,155.4,28.6,9,4,1,268.4,131.2,28.6
202,202,14,422.4,13,398.8,0,0,4.35756258112,10,3,1,293.7,100.3,28.4,9,3,1,270.1,100.3,28.4
203,203,13,383.7,9,289.5,0,0,5.1733042558,8,3,2,232.9,100.3,50.5,5,3,1,160.8,100.3,28.4
204,204,12,359.3,10,313.7,0,0,5.12275819409,7,4,1,209.7,118.3,31.3,6,3,1,187.4,95.0,31.3
205,205,10,310.0,9,286.2,0,0,4.50678500831,6,3,1,187.1,91.6,31.3,6,2,1,187.1,67.8,31.3
206,206,12,370.6,12,370.6,0,0,3.61306551618,8,3,1,240.3,99.9,30.4,8,3,1,240.3,99.9,30.4
207,207,15,440.1,12,368.6,0,0,4.35050079219,9,5,1,263.9,144.6,31.6,8,3,1,239.5,97.5,31.6
208,208,15,439.7,12,367.9,0,0,4.14537033787,10,4,1,287.6,120.0,32.1,8,3,1,239.8,96.0,32.1
209,209,15,442.0,12,368.0,0,0,4.05157229915,10,4,1,286.0,124.0,32.0,7,4,1,212.0,124.0,32.0
210,210,15,430.3,13,383.9,0,0,4.32350166724,9,5,1,257.6,140.5,32.2,8,4,1,233.8,117.9,32.2
211,211,16,446.4,11,325.5,0,0,4.05758548893,10,5,1,275.2,140.8,30.4,7,3,1,202.8,92.3,30.4
212,212,15,428.8,10,309.7,0,0,4.22946579988,9,5,1,255.5,141.8,31.5,6,3,1,184.4,93.8,31.5
213,213,15,431.3,12,359.5,0,0,3.97759199708,9,5,1,255.4,145.4,30.5,8,3,1,232.3,96.7,30.5
214,214,14,403.7,12,357.7,0,0,3.97232873821,8,5,1,230.5,143.5,29.7,7,4,1,207.8,120.2,29.7
215,215,14,397.8,11,327.6,0,0,4.09743956502,8,5,1,225.6,142.4,29.8,6,4,1,179.4,118.4,29.8
216,216,15,427.3,12,356.1,0,0,3.81086166984,8,6,1,230.1,168.7,28.5,7,4,1,206.9,120.7,28.5
217,217,14,409.8,12,361.3,0,0,3.88080653224,8,5,1,231.6,146.4,31.8,6,5,1,183.1,146.4,31.8
218,218,14,405.0,11,335.8,0,0,4.59823186276,7,6,1,201.4,170.8,32.8,6,4,1,178.7,124.3,32.8
219,219,13,385.2,12,362.4,0,0,4.35744279278,7,5,1,200.1,153.0,32.1,6,5,1,177.3,153.0,32.1
220,220,14,398.6,10,304.7,0,0,4.7200763637,7,5,2,186.3,158.9,53.4,5,4,1,141.0,134.5,29.2
221,221,12,340.8,10,293.1,0,0,4.47904210539,6,4,2,164.4,125.5,50.9,5,3,2,141.2,101.0,50.9
222,222,10,288.4,9,264.3,0,0,4.49028581124,5,3,2,140.3,98.8,49.3,5,3,1,140.3,98.8,25.2
223,223,12,338.8,9,268.9,0,0,4.71059412067,5,5,2,139.0,146.7,53.1,4,3,2,115.2,100.6,53.1
224,224,12,333.6,8,240.1,0,0,4.73939006432,5,5,2,137.4,145.9,50.3,4,3,1,114.3,100.3,25.5
225,225,16,427.9,8,238.6,0,0,4.36134058137,8,6,2,216.1,162.0,49.8,5,2,1,143.8,69.4,25.4
226,226,12,331.2,9,261.7,0,0,4.48249119048,5,5,2,137.8,141.1,52.3,4,3,2,115.5,93.9,52.3
227,227,13,363.7,11,317.0,0,0,4.07434122408,6,5,2,163.4,144.6,55.7,5,4,2,140.7,120.6,55.7
228,228,12,340.8,11,316.7,0,0,4.11449764966,6,4,2,167.7,121.6,51.5,6,4,1,167.7,121.6,27.4
229,229,14,392.3,9,271.9,0,0,3.96914611461,7,5,2,192.6,147.9,51.8,5,3,1,145.7,98.9,27.3
230,230,15,415.7,12,345.0,0,0,3.44235522917,10,3,2,267.8,96.2,51.7,8,3,1,221.4,96.2,27.4
231,231,16,455.1,11,335.6,0,0,4.26707843065,9,6,1,247.8,182.5,24.8,5,6,0,153.1,182.5,0
232,232,13,390.4,12,366.6,0,0,4.51670687843,7,5,1,204.7,156.6,29.1,6,5,1,180.9,156.6,29.1
233,233,13,386.1,12,361.9,0,0,3.93488669892,6,6,1,168.0,189.1,29.0,5,6,1,143.8,189.1,29.0
234,234,17,486.7,15,439.3,0,0,3.83874405012,9,6,2,241.2,184.5,61.0,7,6,2,193.8,184.5,61.0
235,235,16,471.5,14,422.2,0,0,3.83244373736,8,6,2,216.8,193.1,61.6,6,6,2,167.5,193.1,61.6
236,236,16,468.7,14,421.4,0,0,4.02035964395,8,6,2,213.0,194.3,61.4,6,6,2,165.7,194.3,61.4
237,237,16,470.3,15,447.0,0,0,3.96206490776,8,6,2,214.3,195.0,61.0,7,6,2,191.0,195.0,61.0
238,238,15,441.2,14,416.7,0,0,3.33163766394,8,6,1,223.9,187.5,29.8,7,6,1,199.4,187.5,29.8
239,239,16,474.6,16,474.6,0,0,3.19684740539,8,6,2,227.0,185.4,62.2,8,6,2,227.0,185.4,62.2
240,240,10,298.4,9,275.1,0,0,3.5144779919,4,4,2,112.8,130.7,54.9,3,4,2,89.5,130.7,54.9
241,241,19,517.3,13,379.9,0,0,3.82228002132,10,7,2,260.8,204.4,52.1,5,6,2,146.1,181.7,52.1
242,242,14,385.9,11,316.3,0,0,3.78043691876,8,4,2,211.7,121.4,52.8,5,4,2,142.1,121.4,52.8
243,243,2,70.3,2,70.3,0,0,3.18198051534,0,1,1,0,37.4,32.9,0,1,1,0,37.4,32.9
244,244,11,332.8,9,288.9,1,19.9,5.63956800409,3,6,2,71.8,193.8,67.2,1,6,2,27.9,193.8,67.2
245,245,12,352.7,10,307.9,0,0,5.24429704681,3,7,2,75.5,216.6,60.6,2,6,2,53.4,193.9,60.6
246,246,14,387.2,9,287.2,2,36.0,6.76310287069,5,7,2,112.6,216.6,58.0,2,5,2,55.9,173.3,58.0
247,247,17,433.3,9,281.8,6,107.2,7.32025292877,7,7,3,134.4,218.3,80.6,1,6,2,27.2,195.7,58.9
248,248,17,434.5,9,274.4,5,91.1,6.05671722383,7,7,3,143.6,207.1,83.8,1,6,2,30.5,184.5,59.4
249,249,17,438.7,11,321.4,4,71.1,5.75689484317,7,7,3,148.2,205.2,85.3,2,6,3,53.5,182.6,85.3
