,e_id,num_sat,sum_snr,num_sat_25,sum_snr_25,snr_std,elev_0_30,elev_30_60,elev_60_90,elev_0_30_25,elev_30_60_25,elev_60_90_25
1,1,16,413.1,10,303.6,6.53179084682,9,3,4,5,3,2
2,2,17,472.9,12,373.2,6.04950775829,10,3,4,6,3,3
3,3,18,498.8,11,346.9,5.83114244572,11,3,4,7,2,2
4,4,18,506.4,12,380.3,6.0582466887,11,3,4,6,3,3
5,5,18,505.8,13,411.7,7.01888209634,11,3,4,7,3,3
6,6,17,489.6,12,387.8,6.45184082259,10,3,4,6,3,3
7,7,17,498.4,13,417.0,5.96942577788,10,3,4,7,3,3
8,8,17,494.6,13,416.6,6.43491167269,10,3,4,7,3,3
9,9,17,499.2,12,395.8,6.51392174274,10,3,4,7,2,3
10,10,17,509.4,13,424.2,5.93758591269,10,3,4,7,3,3
11,11,17,509.5,13,425.0,6.0016419322,10,3,4,7,3,3
12,12,17,503.8,13,422.7,6.29225130383,10,3,4,7,3,3
13,13,17,503.1,13,422.4,6.3994599956,10,3,4,7,3,3
14,14,17,504.0,13,423.4,6.39786269459,10,3,4,7,3,3
15,15,17,503.5,13,421.0,6.24111721711,10,3,4,7,3,3
16,16,16,469.5,12,387.1,6.39468203536,9,3,4,6,3,3
17,17,15,454.4,12,388.7,5.4781992175,8,3,4,6,3,3
18,18,15,454.5,12,388.3,5.39589791283,8,3,4,6,3,3
19,19,14,432.9,11,365.1,5.31299981488,7,3,4,6,2,3
20,20,15,452.7,11,363.6,5.54799835204,8,3,4,6,2,3
21,21,14,427.6,12,384.7,5.26435243818,7,3,4,6,3,3
22,22,13,406.4,12,387.9,4.98506744547,6,3,4,6,3,3
23,23,13,406.6,11,365.3,5.24994505466,6,3,4,6,2,3
24,24,14,426.9,11,361.8,5.47644807485,7,3,4,6,2,3
25,25,14,428.2,12,386.7,5.32972176253,8,2,4,7,2,3
26,26,14,425.3,11,362.0,5.68915007461,7,3,4,6,2,3
27,27,14,427.0,12,384.2,4.97037376709,7,3,4,7,2,3
28,28,15,446.0,11,358.3,5.48812571007,9,2,4,6,2,3
29,29,13,400.3,11,358.8,5.30353051254,7,2,4,6,2,3
30,30,14,421.4,11,355.5,5.28073421469,8,2,4,6,2,3
31,31,13,395.9,11,354.6,5.44971182489,7,2,4,6,2,3
32,32,14,412.7,11,347.9,5.30416071392,8,2,4,6,2,3
33,33,13,388.1,12,369.6,5.17004438805,7,2,4,7,2,3
34,34,16,431.4,8,253.4,5.45757882826,9,3,4,3,3,2
35,35,16,424.8,9,280.3,5.97818255548,9,3,4,4,3,2
36,36,16,427.1,10,308.5,6.35803625344,9,3,4,5,3,2
37,37,17,432.9,9,275.2,6.4746564751,10,3,4,4,3,2
38,38,17,433.0,8,246.5,6.05802821736,10,3,4,4,2,2
39,39,17,428.1,8,242.2,5.92064558284,10,3,4,4,2,2
40,40,17,404.7,8,229.9,5.6602198045,10,3,4,3,3,2
41,41,17,426.9,8,241.0,5.83393974439,10,3,4,3,3,2
42,42,17,435.9,10,294.3,6.01602639035,10,3,4,5,3,2
43,43,17,443.6,9,271.5,5.83528818785,10,3,4,5,2,2
44,44,17,445.9,11,323.9,5.89350964047,10,3,4,6,3,2
45,45,17,451.3,11,326.4,5.693869252,10,3,4,6,3,2
46,46,17,452.5,11,328.8,5.85867255593,10,3,4,6,3,2
47,47,17,440.9,10,302.3,6.50345496414,10,3,4,5,3,2
48,48,18,484.4,13,389.2,6.19581347162,10,3,5,7,3,3
49,49,19,514.8,13,392.6,5.92691353856,11,3,5,7,3,3
50,50,19,515.7,12,369.0,6.21399100502,11,3,5,6,3,3
51,51,19,512.0,12,365.0,6.0723753746,11,3,5,7,2,3
52,52,18,488.3,11,337.6,6.2228994146,11,3,4,7,2,2
53,53,18,494.8,11,344.2,6.18098496709,11,3,4,8,1,2
54,54,18,491.6,11,345.1,6.48680913936,11,3,4,7,2,2
55,55,18,489.1,13,392.4,6.53099447932,11,3,4,9,2,2
56,56,18,487.5,10,317.4,6.57770297829,11,3,4,6,2,2
57,57,18,480.8,9,292.3,6.80751219038,11,3,4,6,1,2
58,58,17,458.2,9,291.8,6.80836963295,10,3,4,6,1,2
59,59,17,451.4,9,288.1,7.05355563236,10,3,4,6,1,2
60,60,17,454.4,10,307.2,6.40407728579,10,3,4,6,1,3
61,61,17,451.4,9,279.8,6.04556838178,10,3,4,5,2,2
62,62,18,477.4,11,335.0,6.23901911178,11,3,4,6,3,2
63,63,18,478.9,11,338.2,6.34298799715,11,3,4,7,2,2
64,64,18,474.2,10,300.4,5.83389913222,11,3,4,6,2,2
65,65,18,478.7,11,330.9,5.57235531807,11,3,4,7,2,2
66,66,18,467.2,11,324.6,5.5733844636,11,3,4,7,2,2
67,67,17,439.8,9,269.5,5.50338131355,10,3,4,6,1,2
68,68,14,397.2,11,330.7,4.73358354598,7,3,4,6,2,3
69,69,13,338.7,8,226.4,3.25387343142,6,3,4,3,2,3
70,70,14,373.7,9,255.8,3.14115713263,8,3,3,5,2,2
71,71,15,399.0,7,216.5,4.96645892822,8,3,4,5,1,1
72,72,14,415.7,11,351.3,5.60761354502,7,3,4,4,3,4
73,73,16,487.4,13,420.3,5.70565508947,9,3,4,6,3,4
74,74,17,483.5,12,367.8,4.94293167355,10,3,4,6,2,4
75,75,17,459.4,9,272.6,4.38370981758,10,3,4,4,1,4
76,76,17,466.1,11,334.1,5.32825432179,10,3,4,5,2,4
77,77,16,439.3,10,309.6,5.19909847954,9,3,4,6,2,2
78,78,16,444.9,11,334.2,4.72432975846,9,3,4,6,3,2
79,79,16,431.8,9,281.2,5.50852369817,9,3,4,5,2,2
80,80,16,435.2,9,282.7,5.57159462512,9,3,4,5,2,2
81,81,16,430.8,9,281.5,5.8172731298,9,3,4,5,2,2
82,82,16,445.1,10,313.2,5.57771981488,9,3,4,5,2,3
83,83,16,448.4,10,314.9,5.54502780276,9,3,4,5,2,3
84,84,16,450.1,11,340.2,5.57096266367,9,3,4,5,3,3
85,85,17,459.2,9,284.0,5.80504977939,10,3,4,5,2,2
86,86,17,469.2,10,315.5,6.3086250483,10,3,4,6,2,2
87,87,17,474.4,10,318.2,6.0920512338,10,3,4,6,2,2
88,88,18,481.1,10,310.6,6.51566488464,11,3,4,5,2,3
89,89,18,465.2,11,325.0,6.06700063722,11,3,4,5,2,4
90,90,18,445.7,11,314.1,6.09060403543,11,3,4,5,2,4
91,91,18,463.7,10,298.6,6.32363808996,11,3,4,5,2,3
92,92,18,466.3,11,326.3,6.34836451585,11,3,4,5,2,4
93,93,18,469.7,11,327.9,6.20345939752,11,3,4,5,2,4
94,94,18,469.2,12,349.0,5.86936212588,11,3,4,6,2,4
95,95,18,474.7,11,328.8,5.96842727886,11,3,4,5,2,4
96,96,18,464.5,10,299.5,6.0269465708,11,3,4,4,2,4
97,97,18,468.2,10,301.1,6.12217655345,11,3,4,4,2,4
98,98,18,476.4,9,277.1,5.95641028887,11,3,4,3,2,4
99,99,18,474.1,11,325.2,6.13055403781,11,3,4,4,3,4
100,100,17,465.7,11,332.8,5.83753700076,10,3,4,6,2,3
101,101,17,462.8,10,309.5,6.07129819435,10,3,4,4,3,3
102,102,18,477.8,9,280.6,6.55054754983,11,3,4,3,3,3
103,103,18,483.7,9,286.1,6.82502364189,11,3,4,3,3,3
104,104,18,498.4,12,369.0,6.63226417633,11,3,4,7,3,2
105,105,17,498.6,14,431.5,5.87247442586,10,3,4,9,2,3
106,106,17,498.9,12,384.8,6.53969778039,10,3,4,7,2,3
107,107,17,492.8,13,405.2,6.18868749746,10,3,4,9,2,2
108,108,17,493.7,12,380.0,6.14888799129,10,3,4,8,2,2
109,109,17,489.8,11,357.4,6.83308882872,10,3,4,7,2,2
110,110,17,483.7,12,380.1,6.83612807507,10,3,4,7,3,2
111,111,17,492.8,12,385.2,6.93576621154,10,3,4,8,2,2
112,112,17,469.5,9,293.7,6.92488585593,10,3,4,4,2,3
113,113,17,482.6,13,392.9,5.09078608283,10,3,4,6,3,4
114,114,17,489.8,15,443.8,3.90510600896,10,3,4,8,3,4
115,115,17,478.6,12,361.5,4.63965484264,10,3,4,6,2,4
116,116,18,477.3,10,300.0,4.77558127044,11,3,4,4,2,4
117,117,18,484.1,11,327.1,4.8224319252,11,3,4,6,2,3
118,118,18,451.7,10,283.1,4.37835212383,11,3,4,5,2,3
119,119,18,433.1,7,198.0,4.39466774343,11,3,4,4,2,1
120,120,18,415.9,5,136.9,3.83213536268,11,3,4,0,2,3
121,121,18,413.3,7,195.3,5.01153245189,11,3,4,2,2,3
122,122,18,432.1,9,255.7,5.54568960569,11,3,4,5,2,2
123,123,18,443.7,11,316.0,5.6445965833,11,3,4,5,2,4
124,124,18,430.9,11,306.4,5.72960720231,11,3,4,5,2,4
125,125,18,442.1,11,312.1,5.77704777942,11,3,4,5,2,4
126,126,18,439.4,10,287.4,5.71580768714,11,3,4,5,2,3
127,127,18,436.1,9,253.4,4.9916171558,11,3,4,5,2,2
128,128,18,436.5,10,282.0,5.51375285883,11,3,4,4,2,4
129,129,18,432.1,8,229.9,5.66833020565,11,3,4,3,1,4
130,130,18,429.0,8,226.9,5.22944154031,11,3,4,3,1,4
131,131,18,406.4,7,194.5,5.22477756977,11,3,4,3,1,3
132,132,18,414.0,7,201.0,5.54309321164,11,3,4,4,0,3
133,133,18,379.4,3,88.0,4.6136059083,11,3,4,1,0,2
134,134,18,389.7,5,142.9,5.07093795709,11,3,4,4,0,1
135,135,18,377.1,3,85.7,4.66617994661,11,3,4,2,0,1
136,136,18,367.3,4,111.6,5.42569835269,11,3,4,3,0,1
137,137,18,371.4,6,165.2,5.76755631809,11,3,4,5,0,1
138,138,18,346.0,2,57.2,4.87159299415,10,4,4,1,0,1
139,139,18,353.9,3,86.7,5.48024676225,10,4,4,2,0,1
140,140,18,347.1,2,53.7,4.63265265137,10,4,4,1,0,1
141,141,18,363.8,4,114.2,5.59494402946,10,4,4,3,0,1
142,142,18,356.4,3,90.6,6.280783016,10,4,4,2,0,1
143,143,18,343.9,2,55.7,5.31053029613,10,4,4,1,0,1
144,144,17,334.1,4,109.9,5.80518277566,9,4,4,2,1,1
145,145,17,326.5,2,54.6,5.22224455912,9,4,4,0,1,1
146,146,17,361.9,5,147.0,6.97485504804,9,4,4,4,0,1
147,147,17,377.6,6,177.2,7.12371763486,9,4,4,4,1,1
