,e_id,num_sat,sum_snr,num_sat_25,sum_snr_25,num_sat_u20,sum_sat_u20,snr_std,elev_0_30,elev_30_60,elev_60_90,sum_elev_0_30,sum_elev_30_60,sum_elev_60_90,elev_0_30_25,elev_30_60_25,elev_60_90_25,sum_elev_0_30_25,sum_elev_30_60_25,sum_elev_60_90_25
1,1,21,517.1,10,292.4,4,74.6,5.07473198917,10,8,3,229.5,211.1,76.5,3,5,2,87.9,150.3,54.2
2,2,21,507.8,9,260.5,5,92.3,4.86247046753,10,8,3,224.6,206.0,77.2,3,4,2,83.8,122.1,54.6
3,3,21,528.2,12,346.7,5,89.6,5.22375526299,10,8,3,221.4,222.7,84.1,3,6,3,85.3,177.3,84.1
4,4,21,551.0,15,427.9,2,33.6,4.80546316087,10,8,3,239.5,222.9,88.6,4,8,3,116.4,222.9,88.6
5,5,21,553.6,11,330.4,2,38.5,5.0284665844,10,8,3,250.4,233.9,69.3,3,7,1,91.0,212.6,26.8
6,6,20,525.7,10,301.3,2,38.3,4.97798046136,9,8,3,231.3,234.3,60.1,3,7,0,90.3,211.0,0
7,7,19,502.9,12,349.3,2,36.4,4.82010288405,9,7,3,235.9,205.5,61.5,5,6,1,140.8,183.4,25.1
8,8,20,514.0,12,346.0,3,53.0,5.07314913099,10,7,3,246.3,200.6,67.1,5,6,1,139.7,180.7,25.6
9,9,20,519.6,11,323.3,2,34.6,4.76473890597,10,7,3,244.3,201.2,74.1,3,6,2,87.7,178.6,57.0
10,10,21,578.9,15,448.5,0,0,4.33605043021,10,8,3,249.1,235.9,93.9,4,8,3,118.7,235.9,93.9
11,11,21,565.9,12,365.0,2,39.4,4.85681161335,10,8,3,243.6,242.2,80.1,2,8,2,66.0,242.2,56.8
12,12,22,592.4,15,441.8,3,53.9,5.03900801067,11,8,3,286.5,231.3,74.6,7,7,1,195.8,212.5,33.5
13,13,22,601.1,15,448.3,2,36.5,4.91517880488,11,8,3,288.0,232.9,80.2,8,6,1,220.6,193.7,34.0
14,14,22,590.3,15,444.1,2,35.0,5.10138976056,11,8,3,284.5,229.1,76.7,7,6,2,198.0,190.5,55.6
15,15,22,568.2,13,384.0,4,72.4,5.42087515498,11,8,3,266.0,228.6,73.6,5,6,2,144.2,187.6,52.2
16,16,21,540.8,13,372.9,3,53.4,5.08169450554,10,8,3,244.0,224.8,72.0,5,7,1,143.7,201.6,27.6
17,17,21,546.8,11,331.8,3,52.1,5.61537854383,10,8,3,240.0,223.7,83.1,3,6,2,95.4,178.2,58.2
18,18,21,541.2,12,356.0,3,54.6,5.33002278205,10,8,3,233.6,225.5,82.1,3,7,2,92.7,204.1,59.2
19,19,21,538.3,13,381.1,5,88.5,5.90942749624,10,8,3,254.8,204.4,79.1,6,5,2,174.7,145.5,60.9
20,20,21,543.0,10,305.0,3,53.8,5.28361348213,10,8,3,238.3,219.8,84.9,3,5,2,94.7,148.1,62.2
21,21,21,584.7,15,450.3,0,0,4.08381824137,10,8,3,257.5,236.7,90.5,5,7,3,146.1,213.7,90.5
22,22,21,597.5,16,486.6,1,19.1,4.46381216536,10,8,3,265.6,239.1,92.8,6,7,3,173.8,220.0,92.8
23,23,21,613.7,15,481.6,1,18.9,5.6584366005,10,8,3,264.7,259.0,90.0,6,7,2,180.2,234.7,66.7
24,24,21,586.5,15,460.8,3,59.0,5.47349457451,10,8,3,249.6,249.0,87.9,5,7,3,146.1,226.8,87.9
25,25,21,601.0,17,515.3,1,18.3,4.54880413379,10,8,3,268.5,252.5,80.0,7,8,2,207.1,252.5,55.7
26,26,21,606.2,17,518.6,0,0,5.12458128371,10,8,3,275.3,253.8,77.1,7,8,2,208.6,253.8,56.2
27,27,21,599.3,16,497.1,3,56.5,5.9171341197,10,8,3,273.6,238.4,87.3,7,6,3,212.2,197.6,87.3
28,28,21,612.2,15,478.9,1,19.6,5.53060747546,10,8,3,280.9,245.1,86.2,7,6,2,216.1,201.2,61.6
29,29,21,604.7,15,473.7,1,17.4,6.25255757194,10,8,3,272.6,242.5,89.6,6,6,3,187.8,196.3,89.6
30,30,21,630.6,16,512.0,0,0,4.9824836033,10,8,3,273.6,264.5,92.5,6,8,2,178.0,264.5,69.5
31,31,22,614.8,19,555.9,2,36.8,4.72901150174,11,8,3,277.4,236.5,100.9,8,8,3,218.5,236.5,100.9
32,32,22,656.3,18,565.6,0,0,5.15339798798,11,8,3,297.7,261.0,97.6,7,8,3,207.0,261.0,97.6
33,33,22,649.8,17,533.6,0,0,4.66706244457,11,8,3,294.3,263.1,92.4,7,8,2,200.6,263.1,69.9
34,34,22,645.6,17,532.6,0,0,4.69698254432,11,8,3,295.1,260.1,90.4,7,8,2,203.4,260.1,69.1
35,35,22,648.9,18,559.0,1,19.0,4.48005923353,11,8,3,305.0,251.4,92.5,8,8,2,238.6,251.4,69.0
36,36,21,614.9,16,500.9,1,19.5,5.40847659213,10,8,3,269.3,255.8,89.8,6,7,3,180.1,231.0,89.8
37,37,20,591.7,15,481.9,1,19.3,5.68888806081,9,8,3,263.6,236.4,91.7,6,6,3,193.7,196.5,91.7
38,38,20,566.3,14,433.7,1,16.5,5.53080131246,9,8,3,244.1,241.9,80.3,5,7,2,157.8,220.5,55.4
39,39,19,540.3,12,384.4,1,19.1,6.18916710662,9,7,3,238.6,204.9,96.8,4,5,3,127.7,159.9,96.8
40,40,19,531.5,11,367.1,2,35.8,7.13230850156,9,7,3,236.3,203.0,92.2,4,5,2,131.3,163.8,72.0
41,41,19,536.7,12,391.8,3,55.2,6.85633271112,9,7,3,236.5,207.6,92.6,4,6,2,131.7,188.8,71.3
42,42,19,534.8,13,417.2,4,72.8,6.83490782032,9,7,3,234.8,209.7,90.3,5,6,2,153.3,192.8,71.1
43,43,20,520.6,11,336.9,5,93.4,6.21755578986,9,8,3,214.0,221.0,85.6,3,6,2,93.3,177.2,66.4
44,44,20,548.8,14,425.5,3,54.8,5.53613963925,9,8,3,235.1,236.3,77.4,5,7,2,152.8,212.2,60.5
45,45,20,559.6,16,479.5,2,35.0,5.2902691206,9,8,3,236.8,236.8,86.0,6,7,3,180.1,213.4,86.0
46,46,20,555.2,15,455.5,2,30.8,5.81209265692,9,8,3,230.7,234.7,89.8,5,7,3,154.4,211.3,89.8
47,47,20,553.2,14,429.1,3,53.4,5.55246744582,9,8,3,235.4,227.1,90.7,5,6,3,153.0,185.4,90.7
48,48,20,567.0,15,456.2,1,19.1,4.86442510261,9,8,3,242.7,234.6,89.7,6,6,3,180.4,186.1,89.7
49,49,20,558.1,13,409.0,2,35.7,5.96714469319,9,8,3,226.8,245.2,86.1,4,7,2,124.0,220.4,64.6
50,50,20,562.2,13,404.6,1,17.1,5.10705394528,9,8,3,236.5,242.1,83.6,5,6,2,151.8,192.5,60.3
51,51,20,547.7,12,374.6,2,37.2,5.76023345653,9,8,3,223.7,237.2,86.8,3,7,2,98.8,212.9,62.9
52,52,19,547.9,15,459.8,1,19.0,5.43437725414,8,8,3,231.4,228.4,88.1,6,7,2,187.7,206.7,65.4
53,53,19,560.4,15,479.5,1,19.0,6.27335402797,8,8,3,217.9,244.5,98.0,5,7,3,157.7,223.8,98.0
54,54,19,563.4,15,474.7,1,18.5,4.98256609713,8,8,3,223.8,246.1,93.5,5,7,3,159.1,222.1,93.5
55,55,22,639.3,17,527.6,0,0,4.660845937,11,8,3,306.0,251.7,81.6,7,8,2,214.5,251.7,61.4
56,56,22,668.1,18,573.3,0,0,5.23244333017,11,8,3,322.2,252.1,93.8,9,6,3,275.4,204.1,93.8
57,57,22,644.1,18,553.8,0,0,4.83064935181,11,8,3,299.8,257.2,87.1,8,7,3,233.6,233.1,87.1
58,58,22,639.8,16,505.6,1,19.5,5.33350919623,11,8,3,297.6,252.4,89.8,6,7,3,185.5,230.3,89.8
59,59,5,171.5,4,147.0,0,0,6.91411599556,2,2,1,74.8,72.2,24.5,2,2,0,74.8,72.2,0
60,60,17,526.6,14,458.5,1,19.7,5.90968795832,8,7,2,235.4,226.5,64.7,6,6,2,187.0,206.8,64.7
61,61,18,540.8,14,451.2,0,0,5.83319327563,9,7,2,249.0,227.2,64.6,6,6,2,183.1,203.5,64.6
62,62,18,523.0,14,437.6,2,38.5,5.57306782368,9,7,2,245.3,216.3,61.4,6,6,2,179.8,196.4,61.4
63,63,19,568.7,15,475.4,0,0,5.55828237174,10,7,2,274.8,228.1,65.8,7,6,2,206.4,203.2,65.8
64,64,18,543.9,15,479.6,1,19.6,5.77573524731,9,7,2,255.8,224.2,63.9,7,6,2,211.1,204.6,63.9
65,65,19,574.7,15,489.1,1,19.4,5.92249651011,10,7,2,285.5,225.0,64.2,7,6,2,219.3,205.6,64.2
66,66,19,568.3,16,508.6,2,37.6,6.00304503628,10,7,2,284.4,218.1,65.8,8,6,2,244.1,198.7,65.8
67,67,19,565.5,16,503.0,2,37.6,5.61814624689,10,7,2,285.4,215.6,64.5,8,6,2,242.3,196.2,64.5
68,68,19,542.7,14,440.6,3,54.8,6.23415418181,10,7,2,272.4,205.5,64.8,7,5,2,212.3,163.5,64.8
69,69,20,574.6,16,488.4,1,15.8,5.45229068229,10,8,2,276.8,234.2,63.6,7,7,2,206.4,218.4,63.6
70,70,20,578.9,16,485.5,0,0,4.88396678725,10,8,2,277.8,238.5,62.6,8,7,1,230.4,216.3,38.8
71,71,22,645.7,16,504.9,0,0,5.01015635152,11,8,3,312.3,237.9,95.5,8,6,2,243.1,189.7,72.1
72,72,22,639.8,17,532.4,1,19.7,5.26196019637,11,8,3,305.0,239.2,95.6,8,6,3,243.5,193.3,95.6
73,73,22,653.5,18,568.0,2,39.0,5.31856382984,11,8,3,308.9,249.3,95.3,8,7,3,245.1,227.6,95.3
74,74,22,651.0,17,538.1,0,0,5.14012313091,11,8,3,311.8,245.9,93.3,8,7,2,243.5,224.8,69.8
75,75,22,666.9,19,601.4,0,0,4.50727406317,11,8,3,313.1,252.7,101.1,8,8,3,247.6,252.7,101.1
76,76,22,622.1,16,487.0,1,19.7,4.3753565099,11,8,3,288.9,246.8,86.4,6,8,2,178.6,246.8,61.6
77,77,22,634.9,18,550.1,1,18.8,4.74548999837,11,8,3,286.4,255.0,93.5,7,8,3,201.6,255.0,93.5
78,78,22,630.9,17,525.5,2,36.5,5.31349869655,11,8,3,276.1,251.2,103.6,6,8,3,170.7,251.2,103.6
79,79,22,621.9,16,494.0,2,35.5,5.58624043978,11,8,3,269.6,245.8,106.5,5,8,3,141.7,245.8,106.5
80,80,22,650.8,18,561.6,0,0,4.54874512927,11,8,3,298.7,252.2,99.9,7,8,3,209.5,252.2,99.9
81,81,22,649.3,17,533.5,0,0,4.47227389213,11,8,3,303.8,245.2,100.3,7,7,3,209.4,223.8,100.3
82,82,22,605.1,14,426.5,1,19.6,5.19720412683,11,8,3,275.0,226.2,103.9,5,6,3,137.9,184.7,103.9
83,83,22,626.1,15,471.0,2,38.9,6.39848636051,11,8,3,277.6,239.6,108.9,7,5,3,191.7,170.4,108.9
84,84,22,586.2,13,377.8,0,0,3.55885579161,11,8,3,271.5,233.3,81.4,5,6,2,136.5,184.5,56.8
85,85,22,657.1,19,593.9,1,19.8,5.29081741489,11,8,3,312.6,252.2,92.3,9,7,3,270.6,231.0,92.3
86,86,22,611.9,14,436.1,1,18.2,5.74815046482,11,8,3,278.0,251.7,82.2,5,7,2,150.1,228.7,57.3
87,87,22,617.9,16,486.2,1,19.9,5.45005858025,11,8,3,280.8,251.8,85.3,6,7,3,171.1,229.8,85.3
88,88,22,630.5,15,469.9,0,0,5.90823953241,11,8,3,302.1,247.3,81.1,7,6,2,207.3,202.3,60.3
89,89,22,654.0,18,568.8,2,37.8,5.73678039937,11,8,3,311.6,251.9,90.5,8,7,3,246.0,232.3,90.5
90,90,22,676.4,20,636.8,1,19.3,4.82648716511,11,8,3,320.8,259.6,96.0,10,7,3,301.5,239.3,96.0
91,91,22,661.9,19,595.8,0,0,5.21264903448,11,8,3,314.1,259.1,88.7,8,8,3,248.0,259.1,88.7
92,92,22,664.1,18,574.6,1,19.7,5.36419305204,11,8,3,326.7,241.1,96.3,8,7,3,260.3,218.0,96.3
93,93,22,670.2,19,599.3,0,0,4.92046701757,11,8,3,329.9,243.5,96.8,9,7,3,282.1,220.4,96.8
94,94,22,655.8,18,567.3,0,0,5.5533695555,11,8,3,331.5,234.2,90.1,9,7,2,285.6,212.2,69.5
95,95,22,621.9,14,444.2,0,0,6.11714112837,11,8,3,318.2,217.7,86.0,9,3,2,274.3,104.5,65.4
96,96,22,631.3,15,473.3,0,0,5.61574972926,11,8,3,318.1,225.7,87.5,9,4,2,272.8,133.6,66.9
97,97,22,622.9,16,499.3,3,56.3,6.08599449592,11,8,3,314.6,222.5,85.8,9,5,2,269.3,161.2,68.8
98,98,22,618.1,15,473.5,4,73.5,6.33399575028,11,8,3,311.5,214.2,92.4,9,4,2,275.3,129.1,69.1
99,99,22,643.3,17,540.0,2,36.9,5.825695061,11,8,3,305.8,244.4,93.1,8,7,2,248.7,222.8,68.5
100,100,22,621.1,18,549.5,4,71.6,6.30754547111,11,8,3,304.3,226.6,90.2,9,7,2,269.7,209.3,70.5
101,101,22,616.6,16,500.5,5,92.0,6.33998511476,11,8,3,304.2,222.6,89.8,9,5,2,270.3,160.3,69.9
102,102,22,631.2,16,502.0,1,15.4,5.69401599768,11,8,3,310.2,228.7,92.3,9,5,2,272.8,159.5,69.7
103,103,22,614.2,14,448.6,3,54.0,6.54978272003,11,8,3,306.2,218.3,89.7,7,5,2,220.5,159.8,68.3
104,104,22,663.2,18,576.9,1,19.5,5.86715857835,11,8,3,322.8,250.9,89.5,10,6,2,302.7,204.2,70.0
105,105,22,660.4,18,566.4,0,0,4.53857921587,11,8,3,314.6,244.5,101.3,9,6,3,266.7,198.4,101.3
106,106,22,646.4,17,532.7,0,0,5.42609535693,11,8,3,312.4,246.1,87.9,8,7,2,245.9,221.2,65.6
107,107,22,662.9,18,573.0,0,0,4.96237139583,11,8,3,326.2,247.7,89.0,9,7,2,280.7,225.6,66.7
108,108,22,638.4,17,539.7,3,53.6,6.19036396835,11,8,3,306.8,245.3,86.3,9,6,2,266.7,204.0,69.0
109,109,22,614.3,13,417.2,1,17.2,6.10767914913,11,8,3,302.5,221.3,90.5,6,5,2,185.5,161.5,70.2
110,110,22,620.3,14,447.7,3,56.1,6.13875101867,11,8,3,299.8,226.7,93.8,7,5,2,215.0,162.4,70.3
111,111,22,632.3,15,482.0,2,36.9,6.08328381644,11,8,3,304.4,233.3,94.6,7,6,2,222.4,189.6,70.0
112,112,22,630.4,16,505.9,1,15.4,6.10937821423,11,8,3,299.4,235.5,95.5,7,6,3,219.2,191.2,95.5
113,113,22,633.3,16,503.3,1,20.0,5.50361746443,11,8,3,302.1,235.6,95.6,7,6,3,218.7,189.0,95.6
114,114,21,612.9,15,480.3,1,17.3,5.49911681221,10,8,3,282.7,236.6,93.6,7,6,2,220.9,190.3,69.1
115,115,22,644.1,17,534.8,0,0,5.43129659326,11,8,3,309.4,241.5,93.2,7,7,3,220.2,221.4,93.2
116,116,22,643.8,17,535.5,1,19.0,5.50017709278,11,8,3,309.9,241.5,92.4,8,6,3,243.5,199.6,92.4
117,117,22,655.0,18,575.0,2,38.2,5.74325126256,11,8,3,312.6,242.3,100.1,9,6,3,273.0,201.9,100.1
118,118,22,655.2,16,521.4,1,18.2,5.82969707321,11,8,3,309.3,244.1,101.8,7,6,3,221.4,198.2,101.8
119,119,22,656.6,17,550.1,1,18.9,5.59674457015,11,8,3,308.6,247.9,100.1,7,7,3,221.0,229.0,100.1
120,120,21,629.2,18,561.2,1,20.0,5.30070525407,10,8,3,299.3,243.2,86.7,9,7,2,275.1,223.2,62.9
121,121,22,648.7,18,562.5,1,16.8,5.31935329533,11,8,3,310.5,243.7,94.5,8,7,3,241.1,226.9,94.5
122,122,22,618.6,18,533.8,0,0,4.6980884019,11,8,3,295.3,238.0,85.3,8,7,3,232.1,216.4,85.3
123,123,22,621.4,18,532.2,1,18.8,4.57870092543,11,8,3,294.2,237.0,90.2,8,7,3,228.0,214.0,90.2
124,124,20,576.8,16,495.6,1,18.2,5.55654190075,9,8,3,241.5,240.6,94.7,6,7,3,180.6,220.3,94.7
125,125,21,617.1,18,559.8,2,36.8,5.69739288748,10,8,3,279.4,240.8,96.9,8,7,3,238.9,224.0,96.9
126,126,21,613.0,19,573.4,1,18.5,4.78256257271,10,8,3,272.9,244.2,95.9,9,7,3,251.8,225.7,95.9
127,127,21,643.1,18,576.2,0,0,4.94670645601,10,8,3,281.3,262.2,99.6,8,7,3,237.0,239.6,99.6
128,128,21,623.2,16,512.3,0,0,5.33384521353,10,8,3,272.6,254.9,95.7,6,7,3,182.7,233.9,95.7
129,129,21,603.6,16,506.8,3,51.5,6.43844479891,10,8,3,254.9,256.6,92.1,6,7,3,178.5,236.2,92.1
130,130,21,596.7,16,499.2,2,32.4,6.52520388297,10,8,3,239.5,266.7,90.5,5,8,3,142.0,266.7,90.5
131,131,21,593.5,16,497.3,3,50.2,6.65893956952,10,8,3,241.1,262.1,90.3,5,8,3,144.9,262.1,90.3
132,132,21,607.4,17,526.9,2,35.2,6.25467063577,10,8,3,259.3,259.2,88.9,6,8,3,178.8,259.2,88.9
133,133,18,522.9,15,467.2,2,35.2,6.65390199542,9,7,2,231.8,231.3,59.8,6,7,2,176.1,231.3,59.8
134,134,13,406.6,12,382.7,0,0,5.24073052258,6,6,1,172.5,205.4,28.7,5,6,1,148.6,205.4,28.7
135,135,15,460.8,14,436.4,0,0,4.19901348958,7,6,2,204.0,204.5,52.3,7,6,1,204.0,204.5,27.9
136,136,14,419.0,13,396.0,0,0,4.88410744093,6,6,2,181.0,175.8,62.2,6,5,2,181.0,152.8,62.2
137,137,17,497.7,12,382.0,0,0,5.82210544088,8,7,2,234.9,197.8,65.0,6,4,2,186.7,130.3,65.0
138,138,18,495.3,12,373.9,2,34.5,6.82247583144,9,7,2,236.0,195.5,63.8,6,4,2,179.7,130.4,63.8
139,139,19,558.0,16,498.2,1,17.2,5.63550772943,10,7,2,276.7,220.5,60.8,8,6,2,238.9,198.5,60.8
140,140,17,514.5,14,446.0,0,0,5.29999306326,9,6,2,256.6,190.3,67.6,7,5,2,210.1,168.3,67.6
141,141,18,546.0,16,499.5,0,0,4.68213123921,10,6,2,284.1,196.7,65.2,8,6,2,237.6,196.7,65.2
142,142,18,540.4,16,494.5,0,0,4.80460019216,10,6,2,278.6,196.4,65.4,8,6,2,232.7,196.4,65.4
143,143,16,498.1,15,474.1,0,0,4.13984198571,8,6,2,234.3,198.8,65.0,7,6,2,210.3,198.8,65.0
144,144,15,465.3,13,417.4,0,0,5.02908682424,7,6,2,203.5,202.5,59.3,5,6,2,155.6,202.5,59.3
145,145,16,513.3,14,463.9,0,0,5.5289804666,8,6,2,245.2,199.2,68.9,7,5,2,220.5,174.5,68.9
146,146,16,480.4,14,432.8,0,0,5.02493781056,9,5,2,248.7,168.1,63.6,7,5,2,201.1,168.1,63.6
147,147,14,437.6,14,437.6,0,0,4.59426302548,7,5,2,210.5,165.6,61.5,7,5,2,210.5,165.6,61.5
148,148,15,454.6,14,431.6,0,0,4.26823259954,8,5,2,238.0,151.3,65.3,7,5,2,215.0,151.3,65.3
149,149,16,492.3,15,468.4,0,0,4.35885592788,8,6,2,228.5,202.5,61.3,7,6,2,204.6,202.5,61.3
150,150,18,524.3,16,476.7,0,0,3.84429379356,10,6,2,285.0,179.4,59.9,9,5,2,261.1,155.7,59.9
151,151,15,489.4,15,489.4,0,0,4.71902935944,7,6,2,211.5,207.0,70.9,7,6,2,211.5,207.0,70.9
152,152,17,529.3,16,504.4,0,0,5.2621218601,9,6,2,272.5,195.9,60.9,8,6,2,247.6,195.9,60.9
153,153,17,527.5,16,504.0,0,0,5.13611778315,9,6,2,265.4,197.1,65.0,8,6,2,241.9,197.1,65.0
154,154,15,471.7,14,448.0,0,0,4.92643984271,8,5,2,232.8,170.9,68.0,7,5,2,209.1,170.9,68.0
155,155,17,530.2,17,530.2,0,0,4.55972619147,9,6,2,263.8,200.5,65.9,9,6,2,263.8,200.5,65.9
156,156,16,480.2,15,456.7,0,0,4.32602588989,8,6,2,217.7,198.5,64.0,7,6,2,194.2,198.5,64.0
157,157,17,524.1,17,524.1,0,0,5.01183158958,9,6,2,265.9,193.3,64.9,9,6,2,265.9,193.3,64.9
158,158,15,484.6,15,484.6,0,0,3.70972980662,7,6,2,231.9,192.5,60.2,7,6,2,231.9,192.5,60.2
159,159,14,445.6,14,445.6,0,0,4.3566798529,7,5,2,228.9,155.1,61.6,7,5,2,228.9,155.1,61.6
160,160,16,492.9,15,469.8,0,0,5.03712467584,8,6,2,244.3,183.6,65.0,8,5,2,244.3,160.5,65.0
161,161,17,517.5,16,492.9,0,0,5.04517824555,9,6,2,261.0,192.6,63.9,8,6,2,236.4,192.6,63.9
162,162,16,489.8,15,467.0,0,0,5.21099798503,9,5,2,263.6,161.3,64.9,8,5,2,240.8,161.3,64.9
163,163,15,449.2,14,424.5,0,0,3.58904417572,7,6,2,197.6,188.5,63.1,6,6,2,172.9,188.5,63.1
164,164,16,464.1,12,368.1,0,0,4.06504920019,8,6,2,216.6,186.4,61.1,5,6,1,145.4,186.4,36.3
165,165,15,439.5,13,392.6,0,0,4.11859892959,7,6,2,188.3,189.8,61.4,5,6,2,141.4,189.8,61.4
166,166,16,466.5,12,371.5,0,0,4.26942131129,8,6,2,215.8,190.5,60.2,5,6,1,145.5,190.5,35.5
167,167,16,480.8,15,457.5,0,0,3.66278582502,8,6,2,227.6,188.7,64.5,7,6,2,204.3,188.7,64.5
168,168,11,332.6,9,286.2,0,0,4.02250487315,3,6,2,87.3,183.7,61.6,2,5,2,64.0,160.6,61.6
169,169,14,400.0,11,327.2,0,0,3.62755025866,6,6,2,159.7,175.0,65.3,3,6,2,86.9,175.0,65.3
170,170,17,439.6,9,259.3,0,0,3.47797693055,8,7,2,201.7,185.4,52.5,4,4,1,112.3,117.9,29.1
171,171,17,427.4,8,242.2,5,93.4,5.869312015,8,7,2,191.3,187.7,48.4,3,4,1,92.2,124.8,25.2
172,172,15,411.4,11,323.7,1,19.2,4.62253280397,7,7,1,197.0,186.3,28.1,5,5,1,152.0,143.6,28.1
173,173,16,448.9,10,306.7,1,19.1,4.68087865683,7,7,2,191.7,195.7,61.5,4,4,2,123.4,121.8,61.5
174,174,14,390.7,10,299.0,1,19.1,4.42396694342,7,5,2,190.2,145.3,55.2,4,4,2,122.3,121.5,55.2
175,175,12,365.5,12,365.5,0,0,3.4230391423,4,6,2,126.4,181.2,57.9,4,6,2,126.4,181.2,57.9
176,176,11,338.6,10,313.8,0,0,4.86267790046,3,6,2,97.7,179.3,61.6,3,5,2,97.7,154.5,61.6
177,177,14,399.8,9,283.0,1,19.8,5.4234128179,6,6,2,163.9,176.4,59.5,3,4,2,95.7,127.8,59.5
178,178,14,404.5,9,287.7,1,19.8,5.98221264516,6,6,2,167.3,178.4,58.8,3,4,2,99.3,129.6,58.8
179,179,12,360.2,9,290.0,0,0,5.74912378041,4,6,2,126.7,174.6,58.9,4,3,2,126.7,104.4,58.9
180,180,12,337.4,7,225.9,1,20.0,6.27503470955,5,5,2,142.2,139.8,55.4,3,3,1,96.9,98.5,30.5
181,181,12,346.5,8,254.8,1,20.0,5.72206653706,4,6,2,118.0,170.1,58.4,2,4,2,71.2,125.2,58.4
182,182,11,331.6,10,307.5,0,0,5.28003099164,5,4,2,147.9,123.3,60.4,4,4,2,123.8,123.3,60.4
183,183,13,375.1,9,279.8,0,0,5.40980828136,5,6,2,143.8,171.2,60.1,3,4,2,97.1,122.6,60.1
184,184,13,365.5,8,247.0,0,0,4.81089841815,6,5,2,168.4,138.5,58.6,3,3,2,96.8,91.6,58.6
185,185,13,390.2,10,318.0,0,0,4.75864934511,5,6,2,146.8,183.9,59.5,3,5,2,99.4,159.1,59.5
186,186,13,383.2,13,383.2,0,0,3.71666379211,5,6,2,146.4,170.0,66.8,5,6,2,146.4,170.0,66.8
187,187,13,384.6,11,338.0,0,0,4.59761643932,4,7,2,107.7,213.4,63.5,2,7,2,61.1,213.4,63.5
188,188,13,386.4,9,288.1,0,0,4.64689033049,5,6,2,144.3,175.8,66.3,3,4,2,95.3,126.5,66.3
189,189,12,362.8,11,339.2,0,0,5.04278662742,4,6,2,118.2,178.2,66.4,4,5,2,118.2,154.6,66.4
190,190,14,417.5,13,393.7,0,0,4.45596895643,6,6,2,169.7,180.1,67.7,5,6,2,145.9,180.1,67.7
191,191,11,336.8,10,312.0,0,0,4.16048511157,5,4,2,144.4,126.0,66.4,4,4,2,119.6,126.0,66.4
192,192,14,405.7,11,341.1,0,0,4.9468216014,6,6,2,170.2,169.4,66.1,5,4,2,149.7,125.3,66.1
193,193,18,480.3,11,336.2,3,54.8,5.8341035906,10,6,2,244.7,169.8,65.8,5,4,2,148.3,122.1,65.8
194,194,19,502.8,11,337.7,4,71.8,5.9797073996,10,7,2,251.7,186.3,64.8,5,4,2,150.5,122.4,64.8
195,195,19,503.9,12,363.6,4,70.8,6.03071572566,10,7,2,251.3,187.4,65.2,6,4,2,174.4,124.0,65.2
196,196,19,506.7,14,420.2,5,86.5,6.60135109332,10,7,2,247.6,192.7,66.4,6,6,2,176.1,177.7,66.4
197,197,19,516.2,14,421.0,3,49.8,6.19704702361,10,7,2,253.2,195.7,67.3,6,6,2,173.0,180.7,67.3
198,198,15,447.7,13,399.3,0,0,4.02844646885,7,6,2,200.2,180.6,66.9,6,5,2,176.6,155.8,66.9
199,199,14,430.6,14,430.6,0,0,3.26041863421,6,6,2,179.3,184.3,67.0,6,6,2,179.3,184.3,67.0
200,200,14,422.0,14,422.0,0,0,3.75288899705,6,6,2,173.9,181.5,66.6,6,6,2,173.9,181.5,66.6
201,201,14,410.4,12,364.9,0,0,4.52562909233,7,5,2,188.6,155.0,66.8,5,5,2,143.1,155.0,66.8
202,202,16,432.9,9,273.9,0,0,4.9847726461,8,6,2,217.6,157.7,57.6,5,2,2,147.8,68.5,57.6
203,203,13,388.7,11,344.4,0,0,4.57529598314,6,5,2,173.3,148.9,66.5,5,4,2,152.2,125.7,66.5
204,204,15,443.6,13,398.0,0,0,5.0496770288,7,6,2,198.8,176.0,68.8,5,6,2,153.2,176.0,68.8
205,205,17,491.0,11,349.8,0,0,5.53220517675,8,7,2,216.9,203.8,70.3,4,5,2,122.3,157.2,70.3
206,206,16,457.4,11,341.8,0,0,5.76840532556,8,6,2,209.3,183.3,64.8,5,5,1,140.4,161.0,40.4
207,207,14,409.6,10,314.8,0,0,5.28506084467,6,6,2,159.3,189.3,61.0,3,6,1,87.3,189.3,38.2
208,208,15,427.5,10,307.6,0,0,4.94209325229,6,7,2,155.0,202.6,69.9,3,5,2,84.6,153.1,69.9
209,209,12,361.9,9,289.9,0,0,5.38625495351,4,6,2,118.9,169.4,73.6,3,4,2,94.1,122.2,73.6
210,210,9,274.0,8,249.2,0,0,6.0334714533,2,5,2,50.3,152.3,71.4,2,4,2,50.3,127.5,71.4
211,211,13,388.2,9,292.8,0,0,5.25159316486,4,7,2,110.5,205.3,72.4,2,5,2,63.9,156.5,72.4
212,212,11,331.2,10,307.0,0,0,4.96093832767,4,5,2,108.8,156.1,66.3,4,4,2,108.8,131.9,66.3
213,213,15,424.9,12,356.1,0,0,4.77560267949,6,7,2,163.3,193.0,68.6,5,5,2,140.8,146.7,68.6
214,214,13,384.7,10,315.5,0,0,5.18209441868,4,7,2,108.8,209.5,66.4,3,5,2,86.0,163.1,66.4
215,215,14,408.9,12,360.6,0,0,4.06381107331,5,7,2,137.0,201.7,70.2,4,6,2,112.6,177.8,70.2
216,216,12,383.1,12,383.1,0,0,4.870154935,4,6,2,111.6,199.3,72.2,4,6,2,111.6,199.3,72.2
217,217,14,414.5,10,318.5,0,0,4.66038365633,5,7,2,137.3,206.1,71.1,3,5,2,91.1,156.3,71.1
218,218,13,369.2,10,300.0,0,0,4.67992165177,6,5,2,156.6,140.3,72.3,4,4,2,111.7,116.0,72.3
219,219,18,507.2,12,372.3,1,18.4,5.48983612265,8,7,3,215.2,190.6,101.4,5,4,3,147.3,123.6,101.4
220,220,19,550.3,13,425.0,2,35.7,6.52203193681,9,7,3,233.5,211.4,105.4,5,5,3,152.5,167.1,105.4
221,221,19,565.3,15,474.8,0,0,5.61034445576,10,7,2,277.1,219.3,68.9,7,6,2,208.3,197.6,68.9
222,222,17,521.0,14,448.2,0,0,5.72080825223,8,7,2,226.3,223.6,71.1,7,5,2,201.4,175.7,71.1
223,223,19,570.8,14,454.8,0,0,5.840501861,9,7,3,247.1,220.3,103.4,6,5,3,177.5,173.9,103.4
224,224,18,546.0,14,450.1,0,0,5.72301853714,8,7,3,220.8,220.5,104.7,5,6,3,147.4,198.0,104.7
225,225,17,525.1,16,500.5,0,0,4.57081534753,9,6,2,256.1,199.6,69.4,8,6,2,231.5,199.6,69.4
226,226,15,469.3,13,422.9,0,0,5.39098012115,7,6,2,198.3,200.3,70.7,5,6,2,151.9,200.3,70.7
227,227,16,505.7,15,483.1,0,0,5.08428542996,8,6,2,235.1,202.6,68.0,7,6,2,212.5,202.6,68.0
228,228,18,558.4,15,486.1,0,0,4.75252942629,9,7,2,272.5,229.9,56.0,8,6,1,248.1,206.5,31.5
229,229,17,503.1,12,387.3,0,0,5.97708860862,8,7,2,226.0,211.8,65.3,5,5,2,156.2,165.8,65.3
230,230,14,444.1,12,398.3,0,0,5.83519541185,7,5,2,225.7,161.0,57.4,6,4,2,202.8,138.1,57.4
231,231,16,508.3,15,486.1,0,0,5.57251813217,8,6,2,249.7,198.7,59.9,7,6,2,227.5,198.7,59.9
232,232,16,485.7,14,438.0,0,0,5.32841048844,8,6,2,245.2,180.1,60.4,7,5,2,221.1,156.5,60.4
233,233,17,514.5,16,490.6,0,0,4.6119330514,9,6,2,263.7,194.2,56.6,8,6,2,239.8,194.2,56.6
234,234,16,506.2,16,506.2,0,0,5.19421152181,8,6,2,244.5,197.2,64.5,8,6,2,244.5,197.2,64.5
235,235,15,471.9,13,424.1,0,0,5.2805302764,7,6,2,212.4,197.4,62.1,5,6,2,164.6,197.4,62.1
236,236,15,468.8,14,444.5,0,0,4.82284247346,7,6,2,204.4,203.6,60.8,6,6,2,180.1,203.6,60.8
237,237,14,430.2,11,359.2,0,0,5.55412924304,6,6,2,167.3,200.4,62.5,3,6,2,96.3,200.4,62.5
238,238,13,419.8,12,394.9,0,0,4.86834358183,6,5,2,183.7,168.8,67.3,5,5,2,158.8,168.8,67.3
239,239,20,614.9,16,523.9,0,0,6.22824424022,10,8,2,278.9,265.1,70.9,7,7,2,210.6,242.4,70.9
240,240,19,583.6,15,489.5,0,0,6.05202107269,9,8,2,254.1,264.5,65.0,6,7,2,182.3,242.2,65.0
241,241,17,535.4,15,488.1,0,0,5.00979922106,8,7,2,241.3,228.3,65.8,7,6,2,218.1,204.2,65.8
242,242,17,538.5,16,513.8,0,0,5.04957045348,7,8,2,201.7,270.1,66.7,6,8,2,177.0,270.1,66.7
243,243,16,508.7,15,484.6,0,0,4.32827429045,7,7,2,209.9,229.7,69.1,7,6,2,209.9,205.6,69.1
244,244,16,504.3,14,455.5,0,0,4.86651398162,7,7,2,208.4,226.2,69.7,6,6,2,183.5,202.3,69.7
245,245,17,523.4,14,453.5,0,0,5.17504617769,8,7,2,228.9,225.0,69.5,6,6,2,183.0,201.0,69.5
246,246,17,536.2,16,512.7,0,0,4.86583225455,9,6,2,272.5,197.9,65.8,8,6,2,249.0,197.9,65.8
247,247,14,455.9,14,455.9,0,0,5.47759171434,8,4,2,253.1,134.1,68.7,8,4,2,253.1,134.1,68.7
248,248,15,477.9,15,477.9,0,0,5.39812136634,9,4,2,280.6,129.5,67.8,9,4,2,280.6,129.5,67.8
249,249,16,476.3,12,381.0,0,0,5.20098948919,9,5,2,264.8,145.3,66.2,7,3,2,216.4,98.4,66.2
250,250,18,526.5,13,411.9,1,19.5,5.31028413996,9,7,2,246.3,216.2,64.0,5,6,2,151.2,196.7,64.0
251,251,15,454.7,12,386.9,1,19.5,5.01196663235,6,7,2,180.9,205.8,68.0,6,4,2,180.9,138.0,68.0
252,252,14,436.8,13,412.8,0,0,4.21060931092,6,6,2,179.7,193.8,63.3,5,6,2,155.7,193.8,63.3
253,253,16,500.5,16,500.5,0,0,4.06271153295,7,7,2,221.2,219.7,59.6,7,7,2,221.2,219.7,59.6
254,254,14,438.7,13,413.9,0,0,5.22414617873,6,6,2,189.7,182.4,66.6,6,5,2,189.7,157.6,66.6
255,255,15,466.6,14,442.1,0,0,4.48751707783,8,5,2,236.7,163.7,66.2,7,5,2,212.2,163.7,66.2
256,256,16,516.8,14,469.2,0,0,5.46504040851,7,7,2,221.4,227.7,67.7,6,6,2,198.5,203.0,67.7
257,257,16,494.9,16,494.9,0,0,4.51526577291,8,6,2,235.4,192.4,67.1,8,6,2,235.4,192.4,67.1
258,258,16,469.0,15,445.3,0,0,3.80926502097,8,6,2,231.4,177.1,60.5,7,6,2,207.7,177.1,60.5
259,259,15,450.2,14,426.6,0,0,3.5046635597,7,6,2,209.6,180.8,59.8,6,6,2,186.0,180.8,59.8
260,260,16,483.6,14,435.3,0,0,4.10065035492,8,6,2,230.6,189.0,64.0,6,6,2,182.3,189.0,64.0
261,261,14,426.1,12,378.6,0,0,4.45068830336,6,6,2,178.0,183.3,64.8,5,5,2,154.4,159.4,64.8
262,262,15,457.8,14,434.0,0,0,4.0034271033,7,6,2,202.7,189.6,65.5,6,6,2,178.9,189.6,65.5
263,263,14,440.9,13,417.1,0,0,3.77164813713,6,6,2,182.2,192.4,66.3,5,6,2,158.4,192.4,66.3
264,264,13,417.1,13,417.1,0,0,3.24598371167,5,6,2,156.1,194.7,66.3,5,6,2,156.1,194.7,66.3
265,265,13,414.7,13,414.7,0,0,3.07544034787,5,6,2,155.0,193.8,65.9,5,6,2,155.0,193.8,65.9
266,266,14,436.7,13,412.6,0,0,3.69708082051,6,6,2,177.8,192.9,66.0,5,6,2,153.7,192.9,66.0
267,267,13,415.6,13,415.6,0,0,3.3459887964,5,6,2,153.2,195.2,67.2,5,6,2,153.2,195.2,67.2
268,268,13,415.9,13,415.9,0,0,3.49057338615,5,6,2,156.9,194.4,64.6,5,6,2,156.9,194.4,64.6
269,269,15,465.7,14,442.9,0,0,4.41278445731,6,7,2,182.1,218.6,65.0,6,6,2,182.1,195.8,65.0
270,270,16,471.4,13,400.2,0,0,5.07226116573,8,6,2,225.7,186.6,59.1,6,5,2,178.8,162.3,59.1
271,271,14,410.1,13,387.1,0,0,4.61493633354,6,6,2,169.7,184.1,56.3,5,6,2,146.7,184.1,56.3
272,272,10,289.3,8,240.8,0,0,3.8172270331,4,5,1,109.2,156.3,23.8,3,5,0,84.5,156.3,0
273,273,11,317.5,10,294.4,0,0,3.73771928515,4,5,2,106.8,156.4,54.3,3,5,2,83.7,156.4,54.3
274,274,10,287.3,10,287.3,0,0,3.70676558621,3,5,2,80.4,152.6,54.3,3,5,2,80.4,152.6,54.3
275,275,15,402.1,9,268.1,1,19.9,5.06775051064,6,7,2,160.2,189.9,52.0,4,4,1,116.5,124.5,27.1
276,276,16,435.8,10,305.7,2,38.8,5.9355286201,7,7,2,182.2,202.5,51.1,3,5,2,96.1,158.5,51.1
277,277,17,457.5,9,292.7,5,92.0,7.22330277236,8,7,2,199.6,206.2,51.7,3,5,1,103.1,162.7,26.9
278,278,17,450.1,12,352.9,4,72.9,5.95173602949,8,7,2,196.3,201.0,52.8,5,5,2,142.6,157.5,52.8
279,279,11,286.0,7,196.2,0,0,4.15620018767,2,7,2,47.5,192.4,46.1,1,6,0,27.0,169.2,0
280,280,10,303.7,9,280.8,0,0,4.38863431048,3,6,1,94.7,178.2,30.8,3,5,1,94.7,155.3,30.8
281,281,16,457.4,12,361.7,0,0,3.60885485069,8,6,2,217.0,179.1,61.3,6,4,2,168.1,132.3,61.3
282,282,18,478.0,10,298.0,1,19.7,4.56756109747,9,7,2,225.0,195.3,57.7,3,5,2,93.9,146.4,57.7
283,283,20,511.2,11,321.5,3,53.1,5.09709927828,11,7,2,259.7,194.9,56.6,3,6,2,92.9,172.0,56.6
284,284,20,508.4,9,273.4,4,71.5,5.3911818839,11,7,2,258.3,193.3,56.8,3,4,2,95.5,121.1,56.8
285,285,20,512.1,9,272.7,2,32.6,5.164094153,11,7,2,260.6,195.2,56.3,3,4,2,93.1,123.3,56.3
286,286,20,515.5,9,277.2,3,52.3,5.42022285423,11,7,2,261.6,197.1,56.8,3,4,2,95.7,124.7,56.8
287,287,20,523.3,11,333.3,2,33.2,5.58346006664,11,7,2,266.5,199.1,57.7,4,5,2,123.6,152.0,57.7
288,288,20,534.7,12,363.1,2,34.3,5.47225297584,11,7,2,272.0,205.8,56.9,5,5,2,147.5,158.7,56.9
289,289,20,526.3,10,309.6,2,34.7,5.5608854842,11,7,2,268.9,202.1,55.3,4,5,1,121.7,156.7,31.2
290,290,21,555.0,13,389.6,3,52.3,5.54419902756,11,8,2,269.6,227.8,57.6,6,5,2,173.5,158.5,57.6
291,291,21,559.3,13,394.3,2,33.2,5.65467358327,11,8,2,271.8,230.8,56.7,6,5,2,175.9,161.7,56.7
292,292,21,564.0,12,371.5,2,34.2,5.5381920722,11,8,2,274.9,232.8,56.3,6,5,1,177.7,162.0,31.8
293,293,22,585.8,13,398.4,3,54.6,5.48549444906,12,8,2,301.4,228.6,55.8,7,5,1,204.9,161.7,31.8
294,294,21,523.6,10,294.9,3,52.8,5.30304943719,11,8,2,263.5,204.7,55.4,5,3,2,145.1,94.4,55.4
295,295,21,532.3,9,266.0,4,77.8,4.46280394456,11,8,2,276.6,205.5,50.2,4,4,1,124.1,114.7,27.2
296,296,21,530.6,11,320.9,3,57.0,4.90920903337,11,8,2,276.3,201.0,53.3,5,5,1,154.6,135.4,30.9
297,297,22,557.0,12,339.9,2,37.7,4.08162390228,12,8,2,304.6,196.1,56.3,7,3,2,199.2,84.4,56.3
298,298,22,563.6,11,325.5,2,35.7,4.74528702164,12,8,2,297.8,210.1,55.7,5,4,2,148.2,121.6,55.7
299,299,22,581.5,12,353.0,1,18.7,4.0083705707,12,8,2,318.1,204.6,58.8,6,4,2,177.7,116.5,58.8
300,300,22,538.4,8,245.1,6,110.7,5.54893227123,12,8,2,291.2,195.6,51.6,5,2,1,150.9,66.4,27.8
301,301,21,536.6,9,289.1,6,109.5,6.85343848354,11,8,2,291.8,191.1,53.7,5,3,1,168.0,91.8,29.3
302,302,21,531.9,11,335.7,6,108.2,6.78580451068,11,8,2,286.3,196.1,49.5,7,3,1,211.3,96.6,27.8
303,303,21,541.9,12,366.2,6,110.0,6.5533561013,11,8,2,292.8,199.5,49.6,8,3,1,241.1,97.0,28.1
304,304,22,510.5,10,291.4,11,198.8,6.04628790272,12,8,2,303.3,162.9,44.3,8,1,1,234.5,31.3,25.6
305,305,22,530.6,9,284.7,9,154.4,7.64987621211,12,8,2,303.4,182.0,45.2,7,1,1,221.7,37.2,25.8
306,306,22,521.4,10,300.7,8,129.0,7.00115636707,12,8,2,272.2,195.8,53.4,5,4,1,149.0,121.1,30.6
307,307,16,356.3,5,151.5,7,111.6,7.05508977028,10,4,2,227.0,92.6,36.7,3,2,0,96.4,55.1,0
308,308,17,374.1,6,180.4,8,123.3,7.41033658043,11,4,2,238.9,98.2,37.0,4,2,0,122.2,58.2,0
309,309,17,385.2,7,210.2,6,88.8,7.42925457428,11,4,2,247.4,98.5,39.3,5,2,0,153.1,57.1,0
310,310,17,378.1,6,177.7,6,91.3,6.96599408049,11,4,2,245.6,92.8,39.7,4,2,0,124.3,53.4,0
311,311,17,394.0,6,187.0,4,54.0,7.34170700619,11,4,2,263.8,88.8,41.4,5,1,0,160.5,26.5,0
312,312,17,391.0,6,180.9,4,54.9,6.81386454224,11,4,2,257.4,84.8,48.8,5,0,1,152.4,0,28.5
313,313,16,411.0,8,256.8,3,42.5,7.71586028904,10,4,2,259.4,100.8,50.8,5,2,1,170.2,56.1,30.5
