,e_id,num_sat,sum_snr,num_sat_25,sum_snr_25,snr_std,elev_0_30,elev_30_60,elev_60_90,elev_0_30_25,elev_30_60_25,elev_60_90_25
1,1,21,517.1,10,292.4,5.07473198917,10,8,3,3,5,2
2,2,21,507.8,8,235.5,4.86247046753,10,8,3,3,3,2
3,3,21,528.2,12,346.7,5.22375526299,10,8,3,3,6,3
4,4,21,551.0,15,427.9,4.80546316087,10,8,3,4,8,3
5,5,21,553.6,11,330.4,5.0284665844,10,8,3,3,7,1
6,6,20,525.7,10,301.3,4.97798046136,9,8,3,3,7,0
7,7,19,502.9,11,324.3,4.82010288405,9,7,3,4,6,1
8,8,20,514.0,12,346.0,5.07314913099,10,7,3,5,6,1
9,9,20,519.6,11,323.3,4.76473890597,10,7,3,3,6,2
10,10,21,578.9,15,448.5,4.33605043021,10,8,3,4,8,3
11,11,21,565.9,12,365.0,4.85681161335,10,8,3,2,8,2
12,12,22,592.4,15,441.8,5.03900801067,11,8,3,7,7,1
13,13,22,601.1,15,448.3,4.91517880488,11,8,3,8,6,1
14,14,22,590.3,15,444.1,5.10138976056,11,8,3,7,6,2
15,15,22,568.2,13,384.0,5.42087515498,11,8,3,5,6,2
16,16,21,540.8,11,322.9,5.08169450554,10,8,3,4,6,1
17,17,21,546.8,11,331.8,5.61537854383,10,8,3,3,6,2
18,18,21,541.2,12,356.0,5.33002278205,10,8,3,3,7,2
19,19,21,538.3,13,381.1,5.90942749624,10,8,3,6,5,2
20,20,21,543.0,10,305.0,5.28361348213,10,8,3,3,5,2
21,21,21,584.7,15,450.3,4.08381824137,10,8,3,5,7,3
22,22,21,597.5,16,486.6,4.46381216536,10,8,3,6,7,3
23,23,21,613.7,15,481.6,5.6584366005,10,8,3,6,7,2
24,24,21,586.5,15,460.8,5.47349457451,10,8,3,5,7,3
25,25,21,601.0,16,490.3,4.54880413379,10,8,3,6,8,2
26,26,21,606.2,16,493.6,5.12458128371,10,8,3,7,8,1
27,27,21,599.3,16,497.1,5.9171341197,10,8,3,7,6,3
28,28,21,612.2,15,478.9,5.53060747546,10,8,3,7,6,2
29,29,21,604.7,14,448.7,6.25255757194,10,8,3,6,5,3
30,30,21,630.6,16,512.0,4.9824836033,10,8,3,6,8,2
31,31,22,614.8,18,530.9,4.72901150174,11,8,3,7,8,3
32,32,22,656.3,18,565.6,5.15339798798,11,8,3,7,8,3
33,33,22,649.8,16,508.6,4.66706244457,11,8,3,6,8,2
34,34,22,645.6,17,532.6,4.69698254432,11,8,3,7,8,2
35,35,22,648.9,18,559.0,4.48005923353,11,8,3,8,8,2
36,36,21,614.9,16,500.9,5.40847659213,10,8,3,6,7,3
37,37,20,591.7,15,481.9,5.68888806081,9,8,3,6,6,3
38,38,20,566.3,14,433.7,5.53080131246,9,8,3,5,7,2
39,39,19,540.3,12,384.4,6.18916710662,9,7,3,4,5,3
40,40,19,531.5,11,367.1,7.13230850156,9,7,3,4,5,2
41,41,19,536.7,11,366.8,6.85633271112,9,7,3,4,5,2
42,42,19,534.8,13,417.2,6.83490782032,9,7,3,5,6,2
43,43,20,520.6,11,336.9,6.21755578986,9,8,3,3,6,2
44,44,20,548.8,14,425.5,5.53613963925,9,8,3,5,7,2
45,45,20,559.6,16,479.5,5.2902691206,9,8,3,6,7,3
46,46,20,555.2,15,455.5,5.81209265692,9,8,3,5,7,3
47,47,20,553.2,14,429.1,5.55246744582,9,8,3,5,6,3
48,48,20,567.0,15,456.2,4.86442510261,9,8,3,6,6,3
49,49,20,558.1,13,409.0,5.96714469319,9,8,3,4,7,2
50,50,20,562.2,13,404.6,5.10705394528,9,8,3,5,6,2
51,51,20,547.7,12,374.6,5.76023345653,9,8,3,3,7,2
52,52,19,547.9,15,459.8,5.43437725414,8,8,3,6,7,2
53,53,19,560.4,15,479.5,6.27335402797,8,8,3,5,7,3
54,54,19,563.4,15,474.7,4.98256609713,8,8,3,5,7,3
55,55,22,639.3,17,527.6,4.660845937,11,8,3,7,8,2
56,56,22,668.1,18,573.3,5.23244333017,11,8,3,9,6,3
57,57,22,644.1,18,553.8,4.83064935181,11,8,3,8,7,3
58,58,22,639.8,16,505.6,5.33350919623,11,8,3,6,7,3
59,59,5,171.5,4,147.0,6.91411599556,2,2,1,2,2,0
60,60,17,526.6,13,433.5,5.90968795832,8,7,2,5,6,2
61,61,18,540.8,14,451.2,5.83319327563,9,7,2,6,6,2
62,62,18,523.0,14,437.6,5.57306782368,9,7,2,6,6,2
63,63,19,568.7,15,475.4,5.55828237174,10,7,2,7,6,2
64,64,18,543.9,15,479.6,5.77573524731,9,7,2,7,6,2
65,65,19,574.7,15,489.1,5.92249651011,10,7,2,7,6,2
66,66,19,568.3,16,508.6,6.00304503628,10,7,2,8,6,2
67,67,19,565.5,16,503.0,5.61814624689,10,7,2,8,6,2
68,68,19,542.7,14,440.6,6.23415418181,10,7,2,7,5,2
69,69,20,574.6,16,488.4,5.45229068229,10,8,2,7,7,2
70,70,20,578.9,16,485.5,4.88396678725,10,8,2,8,7,1
71,71,22,645.7,16,504.9,5.01015635152,11,8,3,8,6,2
72,72,22,639.8,17,532.4,5.26196019637,11,8,3,8,6,3
73,73,22,653.5,18,568.0,5.31856382984,11,8,3,8,7,3
74,74,22,651.0,17,538.1,5.14012313091,11,8,3,8,7,2
75,75,22,666.9,19,601.4,4.50727406317,11,8,3,8,8,3
76,76,22,622.1,16,487.0,4.3753565099,11,8,3,6,8,2
77,77,22,634.9,18,550.1,4.74548999837,11,8,3,7,8,3
78,78,22,630.9,16,500.5,5.31349869655,11,8,3,5,8,3
79,79,22,621.9,16,494.0,5.58624043978,11,8,3,5,8,3
80,80,22,650.8,18,561.6,4.54874512927,11,8,3,7,8,3
81,81,22,649.3,17,533.5,4.47227389213,11,8,3,7,7,3
82,82,22,605.1,14,426.5,5.19720412683,11,8,3,5,6,3
83,83,22,626.1,15,471.0,6.39848636051,11,8,3,7,5,3
84,84,22,586.2,13,377.8,3.55885579161,11,8,3,5,6,2
85,85,22,657.1,18,568.9,5.29081741489,11,8,3,8,7,3
86,86,22,611.9,14,436.1,5.74815046482,11,8,3,5,7,2
87,87,22,617.9,15,461.2,5.45005858025,11,8,3,5,7,3
88,88,22,630.5,15,469.9,5.90823953241,11,8,3,7,6,2
89,89,22,654.0,18,568.8,5.73678039937,11,8,3,8,7,3
90,90,22,676.4,20,636.8,4.82648716511,11,8,3,10,7,3
91,91,22,661.9,18,570.8,5.21264903448,11,8,3,7,8,3
92,92,22,664.1,18,574.6,5.36419305204,11,8,3,8,7,3
93,93,22,670.2,19,599.3,4.92046701757,11,8,3,9,7,3
94,94,22,655.8,18,567.3,5.5533695555,11,8,3,9,7,2
95,95,22,621.9,14,444.2,6.11714112837,11,8,3,9,3,2
96,96,22,631.3,15,473.3,5.61574972926,11,8,3,9,4,2
97,97,22,622.9,16,499.3,6.08599449592,11,8,3,9,5,2
98,98,22,618.1,15,473.5,6.33399575028,11,8,3,9,4,2
99,99,22,643.3,17,540.0,5.825695061,11,8,3,8,7,2
100,100,22,621.1,17,524.5,6.30754547111,11,8,3,9,6,2
101,101,22,616.6,16,500.5,6.33998511476,11,8,3,9,5,2
102,102,22,631.2,16,502.0,5.69401599768,11,8,3,9,5,2
103,103,22,614.2,14,448.6,6.54978272003,11,8,3,7,5,2
104,104,22,663.2,18,576.9,5.86715857835,11,8,3,10,6,2
105,105,22,660.4,17,541.4,4.53857921587,11,8,3,8,6,3
106,106,22,646.4,17,532.7,5.42609535693,11,8,3,8,7,2
107,107,22,662.9,18,573.0,4.96237139583,11,8,3,9,7,2
108,108,22,638.4,17,539.7,6.19036396835,11,8,3,9,6,2
109,109,22,614.3,13,417.2,6.10767914913,11,8,3,6,5,2
110,110,22,620.3,14,447.7,6.13875101867,11,8,3,7,5,2
111,111,22,632.3,14,457.0,6.08328381644,11,8,3,7,5,2
112,112,22,630.4,16,505.9,6.10937821423,11,8,3,7,6,3
113,113,22,633.3,16,503.3,5.50361746443,11,8,3,7,6,3
114,114,21,612.9,15,480.3,5.49911681221,10,8,3,7,6,2
115,115,22,644.1,17,534.8,5.43129659326,11,8,3,7,7,3
116,116,22,643.8,17,535.5,5.50017709278,11,8,3,8,6,3
117,117,22,655.0,18,575.0,5.74325126256,11,8,3,9,6,3
118,118,22,655.2,16,521.4,5.82969707321,11,8,3,7,6,3
119,119,22,656.6,17,550.1,5.59674457015,11,8,3,7,7,3
120,120,21,629.2,18,561.2,5.30070525407,10,8,3,9,7,2
121,121,22,648.7,18,562.5,5.31935329533,11,8,3,8,7,3
122,122,22,618.6,18,533.8,4.6980884019,11,8,3,8,7,3
123,123,22,621.4,18,532.2,4.57870092543,11,8,3,8,7,3
124,124,20,576.8,16,495.6,5.55654190075,9,8,3,6,7,3
125,125,21,617.1,18,559.8,5.69739288748,10,8,3,8,7,3
126,126,21,613.0,19,573.4,4.78256257271,10,8,3,9,7,3
127,127,21,643.1,18,576.2,4.94670645601,10,8,3,8,7,3
128,128,21,623.2,16,512.3,5.33384521353,10,8,3,6,7,3
129,129,21,603.6,16,506.8,6.43844479891,10,8,3,6,7,3
130,130,21,596.7,16,499.2,6.52520388297,10,8,3,5,8,3
131,131,21,593.5,16,497.3,6.65893956952,10,8,3,5,8,3
132,132,21,607.4,17,526.9,6.25467063577,10,8,3,6,8,3
133,133,18,522.9,15,467.2,6.65390199542,9,7,2,6,7,2
134,134,13,406.6,12,382.7,5.24073052258,6,6,1,5,6,1
135,135,15,460.8,14,436.4,4.19901348958,7,6,2,7,6,1
136,136,14,419.0,12,371.0,4.88410744093,6,6,2,6,4,2
137,137,17,497.7,12,382.0,5.82210544088,8,7,2,6,4,2
138,138,18,495.3,11,348.9,6.82247583144,9,7,2,5,4,2
139,139,19,558.0,16,498.2,5.63550772943,10,7,2,8,6,2
140,140,17,514.5,14,446.0,5.29999306326,9,6,2,7,5,2
141,141,18,546.0,16,499.5,4.68213123921,10,6,2,8,6,2
142,142,18,540.4,16,494.5,4.80460019216,10,6,2,8,6,2
143,143,16,498.1,15,474.1,4.13984198571,8,6,2,7,6,2
144,144,15,465.3,13,417.4,5.02908682424,7,6,2,5,6,2
145,145,16,513.3,13,438.9,5.5289804666,8,6,2,6,5,2
146,146,16,480.4,14,432.8,5.02493781056,9,5,2,7,5,2
147,147,14,437.6,14,437.6,4.59426302548,7,5,2,7,5,2
148,148,15,454.6,14,431.6,4.26823259954,8,5,2,7,5,2
149,149,16,492.3,15,468.4,4.35885592788,8,6,2,7,6,2
150,150,18,524.3,14,426.7,3.84429379356,10,6,2,7,5,2
151,151,15,489.4,15,489.4,4.71902935944,7,6,2,7,6,2
152,152,17,529.3,16,504.4,5.2621218601,9,6,2,8,6,2
153,153,17,527.5,15,479.0,5.13611778315,9,6,2,8,5,2
154,154,15,471.7,14,448.0,4.92643984271,8,5,2,7,5,2
155,155,17,530.2,17,530.2,4.55972619147,9,6,2,9,6,2
156,156,16,480.2,15,456.7,4.32602588989,8,6,2,7,6,2
157,157,17,524.1,15,474.1,5.01183158958,9,6,2,7,6,2
158,158,15,484.6,15,484.6,3.70972980662,7,6,2,7,6,2
159,159,14,445.6,14,445.6,4.3566798529,7,5,2,7,5,2
160,160,16,492.9,15,469.8,5.03712467584,8,6,2,8,5,2
161,161,17,517.5,16,492.9,5.04517824555,9,6,2,8,6,2
162,162,16,489.8,15,467.0,5.21099798503,9,5,2,8,5,2
163,163,15,449.2,14,424.5,3.58904417572,7,6,2,6,6,2
164,164,16,464.1,12,368.1,4.06504920019,8,6,2,5,6,1
165,165,15,439.5,13,392.6,4.11859892959,7,6,2,5,6,2
166,166,16,466.5,12,371.5,4.26942131129,8,6,2,5,6,1
167,167,16,480.8,15,457.5,3.66278582502,8,6,2,7,6,2
168,168,11,332.6,9,286.2,4.02250487315,3,6,2,2,5,2
169,169,14,400.0,11,327.2,3.62755025866,6,6,2,3,6,2
170,170,17,439.6,9,259.3,3.47797693055,8,7,2,4,4,1
171,171,17,427.4,8,242.2,5.869312015,8,7,2,3,4,1
172,172,15,411.4,11,323.7,4.62253280397,7,7,1,5,5,1
173,173,16,448.9,10,306.7,4.68087865683,7,7,2,4,4,2
174,174,14,390.7,10,299.0,4.42396694342,7,5,2,4,4,2
175,175,12,365.5,12,365.5,3.4230391423,4,6,2,4,6,2
176,176,11,338.6,10,313.8,4.86267790046,3,6,2,3,5,2
177,177,14,399.8,9,283.0,5.4234128179,6,6,2,3,4,2
178,178,14,404.5,9,287.7,5.98221264516,6,6,2,3,4,2
179,179,12,360.2,9,290.0,5.74912378041,4,6,2,4,3,2
180,180,12,337.4,7,225.9,6.27503470955,5,5,2,3,3,1
181,181,12,346.5,8,254.8,5.72206653706,4,6,2,2,4,2
182,182,11,331.6,10,307.5,5.28003099164,5,4,2,4,4,2
183,183,13,375.1,9,279.8,5.40980828136,5,6,2,3,4,2
184,184,13,365.5,8,247.0,4.81089841815,6,5,2,3,3,2
185,185,13,390.2,10,318.0,4.75864934511,5,6,2,3,5,2
186,186,13,383.2,13,383.2,3.71666379211,5,6,2,5,6,2
187,187,13,384.6,10,313.0,4.59761643932,4,7,2,2,6,2
188,188,13,386.4,9,288.1,4.64689033049,5,6,2,3,4,2
189,189,12,362.8,10,314.2,5.04278662742,4,6,2,3,5,2
190,190,14,417.5,13,393.7,4.45596895643,6,6,2,5,6,2
191,191,11,336.8,10,312.0,4.16048511157,5,4,2,4,4,2
192,192,14,405.7,11,341.1,4.9468216014,6,6,2,5,4,2
193,193,18,480.3,11,336.2,5.8341035906,10,6,2,5,4,2
194,194,19,502.8,11,337.7,5.9797073996,10,7,2,5,4,2
195,195,19,503.9,12,363.6,6.03071572566,10,7,2,6,4,2
196,196,19,506.7,14,420.2,6.60135109332,10,7,2,6,6,2
197,197,19,516.2,13,396.0,6.19704702361,10,7,2,6,5,2
198,198,15,447.7,13,399.3,4.02844646885,7,6,2,6,5,2
199,199,14,430.6,14,430.6,3.26041863421,6,6,2,6,6,2
200,200,14,422.0,13,397.0,3.75288899705,6,6,2,5,6,2
201,201,14,410.4,11,339.9,4.52562909233,7,5,2,4,5,2
202,202,16,432.9,9,273.9,4.9847726461,8,6,2,5,2,2
203,203,13,388.7,11,344.4,4.57529598314,6,5,2,5,4,2
204,204,15,443.6,12,373.0,5.0496770288,7,6,2,5,5,2
205,205,17,491.0,11,349.8,5.53220517675,8,7,2,4,5,2
206,206,16,457.4,11,341.8,5.76840532556,8,6,2,5,5,1
207,207,14,409.6,10,314.8,5.28506084467,6,6,2,3,6,1
208,208,15,427.5,10,307.6,4.94209325229,6,7,2,3,5,2
209,209,12,361.9,9,289.9,5.38625495351,4,6,2,3,4,2
210,210,9,274.0,8,249.2,6.0334714533,2,5,2,2,4,2
211,211,13,388.2,9,292.8,5.25159316486,4,7,2,2,5,2
212,212,11,331.2,10,307.0,4.96093832767,4,5,2,4,4,2
213,213,15,424.9,12,356.1,4.77560267949,6,7,2,5,5,2
214,214,13,384.7,10,315.5,5.18209441868,4,7,2,3,5,2
215,215,14,408.9,12,360.6,4.06381107331,5,7,2,4,6,2
216,216,12,383.1,12,383.1,4.870154935,4,6,2,4,6,2
217,217,14,414.5,10,318.5,4.66038365633,5,7,2,3,5,2
218,218,13,369.2,10,300.0,4.67992165177,6,5,2,4,4,2
219,219,18,507.2,12,372.3,5.48983612265,8,7,3,5,4,3
220,220,19,550.3,13,425.0,6.52203193681,9,7,3,5,5,3
221,221,19,565.3,15,474.8,5.61034445576,10,7,2,7,6,2
222,222,17,521.0,14,448.2,5.72080825223,8,7,2,7,5,2
223,223,19,570.8,13,429.8,5.840501861,9,7,3,5,5,3
224,224,18,546.0,13,425.1,5.72301853714,8,7,3,4,6,3
225,225,17,525.1,16,500.5,4.57081534753,9,6,2,8,6,2
226,226,15,469.3,13,422.9,5.39098012115,7,6,2,5,6,2
227,227,16,505.7,14,458.1,5.08428542996,8,6,2,6,6,2
228,228,18,558.4,15,486.1,4.75252942629,9,7,2,8,6,1
229,229,17,503.1,12,387.3,5.97708860862,8,7,2,5,5,2
230,230,14,444.1,12,398.3,5.83519541185,7,5,2,6,4,2
231,231,16,508.3,15,486.1,5.57251813217,8,6,2,7,6,2
232,232,16,485.7,14,438.0,5.32841048844,8,6,2,7,5,2
233,233,17,514.5,16,490.6,4.6119330514,9,6,2,8,6,2
234,234,16,506.2,16,506.2,5.19421152181,8,6,2,8,6,2
235,235,15,471.9,13,424.1,5.2805302764,7,6,2,5,6,2
236,236,15,468.8,14,444.5,4.82284247346,7,6,2,6,6,2
237,237,14,430.2,11,359.2,5.55412924304,6,6,2,3,6,2
238,238,13,419.8,12,394.9,4.86834358183,6,5,2,5,5,2
239,239,20,614.9,16,523.9,6.22824424022,10,8,2,7,7,2
240,240,19,583.6,15,489.5,6.05202107269,9,8,2,6,7,2
241,241,17,535.4,15,488.1,5.00979922106,8,7,2,7,6,2
242,242,17,538.5,16,513.8,5.04957045348,7,8,2,6,8,2
243,243,16,508.7,15,484.6,4.32827429045,7,7,2,7,6,2
244,244,16,504.3,14,455.5,4.86651398162,7,7,2,6,6,2
245,245,17,523.4,14,453.5,5.17504617769,8,7,2,6,6,2
246,246,17,536.2,16,512.7,4.86583225455,9,6,2,8,6,2
247,247,14,455.9,14,455.9,5.47759171434,8,4,2,8,4,2
248,248,15,477.9,15,477.9,5.39812136634,9,4,2,9,4,2
249,249,16,476.3,12,381.0,5.20098948919,9,5,2,7,3,2
250,250,18,526.5,13,411.9,5.31028413996,9,7,2,5,6,2
251,251,15,454.7,12,386.9,5.01196663235,6,7,2,6,4,2
252,252,14,436.8,13,412.8,4.21060931092,6,6,2,5,6,2
253,253,16,500.5,16,500.5,4.06271153295,7,7,2,7,7,2
254,254,14,438.7,13,413.9,5.22414617873,6,6,2,6,5,2
255,255,15,466.6,14,442.1,4.48751707783,8,5,2,7,5,2
256,256,16,516.8,14,469.2,5.46504040851,7,7,2,6,6,2
257,257,16,494.9,15,469.9,4.51526577291,8,6,2,7,6,2
258,258,16,469.0,14,420.3,3.80926502097,8,6,2,6,6,2
259,259,15,450.2,14,426.6,3.5046635597,7,6,2,6,6,2
260,260,16,483.6,14,435.3,4.10065035492,8,6,2,6,6,2
261,261,14,426.1,12,378.6,4.45068830336,6,6,2,5,5,2
262,262,15,457.8,13,409.0,4.0034271033,7,6,2,6,5,2
263,263,14,440.9,13,417.1,3.77164813713,6,6,2,5,6,2
264,264,13,417.1,13,417.1,3.24598371167,5,6,2,5,6,2
265,265,13,414.7,13,414.7,3.07544034787,5,6,2,5,6,2
266,266,14,436.7,13,412.6,3.69708082051,6,6,2,5,6,2
267,267,13,415.6,13,415.6,3.3459887964,5,6,2,5,6,2
268,268,13,415.9,13,415.9,3.49057338615,5,6,2,5,6,2
269,269,15,465.7,14,442.9,4.41278445731,6,7,2,6,6,2
270,270,16,471.4,13,400.2,5.07226116573,8,6,2,6,5,2
271,271,14,410.1,13,387.1,4.61493633354,6,6,2,5,6,2
272,272,10,289.3,8,240.8,3.8172270331,4,5,1,3,5,0
273,273,11,317.5,10,294.4,3.73771928515,4,5,2,3,5,2
274,274,10,287.3,10,287.3,3.70676558621,3,5,2,3,5,2
275,275,15,402.1,9,268.1,5.06775051064,6,7,2,4,4,1
276,276,16,435.8,10,305.7,5.9355286201,7,7,2,3,5,2
277,277,17,457.5,9,292.7,7.22330277236,8,7,2,3,5,1
278,278,17,450.1,12,352.9,5.95173602949,8,7,2,5,5,2
279,279,11,286.0,7,196.2,4.15620018767,2,7,2,1,6,0
280,280,10,303.7,9,280.8,4.38863431048,3,6,1,3,5,1
281,281,16,457.4,12,361.7,3.60885485069,8,6,2,6,4,2
282,282,18,478.0,10,298.0,4.56756109747,9,7,2,3,5,2
283,283,20,511.2,10,296.5,5.09709927828,11,7,2,3,5,2
284,284,20,508.4,9,273.4,5.3911818839,11,7,2,3,4,2
285,285,20,512.1,9,272.7,5.164094153,11,7,2,3,4,2
286,286,20,515.5,9,277.2,5.42022285423,11,7,2,3,4,2
287,287,20,523.3,11,333.3,5.58346006664,11,7,2,4,5,2
288,288,20,534.7,12,363.1,5.47225297584,11,7,2,5,5,2
289,289,20,526.3,10,309.6,5.5608854842,11,7,2,4,5,1
290,290,21,555.0,13,389.6,5.54419902756,11,8,2,6,5,2
291,291,21,559.3,13,394.3,5.65467358327,11,8,2,6,5,2
292,292,21,564.0,12,371.5,5.5381920722,11,8,2,6,5,1
293,293,22,585.8,13,398.4,5.48549444906,12,8,2,7,5,1
294,294,21,523.6,10,294.9,5.30304943719,11,8,2,5,3,2
295,295,21,532.3,8,241.0,4.46280394456,11,8,2,4,3,1
296,296,21,530.6,10,295.9,4.90920903337,11,8,2,5,4,1
297,297,22,557.0,12,339.9,4.08162390228,12,8,2,7,3,2
298,298,22,563.6,11,325.5,4.74528702164,12,8,2,5,4,2
299,299,22,581.5,12,353.0,4.0083705707,12,8,2,6,4,2
300,300,22,538.4,8,245.1,5.54893227123,12,8,2,5,2,1
301,301,21,536.6,8,264.1,6.85343848354,11,8,2,5,2,1
302,302,21,531.9,10,310.7,6.78580451068,11,8,2,6,3,1
303,303,21,541.9,12,366.2,6.5533561013,11,8,2,8,3,1
304,304,22,510.5,10,291.4,6.04628790272,12,8,2,8,1,1
305,305,22,530.6,9,284.7,7.64987621211,12,8,2,7,1,1
306,306,22,521.4,10,300.7,7.00115636707,12,7,3,5,4,1
307,307,16,356.3,5,151.5,7.05508977028,10,4,2,3,2,0
308,308,17,374.1,6,180.4,7.41033658043,11,4,2,4,2,0
309,309,17,385.2,7,210.2,7.42925457428,11,4,2,5,2,0
310,310,17,378.1,6,177.7,6.96599408049,11,4,2,4,2,0
311,311,17,394.0,6,187.0,7.34170700619,11,4,2,5,1,0
312,312,17,391.0,6,180.9,6.81386454224,11,4,2,5,0,1
313,313,16,411.0,8,256.8,7.71586028904,10,4,2,5,2,1
