,e_id,num_sat,sum_snr,num_sat_25,sum_snr_25,snr_std,elev_0_30,elev_30_60,elev_60_90,elev_0_30_25,elev_30_60_25,elev_60_90_25
1,1,21,546.8,11,337.1,5.72332737055,12,7,2,5,5,1
2,2,21,561.8,13,393.1,5.27405148322,12,7,2,6,6,1
3,3,21,567.8,12,373.1,5.4711494396,12,7,2,5,5,2
4,4,20,555.2,14,426.1,5.181688406,11,7,2,7,5,2
5,5,20,541.7,14,419.0,5.37775877794,11,7,2,7,5,2
6,6,20,532.6,13,383.9,4.94167029082,11,7,2,6,5,2
7,7,21,543.9,12,358.0,5.4771342872,12,7,2,6,5,1
8,8,21,550.7,13,385.5,5.41053645787,12,7,2,8,4,1
9,9,21,543.3,11,331.0,5.52224074603,12,7,2,6,4,1
10,10,21,510.4,8,237.8,5.11248239024,12,7,2,3,4,1
11,11,21,528.6,9,270.6,5.27864971912,12,7,2,4,4,1
12,12,21,559.7,14,413.9,5.2619026072,12,7,2,7,5,2
13,13,21,560.1,16,465.7,5.46938231038,12,7,2,8,6,2
14,14,21,567.1,15,439.3,4.67477017515,12,7,2,9,5,1
15,15,21,565.4,15,442.3,4.97623399389,12,7,2,9,5,1
16,16,21,561.4,14,416.0,5.19021515289,12,7,2,8,5,1
17,17,21,631.0,19,589.1,4.33884996832,12,7,2,11,6,2
18,18,21,605.5,19,562.2,4.05146064196,12,7,2,10,7,2
19,19,21,584.8,16,475.5,4.42533829753,12,7,2,7,7,2
20,20,21,567.7,13,392.7,5.28027777047,12,7,2,7,5,1
21,21,20,559.9,14,430.2,5.45348512421,11,7,2,8,5,1
22,22,14,423.4,12,376.3,4.9587086231,7,5,2,6,5,1
23,23,16,465.7,11,346.4,5.11148624831,9,5,2,6,4,1
24,24,16,461.3,10,318.9,4.79078542621,8,7,1,5,4,1
25,25,15,437.3,11,343.4,4.9010008696,7,7,1,5,5,1
26,26,13,385.9,9,289.7,4.8870315042,7,5,1,5,3,1
27,27,13,382.3,10,311.7,4.92738293256,7,5,1,5,4,1
28,28,15,439.1,13,391.9,4.46533739993,8,6,1,6,6,1
29,29,14,400.4,9,282.8,5.07952147958,9,4,1,4,4,1
30,30,12,359.0,8,262.8,5.33885131216,6,5,1,3,4,1
31,31,14,425.2,12,379.6,4.68671257122,6,7,1,5,6,1
32,32,15,459.8,13,411.7,4.2365529564,8,5,2,6,5,2
33,33,16,485.3,13,414.5,4.65914423473,9,6,1,7,5,1
34,34,15,468.7,14,444.6,3.97992581888,7,6,2,7,5,2
35,35,17,504.8,15,458.8,4.09549609148,9,6,2,7,6,2
36,36,16,489.6,14,443.0,4.0427713267,8,6,2,6,6,2
37,37,17,513.2,15,465.0,3.98024533681,9,6,2,7,6,2
38,38,15,442.9,12,374.1,5.02272929032,6,7,2,5,5,2
39,39,16,478.6,15,455.7,4.15609993463,9,5,2,8,5,2
40,40,16,469.9,14,421.5,4.02553826629,10,5,1,8,5,1
41,41,16,468.0,15,444.4,3.99432931375,10,5,1,9,5,1
42,42,16,456.1,10,310.3,4.58104336733,10,5,1,5,4,1
43,43,15,436.1,11,337.7,4.43757763178,8,5,2,5,4,2
44,44,13,377.8,10,306.1,4.85618822767,8,4,1,6,3,1
45,45,18,489.1,9,282.0,5.28881233811,9,7,2,5,2,2
46,46,20,522.4,10,307.0,5.87022818529,11,7,2,4,4,2
47,47,19,505.4,10,310.6,5.92855612926,10,7,2,5,3,2
48,48,15,429.9,11,335.6,4.94841966115,9,4,2,5,4,2
49,49,14,406.0,13,382.0,4.40052444427,8,5,1,8,4,1
50,50,16,458.2,12,361.7,4.44820188391,9,5,2,5,5,2
51,51,13,376.0,9,279.0,5.0964291169,8,4,1,5,3,1
52,52,15,426.3,11,332.6,5.02013090324,8,5,2,5,4,2
53,53,14,396.3,11,325.9,4.86327909095,8,5,1,6,4,1
54,54,15,425.2,11,327.8,4.59966872513,9,5,1,6,4,1
55,55,16,468.6,14,422.1,4.57454915811,9,5,2,8,4,2
56,56,14,410.1,13,386.6,4.58382847808,8,5,1,8,4,1
57,57,17,497.6,14,426.6,4.40777221307,8,7,2,7,5,2
58,58,17,497.1,15,449.1,4.08901865115,9,6,2,7,6,2
59,59,17,490.8,13,393.8,4.44462663025,9,6,2,8,3,2
60,60,17,489.2,14,417.0,4.27485809878,10,5,2,7,5,2
61,61,13,378.2,10,304.8,4.70946945675,7,5,1,4,5,1
62,62,14,402.2,10,305.3,5.25656052675,8,5,1,6,3,1
63,63,14,402.4,10,305.7,5.09233425178,8,5,1,6,3,1
64,64,17,483.8,13,385.7,4.31842836335,8,7,2,7,5,1
65,65,16,458.3,12,364.4,4.97513400155,9,5,2,5,5,2
66,66,15,450.2,14,425.2,4.37245708411,9,4,2,8,4,2
67,67,15,450.9,13,402.6,4.68764333114,8,6,1,7,5,1
68,68,18,546.9,15,475.5,4.75187269586,10,6,2,9,5,1
69,69,16,468.1,12,373.1,4.93949643182,7,7,2,5,6,1
70,70,16,459.4,11,339.3,4.74466366915,8,7,1,5,6,0
71,71,19,543.8,16,470.6,4.09682518643,10,7,2,9,5,2
72,72,15,442.3,13,395.3,4.39802986196,7,6,2,5,6,2
73,73,17,487.6,13,390.4,4.6017979223,8,7,2,6,6,1
74,74,17,481.6,13,386.5,4.44870271904,8,7,2,5,6,2
75,75,16,470.7,14,423.1,3.96370512694,7,7,2,5,7,2
76,76,17,485.9,15,438.5,4.0729650278,8,7,2,6,7,2
77,77,14,425.7,13,402.3,3.57372124213,6,6,2,5,6,2
78,78,13,393.4,13,393.4,3.46951928984,6,6,1,6,6,1
79,79,16,467.7,13,398.2,4.43090942509,8,6,2,6,5,2
80,80,14,413.2,11,342.3,4.52443913105,7,6,1,5,5,1
81,81,16,460.1,12,365.3,4.53092613785,9,5,2,5,5,2
82,82,16,466.3,12,371.4,4.68600309432,9,5,2,5,5,2
83,83,17,483.8,11,338.8,4.54890904827,8,7,2,3,6,2
84,84,14,408.6,12,362.6,4.77281680141,6,6,2,5,5,2
85,85,15,432.1,10,312.5,4.92217528373,7,6,2,4,4,2
86,86,14,401.7,8,255.9,4.96874295908,6,6,2,2,4,2
87,87,13,382.8,11,335.0,4.40238862903,4,7,2,3,6,2
88,88,16,463.0,14,413.4,3.69628191566,7,7,2,6,6,2
89,89,15,433.7,12,364.1,4.34278822,7,6,2,5,5,2
90,90,16,453.8,11,336.7,4.5758605748,8,6,2,4,5,2
91,91,17,493.8,13,400.4,4.65337480317,9,6,2,6,5,2
92,92,14,412.2,12,364.2,4.2264213423,8,4,2,6,4,2
93,93,13,377.7,10,306.4,4.76298495075,5,6,2,4,4,2
94,94,13,386.4,11,337.7,4.71012275957,5,6,2,5,4,2
95,95,16,472.6,12,375.7,4.74213383756,7,7,2,5,5,2
96,96,14,409.6,12,363.0,5.36910167041,7,5,2,5,5,2
97,97,12,352.3,7,232.8,6.13269306605,6,5,1,2,4,1
98,98,13,382.1,11,334.5,5.24602413555,7,5,1,5,5,1
99,99,13,382.9,12,358.0,5.04589195693,7,5,1,6,5,1
100,100,14,411.5,12,363.3,5.05286884022,7,6,1,6,5,1
101,101,13,390.1,11,342.9,5.02302391302,7,5,1,5,5,1
102,102,14,410.9,11,338.8,5.13026465054,7,6,1,5,5,1
103,103,12,356.3,11,332.7,5.23579608141,6,5,1,5,5,1
104,104,11,327.4,9,280.9,5.76320617838,6,4,1,4,4,1
105,105,13,389.2,11,341.0,5.05808568227,8,4,1,6,4,1
106,106,15,444.0,12,371.5,4.62029683648,7,7,1,6,5,1
107,107,12,371.5,12,371.5,4.5617895877,7,4,1,7,4,1
108,108,14,418.8,13,394.4,4.57700895662,9,4,1,8,4,1
109,109,16,482.5,14,433.8,4.41058858506,8,6,2,7,5,2
110,110,15,431.6,12,360.8,5.12158829531,10,4,1,7,4,1
111,111,12,358.9,10,310.7,5.16094746998,7,4,1,5,4,1
112,112,12,357.4,10,311.5,5.4021600618,6,5,1,5,4,1
113,113,13,401.6,12,377.8,4.55383749133,7,5,1,6,5,1
114,114,12,377.9,12,377.9,4.54721859709,6,5,1,6,5,1
115,115,14,428.7,13,404.0,4.53332592652,8,5,1,7,5,1
116,116,16,479.9,13,409.0,5.38757443877,8,6,2,6,5,2
117,117,19,567.4,15,474.2,4.88799101271,10,7,2,7,6,2
118,118,15,456.7,13,408.2,4.58598278401,7,6,2,6,5,2
119,119,16,481.1,12,383.4,4.79273321464,9,6,1,5,6,1
120,120,17,526.4,15,478.5,4.15014174102,9,6,2,7,6,2
121,121,17,513.0,16,488.9,4.22825753292,8,7,2,7,7,2
122,122,17,509.6,14,437.7,4.57391099222,10,6,1,7,6,1
123,123,17,510.0,15,462.6,4.65174698366,8,7,2,7,6,2
124,124,17,512.3,14,441.5,5.11015425115,9,6,2,7,5,2
125,125,14,429.1,13,406.4,4.68971870569,7,5,2,6,5,2
126,126,17,506.4,15,458.9,4.76378032042,9,6,2,7,6,2
127,127,14,424.1,12,378.5,4.98420031171,7,5,2,5,5,2
128,128,14,424.7,12,377.1,4.91615971808,7,5,2,5,5,2
129,129,15,452.7,12,380.9,5.03589969264,8,5,2,6,4,2
130,130,15,448.7,12,376.3,4.68932932559,8,5,2,5,5,2
131,131,17,510.6,15,465.3,4.89884440155,8,7,2,7,6,2
132,132,18,551.1,15,480.5,5.09985582264,10,6,2,8,5,2
133,133,16,505.5,15,481.9,4.5290865525,8,6,2,8,5,2
134,134,16,496.9,15,473.5,4.10088913123,8,6,2,7,6,2
135,135,18,536.4,15,463.6,4.54713872542,9,7,2,6,7,2
136,136,16,483.2,15,459.9,4.43936932458,8,6,2,8,5,2
137,137,16,484.0,14,436.8,4.66261729075,8,6,2,7,5,2
138,138,16,488.7,14,441.8,4.97151469206,8,6,2,7,5,2
139,139,16,504.9,14,457.1,4.43530814412,8,6,2,7,5,2
140,140,17,509.1,14,439.5,4.93357345733,9,7,1,7,6,1
141,141,18,529.0,15,457.2,4.85227525635,10,6,2,7,6,2
142,142,19,549.1,14,429.4,4.67606197088,10,7,2,7,5,2
143,143,17,511.8,15,464.7,4.9061785776,9,6,2,7,6,2
144,144,16,489.2,15,466.3,4.8831001082,10,5,1,9,5,1
145,145,15,455.2,12,383.4,5.38249366885,7,6,2,5,5,2
146,146,13,386.4,8,268.1,6.50578637908,6,5,2,3,3,2
147,147,12,367.7,9,295.0,5.73211976233,5,5,2,5,2,2
148,148,13,394.7,11,346.9,5.56035647262,8,3,2,7,2,2
149,149,12,360.8,8,264.3,6.01971508437,7,3,2,4,2,2
150,150,12,363.0,8,265.4,6.22144385463,6,4,2,2,4,2
151,151,12,363.2,9,290.9,5.89149361111,7,3,2,4,3,2
152,152,12,360.5,9,289.9,6.15666059621,6,4,2,4,3,2
153,153,13,388.2,10,317.5,5.95182583492,7,4,2,5,3,2
154,154,15,431.7,9,292.5,6.25085137058,9,4,2,4,3,2
155,155,14,411.9,11,343.4,5.8996973288,7,5,2,6,3,2
156,156,17,492.0,11,347.6,5.43645781087,10,5,2,6,3,2
157,157,16,466.7,13,398.0,5.48740603564,9,5,2,8,3,2
158,158,15,448.8,13,400.2,5.07292533245,8,5,2,8,3,2
159,159,16,472.6,13,401.5,5.39516759085,9,5,2,7,4,2
160,160,15,444.2,12,372.8,5.42571478723,8,5,2,6,4,2
161,161,15,447.1,12,373.1,5.13064555485,8,5,2,7,3,2
162,162,16,470.1,13,399.1,5.1993869831,8,6,2,7,4,2
163,163,15,441.0,12,369.2,5.45527267879,8,5,2,6,4,2
164,164,14,411.9,9,293.4,5.94114448589,8,4,2,5,2,2
165,165,16,470.8,12,376.0,5.50847831378,10,4,2,8,2,2
166,166,17,497.4,13,401.5,4.80599350077,9,7,1,9,3,1
167,167,16,469.9,14,422.6,4.59401331445,9,7,0,8,6,0
168,168,17,494.8,12,373.3,4.61471431784,10,6,1,6,6,0
169,169,17,489.9,11,346.8,4.91874416062,10,7,0,6,5,0
170,170,13,387.9,11,339.8,5.06055636953,7,5,1,7,3,1
171,171,16,469.7,11,349.3,5.81618073424,9,5,2,7,3,1
172,172,16,480.7,12,383.7,5.7469955919,9,5,2,7,4,1
173,173,19,548.0,13,403.0,4.51753568386,10,7,2,8,4,1
174,174,18,520.9,14,427.6,4.55994567678,10,7,1,8,6,0
175,175,18,520.7,15,450.9,4.26529159827,9,7,2,8,5,2
176,176,16,474.6,14,426.7,4.41993589697,8,6,2,7,5,2
177,177,15,446.9,14,423.4,4.68972534479,9,4,2,8,4,2
178,178,15,440.4,11,342.2,5.00139980405,9,4,2,5,4,2
179,179,16,463.6,9,294.9,5.55187655963,8,6,2,4,3,2
180,180,13,405.3,11,357.1,5.47481412868,7,4,2,5,4,2
181,181,13,412.6,12,388.7,5.2355417519,6,5,2,5,5,2
182,182,15,456.0,12,385.1,5.61235881146,8,5,2,6,5,1
183,183,14,434.2,11,363.4,5.46652148472,7,5,2,6,4,1
184,184,14,436.4,12,388.1,5.30463202109,7,5,2,6,5,1
185,185,13,415.7,13,415.7,4.4368070062,6,5,2,6,5,2
186,186,15,460.0,12,389.3,5.25230108302,7,6,2,5,5,2
187,187,14,439.6,13,417.1,4.95658070727,6,6,2,5,6,2
188,188,15,457.7,12,386.2,5.20972533779,8,5,2,5,5,2
189,189,15,466.4,14,443.1,4.96062592057,7,6,2,6,6,2
190,190,16,486.1,12,391.1,5.33944051376,8,6,2,5,6,1
191,191,15,459.5,13,412.6,5.20626911475,7,6,2,6,6,1
192,192,16,479.4,11,360.5,5.43321574515,8,6,2,4,6,1
193,193,16,489.2,14,440.6,4.83907704699,8,6,2,7,5,2
194,194,16,488.4,13,415.6,4.82818116203,8,6,2,6,6,1
195,195,16,483.5,14,437.2,4.99949580791,8,6,2,7,6,1
196,196,17,509.6,13,411.9,4.64038379498,9,6,2,6,6,1
197,197,17,511.7,15,464.9,4.45491301823,9,6,2,7,6,2
198,198,17,510.0,14,437.1,4.59047927781,9,6,2,7,6,1
199,199,16,481.1,14,434.4,4.39055330606,8,6,2,7,6,1
200,200,14,406.1,10,314.0,5.79143456198,8,4,2,6,3,1
201,201,17,500.6,14,428.2,4.40867293625,11,5,1,9,4,1
202,202,14,422.4,13,398.8,4.35756258112,10,3,1,9,3,1
203,203,13,383.7,9,289.5,5.1733042558,8,3,2,5,3,1
204,204,12,359.3,10,313.7,5.12275819409,7,4,1,6,3,1
205,205,10,310.0,9,286.2,4.50678500831,6,3,1,6,2,1
206,206,12,370.6,12,370.6,3.61306551618,8,3,1,8,3,1
207,207,15,440.1,12,368.6,4.35050079219,9,5,1,8,3,1
208,208,15,439.7,12,367.9,4.14537033787,10,4,1,8,3,1
209,209,15,442.0,12,368.0,4.05157229915,10,4,1,7,4,1
210,210,15,430.3,13,383.9,4.32350166724,9,5,1,8,4,1
211,211,16,446.4,11,325.5,4.05758548893,10,5,1,7,3,1
212,212,15,428.8,10,309.7,4.22946579988,9,5,1,6,3,1
213,213,15,431.3,12,359.5,3.97759199708,9,5,1,8,3,1
214,214,14,403.7,12,357.7,3.97232873821,8,5,1,7,4,1
215,215,14,397.8,11,327.6,4.09743956502,8,5,1,6,4,1
216,216,15,427.3,12,356.1,3.81086166984,8,6,1,7,4,1
217,217,14,409.8,12,361.3,3.88080653224,8,5,1,6,5,1
218,218,14,405.0,11,335.8,4.59823186276,7,6,1,6,4,1
219,219,13,385.2,12,362.4,4.35744279278,7,5,1,6,5,1
220,220,14,398.6,10,304.7,4.7200763637,7,5,2,5,4,1
221,221,12,340.8,10,293.1,4.47904210539,6,4,2,5,3,2
222,222,10,288.4,9,264.3,4.49028581124,5,3,2,5,3,1
223,223,12,338.8,9,268.9,4.71059412067,5,5,2,4,3,2
224,224,12,333.6,8,240.1,4.73939006432,5,5,2,4,3,1
225,225,16,427.9,8,238.6,4.36134058137,8,6,2,5,2,1
226,226,12,331.2,9,261.7,4.48249119048,5,5,2,4,3,2
227,227,13,363.7,10,292.0,4.07434122408,6,5,2,5,3,2
228,228,12,340.8,11,316.7,4.11449764966,6,4,2,6,4,1
229,229,14,392.3,9,271.9,3.96914611461,7,5,2,5,3,1
230,230,15,415.7,12,345.0,3.44235522917,10,3,2,8,3,1
231,231,16,455.1,11,335.6,4.26707843065,9,6,1,5,6,0
232,232,13,390.4,12,366.6,4.51670687843,7,5,1,6,5,1
233,233,13,386.1,12,361.9,3.93488669892,6,6,1,5,6,1
234,234,17,486.7,15,439.3,3.83874405012,9,6,2,7,6,2
235,235,16,471.5,14,422.2,3.83244373736,8,6,2,6,6,2
236,236,16,468.7,14,421.4,4.02035964395,8,6,2,6,6,2
237,237,16,470.3,15,447.0,3.96206490776,8,6,2,7,6,2
238,238,15,441.2,14,416.7,3.33163766394,8,6,1,7,6,1
239,239,16,474.6,16,474.6,3.19684740539,8,6,2,8,6,2
240,240,10,298.4,9,275.1,3.5144779919,4,4,2,3,4,2
241,241,19,517.3,13,379.9,3.82228002132,10,7,2,5,6,2
242,242,14,385.9,11,316.3,3.78043691876,8,4,2,5,4,2
243,243,2,70.3,2,70.3,3.18198051534,0,1,1,0,1,1
244,244,11,332.8,9,288.9,5.63956800409,2,7,2,0,7,2
245,245,12,352.7,10,307.9,5.24429704681,2,8,2,1,7,2
246,246,14,387.2,9,287.2,6.76310287069,4,8,2,1,6,2
247,247,17,433.3,9,281.8,7.32025292877,6,8,3,0,7,2
248,248,17,434.5,9,274.4,6.05671722383,6,8,3,0,7,2
249,249,17,438.7,11,321.4,5.75689484317,6,8,3,1,7,3
