,e_id,num_sat,sum_snr,num_sat_25,sum_snr_25,num_sat_u20,sum_sat_u20,snr_std,elev_0_30,elev_30_60,elev_60_90,sum_elev_0_30,sum_elev_30_60,sum_elev_60_90,elev_0_30_25,elev_30_60_25,elev_60_90_25,sum_elev_0_30_25,sum_elev_30_60_25,sum_elev_60_90_25
1,1,7,108.1,0,0,6,86.9,3.27712126866,3,2,2,40.2,33.8,34.1,0,0,0,0,0,0
2,2,7,115.1,0,0,6,93.5,3.54253070693,3,2,2,39.9,33.7,41.5,0,0,0,0,0,0
3,3,6,97.6,0,0,5,75.9,3.80823668732,3,1,2,39.9,16.6,41.1,0,0,0,0,0,0
4,4,7,110.9,0,0,6,89.6,3.25005494459,3,1,3,39.7,16.6,54.6,0,0,0,0,0,0
5,5,7,115.1,0,0,5,71.7,3.97360337849,3,1,3,41.3,15.6,58.2,0,0,0,0,0,0
6,6,8,127.6,0,0,6,85.2,3.64613298088,4,1,3,54.4,15.6,57.6,0,0,0,0,0,0
7,7,8,126.8,0,0,7,105.4,3.41760149813,4,1,3,54.3,15.6,56.9,0,0,0,0,0,0
8,8,8,127.9,0,0,6,86.0,3.55545355756,4,1,3,54.7,15.6,57.6,0,0,0,0,0,0
9,9,8,128.7,0,0,6,85.9,3.77337950081,4,1,3,54.4,15.6,58.7,0,0,0,0,0,0
10,10,8,128.6,0,0,6,85.7,3.80966815203,4,1,3,54.1,15.6,58.9,0,0,0,0,0,0
11,11,8,130.1,0,0,6,85.8,4.06797159001,4,1,3,54.0,15.6,60.5,0,0,0,0,0,0
12,12,8,129.3,0,0,6,86.3,3.81348640635,4,1,3,54.3,15.6,59.4,0,0,0,0,0,0
13,13,9,141.7,0,0,7,100.2,3.42640887487,4,2,3,54.6,29.0,58.1,0,0,0,0,0,0
14,14,9,143.7,0,0,7,100.7,3.70540146273,4,2,3,54.6,29.3,59.8,0,0,0,0,0,0
15,15,9,144.9,0,0,7,101.2,3.87588699526,4,2,3,53.7,29.3,61.9,0,0,0,0,0,0
16,16,8,133.5,0,0,6,89.1,3.95056505904,3,2,3,41.6,29.3,62.6,0,0,0,0,0,0
17,17,7,112.2,0,0,5,68.3,5.02849025909,2,2,3,28.7,22.0,61.5,0,0,0,0,0,0
18,18,7,113.8,0,0,5,70.5,4.77523372652,2,2,3,28.7,24.2,60.9,0,0,0,0,0,0
19,19,7,112.3,0,0,5,69.4,4.66578222911,2,2,3,29.2,24.2,58.9,0,0,0,0,0,0
20,20,7,119.1,0,0,5,74.1,5.17668767052,2,2,3,29.2,25.7,64.2,0,0,0,0,0,0
21,21,7,118.4,0,0,5,75.3,4.87149141141,2,2,3,30.0,27.4,61.0,0,0,0,0,0,0
22,22,7,117.2,0,0,5,74.4,4.75740025044,2,2,3,30.2,26.3,60.7,0,0,0,0,0,0
23,23,7,121.5,0,0,5,77.2,5.11040022662,2,2,3,31.6,27.0,62.9,0,0,0,0,0,0
24,24,7,119.9,0,0,5,75.5,5.08255653706,2,2,3,30.5,27.0,62.4,0,0,0,0,0,0
25,25,7,119.6,0,0,5,75.5,5.06406574846,2,2,3,29.7,26.3,63.6,0,0,0,0,0,0
26,26,7,122.0,0,0,5,77.2,5.25791919734,2,2,3,29.7,27.6,64.7,0,0,0,0,0,0
27,27,7,120.5,0,0,5,76.5,5.10373346072,2,2,3,29.5,27.6,63.4,0,0,0,0,0,0
28,28,7,117.2,0,0,5,73.8,4.84934949,2,2,3,29.5,26.7,61.0,0,0,0,0,0,0
29,29,7,121.9,0,0,4,56.4,5.33867292231,2,2,3,29.5,26.9,65.5,0,0,0,0,0,0
30,30,6,105.6,0,0,4,62.4,4.91690959852,1,2,3,17.1,27.3,61.2,0,0,0,0,0,0
31,31,6,106.0,0,0,4,63.6,4.87018137924,1,2,3,17.1,28.2,60.7,0,0,0,0,0,0
32,32,6,105.9,0,0,4,62.9,5.01946212258,1,2,3,16.4,26.8,62.7,0,0,0,0,0,0
33,33,6,107.6,0,0,3,43.8,5.13290041465,1,2,3,16.4,28.5,62.7,0,0,0,0,0,0
34,34,6,107.8,0,0,2,24.2,5.22863908361,1,2,3,15.9,28.4,63.5,0,0,0,0,0,0
35,35,6,108.3,0,0,2,25.3,5.02623119245,1,2,3,17.0,28.4,62.9,0,0,0,0,0,0
36,36,5,99.5,0,0,3,56.5,1.92743352674,1,1,3,17.0,20.7,61.8,0,0,0,0,0,0
37,37,5,96.4,0,0,4,73.4,2.81016013779,1,1,3,15.1,19.3,62.0,0,0,0,0,0,0
38,38,5,92.7,0,0,4,70.8,2.12790977252,1,1,3,17.9,19.1,55.7,0,0,0,0,0,0
39,39,6,108.3,0,0,5,85.3,3.27398839338,2,1,3,31.2,19.1,58.0,0,0,0,0,0,0
40,40,6,105.9,0,0,4,64.5,2.85569606226,2,1,3,31.4,16.8,57.7,0,0,0,0,0,0
41,41,6,107.5,0,0,5,85.3,3.09994623609,2,1,3,30.4,18.8,58.3,0,0,0,0,0,0
42,42,6,105.9,0,0,5,83.6,3.25499615975,2,1,3,30.7,18.2,57.0,0,0,0,0,0,0
43,43,6,107.3,0,0,5,84.7,2.83084204198,2,1,3,32.5,18.7,56.1,0,0,0,0,0,0
44,44,6,107.8,0,0,4,65.0,3.06311388405,2,1,3,31.3,18.7,57.8,0,0,0,0,0,0
45,45,6,106.7,0,0,5,83.2,3.21460210083,2,1,3,31.3,18.0,57.4,0,0,0,0,0,0
46,46,6,106.7,0,0,5,85.3,2.29731727601,2,1,3,33.2,18.0,55.5,0,0,0,0,0,0
47,47,6,108.3,0,0,4,65.7,2.77470719176,2,1,3,33.0,17.7,57.6,0,0,0,0,0,0
48,48,6,110.3,0,0,4,66.2,3.06686593555,2,1,3,34.1,17.7,58.5,0,0,0,0,0,0
49,49,6,109.5,0,0,4,66.1,2.95414962383,2,1,3,33.7,18.0,57.8,0,0,0,0,0,0
50,50,6,111.3,0,0,4,68.1,2.9228410836,2,1,3,34.6,19.1,57.6,0,0,0,0,0,0
51,51,6,111.3,0,0,4,68.3,2.65838296714,2,1,3,34.2,19.1,58.0,0,0,0,0,0,0
52,52,6,109.6,0,0,5,86.9,2.58198889747,2,1,3,35.0,17.6,57.0,0,0,0,0,0,0
53,53,6,110.2,0,0,5,89.0,2.10396451174,2,1,3,35.6,18.6,56.0,0,0,0,0,0,0
54,54,6,111.7,0,0,5,89.8,2.08078510824,2,1,3,35.6,18.6,57.5,0,0,0,0,0,0
55,55,6,111.4,0,0,5,88.5,2.384673283,2,1,3,35.4,18.2,57.8,0,0,0,0,0,0
56,56,7,127.5,0,0,5,84.7,2.88699877117,3,1,3,49.7,20.1,57.7,0,0,0,0,0,0
57,57,7,127.0,0,0,5,86.5,2.42133375288,3,1,3,51.5,20.4,55.1,0,0,0,0,0,0
58,58,7,125.3,0,0,6,103.4,2.74529901225,3,1,3,48.8,18.3,58.2,0,0,0,0,0,0
59,59,7,123.3,0,0,6,103.0,2.06189926316,3,1,3,49.5,18.3,55.5,0,0,0,0,0,0
60,60,7,121.5,0,0,6,100.3,2.59027485212,3,1,3,46.3,17.6,57.6,0,0,0,0,0,0
61,61,7,123.2,0,0,6,102.2,2.61979642975,3,1,3,48.6,18.3,56.3,0,0,0,0,0,0
62,62,7,123.5,0,0,5,82.3,3.0977718567,3,1,3,48.2,19.2,56.1,0,0,0,0,0,0
63,63,7,122.9,0,0,6,102.1,2.62859730836,3,1,3,48.5,19.2,55.2,0,0,0,0,0,0
64,64,7,125.0,0,0,6,104.3,2.45822235423,3,1,3,51.4,19.2,54.4,0,0,0,0,0,0
65,65,7,120.9,0,0,6,99.8,2.52567765541,3,1,3,49.4,16.0,55.5,0,0,0,0,0,0
66,66,7,123.6,0,0,5,83.1,2.35786424748,3,1,3,51.1,16.0,56.5,0,0,0,0,0,0
67,67,7,124.5,0,0,6,104.1,2.2682067597,3,1,3,50.3,18.0,56.2,0,0,0,0,0,0
68,68,7,125.2,0,0,6,105.0,2.06028199642,3,1,3,51.4,18.5,55.3,0,0,0,0,0,0
69,69,7,127.0,0,0,6,106.8,2.23073765293,3,1,3,51.6,20.0,55.4,0,0,0,0,0,0
70,70,6,106.0,0,0,5,85.3,2.28968702374,3,0,3,51.3,0,54.7,0,0,0,0,0,0
71,71,6,104.1,0,0,6,104.1,1.48425065269,3,0,3,50.9,0,53.2,0,0,0,0,0,0
72,72,6,109.5,0,0,5,88.9,1.98670581617,3,0,3,54.2,0,55.3,0,0,0,0,0,0
73,73,6,105.7,0,0,5,85.5,1.73483908956,3,0,3,52.3,0,53.4,0,0,0,0,0,0
74,74,6,105.9,0,0,6,105.9,2.42218909254,3,0,3,50.5,0,55.4,0,0,0,0,0,0
75,75,6,104.2,0,0,6,104.2,2.61508444733,3,0,3,47.5,0,56.7,0,0,0,0,0,0
76,76,6,101.9,0,0,5,81.4,2.62634092735,3,0,3,48.7,0,53.2,0,0,0,0,0,0
77,77,7,114.5,0,0,6,94.3,2.63113229292,4,0,3,62.0,0,52.5,0,0,0,0,0,0
78,78,7,113.6,0,0,7,113.6,2.12658904172,4,0,3,61.3,0,52.3,0,0,0,0,0,0
79,79,7,115.5,0,0,6,94.1,2.79583022851,4,0,3,64.0,0,51.5,0,0,0,0,0,0
80,80,7,112.8,0,0,7,112.8,2.03750547764,4,0,3,63.9,0,48.9,0,0,0,0,0,0
81,81,7,118.9,0,0,6,97.1,3.10291721419,4,0,3,66.3,0,52.6,0,0,0,0,0,0
82,82,7,119.2,0,0,6,97.6,3.10092152202,4,0,3,64.7,0,54.5,0,0,0,0,0,0
83,83,7,121.7,0,0,6,101.3,2.76853064003,4,0,3,66.5,0,55.2,0,0,0,0,0,0
84,84,7,124.0,0,0,5,81.6,3.49496236099,4,0,3,67.1,0,56.9,0,0,0,0,0,0
85,85,8,134.0,0,0,7,112.2,3.36154726279,4,1,3,63.5,13.7,56.8,0,0,0,0,0,0
86,86,8,130.4,0,0,7,109.2,3.1355108948,4,1,3,61.5,14.0,54.9,0,0,0,0,0,0
87,87,8,129.6,0,0,7,108.7,2.95779840905,4,1,3,60.6,14.1,54.9,0,0,0,0,0,0
88,88,8,131.7,0,0,8,131.7,2.45003644288,4,1,3,62.0,14.5,55.2,0,0,0,0,0,0
89,89,8,134.6,0,0,7,113.9,2.7530502564,4,1,3,61.4,14.5,58.7,0,0,0,0,0,0
90,90,8,133.2,0,0,8,133.2,2.4172002695,4,1,3,60.8,15.9,56.5,0,0,0,0,0,0
91,91,8,134.3,0,0,7,112.7,2.62647917508,4,1,3,60.6,15.9,57.8,0,0,0,0,0,0
92,92,8,136.2,0,0,7,115.2,2.38312519904,4,1,3,62.4,17.5,56.3,0,0,0,0,0,0
93,93,8,140.3,0,0,7,120.0,1.94637942271,4,1,3,65.2,18.2,56.9,0,0,0,0,0,0
94,94,8,138.7,0,0,7,117.8,2.32927793839,4,1,3,63.0,18.2,57.5,0,0,0,0,0,0
95,95,8,141.2,0,0,7,120.0,2.53377189186,4,1,3,64.8,18.9,57.5,0,0,0,0,0,0
96,96,8,139.6,0,0,7,119.1,1.91982142027,4,1,3,65.1,18.9,55.6,0,0,0,0,0,0
97,97,8,140.8,0,0,7,120.4,1.83380946198,4,1,3,65.8,19.0,56.0,0,0,0,0,0,0
98,98,8,138.9,0,0,7,118.5,2.45353243887,4,1,3,63.3,18.4,57.2,0,0,0,0,0,0
99,99,9,158.5,0,0,7,117.0,2.68069228206,4,2,3,62.0,41.5,55.0,0,0,0,0,0,0
100,100,9,154.7,0,0,8,134.1,2.41166148352,4,2,3,60.8,39.8,54.1,0,0,0,0,0,0
101,101,9,159.8,0,0,7,119.3,2.57541798118,4,2,3,64.1,40.2,55.5,0,0,0,0,0,0
102,102,9,156.2,0,0,8,135.0,2.4469936203,4,2,3,62.6,40.4,53.2,0,0,0,0,0,0
103,103,10,172.0,0,0,8,130.3,2.61023626006,4,3,3,62.6,56.1,53.3,0,0,0,0,0,0
104,104,10,170.9,0,0,8,129.6,2.50131076749,4,3,3,61.7,54.5,54.7,0,0,0,0,0,0
105,105,10,171.7,0,0,8,130.7,2.38516246826,4,3,3,62.1,55.1,54.5,0,0,0,0,0,0
106,106,10,174.9,0,0,8,132.0,2.90151301527,4,3,3,61.7,57.8,55.4,0,0,0,0,0,0
107,107,10,175.2,0,0,8,133.4,2.70793073931,4,3,3,62.9,55.8,56.5,0,0,0,0,0,0
108,108,10,175.5,0,0,8,132.5,2.60821352227,4,3,3,62.9,58.1,54.5,0,0,0,0,0,0
109,109,10,176.1,0,0,9,154.4,2.92249893071,4,3,3,63.2,56.2,56.7,0,0,0,0,0,0
110,110,10,173.4,0,0,9,151.7,2.81630175151,4,3,3,62.1,55.8,55.5,0,0,0,0,0,0
111,111,10,174.2,0,0,9,154.1,2.5468062789,4,3,3,63.3,56.2,54.7,0,0,0,0,0,0
112,112,10,178.1,0,0,9,156.8,2.75174691989,4,3,3,62.6,57.7,57.8,0,0,0,0,0,0
113,113,10,177.6,0,0,9,156.3,2.64079112725,4,3,3,62.3,58.5,56.8,0,0,0,0,0,0
114,114,10,183.1,0,0,9,161.4,2.09308384925,4,3,3,67.2,57.9,58.0,0,0,0,0,0,0
115,115,10,180.2,0,0,9,158.3,2.01538526783,4,3,3,66.6,58.1,55.5,0,0,0,0,0,0
116,116,10,185.0,0,0,8,141.8,2.25092573548,4,3,3,67.5,59.7,57.8,0,0,0,0,0,0
117,117,10,183.4,0,0,9,161.1,2.46810768719,4,3,3,65.4,60.6,57.4,0,0,0,0,0,0
118,118,10,180.9,0,0,9,158.8,1.76852103936,4,3,3,69.5,57.6,53.8,0,0,0,0,0,0
119,119,10,181.5,0,0,9,158.8,1.94322183785,4,3,3,70.0,58.2,53.3,0,0,0,0,0,0
120,120,10,183.0,0,0,9,160.4,2.02484567313,4,3,3,69.1,56.9,57.0,0,0,0,0,0,0
121,121,10,183.2,0,0,9,161.0,1.85998805253,4,3,3,68.7,59.0,55.5,0,0,0,0,0,0
122,122,10,185.9,0,0,9,163.0,1.86812443078,4,3,3,69.3,61.6,55.0,0,0,0,0,0,0
123,123,9,164.6,0,0,8,144.4,1.52105591978,4,2,3,68.9,37.7,58.0,0,0,0,0,0,0
124,124,9,162.0,0,0,8,141.7,1.58823801743,4,2,3,66.3,37.4,58.3,0,0,0,0,0,0
125,125,9,164.9,0,0,8,144.1,1.77607557397,4,2,3,68.5,38.2,58.2,0,0,0,0,0,0
126,126,9,164.5,0,0,7,123.4,1.6611575616,4,2,3,70.0,38.6,55.9,0,0,0,0,0,0
127,127,9,161.8,0,0,8,141.1,1.71156198966,4,2,3,67.4,38.9,55.5,0,0,0,0,0,0
128,128,9,163.4,0,0,7,121.4,2.49454961421,4,2,3,66.8,40.5,56.1,0,0,0,0,0,0
129,129,10,187.2,0,0,7,122.0,2.86620151265,4,3,3,66.8,63.7,56.7,0,0,0,0,0,0
130,130,10,183.9,0,0,7,119.6,2.41359575001,4,3,3,66.0,61.4,56.5,0,0,0,0,0,0
131,131,10,180.9,0,0,8,136.4,2.64971696602,4,3,3,65.4,61.2,54.3,0,0,0,0,0,0
132,132,10,183.5,0,0,7,119.0,2.57174821646,4,3,3,67.7,61.2,54.6,0,0,0,0,0,0
133,133,10,181.0,0,0,7,116.2,2.7345525736,4,3,3,66.6,61.4,53.0,0,0,0,0,0,0
134,134,10,178.9,0,0,7,114.6,2.8629627234,4,3,3,63.9,60.2,54.8,0,0,0,0,0,0
135,135,10,176.9,0,0,7,112.9,2.75699111351,4,3,3,63.1,59.9,53.9,0,0,0,0,0,0
136,136,10,180.4,0,0,7,115.9,2.88605844247,4,3,3,65.5,60.1,54.8,0,0,0,0,0,0
137,137,10,179.6,0,0,7,114.0,2.92126304495,4,3,3,66.2,61.1,52.3,0,0,0,0,0,0
138,138,10,180.6,0,0,7,115.6,2.873712272,4,3,3,65.2,61.1,54.3,0,0,0,0,0,0
139,139,10,178.6,0,0,7,113.3,3.14154951152,4,3,3,62.6,60.9,55.1,0,0,0,0,0,0
140,140,10,179.1,0,0,7,114.2,2.8799884259,4,3,3,64.6,61.1,53.4,0,0,0,0,0,0
141,141,10,180.2,0,0,7,115.2,2.91768553633,4,3,3,65.7,60.7,53.8,0,0,0,0,0,0
142,142,10,182.2,0,0,6,94.8,3.3412572484,4,3,3,64.6,62.0,55.6,0,0,0,0,0,0
143,143,10,179.6,0,0,7,113.5,3.20180504646,4,3,3,63.9,61.1,54.6,0,0,0,0,0,0
144,144,10,180.1,0,0,7,113.1,3.34745342678,4,3,3,63.9,62.4,53.8,0,0,0,0,0,0
145,145,10,177.7,0,0,7,110.8,3.37640505732,4,3,3,62.7,61.1,53.9,0,0,0,0,0,0
146,146,10,174.3,0,0,7,110.7,2.9250071225,4,3,3,62.7,58.0,53.6,0,0,0,0,0,0
147,147,10,169.1,0,0,8,127.5,2.71516318315,4,3,3,60.0,57.4,51.7,0,0,0,0,0,0
148,148,10,171.0,0,0,7,107.9,2.99666481275,4,3,3,59.9,58.6,52.5,0,0,0,0,0,0
149,149,10,170.8,0,0,7,106.3,3.21448112281,4,3,3,59.9,59.9,51.0,0,0,0,0,0,0
150,150,10,168.6,0,0,7,105.9,3.22566100031,4,3,3,56.8,58.6,53.2,0,0,0,0,0,0
151,151,10,172.8,0,0,7,105.6,3.85999424294,4,3,3,56.8,61.8,54.2,0,0,0,0,0,0
152,152,10,169.7,0,0,7,105.9,3.38429378814,4,3,3,56.8,59.5,53.4,0,0,0,0,0,0
153,153,10,168.0,0,0,7,102.4,3.99666527662,4,3,3,58.1,55.5,54.4,0,0,0,0,0,0
154,154,10,161.4,0,0,8,118.9,3.41246082599,4,3,3,58.1,53.2,50.1,0,0,0,0,0,0
155,155,10,163.7,0,0,8,120.4,3.5471584872,4,3,3,58.1,52.9,52.7,0,0,0,0,0,0
156,156,11,172.4,0,0,10,149.9,3.20751957409,5,3,3,70.6,50.2,51.6,0,0,0,0,0,0
157,157,11,176.5,0,0,9,132.9,3.64152815075,5,3,3,71.8,50.2,54.5,0,0,0,0,0,0
158,158,11,171.1,0,0,9,129.9,3.22842489036,5,3,3,71.5,48.7,50.9,0,0,0,0,0,0
159,159,12,185.3,0,0,10,143.4,3.29447425336,6,3,3,84.6,49.6,51.1,0,0,0,0,0,0
160,160,12,183.9,0,0,11,161.6,3.32596534175,6,3,3,84.1,50.4,49.4,0,0,0,0,0,0
161,161,12,186.3,0,0,10,143.6,3.29879454567,6,3,3,84.0,50.6,51.7,0,0,0,0,0,0
162,162,12,179.9,0,0,10,138.1,3.28203327592,6,3,3,78.4,50.0,51.5,0,0,0,0,0,0
163,163,12,179.3,0,0,10,137.5,3.25086235645,6,3,3,78.2,50.0,51.1,0,0,0,0,0,0
164,164,12,181.3,0,0,10,139.5,3.25365761548,6,3,3,79.9,49.9,51.5,0,0,0,0,0,0
165,165,13,193.6,0,0,12,172.7,2.91503617429,7,3,3,94.0,49.1,50.5,0,0,0,0,0,0
166,166,13,194.0,0,0,12,172.9,2.96258722689,7,3,3,94.2,47.7,52.1,0,0,0,0,0,0
167,167,13,197.1,0,0,11,155.7,3.03604415359,7,3,3,96.0,50.0,51.1,0,0,0,0,0,0
168,168,13,197.3,0,0,12,175.7,3.06081520899,7,3,3,96.3,50.3,50.7,0,0,0,0,0,0
169,169,13,196.8,0,0,11,155.8,2.98706613629,7,3,3,96.7,49.9,50.2,0,0,0,0,0,0
170,170,13,200.5,0,0,11,157.0,3.32218649039,7,3,3,98.8,51.3,50.4,0,0,0,0,0,0
171,171,13,199.6,0,0,12,176.8,3.23125759435,7,3,3,98.8,51.8,49.0,0,0,0,0,0,0
172,172,13,196.1,0,0,11,153.5,3.1109607717,7,3,3,96.9,50.3,48.9,0,0,0,0,0,0
173,173,13,196.9,0,0,11,153.3,3.26205849749,7,3,3,96.7,49.6,50.6,0,0,0,0,0,0
174,174,13,198.8,0,0,11,155.1,3.35098531243,7,3,3,96.7,52.3,49.8,0,0,0,0,0,0
175,175,13,197.5,0,0,11,154.2,3.29354457954,7,3,3,95.8,52.5,49.2,0,0,0,0,0,0
176,176,13,196.3,0,0,11,152.1,3.38132124078,7,3,3,96.4,51.1,48.8,0,0,0,0,0,0
177,177,11,170.6,0,0,9,128.1,3.21043752328,6,3,2,84.9,50.8,34.9,0,0,0,0,0,0
178,178,11,174.6,0,0,9,130.7,3.4871452247,6,3,2,87.5,51.9,35.2,0,0,0,0,0,0
179,179,11,172.7,0,0,10,150.4,3.10869747644,6,3,2,87.5,50.5,34.7,0,0,0,0,0,0
180,180,11,171.8,0,0,9,130.7,2.86733959685,6,3,2,87.0,49.0,35.8,0,0,0,0,0,0
181,181,11,175.9,0,0,9,131.1,3.52489845115,6,3,2,86.5,51.4,38.0,0,0,0,0,0,0
182,182,11,174.8,0,0,9,131.1,3.32248537858,6,3,2,86.5,50.7,37.6,0,0,0,0,0,0
183,183,11,172.3,0,0,9,129.9,3.08586218982,6,3,2,85.3,50.5,36.5,0,0,0,0,0,0
184,184,11,169.9,0,0,9,126.7,3.49638774634,6,3,2,82.2,51.1,36.6,0,0,0,0,0,0
185,185,11,168.8,0,0,9,127.4,3.1957357952,6,3,2,82.9,50.0,35.9,0,0,0,0,0,0
186,186,12,180.9,0,0,11,160.5,2.92858172314,7,3,2,96.8,49.4,34.7,0,0,0,0,0,0
187,187,12,181.9,0,0,11,159.8,3.27093490481,7,3,2,97.2,49.7,35.0,0,0,0,0,0,0
188,188,12,190.2,0,0,10,146.5,3.42012758933,7,3,2,102.1,50.2,37.9,0,0,0,0,0,0
189,189,12,188.4,0,0,10,146.0,3.24177280344,7,3,2,101.6,49.0,37.8,0,0,0,0,0,0
190,190,11,172.7,0,0,9,130.7,3.33976047045,6,3,2,87.2,49.5,36.0,0,0,0,0,0,0
191,191,11,173.1,0,0,9,130.8,3.37794988929,6,3,2,87.2,49.7,36.2,0,0,0,0,0,0
192,192,11,171.8,0,0,9,129.3,3.33131150805,6,3,2,85.4,50.9,35.5,0,0,0,0,0,0
193,193,11,175.1,0,0,9,131.5,3.60383633974,6,3,2,87.6,51.3,36.2,0,0,0,0,0,0
194,194,11,174.7,0,0,9,131.3,3.63780653191,6,3,2,88.4,50.8,35.5,0,0,0,0,0,0
195,195,11,174.5,0,0,9,132.6,3.30462485837,6,3,2,89.7,50.3,34.5,0,0,0,0,0,0
196,196,11,174.1,0,0,9,131.0,3.30396456067,6,3,2,86.7,50.7,36.7,0,0,0,0,0,0
197,197,11,176.2,0,0,10,153.7,3.2972164569,6,3,2,89.6,51.2,35.4,0,0,0,0,0,0
198,198,10,166.6,0,0,8,122.0,3.71250140292,5,3,2,77.7,51.7,37.2,0,0,0,0,0,0
199,199,10,164.1,0,0,8,120.1,3.69788227684,5,3,2,75.8,52.0,36.3,0,0,0,0,0,0
200,200,10,162.4,0,0,8,117.9,3.66915067375,5,3,2,73.6,51.4,37.4,0,0,0,0,0,0
201,201,10,160.4,0,0,8,117.3,3.50149174559,5,3,2,74.4,51.4,34.6,0,0,0,0,0,0
202,202,10,161.0,0,0,8,117.3,3.56806826043,5,3,2,74.4,50.8,35.8,0,0,0,0,0,0
203,203,10,160.7,0,0,8,117.9,3.41924293115,5,3,2,75.0,50.1,35.6,0,0,0,0,0,0
204,204,10,161.3,0,0,8,117.1,3.62400944321,5,3,2,73.3,51.5,36.5,0,0,0,0,0,0
205,205,10,159.7,0,0,8,116.6,3.52264105466,5,3,2,72.8,50.8,36.1,0,0,0,0,0,0
206,206,10,161.7,0,0,8,118.3,3.59723659371,5,3,2,74.5,51.4,35.8,0,0,0,0,0,0
207,207,10,162.3,0,0,8,118.8,3.55685566508,5,3,2,75.0,51.3,36.0,0,0,0,0,0,0
208,208,10,159.5,0,0,9,138.8,2.72447752382,5,3,2,73.7,50.0,35.8,0,0,0,0,0,0
209,209,9,147.8,0,0,8,126.8,2.57331390321,4,3,2,61.7,51.7,34.4,0,0,0,0,0,0
210,210,9,147.8,0,0,8,126.6,2.87783676473,4,3,2,62.6,50.5,34.7,0,0,0,0,0,0
211,211,9,145.7,0,0,9,145.7,2.66385268195,4,3,2,61.7,50.5,33.5,0,0,0,0,0,0
212,212,9,141.8,0,0,9,141.8,2.35218574474,4,3,2,59.7,48.8,33.3,0,0,0,0,0,0
213,213,9,143.1,0,0,9,143.1,2.54852898747,4,3,2,59.7,50.6,32.8,0,0,0,0,0,0
214,214,9,144.3,0,0,9,144.3,2.51545224562,4,3,2,60.9,50.6,32.8,0,0,0,0,0,0
215,215,8,128.0,0,0,8,128.0,2.01848599556,3,3,2,48.8,46.1,33.1,0,0,0,0,0,0
216,216,7,111.6,0,0,7,111.6,1.79151438999,3,2,2,50.1,30.1,31.4,0,0,0,0,0,0
217,217,7,111.5,0,0,7,111.5,1.77361616076,3,2,2,50.1,30.1,31.3,0,0,0,0,0,0
218,218,7,113.8,0,0,7,113.8,1.66118144991,3,2,2,51.9,30.1,31.8,0,0,0,0,0,0
219,219,8,129.4,0,0,8,129.4,1.54341920979,3,3,2,51.9,45.6,31.9,0,0,0,0,0,0
220,220,8,128.5,0,0,8,128.5,1.5711119811,3,3,2,48.5,47.0,33.0,0,0,0,0,0,0
221,221,8,132.0,0,0,8,132.0,1.60623784042,3,3,2,52.0,46.4,33.6,0,0,0,0,0,0
222,222,8,130.7,0,0,8,130.7,1.37002346174,3,3,2,51.5,46.8,32.4,0,0,0,0,0,0
223,223,8,130.7,0,0,8,130.7,1.56016253732,3,3,2,51.5,46.5,32.7,0,0,0,0,0,0
224,224,9,138.9,0,0,9,138.9,1.9735754356,4,3,2,60.8,46.0,32.1,0,0,0,0,0,0
225,225,9,137.7,0,0,9,137.7,1.85809041761,4,3,2,59.7,46.1,31.9,0,0,0,0,0,0
226,226,9,141.1,0,0,9,141.1,2.02038225206,4,3,2,61.0,47.3,32.8,0,0,0,0,0,0
227,227,9,139.4,0,0,9,139.4,1.77935693752,4,3,2,61.0,47.1,31.3,0,0,0,0,0,0
228,228,9,138.5,0,0,9,138.5,1.75459713641,4,3,2,60.0,47.2,31.3,0,0,0,0,0,0
229,229,9,140.4,0,0,9,140.4,2.11482859826,4,3,2,60.0,49.6,30.8,0,0,0,0,0,0
230,230,9,143.3,0,0,9,143.3,2.29661586785,4,3,2,62.5,49.3,31.5,0,0,0,0,0,0
231,231,9,144.3,0,0,9,144.3,2.27815714998,4,3,2,64.1,47.0,33.2,0,0,0,0,0,0
232,232,9,144.7,0,0,9,144.7,2.33172563661,4,3,2,64.2,47.3,33.2,0,0,0,0,0,0
233,233,9,144.2,0,0,8,123.6,2.49688695067,4,3,2,64.6,49.1,30.5,0,0,0,0,0,0
234,234,9,142.5,0,0,9,142.5,2.24332342742,4,3,2,63.0,49.0,30.5,0,0,0,0,0,0
235,235,9,145.3,0,0,8,124.4,2.6505240572,4,3,2,63.3,50.5,31.5,0,0,0,0,0,0
236,236,11,172.6,0,0,10,151.6,2.7038692814,6,3,2,89.9,50.6,32.1,0,0,0,0,0,0
237,237,11,173.4,0,0,10,151.4,2.79652381619,6,3,2,88.2,53.1,32.1,0,0,0,0,0,0
238,238,11,171.3,0,0,11,171.3,2.56362669244,6,3,2,89.8,51.0,30.5,0,0,0,0,0,0
239,239,11,172.7,0,0,10,151.8,2.76079698638,6,3,2,89.7,52.5,30.5,0,0,0,0,0,0
240,240,11,173.6,0,0,10,151.5,2.90131631568,6,3,2,89.2,53.7,30.7,0,0,0,0,0,0
241,241,11,173.3,0,0,10,151.7,2.80833175973,6,3,2,89.4,53.2,30.7,0,0,0,0,0,0
242,242,11,172.3,0,0,10,149.6,3.04212844149,6,3,2,88.7,54.4,29.2,0,0,0,0,0,0
243,243,11,175.0,0,0,10,152.1,3.2113718394,6,3,2,87.7,55.3,32.0,0,0,0,0,0,0
244,244,11,176.5,0,0,10,154.0,3.13093073586,6,3,2,89.8,54.7,32.0,0,0,0,0,0,0
245,245,11,176.1,0,0,10,153.2,3.25406040062,6,3,2,89.0,55.1,32.0,0,0,0,0,0,0
246,246,10,158.3,0,0,9,135.1,3.59198181139,6,3,1,90.7,52.9,14.7,0,0,0,0,0,0
247,247,10,159.1,0,0,9,135.7,3.66831781005,6,3,1,90.4,54.0,14.7,0,0,0,0,0,0
248,248,10,159.3,0,0,9,136.8,3.5730628007,6,3,1,91.5,53.1,14.7,0,0,0,0,0,0
249,249,10,153.8,0,0,9,130.5,3.69016711455,6,3,1,86.0,53.1,14.7,0,0,0,0,0,0
250,250,10,153.7,0,0,9,130.4,3.69505675795,6,3,1,86.9,53.1,13.7,0,0,0,0,0,0
251,251,11,168.2,0,0,10,145.2,3.49498341783,7,3,1,102.0,52.5,13.7,0,0,0,0,0,0
252,252,11,170.7,0,0,10,147.2,3.62734563609,7,3,1,103.0,54.0,13.7,0,0,0,0,0,0
253,253,11,166.6,0,0,10,143.2,3.49094933689,7,3,1,99.0,53.9,13.7,0,0,0,0,0,0
254,254,11,161.8,0,0,10,139.2,3.02868108108,7,3,1,96.5,51.6,13.7,0,0,0,0,0,0
255,255,11,166.3,0,0,10,142.7,3.49966232137,7,3,1,100.4,52.6,13.3,0,0,0,0,0,0
256,256,11,167.1,0,0,10,143.3,3.61481798863,7,3,1,101.0,52.8,13.3,0,0,0,0,0,0
257,257,11,165.8,0,0,10,143.4,3.30305643582,7,3,1,101.1,51.4,13.3,0,0,0,0,0,0
258,258,10,155.1,0,0,9,131.5,3.52623500824,6,3,1,89.0,51.4,14.7,0,0,0,0,0,0
259,259,9,140.2,0,0,8,117.7,3.17992837096,5,3,1,72.8,50.3,17.1,0,0,0,0,0,0
260,260,9,142.9,0,0,8,119.8,3.57937766161,5,3,1,74.9,50.9,17.1,0,0,0,0,0,0
261,261,9,144.1,0,0,8,120.9,3.56876885089,5,3,1,77.2,51.8,15.1,0,0,0,0,0,0
262,262,9,148.9,0,0,7,105.1,3.87624531961,5,3,1,77.7,56.1,15.1,0,0,0,0,0,0
263,263,9,147.2,0,0,8,125.5,3.3608448012,5,3,1,77.4,54.0,15.8,0,0,0,0,0,0
264,264,9,143.8,0,0,8,123.5,3.04293352613,5,3,1,76.2,51.8,15.8,0,0,0,0,0,0
265,265,9,147.4,0,0,7,104.2,3.65813401127,5,3,1,77.5,54.1,15.8,0,0,0,0,0,0
266,266,7,121.4,0,0,5,80.2,2.96864567486,4,2,1,64.6,41.2,15.6,0,0,0,0,0,0
267,267,7,119.2,0,0,6,98.9,2.77291320078,4,2,1,63.6,40.0,15.6,0,0,0,0,0,0
268,268,7,117.9,0,0,6,97.5,2.57802065085,4,2,1,63.0,38.9,16.0,0,0,0,0,0,0
269,269,7,118.1,0,0,7,118.1,2.55780784118,4,2,1,64.0,38.1,16.0,0,0,0,0,0,0
270,270,7,119.1,0,0,6,98.7,2.77274146615,4,2,1,63.8,39.3,16.0,0,0,0,0,0,0
271,271,7,121.5,0,0,4,58.9,3.44134525191,4,2,1,64.4,42.0,15.1,0,0,0,0,0,0
272,272,7,116.6,0,0,6,96.0,2.70546184773,4,2,1,62.3,39.2,15.1,0,0,0,0,0,0
273,273,7,119.8,0,0,5,78.8,3.15881231448,4,2,1,64.1,40.6,15.1,0,0,0,0,0,0
274,274,7,120.3,0,0,4,59.3,3.10023040618,4,2,1,64.5,40.7,15.1,0,0,0,0,0,0
275,275,6,105.0,0,0,5,83.6,2.67955220139,3,2,1,50.0,39.8,15.2,0,0,0,0,0,0
276,276,6,104.4,0,0,6,104.4,2.39916652194,3,2,1,49.9,39.3,15.2,0,0,0,0,0,0
277,277,6,103.6,0,0,5,82.5,3.01175474876,3,2,1,47.5,40.9,15.2,0,0,0,0,0,0
278,278,6,102.1,0,0,4,61.9,3.05575958915,3,2,1,48.8,39.2,14.1,0,0,0,0,0,0
279,279,6,100.4,0,0,5,80.0,2.8047578624,3,2,1,47.2,39.1,14.1,0,0,0,0,0,0
280,280,7,118.5,0,0,6,98.2,2.8146724414,4,2,1,62.7,40.1,15.7,0,0,0,0,0,0
281,281,7,117.1,0,0,6,96.8,3.15685195816,4,2,1,61.1,40.3,15.7,0,0,0,0,0,0
282,282,7,117.2,0,0,6,96.3,3.10851365493,4,2,1,61.4,40.5,15.3,0,0,0,0,0,0
283,283,7,117.6,0,0,6,96.4,2.98607881119,4,2,1,61.8,39.3,16.5,0,0,0,0,0,0
284,284,7,115.5,0,0,7,115.5,2.54689353265,4,2,1,61.2,37.8,16.5,0,0,0,0,0,0
285,285,7,116.5,0,0,7,116.5,2.47309330115,4,2,1,60.7,38.7,17.1,0,0,0,0,0,0
286,286,7,116.7,0,0,6,96.6,2.56626465621,4,2,1,61.1,38.5,17.1,0,0,0,0,0,0
287,287,7,116.5,0,0,7,116.5,2.55724926621,4,2,1,61.6,37.8,17.1,0,0,0,0,0,0
288,288,7,113.3,0,0,7,113.3,2.62769136406,4,2,1,61.9,36.7,14.7,0,0,0,0,0,0
289,289,7,107.6,0,0,7,107.6,2.35351813655,4,2,1,58.1,34.8,14.7,0,0,0,0,0,0
290,290,7,113.4,0,0,6,92.8,3.18381322735,4,2,1,59.6,37.2,16.6,0,0,0,0,0,0
291,291,7,111.8,0,0,7,111.8,2.85582112285,4,2,1,59.6,35.6,16.6,0,0,0,0,0,0
292,292,7,110.7,0,0,7,110.7,2.73765627951,4,2,1,58.1,36.4,16.2,0,0,0,0,0,0
293,293,7,109.6,0,0,7,109.6,2.69929444044,4,2,1,58.3,35.1,16.2,0,0,0,0,0,0
294,294,8,120.4,0,0,8,120.4,2.85807127773,5,2,1,69.0,34.9,16.5,0,0,0,0,0,0
295,295,8,119.8,0,0,8,119.8,2.7546065314,5,2,1,68.2,35.1,16.5,0,0,0,0,0,0
296,296,8,117.3,0,0,8,117.3,2.3916148161,5,2,1,68.5,33.3,15.5,0,0,0,0,0,0
297,297,8,119.4,0,0,8,119.4,2.83284309484,5,2,1,70.3,33.6,15.5,0,0,0,0,0,0
298,298,8,121.7,0,0,8,121.7,3.06194965901,5,2,1,71.2,35.0,15.5,0,0,0,0,0,0
299,299,8,119.0,0,0,8,119.0,2.61738691937,5,2,1,69.1,35.2,14.7,0,0,0,0,0,0
300,300,8,121.9,0,0,8,121.9,2.97462482628,5,2,1,71.8,35.4,14.7,0,0,0,0,0,0
301,301,8,122.2,0,0,8,122.2,3.06256195273,5,2,1,72.1,35.4,14.7,0,0,0,0,0,0
302,302,8,119.0,0,0,8,119.0,2.41054232191,5,2,1,70.5,33.8,14.7,0,0,0,0,0,0
303,303,8,121.7,0,0,8,121.7,2.69361016376,5,2,1,72.3,34.7,14.7,0,0,0,0,0,0
304,304,8,123.5,0,0,8,123.5,2.71868534406,5,2,1,71.9,34.7,16.9,0,0,0,0,0,0
305,305,8,121.5,0,0,8,121.5,2.58481140511,5,2,1,70.9,33.0,17.6,0,0,0,0,0,0
306,306,8,121.5,0,0,8,121.5,2.58481140511,5,2,1,70.9,33.0,17.6,0,0,0,0,0,0
307,307,8,121.5,0,0,8,121.5,2.58481140511,5,2,1,70.9,33.0,17.6,0,0,0,0,0,0
308,308,8,118.3,0,0,8,118.3,2.47642455395,5,2,1,71.2,33.0,14.1,0,0,0,0,0,0
309,309,8,114.6,0,0,8,114.6,2.15853786492,5,2,1,71.2,29.3,14.1,0,0,0,0,0,0
310,310,8,114.9,0,0,8,114.9,2.16262902175,5,2,1,71.5,29.3,14.1,0,0,0,0,0,0
311,311,8,117.2,0,0,8,117.2,2.2728207773,5,2,1,71.5,31.6,14.1,0,0,0,0,0,0
312,312,8,119.3,0,0,8,119.3,2.56037804128,5,2,1,72.3,32.9,14.1,0,0,0,0,0,0
313,313,8,116.5,0,0,8,116.5,3.05517710499,5,2,1,71.5,30.9,14.1,0,0,0,0,0,0
314,314,8,119.4,0,0,8,119.4,3.23761375972,5,2,1,70.1,30.9,18.4,0,0,0,0,0,0
315,315,7,105.6,0,0,7,105.6,3.01796210018,4,2,1,56.3,30.9,18.4,0,0,0,0,0,0
316,316,7,100.7,0,0,7,100.7,2.42241516634,4,2,1,56.3,28.0,16.4,0,0,0,0,0,0
317,317,8,113.8,0,0,8,113.8,2.60370614976,5,2,1,67.5,28.0,18.3,0,0,0,0,0,0
318,318,8,114.5,0,0,8,114.5,2.43336187198,5,2,1,67.3,29.2,18.0,0,0,0,0,0,0
319,319,8,114.6,0,0,8,114.6,2.45516947335,5,2,1,67.3,29.2,18.1,0,0,0,0,0,0
320,320,7,104.9,0,0,7,104.9,2.40168591579,4,2,1,55.9,30.7,18.3,0,0,0,0,0,0
321,321,7,104.9,0,0,7,104.9,2.40168591579,4,2,1,55.9,30.7,18.3,0,0,0,0,0,0
322,322,7,104.7,0,0,7,104.7,2.31001958351,4,2,1,56.0,30.7,18.0,0,0,0,0,0,0
323,323,7,104.7,0,0,7,104.7,2.38107618726,4,2,1,56.0,30.3,18.4,0,0,0,0,0,0
324,324,7,102.6,0,0,7,102.6,2.38946098724,4,2,1,53.4,30.3,18.9,0,0,0,0,0,0
325,325,7,100.8,0,0,7,100.8,2.32952069462,4,2,1,53.4,29.9,17.5,0,0,0,0,0,0
326,326,7,100.8,0,0,7,100.8,2.32952069462,4,2,1,53.4,29.9,17.5,0,0,0,0,0,0
327,327,8,118.9,0,0,8,118.9,2.07153324859,5,2,1,67.5,33.6,17.8,0,0,0,0,0,0
328,328,8,116.9,0,0,8,116.9,1.87421412102,5,2,1,67.5,31.6,17.8,0,0,0,0,0,0
329,329,8,115.0,0,0,8,115.0,1.48492424049,5,2,1,67.5,31.4,16.1,0,0,0,0,0,0
330,330,8,116.5,0,0,8,116.5,1.7959776486,5,2,1,67.5,31.4,17.6,0,0,0,0,0,0
331,331,9,129.1,0,0,9,129.1,1.78823314413,6,2,1,80.1,31.4,17.6,0,0,0,0,0,0
332,332,9,130.4,0,0,9,130.4,1.66841574888,6,2,1,82.3,30.4,17.7,0,0,0,0,0,0
333,333,9,128.7,0,0,9,128.7,1.79373911147,6,2,1,80.6,30.4,17.7,0,0,0,0,0,0
334,334,9,134.5,0,0,9,134.5,1.86085404526,6,2,1,84.1,32.6,17.8,0,0,0,0,0,0
335,335,9,134.5,0,0,9,134.5,1.86085404526,6,2,1,84.1,32.6,17.8,0,0,0,0,0,0
336,336,9,133.8,0,0,9,133.8,1.78325545001,6,2,1,84.1,32.1,17.6,0,0,0,0,0,0
337,337,9,130.1,0,0,9,130.1,1.82969335622,6,2,1,80.7,32.1,17.3,0,0,0,0,0,0
338,338,9,130.2,0,0,9,130.2,1.83915741577,6,2,1,80.7,32.2,17.3,0,0,0,0,0,0
339,339,10,141.1,0,0,10,141.1,1.9046434487,6,2,2,79.7,32.2,29.2,0,0,0,0,0,0
340,340,10,143.7,0,0,10,143.7,2.29639814589,6,2,2,80.0,33.3,30.4,0,0,0,0,0,0
341,341,10,135.2,0,0,10,135.2,2.27927863832,6,2,2,77.5,28.1,29.6,0,0,0,0,0,0
342,342,10,135.7,0,0,10,135.7,2.37956578672,6,2,2,77.5,28.1,30.1,0,0,0,0,0,0
343,343,10,136.8,0,0,10,136.8,2.62034772926,6,2,2,77.5,28.1,31.2,0,0,0,0,0,0
344,344,10,134.4,0,0,10,134.4,2.14797061846,6,2,2,77.3,28.1,29.0,0,0,0,0,0,0
345,345,10,135.6,0,0,10,135.6,2.27849853095,6,2,2,77.3,25.2,33.1,0,0,0,0,0,0
346,346,10,136.0,0,0,10,136.0,1.93275853524,6,2,2,79.3,25.2,31.5,0,0,0,0,0,0
347,347,10,137.2,0,0,10,137.2,2.21198754266,6,2,2,79.3,25.2,32.7,0,0,0,0,0,0
348,348,10,137.8,0,0,10,137.8,2.09273876907,6,2,2,79.3,26.7,31.8,0,0,0,0,0,0
349,349,10,139.8,0,0,10,139.8,2.43894330489,6,2,2,78.7,26.7,34.4,0,0,0,0,0,0
350,350,10,138.0,0,0,10,138.0,2.08433309345,6,2,2,78.7,26.7,32.6,0,0,0,0,0,0
351,351,10,140.8,0,0,10,140.8,2.53543772245,6,2,2,78.7,26.9,35.2,0,0,0,0,0,0
352,352,10,139.6,0,0,10,139.6,2.29937189491,6,2,2,78.7,26.9,34.0,0,0,0,0,0,0
353,353,10,141.6,0,0,10,141.6,2.73382109469,6,2,2,78.3,26.9,36.4,0,0,0,0,0,0
354,354,10,138.9,0,0,10,138.9,2.32352701249,6,2,2,77.5,26.9,34.5,0,0,0,0,0,0
355,355,10,138.1,0,0,10,138.1,2.19770081879,6,2,2,77.5,26.9,33.7,0,0,0,0,0,0
356,356,10,139.1,0,0,10,139.1,2.32782683587,6,2,2,80.2,24.8,34.1,0,0,0,0,0,0
357,357,10,138.8,0,0,10,138.8,2.28803651875,6,2,2,80.2,24.8,33.8,0,0,0,0,0,0
358,358,10,140.6,0,0,10,140.6,2.67216100646,6,2,2,80.6,24.8,35.2,0,0,0,0,0,0
359,359,10,141.0,0,0,10,141.0,2.62212805857,6,2,2,80.6,24.8,35.6,0,0,0,0,0,0
360,360,10,141.8,0,0,10,141.8,2.86736425621,6,2,2,78.4,26.8,36.6,0,0,0,0,0,0
361,361,10,141.6,0,0,10,141.6,2.83674304637,6,2,2,78.4,26.8,36.4,0,0,0,0,0,0
362,362,10,140.8,0,0,10,140.8,2.8204806525,6,2,2,77.2,27.1,36.5,0,0,0,0,0,0
363,363,10,139.4,0,0,10,139.4,2.58078368804,6,2,2,78.0,27.1,34.3,0,0,0,0,0,0
364,364,10,140.9,0,0,10,140.9,2.18349872147,6,2,2,78.8,27.1,35.0,0,0,0,0,0,0
365,365,10,142.4,0,0,10,142.4,1.90216251204,6,2,2,81.4,27.1,33.9,0,0,0,0,0,0
366,366,10,145.5,0,0,10,145.5,2.06518764281,6,2,2,83.3,27.1,35.1,0,0,0,0,0,0
367,367,10,145.7,0,0,10,145.7,2.14167639427,6,2,2,83.3,27.1,35.3,0,0,0,0,0,0
368,368,9,135.7,0,0,9,135.7,2.05291121202,5,2,2,72.4,27.1,36.2,0,0,0,0,0,0
369,369,9,137.6,0,0,9,137.6,2.42973478205,5,2,2,72.4,27.1,38.1,0,0,0,0,0,0
370,370,9,138.4,0,0,9,138.4,2.59074206444,5,2,2,72.2,27.1,39.1,0,0,0,0,0,0
371,371,9,136.7,0,0,8,115.9,2.90363756538,5,2,2,69.7,27.1,39.9,0,0,0,0,0,0
372,372,9,136.8,0,0,8,116.0,2.86443711748,5,2,2,70.2,27.1,39.5,0,0,0,0,0,0
373,373,9,135.8,0,0,9,135.8,2.68255682346,5,2,2,70.7,27.1,38.0,0,0,0,0,0,0
374,374,9,133.2,0,0,9,133.2,3.20195252932,5,2,2,69.1,25.5,38.6,0,0,0,0,0,0
375,375,9,131.8,0,0,9,131.8,2.99420737054,5,2,2,69.1,25.5,37.2,0,0,0,0,0,0
376,376,10,146.6,0,0,10,146.6,2.96430617702,6,2,2,82.3,25.5,38.8,0,0,0,0,0,0
377,377,10,146.2,0,0,10,146.2,2.87471737741,6,2,2,82.4,25.5,38.3,0,0,0,0,0,0
378,378,10,148.8,0,0,10,148.8,2.47377354573,6,2,2,82.8,27.8,38.2,0,0,0,0,0,0
379,379,10,147.2,0,0,10,147.2,2.22550868093,6,2,2,82.8,27.8,36.6,0,0,0,0,0,0
380,380,10,148.7,0,0,10,148.7,2.48061372334,6,2,2,83.0,27.8,37.9,0,0,0,0,0,0
381,381,10,147.0,0,0,10,147.0,2.1623032987,6,2,2,83.0,27.8,36.2,0,0,0,0,0,0
382,382,9,136.7,0,0,9,136.7,2.76154143751,6,1,2,83.5,14.4,38.8,0,0,0,0,0,0
383,383,9,137.7,0,0,8,117.0,2.98077171216,6,1,2,83.5,14.4,39.8,0,0,0,0,0,0
384,384,9,137.0,0,0,8,116.4,2.8669573496,6,1,2,83.5,14.4,39.1,0,0,0,0,0,0
385,385,9,135.5,0,0,9,135.5,2.56715363346,6,1,2,83.5,14.4,37.6,0,0,0,0,0,0
386,386,8,122.6,0,0,7,101.6,3.16442276388,5,1,2,67.9,14.4,40.3,0,0,0,0,0,0
387,387,8,121.8,0,0,8,121.8,2.79220854727,5,1,2,68.5,14.4,38.9,0,0,0,0,0,0
388,388,8,119.6,0,0,8,119.6,2.80407866203,5,1,2,67.7,14.1,37.8,0,0,0,0,0,0
389,389,9,133.7,0,0,9,133.7,3.02328923158,5,2,2,65.5,31.4,36.8,0,0,0,0,0,0
390,390,9,130.8,0,0,9,130.8,2.7748873851,5,2,2,65.5,30.9,34.4,0,0,0,0,0,0
391,391,9,130.5,0,0,9,130.5,2.80267729145,5,2,2,65.5,30.6,34.4,0,0,0,0,0,0
392,392,9,128.4,0,0,9,128.4,2.57439313237,5,2,2,64.0,28.6,35.8,0,0,0,0,0,0
393,393,9,128.2,0,0,9,128.2,2.59138530091,5,2,2,64.0,28.4,35.8,0,0,0,0,0,0
