,e_id,num_sat,sum_snr,num_sat_25,sum_snr_25,snr_std,elev_0_30,elev_30_60,elev_60_90,elev_0_30_25,elev_30_60_25,elev_60_90_25
1,1,7,108.1,0,0,3.27712126866,3,2,2,0,0,0
2,2,7,115.1,0,0,3.54253070693,3,2,2,0,0,0
3,3,6,97.6,0,0,3.80823668732,3,1,2,0,0,0
4,4,7,110.9,0,0,3.25005494459,3,1,3,0,0,0
5,5,7,115.1,0,0,3.97360337849,3,1,3,0,0,0
6,6,8,127.6,0,0,3.64613298088,4,1,3,0,0,0
7,7,8,126.8,0,0,3.41760149813,4,1,3,0,0,0
8,8,8,127.9,0,0,3.55545355756,4,1,3,0,0,0
9,9,8,128.7,0,0,3.77337950081,4,1,3,0,0,0
10,10,8,128.6,0,0,3.80966815203,4,1,3,0,0,0
11,11,8,130.1,0,0,4.06797159001,4,1,3,0,0,0
12,12,8,129.3,0,0,3.81348640635,4,1,3,0,0,0
13,13,9,141.7,0,0,3.42640887487,4,2,3,0,0,0
14,14,9,143.7,0,0,3.70540146273,4,2,3,0,0,0
15,15,9,144.9,0,0,3.87588699526,4,2,3,0,0,0
16,16,8,133.5,0,0,3.95056505904,3,2,3,0,0,0
17,17,7,112.2,0,0,5.02849025909,2,2,3,0,0,0
18,18,7,113.8,0,0,4.77523372652,2,2,3,0,0,0
19,19,7,112.3,0,0,4.66578222911,2,2,3,0,0,0
20,20,7,119.1,0,0,5.17668767052,2,2,3,0,0,0
21,21,7,118.4,0,0,4.87149141141,2,2,3,0,0,0
22,22,7,117.2,0,0,4.75740025044,2,2,3,0,0,0
23,23,7,121.5,0,0,5.11040022662,2,2,3,0,0,0
24,24,7,119.9,0,0,5.08255653706,2,2,3,0,0,0
25,25,7,119.6,0,0,5.06406574846,2,2,3,0,0,0
26,26,7,122.0,0,0,5.25791919734,2,2,3,0,0,0
27,27,7,120.5,0,0,5.10373346072,2,2,3,0,0,0
28,28,7,117.2,0,0,4.84934949,2,2,3,0,0,0
29,29,7,121.9,0,0,5.33867292231,2,2,3,0,0,0
30,30,6,105.6,0,0,4.91690959852,1,2,3,0,0,0
31,31,6,106.0,0,0,4.87018137924,1,2,3,0,0,0
32,32,6,105.9,0,0,5.01946212258,1,2,3,0,0,0
33,33,6,107.6,0,0,5.13290041465,1,2,3,0,0,0
34,34,6,107.8,0,0,5.22863908361,1,2,3,0,0,0
35,35,6,108.3,0,0,5.02623119245,1,2,3,0,0,0
36,36,5,99.5,0,0,1.92743352674,1,1,3,0,0,0
37,37,5,96.4,0,0,2.81016013779,1,1,3,0,0,0
38,38,5,92.7,0,0,2.12790977252,1,1,3,0,0,0
39,39,6,108.3,0,0,3.27398839338,2,1,3,0,0,0
40,40,6,105.9,0,0,2.85569606226,2,1,3,0,0,0
41,41,6,107.5,0,0,3.09994623609,2,1,3,0,0,0
42,42,6,105.9,0,0,3.25499615975,2,1,3,0,0,0
43,43,6,107.3,0,0,2.83084204198,2,1,3,0,0,0
44,44,6,107.8,0,0,3.06311388405,2,1,3,0,0,0
45,45,6,106.7,0,0,3.21460210083,2,1,3,0,0,0
46,46,6,106.7,0,0,2.29731727601,2,1,3,0,0,0
47,47,6,108.3,0,0,2.77470719176,2,1,3,0,0,0
48,48,6,110.3,0,0,3.06686593555,2,1,3,0,0,0
49,49,6,109.5,0,0,2.95414962383,2,1,3,0,0,0
50,50,6,111.3,0,0,2.9228410836,2,1,3,0,0,0
51,51,6,111.3,0,0,2.65838296714,2,1,3,0,0,0
52,52,6,109.6,0,0,2.58198889747,2,1,3,0,0,0
53,53,6,110.2,0,0,2.10396451174,2,1,3,0,0,0
54,54,6,111.7,0,0,2.08078510824,2,1,3,0,0,0
55,55,6,111.4,0,0,2.384673283,2,1,3,0,0,0
56,56,7,127.5,0,0,2.88699877117,3,1,3,0,0,0
57,57,7,127.0,0,0,2.42133375288,3,1,3,0,0,0
58,58,7,125.3,0,0,2.74529901225,3,1,3,0,0,0
59,59,7,123.3,0,0,2.06189926316,3,1,3,0,0,0
60,60,7,121.5,0,0,2.59027485212,3,0,4,0,0,0
61,61,7,123.2,0,0,2.61979642975,3,0,4,0,0,0
62,62,7,123.5,0,0,3.0977718567,3,0,4,0,0,0
63,63,7,122.9,0,0,2.62859730836,3,0,4,0,0,0
64,64,7,125.0,0,0,2.45822235423,3,0,4,0,0,0
65,65,7,120.9,0,0,2.52567765541,3,0,4,0,0,0
66,66,7,123.6,0,0,2.35786424748,3,0,4,0,0,0
67,67,7,124.5,0,0,2.2682067597,3,0,4,0,0,0
68,68,7,125.2,0,0,2.06028199642,3,0,4,0,0,0
69,69,7,127.0,0,0,2.23073765293,3,0,4,0,0,0
70,70,6,106.0,0,0,2.28968702374,3,0,3,0,0,0
71,71,6,104.1,0,0,1.48425065269,3,0,3,0,0,0
72,72,6,109.5,0,0,1.98670581617,3,0,3,0,0,0
73,73,6,105.7,0,0,1.73483908956,3,0,3,0,0,0
74,74,6,105.9,0,0,2.42218909254,3,0,3,0,0,0
75,75,6,104.2,0,0,2.61508444733,3,0,3,0,0,0
76,76,6,101.9,0,0,2.62634092735,3,0,3,0,0,0
77,77,7,114.5,0,0,2.63113229292,4,0,3,0,0,0
78,78,7,113.6,0,0,2.12658904172,4,0,3,0,0,0
79,79,7,115.5,0,0,2.79583022851,4,0,3,0,0,0
80,80,7,112.8,0,0,2.03750547764,4,0,3,0,0,0
81,81,7,118.9,0,0,3.10291721419,4,0,3,0,0,0
82,82,7,119.2,0,0,3.10092152202,4,0,3,0,0,0
83,83,7,121.7,0,0,2.76853064003,4,0,3,0,0,0
84,84,7,124.0,0,0,3.49496236099,4,0,3,0,0,0
85,85,8,134.0,0,0,3.36154726279,4,1,3,0,0,0
86,86,8,130.4,0,0,3.1355108948,4,1,3,0,0,0
87,87,8,129.6,0,0,2.95779840905,4,1,3,0,0,0
88,88,8,131.7,0,0,2.45003644288,4,1,3,0,0,0
89,89,8,134.6,0,0,2.7530502564,4,1,3,0,0,0
90,90,8,133.2,0,0,2.4172002695,4,1,3,0,0,0
91,91,8,134.3,0,0,2.62647917508,4,1,3,0,0,0
92,92,8,136.2,0,0,2.38312519904,4,1,3,0,0,0
93,93,8,140.3,0,0,1.94637942271,4,1,3,0,0,0
94,94,8,138.7,0,0,2.32927793839,4,1,3,0,0,0
95,95,8,141.2,0,0,2.53377189186,4,1,3,0,0,0
96,96,8,139.6,0,0,1.91982142027,4,1,3,0,0,0
97,97,8,140.8,0,0,1.83380946198,4,1,3,0,0,0
98,98,8,138.9,0,0,2.45353243887,4,1,3,0,0,0
99,99,9,158.5,0,0,2.68069228206,4,1,4,0,0,0
100,100,9,154.7,0,0,2.41166148352,4,1,4,0,0,0
101,101,9,159.8,0,0,2.57541798118,4,1,4,0,0,0
102,102,9,156.2,0,0,2.4469936203,4,1,4,0,0,0
103,103,10,172.0,0,0,2.61023626006,4,2,4,0,0,0
104,104,10,170.9,0,0,2.50131076749,4,2,4,0,0,0
105,105,10,171.7,0,0,2.38516246826,4,2,4,0,0,0
106,106,10,174.9,0,0,2.90151301527,4,2,4,0,0,0
107,107,10,175.2,0,0,2.70793073931,4,2,4,0,0,0
108,108,10,175.5,0,0,2.60821352227,4,2,4,0,0,0
109,109,10,176.1,0,0,2.92249893071,4,2,4,0,0,0
110,110,10,173.4,0,0,2.81630175151,4,2,4,0,0,0
111,111,10,174.2,0,0,2.5468062789,4,2,4,0,0,0
112,112,10,178.1,0,0,2.75174691989,4,2,4,0,0,0
113,113,10,177.6,0,0,2.64079112725,4,2,4,0,0,0
114,114,10,183.1,0,0,2.09308384925,4,2,4,0,0,0
115,115,10,180.2,0,0,2.01538526783,4,2,4,0,0,0
116,116,10,185.0,0,0,2.25092573548,4,2,4,0,0,0
117,117,10,183.4,0,0,2.46810768719,4,2,4,0,0,0
118,118,10,180.9,0,0,1.76852103936,4,2,4,0,0,0
119,119,10,181.5,0,0,1.94322183785,4,2,4,0,0,0
120,120,10,183.0,0,0,2.02484567313,4,2,4,0,0,0
121,121,10,183.2,0,0,1.85998805253,4,2,4,0,0,0
122,122,10,185.9,0,0,1.86812443078,4,2,4,0,0,0
123,123,9,164.6,0,0,1.52105591978,4,2,3,0,0,0
124,124,9,162.0,0,0,1.58823801743,4,2,3,0,0,0
125,125,9,164.9,0,0,1.77607557397,4,2,3,0,0,0
126,126,9,164.5,0,0,1.6611575616,4,2,3,0,0,0
127,127,9,161.8,0,0,1.71156198966,4,2,3,0,0,0
128,128,9,163.4,0,0,2.49454961421,4,2,3,0,0,0
129,129,10,187.2,0,0,2.86620151265,4,2,4,0,0,0
130,130,10,183.9,0,0,2.41359575001,4,2,4,0,0,0
131,131,10,180.9,0,0,2.64971696602,4,2,4,0,0,0
132,132,10,183.5,0,0,2.57174821646,4,2,4,0,0,0
133,133,10,181.0,0,0,2.7345525736,4,2,4,0,0,0
134,134,10,178.9,0,0,2.8629627234,4,2,4,0,0,0
135,135,10,176.9,0,0,2.75699111351,4,2,4,0,0,0
136,136,10,180.4,0,0,2.88605844247,4,2,4,0,0,0
137,137,10,179.6,0,0,2.92126304495,4,2,4,0,0,0
138,138,10,180.6,0,0,2.873712272,4,2,4,0,0,0
139,139,10,178.6,0,0,3.14154951152,4,2,4,0,0,0
140,140,10,179.1,0,0,2.8799884259,4,2,4,0,0,0
141,141,10,180.2,0,0,2.91768553633,4,2,4,0,0,0
142,142,10,182.2,0,0,3.3412572484,4,2,4,0,0,0
143,143,10,179.6,0,0,3.20180504646,4,2,4,0,0,0
144,144,10,180.1,0,0,3.34745342678,4,2,4,0,0,0
145,145,10,177.7,0,0,3.37640505732,4,2,4,0,0,0
146,146,10,174.3,0,0,2.9250071225,4,2,4,0,0,0
147,147,10,169.1,0,0,2.71516318315,4,2,4,0,0,0
148,148,10,171.0,0,0,2.99666481275,4,2,4,0,0,0
149,149,10,170.8,0,0,3.21448112281,4,2,4,0,0,0
150,150,10,168.6,0,0,3.22566100031,4,2,4,0,0,0
151,151,10,172.8,0,0,3.85999424294,4,2,4,0,0,0
152,152,10,169.7,0,0,3.38429378814,4,2,4,0,0,0
153,153,10,168.0,0,0,3.99666527662,4,2,4,0,0,0
154,154,10,161.4,0,0,3.41246082599,4,2,4,0,0,0
155,155,10,163.7,0,0,3.5471584872,4,2,4,0,0,0
156,156,11,172.4,0,0,3.20751957409,5,2,4,0,0,0
157,157,11,176.5,0,0,3.64152815075,5,2,4,0,0,0
158,158,11,171.1,0,0,3.22842489036,5,2,4,0,0,0
159,159,12,185.3,0,0,3.29447425336,6,2,4,0,0,0
160,160,12,183.9,0,0,3.32596534175,6,2,4,0,0,0
161,161,12,186.3,0,0,3.29879454567,6,2,4,0,0,0
162,162,12,179.9,0,0,3.28203327592,6,2,4,0,0,0
163,163,12,179.3,0,0,3.25086235645,6,2,4,0,0,0
164,164,12,181.3,0,0,3.25365761548,6,2,4,0,0,0
165,165,13,193.6,0,0,2.91503617429,6,3,4,0,0,0
166,166,13,194.0,0,0,2.96258722689,6,3,4,0,0,0
167,167,13,197.1,0,0,3.03604415359,6,3,4,0,0,0
168,168,13,197.3,0,0,3.06081520899,6,3,4,0,0,0
169,169,13,196.8,0,0,2.98706613629,6,3,4,0,0,0
170,170,13,200.5,0,0,3.32218649039,6,3,4,0,0,0
171,171,13,199.6,0,0,3.23125759435,6,3,4,0,0,0
172,172,13,196.1,0,0,3.1109607717,6,3,4,0,0,0
173,173,13,196.9,0,0,3.26205849749,6,3,4,0,0,0
174,174,13,198.8,0,0,3.35098531243,6,3,4,0,0,0
175,175,13,197.5,0,0,3.29354457954,6,3,4,0,0,0
176,176,13,196.3,0,0,3.38132124078,6,3,4,0,0,0
177,177,11,170.6,0,0,3.21043752328,5,3,3,0,0,0
178,178,11,174.6,0,0,3.4871452247,5,3,3,0,0,0
179,179,11,172.7,0,0,3.10869747644,5,3,3,0,0,0
180,180,11,171.8,0,0,2.86733959685,5,3,3,0,0,0
181,181,11,175.9,0,0,3.52489845115,6,2,3,0,0,0
182,182,11,174.8,0,0,3.32248537858,6,2,3,0,0,0
183,183,11,172.3,0,0,3.08586218982,6,2,3,0,0,0
184,184,11,169.9,0,0,3.49638774634,6,2,3,0,0,0
185,185,11,168.8,0,0,3.1957357952,6,2,3,0,0,0
186,186,12,180.9,0,0,2.92858172314,7,2,3,0,0,0
187,187,12,181.9,0,0,3.27093490481,7,2,3,0,0,0
188,188,12,190.2,0,0,3.42012758933,7,2,3,0,0,0
189,189,12,188.4,0,0,3.24177280344,7,2,3,0,0,0
190,190,11,172.7,0,0,3.33976047045,6,2,3,0,0,0
191,191,11,173.1,0,0,3.37794988929,6,2,3,0,0,0
192,192,11,171.8,0,0,3.33131150805,6,2,3,0,0,0
193,193,11,175.1,0,0,3.60383633974,6,2,3,0,0,0
194,194,11,174.7,0,0,3.63780653191,6,2,3,0,0,0
195,195,11,174.5,0,0,3.30462485837,6,2,3,0,0,0
196,196,11,174.1,0,0,3.30396456067,6,2,3,0,0,0
197,197,11,176.2,0,0,3.2972164569,6,2,3,0,0,0
198,198,10,166.6,0,0,3.71250140292,5,2,3,0,0,0
199,199,10,164.1,0,0,3.69788227684,5,2,3,0,0,0
200,200,10,162.4,0,0,3.66915067375,5,2,3,0,0,0
201,201,10,160.4,0,0,3.50149174559,5,2,3,0,0,0
202,202,10,161.0,0,0,3.56806826043,5,2,3,0,0,0
203,203,10,160.7,0,0,3.41924293115,5,2,3,0,0,0
204,204,10,161.3,0,0,3.62400944321,5,2,3,0,0,0
205,205,10,159.7,0,0,3.52264105466,5,2,3,0,0,0
206,206,10,161.7,0,0,3.59723659371,5,2,3,0,0,0
207,207,10,162.3,0,0,3.55685566508,5,2,3,0,0,0
208,208,10,159.5,0,0,2.72447752382,5,2,3,0,0,0
209,209,9,147.8,0,0,2.57331390321,4,2,3,0,0,0
210,210,9,147.8,0,0,2.87783676473,4,2,3,0,0,0
211,211,9,145.7,0,0,2.66385268195,4,2,3,0,0,0
212,212,9,141.8,0,0,2.35218574474,4,2,3,0,0,0
213,213,9,143.1,0,0,2.54852898747,4,2,3,0,0,0
214,214,9,144.3,0,0,2.51545224562,4,2,3,0,0,0
215,215,8,128.0,0,0,2.01848599556,3,2,3,0,0,0
216,216,7,111.6,0,0,1.79151438999,3,1,3,0,0,0
217,217,7,111.5,0,0,1.77361616076,3,1,3,0,0,0
218,218,7,113.8,0,0,1.66118144991,3,1,3,0,0,0
219,219,8,129.4,0,0,1.54341920979,3,2,3,0,0,0
220,220,8,128.5,0,0,1.5711119811,3,2,3,0,0,0
221,221,8,132.0,0,0,1.60623784042,3,2,3,0,0,0
222,222,8,130.7,0,0,1.37002346174,3,2,3,0,0,0
223,223,8,130.7,0,0,1.56016253732,3,2,3,0,0,0
224,224,9,138.9,0,0,1.9735754356,4,2,3,0,0,0
225,225,9,137.7,0,0,1.85809041761,4,2,3,0,0,0
226,226,9,141.1,0,0,2.02038225206,4,2,3,0,0,0
227,227,9,139.4,0,0,1.77935693752,4,2,3,0,0,0
228,228,9,138.5,0,0,1.75459713641,4,2,3,0,0,0
229,229,9,140.4,0,0,2.11482859826,4,2,3,0,0,0
230,230,9,143.3,0,0,2.29661586785,4,2,3,0,0,0
231,231,9,144.3,0,0,2.27815714998,4,2,3,0,0,0
232,232,9,144.7,0,0,2.33172563661,4,2,3,0,0,0
233,233,9,144.2,0,0,2.49688695067,4,2,3,0,0,0
234,234,9,142.5,0,0,2.24332342742,4,2,3,0,0,0
235,235,9,145.3,0,0,2.6505240572,4,2,3,0,0,0
236,236,11,172.6,0,0,2.7038692814,6,2,3,0,0,0
237,237,11,173.4,0,0,2.79652381619,6,2,3,0,0,0
238,238,11,171.3,0,0,2.56362669244,6,2,3,0,0,0
239,239,11,172.7,0,0,2.76079698638,6,2,3,0,0,0
240,240,11,173.6,0,0,2.90131631568,6,2,3,0,0,0
241,241,11,173.3,0,0,2.80833175973,6,2,3,0,0,0
242,242,11,172.3,0,0,3.04212844149,6,2,3,0,0,0
243,243,11,175.0,0,0,3.2113718394,6,2,3,0,0,0
244,244,11,176.5,0,0,3.13093073586,6,2,3,0,0,0
245,245,11,176.1,0,0,3.25406040062,6,2,3,0,0,0
246,246,10,158.3,0,0,3.59198181139,6,2,2,0,0,0
247,247,10,159.1,0,0,3.66831781005,6,2,2,0,0,0
248,248,10,159.3,0,0,3.5730628007,6,2,2,0,0,0
249,249,10,153.8,0,0,3.69016711455,6,2,2,0,0,0
250,250,10,153.7,0,0,3.69505675795,6,2,2,0,0,0
251,251,11,168.2,0,0,3.49498341783,7,2,2,0,0,0
252,252,11,170.7,0,0,3.62734563609,7,2,2,0,0,0
253,253,11,166.6,0,0,3.49094933689,7,2,2,0,0,0
254,254,11,161.8,0,0,3.02868108108,7,2,2,0,0,0
255,255,11,166.3,0,0,3.49966232137,7,2,2,0,0,0
256,256,11,167.1,0,0,3.61481798863,7,2,2,0,0,0
257,257,11,165.8,0,0,3.30305643582,7,2,2,0,0,0
258,258,10,155.1,0,0,3.52623500824,6,2,2,0,0,0
259,259,9,140.2,0,0,3.17992837096,5,2,2,0,0,0
260,260,9,142.9,0,0,3.57937766161,5,2,2,0,0,0
261,261,9,144.1,0,0,3.56876885089,5,2,2,0,0,0
262,262,9,148.9,0,0,3.87624531961,5,2,2,0,0,0
263,263,9,147.2,0,0,3.3608448012,5,2,2,0,0,0
264,264,9,143.8,0,0,3.04293352613,5,2,2,0,0,0
265,265,9,147.4,0,0,3.65813401127,5,2,2,0,0,0
266,266,7,121.4,0,0,2.96864567486,4,2,1,0,0,0
267,267,7,119.2,0,0,2.77291320078,4,2,1,0,0,0
268,268,7,117.9,0,0,2.57802065085,4,2,1,0,0,0
269,269,7,118.1,0,0,2.55780784118,4,2,1,0,0,0
270,270,7,119.1,0,0,2.77274146615,4,2,1,0,0,0
271,271,7,121.5,0,0,3.44134525191,4,2,1,0,0,0
272,272,7,116.6,0,0,2.70546184773,4,2,1,0,0,0
273,273,7,119.8,0,0,3.15881231448,4,2,1,0,0,0
274,274,7,120.3,0,0,3.10023040618,4,2,1,0,0,0
275,275,6,105.0,0,0,2.67955220139,3,2,1,0,0,0
276,276,6,104.4,0,0,2.39916652194,3,2,1,0,0,0
277,277,6,103.6,0,0,3.01175474876,3,2,1,0,0,0
278,278,6,102.1,0,0,3.05575958915,3,2,1,0,0,0
279,279,6,100.4,0,0,2.8047578624,3,2,1,0,0,0
280,280,7,118.5,0,0,2.8146724414,4,2,1,0,0,0
281,281,7,117.1,0,0,3.15685195816,4,2,1,0,0,0
282,282,7,117.2,0,0,3.10851365493,4,2,1,0,0,0
283,283,7,117.6,0,0,2.98607881119,4,2,1,0,0,0
284,284,7,115.5,0,0,2.54689353265,4,2,1,0,0,0
285,285,7,116.5,0,0,2.47309330115,4,2,1,0,0,0
286,286,7,116.7,0,0,2.56626465621,4,2,1,0,0,0
287,287,7,116.5,0,0,2.55724926621,4,2,1,0,0,0
288,288,7,113.3,0,0,2.62769136406,4,2,1,0,0,0
289,289,7,107.6,0,0,2.35351813655,4,2,1,0,0,0
290,290,7,113.4,0,0,3.18381322735,4,2,1,0,0,0
291,291,7,111.8,0,0,2.85582112285,4,2,1,0,0,0
292,292,7,110.7,0,0,2.73765627951,4,2,1,0,0,0
293,293,7,109.6,0,0,2.69929444044,4,2,1,0,0,0
294,294,8,120.4,0,0,2.85807127773,5,2,1,0,0,0
295,295,8,119.8,0,0,2.7546065314,5,2,1,0,0,0
296,296,8,117.3,0,0,2.3916148161,5,2,1,0,0,0
297,297,8,119.4,0,0,2.83284309484,5,2,1,0,0,0
298,298,8,121.7,0,0,3.06194965901,5,2,1,0,0,0
299,299,8,119.0,0,0,2.61738691937,5,2,1,0,0,0
300,300,8,121.9,0,0,2.97462482628,5,2,1,0,0,0
301,301,8,122.2,0,0,3.06256195273,5,2,1,0,0,0
302,302,8,119.0,0,0,2.41054232191,5,2,1,0,0,0
303,303,8,121.7,0,0,2.69361016376,5,2,1,0,0,0
304,304,8,123.5,0,0,2.71868534406,5,2,1,0,0,0
305,305,8,121.5,0,0,2.58481140511,5,2,1,0,0,0
306,306,8,121.5,0,0,2.58481140511,5,2,1,0,0,0
307,307,8,121.5,0,0,2.58481140511,5,2,1,0,0,0
308,308,8,118.3,0,0,2.47642455395,5,2,1,0,0,0
309,309,8,114.6,0,0,2.15853786492,5,2,1,0,0,0
310,310,8,114.9,0,0,2.16262902175,5,2,1,0,0,0
311,311,8,117.2,0,0,2.2728207773,5,2,1,0,0,0
312,312,8,119.3,0,0,2.56037804128,5,2,1,0,0,0
313,313,8,116.5,0,0,3.05517710499,5,2,1,0,0,0
314,314,8,119.4,0,0,3.23761375972,5,2,1,0,0,0
315,315,7,105.6,0,0,3.01796210018,4,2,1,0,0,0
316,316,7,100.7,0,0,2.42241516634,4,2,1,0,0,0
317,317,8,113.8,0,0,2.60370614976,5,2,1,0,0,0
318,318,8,114.5,0,0,2.43336187198,5,2,1,0,0,0
319,319,8,114.6,0,0,2.45516947335,5,2,1,0,0,0
320,320,7,104.9,0,0,2.40168591579,4,2,1,0,0,0
321,321,7,104.9,0,0,2.40168591579,4,2,1,0,0,0
322,322,7,104.7,0,0,2.31001958351,4,2,1,0,0,0
323,323,7,104.7,0,0,2.38107618726,4,2,1,0,0,0
324,324,7,102.6,0,0,2.38946098724,4,2,1,0,0,0
325,325,7,100.8,0,0,2.32952069462,4,2,1,0,0,0
326,326,7,100.8,0,0,2.32952069462,4,2,1,0,0,0
327,327,8,118.9,0,0,2.07153324859,5,2,1,0,0,0
328,328,8,116.9,0,0,1.87421412102,5,2,1,0,0,0
329,329,8,115.0,0,0,1.48492424049,5,2,1,0,0,0
330,330,8,116.5,0,0,1.7959776486,5,2,1,0,0,0
331,331,9,129.1,0,0,1.78823314413,6,2,1,0,0,0
332,332,9,130.4,0,0,1.66841574888,6,2,1,0,0,0
333,333,9,128.7,0,0,1.79373911147,6,2,1,0,0,0
334,334,9,134.5,0,0,1.86085404526,6,2,1,0,0,0
335,335,9,134.5,0,0,1.86085404526,6,2,1,0,0,0
336,336,9,133.8,0,0,1.78325545001,6,2,1,0,0,0
337,337,9,130.1,0,0,1.82969335622,6,2,1,0,0,0
338,338,9,130.2,0,0,1.83915741577,6,2,1,0,0,0
339,339,10,141.1,0,0,1.9046434487,6,2,2,0,0,0
340,340,10,143.7,0,0,2.29639814589,6,2,2,0,0,0
341,341,10,135.2,0,0,2.27927863832,6,2,2,0,0,0
342,342,10,135.7,0,0,2.37956578672,6,2,2,0,0,0
343,343,10,136.8,0,0,2.62034772926,6,2,2,0,0,0
344,344,10,134.4,0,0,2.14797061846,6,2,2,0,0,0
345,345,10,135.6,0,0,2.27849853095,6,2,2,0,0,0
346,346,10,136.0,0,0,1.93275853524,6,2,2,0,0,0
347,347,10,137.2,0,0,2.21198754266,6,2,2,0,0,0
348,348,10,137.8,0,0,2.09273876907,6,2,2,0,0,0
349,349,10,139.8,0,0,2.43894330489,6,2,2,0,0,0
350,350,10,138.0,0,0,2.08433309345,6,2,2,0,0,0
351,351,10,140.8,0,0,2.53543772245,6,2,2,0,0,0
352,352,10,139.6,0,0,2.29937189491,6,2,2,0,0,0
353,353,10,141.6,0,0,2.73382109469,6,2,2,0,0,0
354,354,10,138.9,0,0,2.32352701249,6,2,2,0,0,0
355,355,10,138.1,0,0,2.19770081879,6,2,2,0,0,0
356,356,10,139.1,0,0,2.32782683587,6,2,2,0,0,0
357,357,10,138.8,0,0,2.28803651875,6,2,2,0,0,0
358,358,10,140.6,0,0,2.67216100646,6,2,2,0,0,0
359,359,10,141.0,0,0,2.62212805857,6,2,2,0,0,0
360,360,10,141.8,0,0,2.86736425621,6,2,2,0,0,0
361,361,10,141.6,0,0,2.83674304637,6,2,2,0,0,0
362,362,10,140.8,0,0,2.8204806525,6,2,2,0,0,0
363,363,10,139.4,0,0,2.58078368804,6,2,2,0,0,0
364,364,10,140.9,0,0,2.18349872147,6,2,2,0,0,0
365,365,10,142.4,0,0,1.90216251204,6,2,2,0,0,0
366,366,10,145.5,0,0,2.06518764281,6,2,2,0,0,0
367,367,10,145.7,0,0,2.14167639427,6,2,2,0,0,0
368,368,9,135.7,0,0,2.05291121202,5,2,2,0,0,0
369,369,9,137.6,0,0,2.42973478205,5,2,2,0,0,0
370,370,9,138.4,0,0,2.59074206444,5,2,2,0,0,0
371,371,9,136.7,0,0,2.90363756538,5,2,2,0,0,0
372,372,9,136.8,0,0,2.86443711748,5,2,2,0,0,0
373,373,9,135.8,0,0,2.68255682346,5,2,2,0,0,0
374,374,9,133.2,0,0,3.20195252932,5,2,2,0,0,0
375,375,9,131.8,0,0,2.99420737054,5,2,2,0,0,0
376,376,10,146.6,0,0,2.96430617702,6,2,2,0,0,0
377,377,10,146.2,0,0,2.87471737741,6,2,2,0,0,0
378,378,10,148.8,0,0,2.47377354573,6,2,2,0,0,0
379,379,10,147.2,0,0,2.22550868093,6,2,2,0,0,0
380,380,10,148.7,0,0,2.48061372334,6,2,2,0,0,0
381,381,10,147.0,0,0,2.1623032987,6,2,2,0,0,0
382,382,9,136.7,0,0,2.76154143751,6,1,2,0,0,0
383,383,9,137.7,0,0,2.98077171216,6,1,2,0,0,0
384,384,9,137.0,0,0,2.8669573496,6,1,2,0,0,0
385,385,9,135.5,0,0,2.56715363346,6,1,2,0,0,0
386,386,8,122.6,0,0,3.16442276388,5,1,2,0,0,0
387,387,8,121.8,0,0,2.79220854727,5,1,2,0,0,0
388,388,8,119.6,0,0,2.80407866203,5,1,2,0,0,0
389,389,9,133.7,0,0,3.02328923158,5,2,2,0,0,0
390,390,9,130.8,0,0,2.7748873851,5,2,2,0,0,0
391,391,9,130.5,0,0,2.80267729145,5,2,2,0,0,0
392,392,9,128.4,0,0,2.57439313237,5,2,2,0,0,0
393,393,9,128.2,0,0,2.59138530091,5,2,2,0,0,0
