,e_id,num_sat,sum_snr,num_sat_25,sum_snr_25,num_sat_u20,sum_sat_u20,snr_std,elev_0_30,elev_30_60,elev_60_90,sum_elev_0_30,sum_elev_30_60,sum_elev_60_90,elev_0_30_25,elev_30_60_25,elev_60_90_25,sum_elev_0_30_25,sum_elev_30_60_25,sum_elev_60_90_25
1,1,19,616.6,19,616.6,0,0,3.46816769123,10,7,2,317.8,231.9,66.9,10,7,2,317.8,231.9,66.9
2,2,17,552.8,17,552.8,0,0,2.97368359407,8,7,2,242.0,244.0,66.8,8,7,2,242.0,244.0,66.8
3,3,17,524.9,16,500.8,0,0,3.85479075498,9,6,2,262.5,196.0,66.4,8,6,2,238.4,196.0,66.4
4,4,16,490.0,14,443.3,0,0,4.39340414713,9,5,2,267.3,158.2,64.5,8,4,2,244.1,134.7,64.5
5,5,18,563.1,18,563.1,0,0,4.03211373556,10,6,2,304.4,194.3,64.4,10,6,2,304.4,194.3,64.4
6,6,18,573.3,18,573.3,0,0,3.59758906197,10,6,2,312.5,198.0,62.8,10,6,2,312.5,198.0,62.8
7,7,18,568.2,17,543.7,0,0,3.61353664141,9,7,2,287.6,220.3,60.3,9,6,2,287.6,195.8,60.3
8,8,19,581.8,18,558.1,0,0,3.7723524855,10,7,2,301.1,218.7,62.0,9,7,2,277.4,218.7,62.0
9,9,18,569.7,17,545.8,0,0,3.82564873391,10,6,2,312.3,194.5,62.9,10,5,2,312.3,170.6,62.9
10,10,17,539.4,16,514.8,0,0,3.72906903695,9,6,2,274.3,205.8,59.3,8,6,2,249.7,205.8,59.3
11,11,17,535.6,17,535.6,0,0,3.3711034151,9,6,2,279.2,196.1,60.3,9,6,2,279.2,196.1,60.3
12,12,17,540.0,17,540.0,0,0,3.45143831911,9,6,2,281.4,199.2,59.4,9,6,2,281.4,199.2,59.4
13,13,18,555.7,18,555.7,0,0,3.74272715222,9,7,2,270.8,225.9,59.0,9,7,2,270.8,225.9,59.0
14,14,19,599.6,19,599.6,0,0,3.55610832691,10,7,2,307.7,234.5,57.4,10,7,2,307.7,234.5,57.4
15,15,19,598.9,19,598.9,0,0,3.58477938998,10,7,2,309.5,230.4,59.0,10,7,2,309.5,230.4,59.0
16,16,19,599.1,19,599.1,0,0,3.44851862424,10,7,2,310.8,229.1,59.2,10,7,2,310.8,229.1,59.2
17,17,19,586.8,19,586.8,0,0,3.87216034417,10,7,2,303.8,223.3,59.7,10,7,2,303.8,223.3,59.7
18,18,19,590.1,17,541.9,0,0,4.06342983061,10,7,2,306.1,223.5,60.5,9,6,2,281.7,199.7,60.5
19,19,17,538.0,17,538.0,0,0,3.59585136773,10,5,2,309.0,165.2,63.8,10,5,2,309.0,165.2,63.8
20,20,17,537.9,16,514.3,0,0,3.87960352735,10,5,2,315.5,167.7,54.7,10,5,1,315.5,167.7,31.1
21,21,16,514.2,16,514.2,0,0,3.60700706958,10,5,1,316.3,167.7,30.2,10,5,1,316.3,167.7,30.2
22,22,18,559.1,15,487.8,0,0,4.5418496995,10,6,2,317.3,186.6,55.2,10,4,1,317.3,138.0,32.5
23,23,17,528.0,17,528.0,0,0,3.79276594709,10,5,2,308.2,163.3,56.5,10,5,2,308.2,163.3,56.5
24,24,17,533.7,17,533.7,0,0,3.68009350904,10,5,2,315.0,165.2,53.5,10,5,2,315.0,165.2,53.5
25,25,18,555.5,17,532.0,0,0,3.99943214924,10,6,2,305.3,191.4,58.8,10,5,2,305.3,167.9,58.8
26,26,17,537.9,16,513.0,0,0,3.96154307428,10,5,2,311.4,164.3,62.2,9,5,2,286.5,164.3,62.2
27,27,18,555.6,16,507.6,0,0,4.22360314535,10,6,2,310.0,180.6,65.0,10,4,2,310.0,132.6,65.0
28,28,16,492.5,15,468.0,0,0,3.42232255445,9,5,2,269.0,163.6,59.9,8,5,2,244.5,163.6,59.9
29,29,13,379.3,12,354.7,0,0,3.5726166522,7,4,2,203.4,119.1,56.8,7,3,2,203.4,94.5,56.8
30,30,16,489.3,14,440.3,0,0,4.55034339364,8,7,1,249.3,208.8,31.2,7,6,1,224.7,184.4,31.2
31,31,15,457.3,12,386.1,0,0,4.6049455816,8,6,1,235.2,190.8,31.3,6,5,1,186.6,168.2,31.3
32,32,17,533.6,17,533.6,0,0,4.08363844398,9,6,2,280.1,194.1,59.4,9,6,2,280.1,194.1,59.4
33,33,16,521.3,16,521.3,0,0,3.69976913694,10,4,2,313.6,146.4,61.3,10,4,2,313.6,146.4,61.3
34,34,17,544.2,17,544.2,0,0,3.76611244404,10,5,2,311.5,172.1,60.6,10,5,2,311.5,172.1,60.6
35,35,16,526.8,16,526.8,0,0,3.64206900905,9,5,2,285.8,178.6,62.4,9,5,2,285.8,178.6,62.4
36,36,17,539.2,15,489.8,0,0,4.49433466907,10,5,2,305.8,175.9,57.5,8,5,2,256.4,175.9,57.5
37,37,16,515.5,16,515.5,0,0,4.29685446965,9,5,2,281.0,176.8,57.7,9,5,2,281.0,176.8,57.7
38,38,14,470.2,14,470.2,0,0,3.31380727884,8,5,1,261.0,176.1,33.1,8,5,1,261.0,176.1,33.1
39,39,17,541.7,15,493.3,0,0,4.48803146943,10,5,2,312.1,171.7,57.9,9,5,1,287.6,171.7,34.0
40,40,17,541.4,17,541.4,0,0,3.97541155842,10,6,1,314.0,196.3,31.1,10,6,1,314.0,196.3,31.1
41,41,18,561.1,16,513.6,0,0,4.99326670811,10,6,2,310.4,195.0,55.7,9,6,1,287.2,195.0,31.4
42,42,16,506.4,16,506.4,0,0,3.67586724461,8,5,3,246.9,169.1,90.4,8,5,3,246.9,169.1,90.4
43,43,17,543.1,16,518.5,0,0,4.14700458872,9,6,2,287.1,198.1,57.9,9,5,2,287.1,173.5,57.9
44,44,18,570.8,17,546.5,0,0,4.03454041247,10,7,1,308.5,230.2,32.1,9,7,1,284.2,230.2,32.1
45,45,18,559.1,17,535.9,0,0,4.46241017558,9,7,2,280.6,217.5,61.0,8,7,2,257.4,217.5,61.0
46,46,18,552.7,18,552.7,0,0,4.12516983211,9,7,2,283.9,209.1,59.7,9,7,2,283.9,209.1,59.7
47,47,19,566.0,17,518.7,0,0,4.43319482701,10,7,2,303.8,200.7,61.5,8,7,2,256.5,200.7,61.5
48,48,18,570.5,17,546.5,0,0,3.88670013102,9,7,2,277.3,230.3,62.9,8,7,2,253.3,230.3,62.9
49,49,17,556.2,17,556.2,0,0,4.05527978291,9,6,2,298.7,192.2,65.3,9,6,2,298.7,192.2,65.3
50,50,17,538.4,16,513.5,0,0,4.66539986307,10,5,2,320.8,158.4,59.2,9,5,2,295.9,158.4,59.2
51,51,18,548.1,15,477.4,0,0,5.25315031532,10,7,1,317.7,199.1,31.3,8,6,1,270.9,175.2,31.3
52,52,18,572.1,18,572.1,0,0,4.01925512561,10,7,1,330.7,213.8,27.6,10,7,1,330.7,213.8,27.6
53,53,19,569.0,15,475.0,0,0,5.51929629382,10,7,2,303.6,211.1,54.3,7,6,2,232.7,188.0,54.3
54,54,18,548.5,15,479.8,0,0,5.6355808256,10,6,2,301.9,193.4,53.2,7,6,2,233.2,193.4,53.2
55,55,18,555.5,16,508.5,0,0,4.3830071451,9,7,2,273.5,226.6,55.4,8,7,1,250.8,226.6,31.1
56,56,18,578.7,18,578.7,0,0,3.98840230433,9,7,2,288.0,233.0,57.7,9,7,2,288.0,233.0,57.7
57,57,18,573.2,17,548.6,0,0,4.04885201191,9,7,2,279.4,231.0,62.8,8,7,2,254.8,231.0,62.8
58,58,18,588.0,18,588.0,0,0,4.07040972067,9,7,2,286.1,238.9,63.0,9,7,2,286.1,238.9,63.0
59,59,18,568.3,16,520.5,0,0,4.51426569569,9,7,2,272.3,233.9,62.1,7,7,2,224.5,233.9,62.1
60,60,18,586.8,18,586.8,0,0,4.07084324261,9,7,2,285.4,240.3,61.1,9,7,2,285.4,240.3,61.1
61,61,18,583.7,18,583.7,0,0,3.9949682404,10,7,1,313.1,237.6,33.0,10,7,1,313.1,237.6,33.0
62,62,17,555.3,17,555.3,0,0,3.85745077358,9,7,1,280.5,241.7,33.1,9,7,1,280.5,241.7,33.1
63,63,16,534.3,16,534.3,0,0,3.73657039721,8,7,1,256.7,244.1,33.5,8,7,1,256.7,244.1,33.5
64,64,17,558.5,16,534.7,0,0,4.12024235438,9,7,1,283.2,243.1,32.2,8,7,1,259.4,243.1,32.2
65,65,18,568.5,18,568.5,0,0,3.82979802877,9,7,2,285.3,227.3,55.9,9,7,2,285.3,227.3,55.9
66,66,18,569.2,17,545.4,0,0,3.7381271743,9,7,2,284.5,221.8,62.9,9,6,2,284.5,198.0,62.9
67,67,18,549.4,16,501.1,0,0,4.18014291278,9,7,2,272.8,218.0,58.6,8,6,2,248.8,193.7,58.6
68,68,18,568.3,17,544.0,0,0,4.35239022304,10,6,2,310.8,198.3,59.2,9,6,2,286.5,198.3,59.2
69,69,17,542.0,16,519.4,0,0,4.16866814674,10,5,2,310.4,171.1,60.5,9,5,2,287.8,171.1,60.5
70,70,19,592.7,17,544.7,0,0,4.40939321653,10,7,2,309.7,222.3,60.7,9,6,2,285.7,198.3,60.7
71,71,19,589.8,18,567.0,0,0,4.35013611402,10,7,2,307.3,222.9,59.6,9,7,2,284.5,222.9,59.6
72,72,18,566.0,16,518.5,0,0,4.59414233463,9,7,2,283.2,222.1,60.7,8,6,2,258.4,199.4,60.7
73,73,17,542.1,17,542.1,0,0,3.81311590975,8,7,2,251.1,234.1,56.9,8,7,2,251.1,234.1,56.9
74,74,18,582.3,17,558.4,0,0,3.80189581192,9,7,2,285.2,240.5,56.6,9,7,1,285.2,240.5,32.7
75,75,18,587.2,18,587.2,0,0,3.61330149758,9,7,2,288.5,240.9,57.8,9,7,2,288.5,240.9,57.8
76,76,16,535.7,16,535.7,0,0,2.95007768259,8,7,1,260.6,244.3,30.8,8,7,1,260.6,244.3,30.8
77,77,17,561.8,17,561.8,0,0,3.37752084506,9,7,1,287.5,242.9,31.4,9,7,1,287.5,242.9,31.4
78,78,17,562.1,17,562.1,0,0,3.05551574543,9,7,1,288.2,242.8,31.1,9,7,1,288.2,242.8,31.1
79,79,17,562.4,17,562.4,0,0,3.3294585322,9,7,1,288.0,242.4,32.0,9,7,1,288.0,242.4,32.0
80,80,18,591.8,18,591.8,0,0,3.21897966215,9,7,2,289.9,243.1,58.8,9,7,2,289.9,243.1,58.8
81,81,17,560.1,17,560.1,0,0,2.84212016967,9,7,1,287.0,240.3,32.8,9,7,1,287.0,240.3,32.8
82,82,19,609.5,18,587.3,0,0,4.32005387664,10,7,2,307.0,243.4,59.1,9,7,2,284.8,243.4,59.1
83,83,18,574.7,17,550.3,0,0,3.80924657605,9,7,2,282.2,233.5,59.0,8,7,2,257.8,233.5,59.0
84,84,19,600.8,17,554.6,0,0,4.71847185095,10,7,2,311.5,235.2,54.1,9,7,1,288.3,235.2,31.1
85,85,18,571.0,17,548.3,0,0,4.25600690451,10,7,1,302.7,236.8,31.5,9,7,1,280.0,236.8,31.5
86,86,17,546.6,16,522.7,0,0,4.04399518531,8,7,2,251.7,232.8,62.1,7,7,2,227.8,232.8,62.1
87,87,18,566.1,18,566.1,0,0,4.06060702504,9,7,2,266.7,237.1,62.3,9,7,2,266.7,237.1,62.3
88,88,17,534.0,14,465.0,0,0,5.26377744032,8,7,2,241.7,235.0,57.3,7,6,1,219.0,211.6,34.4
89,89,15,491.0,15,491.0,0,0,4.0772306194,8,6,1,245.3,211.2,34.5,8,6,1,245.3,211.2,34.5
90,90,16,500.1,15,476.7,0,0,4.7031859769,8,7,1,238.8,228.5,32.8,7,7,1,215.4,228.5,32.8
91,91,19,581.0,18,556.7,0,0,4.65206990338,10,7,2,289.2,230.6,61.2,9,7,2,264.9,230.6,61.2
92,92,18,553.5,18,553.5,0,0,4.38208250251,9,7,2,265.3,229.2,59.0,9,7,2,265.3,229.2,59.0
93,93,17,534.7,15,485.4,0,0,4.67855715566,9,7,1,271.8,229.0,33.9,7,7,1,222.5,229.0,33.9
94,94,16,512.6,15,490.6,0,0,4.71181139973,7,7,2,230.0,222.1,60.5,7,6,2,230.0,200.1,60.5
95,95,14,455.2,14,455.2,0,0,3.94049140685,8,4,2,255.2,141.2,58.8,8,4,2,255.2,141.2,58.8
96,96,18,578.9,18,578.9,0,0,3.98513988077,9,7,2,278.8,237.6,62.5,9,7,2,278.8,237.6,62.5
97,97,18,578.2,18,578.2,0,0,3.66518686717,9,7,2,283.2,232.6,62.4,9,7,2,283.2,232.6,62.4
98,98,18,571.8,16,523.9,0,0,4.66665266104,9,7,2,283.2,229.4,59.2,8,6,2,259.1,205.6,59.2
99,99,17,544.6,15,496.4,0,0,4.34280168446,9,6,2,280.8,204.9,58.9,7,6,2,232.6,204.9,58.9
100,100,20,614.5,18,565.6,0,0,4.50004385944,11,7,2,330.1,220.8,63.6,10,6,2,305.4,196.6,63.6
101,101,19,574.7,17,529.3,0,0,4.7693894812,11,6,2,328.4,182.9,63.4,10,5,2,305.7,160.2,63.4
102,102,18,564.6,16,519.6,0,0,4.70043802715,10,6,2,300.1,197.3,67.2,8,6,2,255.1,197.3,67.2
103,103,18,569.4,16,522.6,0,0,4.15593126819,10,6,2,305.2,197.3,66.9,8,6,2,258.4,197.3,66.9
104,104,19,603.6,17,557.8,0,0,4.77412617154,10,7,2,304.9,234.6,64.1,9,6,2,281.9,211.8,64.1
105,105,18,592.0,18,592.0,0,0,3.68811906291,10,6,2,321.7,202.8,67.5,10,6,2,321.7,202.8,67.5
106,106,19,611.3,18,586.7,0,0,4.06377521596,10,7,2,316.7,226.7,67.9,10,6,2,316.7,202.1,67.9
107,107,18,577.4,18,577.4,0,0,3.73513611935,9,7,2,282.4,225.8,69.2,9,7,2,282.4,225.8,69.2
108,108,19,616.4,19,616.4,0,0,3.74882437712,10,7,2,312.8,235.1,68.5,10,7,2,312.8,235.1,68.5
109,109,17,532.1,16,507.2,0,0,3.7551631123,8,6,3,243.6,190.5,98.0,7,6,3,218.7,190.5,98.0
110,110,16,525.4,16,525.4,0,0,3.44090588847,8,6,2,263.3,198.1,64.0,8,6,2,263.3,198.1,64.0
111,111,19,625.0,19,625.0,0,0,3.85594399513,10,7,2,323.5,234.8,66.7,10,7,2,323.5,234.8,66.7
112,112,19,620.5,18,595.7,0,0,3.899047717,10,7,2,324.1,232.5,63.9,10,6,2,324.1,207.7,63.9
113,113,19,623.9,19,623.9,0,0,3.49304237438,10,7,2,329.1,230.8,64.0,10,7,2,329.1,230.8,64.0
114,114,18,596.3,18,596.3,0,0,3.20785901765,10,6,2,329.5,204.7,62.1,10,6,2,329.5,204.7,62.1
115,115,19,623.0,19,623.0,0,0,3.38442424725,10,7,2,328.3,231.9,62.8,10,7,2,328.3,231.9,62.8
116,116,19,622.6,18,598.2,0,0,3.68149314991,10,7,2,328.7,231.6,62.3,10,6,2,328.7,207.2,62.3
117,117,19,622.6,19,622.6,0,0,3.37211648533,10,7,2,328.7,232.9,61.0,10,7,2,328.7,232.9,61.0
118,118,18,595.5,18,595.5,0,0,3.16994154706,10,6,2,328.3,206.8,60.4,10,6,2,328.3,206.8,60.4
119,119,19,627.7,19,627.7,0,0,3.66381867066,10,7,2,330.1,235.9,61.7,10,7,2,330.1,235.9,61.7
120,120,19,630.2,19,630.2,0,0,3.71902804381,10,7,2,332.3,236.8,61.1,10,7,2,332.3,236.8,61.1
121,121,19,625.2,19,625.2,0,0,3.70562240749,10,7,2,330.2,232.9,62.1,10,7,2,330.2,232.9,62.1
122,122,19,638.8,19,638.8,0,0,3.54488347205,10,7,2,331.0,241.8,66.0,10,7,2,331.0,241.8,66.0
123,123,18,600.0,18,600.0,0,0,3.44178476273,9,7,2,299.4,236.0,64.6,9,7,2,299.4,236.0,64.6
124,124,18,603.1,18,603.1,0,0,3.45908390154,9,7,2,300.7,237.4,65.0,9,7,2,300.7,237.4,65.0
125,125,19,589.9,18,566.8,0,0,3.53967487852,10,7,2,290.6,234.0,65.3,9,7,2,267.5,234.0,65.3
126,126,18,598.7,18,598.7,0,0,2.9517968384,9,7,2,290.2,239.0,69.5,9,7,2,290.2,239.0,69.5
127,127,17,568.3,17,568.3,0,0,3.13144629243,8,7,2,260.3,238.6,69.4,8,7,2,260.3,238.6,69.4
128,128,17,567.0,17,567.0,0,0,3.48104108836,8,7,2,251.0,247.4,68.6,8,7,2,251.0,247.4,68.6
129,129,17,552.3,16,528.9,0,0,4.33818544338,8,7,2,247.2,238.0,67.1,7,7,2,223.8,238.0,67.1
130,130,17,556.2,17,556.2,0,0,4.06451646788,8,7,2,249.1,240.0,67.1,8,7,2,249.1,240.0,67.1
131,131,17,559.4,16,535.9,0,0,3.91479095678,8,7,2,245.2,247.0,67.2,7,7,2,221.7,247.0,67.2
132,132,18,586.8,16,540.4,0,0,4.51897958289,9,7,2,269.3,247.6,69.9,7,7,2,222.9,247.6,69.9
133,133,17,555.5,15,506.6,0,0,4.38114274644,8,7,2,248.4,239.4,67.7,7,6,2,224.1,214.8,67.7
134,134,17,545.7,15,498.8,0,0,4.63721360302,8,7,2,235.9,242.7,67.1,6,7,2,189.0,242.7,67.1
135,135,18,578.2,17,554.5,0,0,3.89985754726,9,7,2,273.1,239.1,66.0,8,7,2,249.4,239.1,66.0
136,136,19,584.8,17,537.4,0,0,4.06811162135,10,7,2,290.7,229.4,64.7,8,7,2,243.3,229.4,64.7
137,137,19,599.3,17,552.2,0,0,3.99907152967,10,7,2,308.1,227.4,63.8,10,5,2,308.1,180.3,63.8
138,138,19,600.6,18,575.7,0,0,4.05570856076,10,7,2,306.7,232.3,61.6,9,7,2,281.8,232.3,61.6
139,139,19,612.3,19,612.3,0,0,3.85513252478,10,7,2,306.0,242.4,63.9,10,7,2,306.0,242.4,63.9
140,140,19,608.9,17,562.2,0,0,4.41517187548,10,7,2,308.5,238.3,62.1,9,6,2,284.7,215.4,62.1
141,141,19,615.8,18,591.4,0,0,4.10661995872,11,6,2,335.8,217.7,62.3,10,6,2,311.4,217.7,62.3
142,142,18,584.9,17,561.8,0,0,3.98400806493,10,6,2,309.0,214.3,61.6,9,6,2,285.9,214.3,61.6
143,143,19,605.2,17,559.4,0,0,4.57631200629,10,7,2,308.4,236.3,60.5,9,6,2,285.5,213.4,60.5
144,144,18,590.3,18,590.3,0,0,3.43810348238,9,6,3,284.4,212.4,93.5,9,6,3,284.4,212.4,93.5
145,145,18,589.4,17,564.5,0,0,3.8179486673,9,7,2,286.9,241.6,60.9,9,6,2,286.9,216.7,60.9
146,146,19,608.4,17,560.9,0,0,4.27792511328,10,7,2,309.7,237.9,60.8,9,6,2,287.0,213.1,60.8
147,147,19,620.2,18,596.9,0,0,4.02758761398,10,7,2,322.2,238.7,59.3,10,6,2,322.2,215.4,59.3
148,148,18,586.8,17,562.6,0,0,3.4800270452,10,6,2,316.6,211.0,59.2,9,6,2,292.4,211.0,59.2
149,149,18,574.7,16,528.1,0,0,4.16819971797,9,7,2,279.7,234.4,60.6,8,6,2,255.1,212.4,60.6
150,150,17,552.1,17,552.1,0,0,2.96406170056,9,6,2,283.6,208.5,60.0,9,6,2,283.6,208.5,60.0
151,151,19,602.9,17,555.1,0,0,4.13589337811,10,7,2,306.8,233.6,62.5,9,6,2,282.6,210.0,62.5
152,152,19,625.6,19,625.6,0,0,3.41806347143,10,7,2,320.7,237.6,67.3,10,7,2,320.7,237.6,67.3
153,153,18,595.4,18,595.4,0,0,3.66149367714,9,7,2,293.0,233.9,68.5,9,7,2,293.0,233.9,68.5
154,154,17,562.5,17,562.5,0,0,3.44852909821,9,6,2,292.0,203.4,67.1,9,6,2,292.0,203.4,67.1
155,155,17,552.7,15,504.2,0,0,4.29969219145,9,6,2,279.5,204.5,68.7,7,6,2,231.0,204.5,68.7
156,156,16,522.2,16,522.2,0,0,3.65784544962,8,6,2,254.2,199.9,68.1,8,6,2,254.2,199.9,68.1
157,157,17,550.6,17,550.6,0,0,4.06000036221,9,6,2,279.7,202.4,68.5,9,6,2,279.7,202.4,68.5
158,158,17,538.5,16,513.8,0,0,4.11332125717,8,7,2,251.8,217.0,69.7,8,6,2,251.8,192.3,69.7
159,159,16,503.6,16,503.6,0,0,4.1238331683,8,6,2,244.0,193.1,66.5,8,6,2,244.0,193.1,66.5
160,160,18,543.2,13,424.4,0,0,5.19972347178,9,7,2,263.4,212.7,67.1,6,5,2,193.8,163.5,67.1
161,161,19,607.4,17,560.7,0,0,4.41324428807,10,7,2,303.1,238.1,66.2,8,7,2,256.4,238.1,66.2
162,162,17,549.9,16,526.8,0,0,4.10519756636,9,6,2,277.7,202.9,69.3,8,6,2,254.6,202.9,69.3
163,163,19,607.7,17,561.0,0,0,3.80880021323,10,7,2,308.9,231.8,67.0,8,7,2,262.2,231.8,67.0
164,164,17,567.6,17,567.6,0,0,3.5615801186,8,7,2,263.6,235.1,68.9,8,7,2,263.6,235.1,68.9
165,165,18,591.1,17,566.3,0,0,4.3568929686,9,7,2,278.5,244.6,68.0,8,7,2,253.7,244.6,68.0
166,166,18,580.8,16,533.4,0,0,4.77887508299,9,7,2,271.6,241.4,67.8,7,7,2,224.2,241.4,67.8
167,167,17,563.8,16,539.9,0,0,3.71246905315,9,6,2,280.4,213.3,70.1,8,6,2,256.5,213.3,70.1
168,168,17,557.3,16,534.2,0,0,4.09408648146,8,7,2,250.4,238.2,68.7,7,7,2,227.3,238.2,68.7
169,169,16,528.0,16,528.0,0,0,3.40450681695,7,7,2,222.7,234.3,71.0,7,7,2,222.7,234.3,71.0
170,170,19,604.6,17,556.1,0,0,4.75775144689,10,7,2,302.1,234.1,68.4,8,7,2,253.6,234.1,68.4
171,171,19,600.7,16,529.1,0,0,4.94292571458,10,7,2,296.2,236.7,67.8,7,7,2,224.6,236.7,67.8
172,172,16,531.6,16,531.6,0,0,3.74602011029,8,6,2,254.2,208.2,69.2,8,6,2,254.2,208.2,69.2
173,173,17,564.1,17,564.1,0,0,3.57582775279,8,7,2,260.1,235.2,68.8,8,7,2,260.1,235.2,68.8
174,174,16,535.1,16,535.1,0,0,3.70458612173,8,6,2,258.8,207.2,69.1,8,6,2,258.8,207.2,69.1
175,175,17,569.3,17,569.3,0,0,3.12467645384,8,7,2,265.6,235.0,68.7,8,7,2,265.6,235.0,68.7
176,176,19,596.9,15,500.7,0,0,4.78043038019,10,7,2,305.8,224.5,66.6,8,5,2,258.0,176.1,66.6
177,177,18,589.9,18,589.9,0,0,3.66891642211,8,7,3,255.7,230.3,103.9,8,7,3,255.7,230.3,103.9
178,178,15,493.8,15,493.8,0,0,3.26566554144,8,5,2,253.2,174.9,65.7,8,5,2,253.2,174.9,65.7
179,179,19,594.9,16,524.1,0,0,4.64242450269,10,7,2,294.2,233.3,67.4,8,6,2,248.0,208.7,67.4
180,180,17,549.1,16,525.1,0,0,4.07369611041,8,6,3,241.9,205.8,101.4,7,6,3,217.9,205.8,101.4
181,181,16,531.8,15,509.7,0,0,3.76401824296,8,6,2,253.8,212.0,66.0,7,6,2,231.7,212.0,66.0
182,182,18,571.9,16,524.9,0,0,4.59741686494,9,7,2,269.7,234.7,67.5,8,6,2,247.2,210.2,67.5
183,183,15,511.6,15,511.6,0,0,2.36989049375,7,6,2,229.8,213.5,68.3,7,6,2,229.8,213.5,68.3
184,184,18,572.9,15,501.3,0,0,4.69014054167,9,7,2,270.7,235.3,66.9,6,7,2,199.1,235.3,66.9
185,185,19,587.4,18,562.7,0,0,3.88691010643,10,7,2,298.2,230.7,58.5,9,7,2,273.5,230.7,58.5
186,186,19,592.9,17,545.0,0,0,4.42498884923,10,7,2,303.0,229.2,60.7,8,7,2,255.1,229.2,60.7
187,187,19,602.2,16,529.6,0,0,4.54807330199,10,7,2,314.3,228.2,59.7,9,5,2,290.7,179.2,59.7
188,188,19,597.4,16,528.3,0,0,4.98211420868,10,7,2,309.6,225.6,62.2,8,6,2,264.3,201.8,62.2
189,189,19,596.3,17,547.9,0,0,4.86098562912,11,6,2,340.3,191.7,64.3,9,6,2,291.9,191.7,64.3
190,190,19,584.5,16,513.3,0,0,4.88537619685,10,7,2,306.3,214.3,63.9,8,6,2,258.9,190.5,63.9
191,191,19,587.7,16,516.8,0,0,5.00611322192,10,7,2,307.7,215.2,64.8,9,5,2,284.1,167.9,64.8
192,192,19,604.0,18,580.0,0,0,4.27913474339,11,6,2,349.1,191.3,63.6,11,5,2,349.1,167.3,63.6
193,193,19,601.1,16,529.2,0,0,4.73347541175,11,6,2,343.9,193.6,63.6,9,5,2,295.1,170.5,63.6
194,194,18,564.1,17,539.3,0,0,4.36565996478,10,6,2,305.8,193.2,65.1,9,6,2,281.0,193.2,65.1
195,195,19,577.7,15,482.7,0,0,4.87231107429,10,7,2,290.8,221.5,65.4,6,7,2,195.8,221.5,65.4
196,196,19,572.4,17,523.5,0,0,4.69075238045,10,7,2,299.5,209.1,63.8,8,7,2,250.6,209.1,63.8
197,197,19,586.8,18,563.5,0,0,4.41704566398,10,7,2,307.3,215.0,64.5,9,7,2,284.0,215.0,64.5
198,198,18,547.5,17,523.0,0,0,4.4982676404,9,7,2,271.9,212.9,62.7,8,7,2,247.4,212.9,62.7
199,199,19,571.7,16,499.3,0,0,4.69217963292,10,7,2,294.1,214.5,63.1,7,7,2,221.7,214.5,63.1
200,200,19,584.2,17,537.5,0,0,4.10045640021,11,6,2,329.3,189.5,65.4,9,6,2,282.6,189.5,65.4
201,201,19,590.3,16,517.6,0,0,4.42493598592,10,7,2,306.8,219.2,64.3,8,6,2,257.6,195.7,64.3
202,202,18,563.0,18,563.0,0,0,4.21433904602,9,7,2,285.2,213.4,64.4,9,7,2,285.2,213.4,64.4
203,203,19,580.8,16,509.6,0,0,4.11893360411,11,6,2,324.4,194.2,62.2,8,6,2,253.2,194.2,62.2
204,204,18,542.0,14,448.6,0,0,4.68613585815,10,6,2,290.0,188.8,63.2,7,5,2,218.8,166.6,63.2
205,205,17,531.4,15,485.3,0,0,4.31031594311,9,6,2,270.1,193.5,67.8,7,6,2,224.0,193.5,67.8
206,206,18,556.8,15,484.2,0,0,4.3780199661,9,7,2,269.5,219.6,67.7,6,7,2,196.9,219.6,67.7
207,207,18,550.7,15,478.2,0,0,4.45625432559,9,7,2,269.2,220.7,60.8,7,6,2,221.2,196.2,60.8
208,208,16,516.3,15,491.5,0,0,3.5871471952,9,5,2,280.4,171.2,64.7,8,5,2,255.6,171.2,64.7
209,209,18,562.9,16,514.9,0,0,4.296620499,9,7,2,269.2,227.7,66.0,7,7,2,221.2,227.7,66.0
210,210,17,552.5,16,529.3,0,0,4.41885166078,8,7,2,255.6,233.8,63.1,7,7,2,232.4,233.8,63.1
211,211,18,565.4,17,540.8,0,0,3.93295112799,9,7,2,277.2,224.5,63.7,8,7,2,252.6,224.5,63.7
212,212,19,577.7,14,462.5,0,0,5.1615537803,10,7,2,295.7,218.8,63.2,6,6,2,203.0,196.3,63.2
213,213,18,570.1,17,546.9,0,0,4.02971398132,8,7,3,246.4,226.1,97.6,7,7,3,223.2,226.1,97.6
214,214,18,560.9,15,491.1,0,0,4.67825242496,10,6,2,296.8,196.9,67.2,7,6,2,227.0,196.9,67.2
215,215,19,584.0,16,513.9,0,0,4.49273617772,10,7,2,305.5,217.0,61.5,8,6,2,258.2,194.2,61.5
216,216,18,563.5,15,491.8,0,0,4.2290970003,10,6,2,301.9,197.5,64.1,7,6,2,230.2,197.5,64.1
217,217,18,561.6,16,514.1,0,0,4.57486740406,9,7,2,268.8,226.6,66.2,8,6,2,245.3,202.6,66.2
218,218,18,554.6,15,482.4,0,0,4.30032678497,9,7,2,272.7,218.3,63.6,7,6,2,223.8,195.0,63.6
219,219,17,551.9,16,527.8,0,0,4.0518423551,8,6,3,248.6,202.1,101.2,7,6,3,224.5,202.1,101.2
220,220,17,524.6,15,477.3,0,0,4.25618062697,9,6,2,271.0,187.9,65.7,7,6,2,223.7,187.9,65.7
221,221,17,539.9,15,493.0,0,0,4.27815071373,8,7,2,249.0,225.7,65.2,7,6,2,225.6,202.2,65.2
222,222,18,553.3,15,483.1,0,0,4.44907642615,9,7,2,270.2,220.9,62.2,7,6,2,223.5,197.4,62.2
223,223,17,527.7,17,527.7,0,0,3.59410260419,8,7,2,240.9,221.4,65.4,8,7,2,240.9,221.4,65.4
224,224,18,569.2,16,521.3,0,0,4.61169300998,9,7,2,273.4,233.3,62.5,7,7,2,225.5,233.3,62.5
225,225,18,575.2,16,527.1,0,0,4.32220289997,9,7,2,275.5,235.2,64.5,7,7,2,227.4,235.2,64.5
226,226,18,579.0,17,555.9,0,0,4.2796371479,9,7,2,280.1,232.9,66.0,9,6,2,280.1,209.8,66.0
227,227,17,553.5,16,530.3,0,0,4.55275449914,9,6,2,275.7,211.8,66.0,8,6,2,252.5,211.8,66.0
228,228,18,574.9,16,528.2,0,0,4.40402742003,9,7,2,270.0,236.9,68.0,7,7,2,223.3,236.9,68.0
229,229,17,564.6,16,540.4,0,0,3.75181328709,9,6,2,286.1,213.1,65.4,8,6,2,261.9,213.1,65.4
230,230,18,580.9,17,558.1,0,0,4.3818886011,9,7,2,279.4,233.5,68.0,8,7,2,256.6,233.5,68.0
231,231,17,542.5,16,518.2,0,0,4.28367283312,9,6,2,278.7,197.4,66.4,8,6,2,254.4,197.4,66.4
232,232,17,536.5,15,487.8,0,0,4.56687240126,8,7,2,252.3,216.1,68.1,8,5,2,252.3,167.4,68.1
233,233,18,558.8,16,512.6,0,0,4.65102420374,9,7,2,268.8,223.1,66.9,7,7,2,222.6,223.1,66.9
234,234,18,571.3,17,546.4,0,0,4.46267380797,9,7,2,283.5,220.0,67.8,8,7,2,258.6,220.0,67.8
235,235,18,563.1,17,540.6,0,0,4.60322776781,9,7,2,275.7,221.8,65.6,8,7,2,253.2,221.8,65.6
236,236,19,600.6,18,576.0,0,0,4.27445834604,10,7,2,315.3,219.1,66.2,10,6,2,315.3,194.5,66.2
237,237,18,569.7,17,546.4,0,0,4.511456006,9,7,2,281.2,221.6,66.9,8,7,2,257.9,221.6,66.9
238,238,17,533.7,16,509.3,0,0,4.26460293993,8,7,2,247.1,219.6,67.0,7,7,2,222.7,219.6,67.0
239,239,17,541.3,16,517.3,0,0,3.9680062411,8,7,2,248.8,224.8,67.7,7,7,2,224.8,224.8,67.7
240,240,17,538.2,16,515.4,0,0,4.38820276758,8,7,2,252.4,218.0,67.8,8,6,2,252.4,195.2,67.8
241,241,18,562.6,16,513.4,0,0,4.83105422939,9,7,2,276.5,220.1,66.0,8,6,2,251.8,195.6,66.0
242,242,18,571.3,17,547.2,0,0,4.64468562716,9,7,2,287.1,218.7,65.5,9,6,2,287.1,194.6,65.5
243,243,18,581.0,17,557.0,0,0,3.91806608291,9,7,2,281.0,231.9,68.1,8,7,2,257.0,231.9,68.1
244,244,18,562.2,16,512.6,0,0,4.13848508799,9,7,2,267.9,228.2,66.1,7,7,2,218.3,228.2,66.1
245,245,18,578.5,17,554.9,0,0,4.0444790094,9,7,2,277.5,234.5,66.5,8,7,2,253.9,234.5,66.5
246,246,17,555.8,17,555.8,0,0,3.46129863423,8,7,2,248.4,242.3,65.1,8,7,2,248.4,242.3,65.1
247,247,17,534.6,17,534.6,0,0,4.13523240687,8,7,2,240.2,223.8,70.6,8,7,2,240.2,223.8,70.6
248,248,17,550.3,17,550.3,0,0,3.61503193379,8,7,2,259.4,221.8,69.1,8,7,2,259.4,221.8,69.1
249,249,18,579.2,17,555.2,0,0,3.83214815438,9,7,2,276.2,233.1,69.9,8,7,2,252.2,233.1,69.9
250,250,17,544.3,16,519.6,0,0,3.65739581091,8,7,2,252.7,221.2,70.4,8,6,2,252.7,196.5,70.4
251,251,17,536.6,15,490.4,0,0,4.19552457633,8,7,2,248.9,220.5,67.2,7,6,2,225.4,197.8,67.2
252,252,18,573.0,17,548.2,0,0,3.64175135631,9,7,2,278.4,228.1,66.5,8,7,2,253.6,228.1,66.5
253,253,19,611.0,17,562.9,0,0,4.09136160295,10,7,2,303.3,241.2,66.5,8,7,2,255.2,241.2,66.5
254,254,19,602.6,19,602.6,0,0,3.59618055997,10,7,2,302.5,232.8,67.3,10,7,2,302.5,232.8,67.3
255,255,18,577.4,15,504.7,0,0,4.16293950947,9,7,2,271.3,239.0,67.1,6,7,2,198.6,239.0,67.1
256,256,18,574.7,17,550.7,0,0,3.91509981175,9,7,2,273.4,235.3,66.0,8,7,2,249.4,235.3,66.0
257,257,18,581.6,17,557.2,0,0,3.50611044571,9,7,2,279.7,235.5,66.4,8,7,2,255.3,235.5,66.4
258,258,19,589.2,19,589.2,0,0,3.76370012043,10,7,2,293.5,229.7,66.0,10,7,2,293.5,229.7,66.0
259,259,19,592.1,15,495.6,0,0,4.95930220521,10,7,2,301.6,225.4,65.1,8,5,2,253.3,177.2,65.1
260,260,17,550.1,17,550.1,0,0,4.06125886018,9,6,2,282.6,199.4,68.1,9,6,2,282.6,199.4,68.1
261,261,17,544.2,16,519.4,0,0,3.79224246867,9,6,2,281.5,193.8,68.9,9,5,2,281.5,169.0,68.9
262,262,17,534.8,15,486.6,0,0,4.29753691426,10,5,2,304.2,166.1,64.5,8,5,2,256.0,166.1,64.5
263,263,17,545.2,15,497.7,0,0,4.54529491698,9,6,2,283.7,196.9,64.6,8,5,2,259.6,173.5,64.6
264,264,18,551.4,14,457.4,0,0,4.73621839719,9,7,2,273.7,211.2,66.5,7,5,2,226.9,164.0,66.5
265,265,17,555.4,16,531.0,0,0,3.99793145043,8,7,2,262.0,224.1,69.3,8,6,2,262.0,199.7,69.3
266,266,17,561.4,17,561.4,0,0,3.59939741689,9,6,2,293.8,199.8,67.8,9,6,2,293.8,199.8,67.8
267,267,18,572.9,16,526.0,0,0,4.47631749328,9,7,2,289.9,218.7,64.3,8,6,2,266.6,195.1,64.3
268,268,18,564.1,16,517.0,0,0,4.55219906637,10,6,2,305.9,194.2,64.0,8,6,2,258.8,194.2,64.0
269,269,18,572.0,16,523.7,0,0,4.30766151321,9,7,2,279.8,223.8,68.4,8,6,2,255.3,200.0,68.4
270,270,18,574.8,17,551.6,0,0,4.08800253252,9,7,2,280.7,226.4,67.7,8,7,2,257.5,226.4,67.7
271,271,15,493.7,14,470.5,0,0,3.69842952513,8,5,2,253.8,172.5,67.4,7,5,2,230.6,172.5,67.4
272,272,18,577.4,16,531.2,0,0,4.70776024623,9,7,2,274.2,234.9,68.3,7,7,2,228.0,234.9,68.3
273,273,17,565.0,17,565.0,0,0,3.14502408108,9,6,2,290.6,206.7,67.7,9,6,2,290.6,206.7,67.7
274,274,17,556.1,16,532.4,0,0,3.8525774413,8,7,2,262.8,230.9,62.4,8,6,2,262.8,207.2,62.4
275,275,18,592.0,17,568.4,0,0,4.06475364841,9,7,2,286.3,239.5,66.2,8,7,2,262.7,239.5,66.2
276,276,19,616.0,17,567.0,0,0,4.07029605084,10,7,2,317.6,232.7,65.7,8,7,2,268.6,232.7,65.7
277,277,19,636.0,19,636.0,0,0,3.3482735361,10,7,2,330.3,238.6,67.1,10,7,2,330.3,238.6,67.1
278,278,19,611.0,17,564.0,0,0,4.26123557844,10,7,2,310.3,232.9,67.8,8,7,2,263.3,232.9,67.8
279,279,18,589.0,18,589.0,0,0,3.50756418843,8,7,3,258.0,229.6,101.4,8,7,3,258.0,229.6,101.4
280,280,16,539.4,16,539.4,0,0,3.38582830831,7,6,3,237.4,199.5,102.5,7,6,3,237.4,199.5,102.5
281,281,19,606.5,18,582.6,0,0,3.7819129415,10,7,2,309.6,231.7,65.2,9,7,2,285.7,231.7,65.2
282,282,18,560.1,15,489.8,0,0,4.55892789254,10,6,2,310.3,184.0,65.8,8,5,2,263.6,160.4,65.8
283,283,18,563.3,15,491.7,0,0,4.28601998598,10,6,2,306.6,190.2,66.5,8,5,2,258.6,166.6,66.5
284,284,18,556.0,16,509.6,0,0,3.76764693127,10,6,2,302.7,186.3,67.0,9,5,2,279.3,163.3,67.0
285,285,19,611.1,19,611.1,0,0,3.96823645777,10,7,2,314.0,231.3,65.8,10,7,2,314.0,231.3,65.8
286,286,18,569.0,15,496.8,0,0,4.74303066291,9,7,2,278.1,224.4,66.5,8,5,2,254.2,176.1,66.5
287,287,15,500.3,15,500.3,0,0,3.65100116733,7,6,2,227.7,204.3,68.3,7,6,2,227.7,204.3,68.3
288,288,18,567.5,16,518.0,0,0,4.23872977027,9,7,2,280.8,223.6,63.1,8,6,2,255.9,199.0,63.1
289,289,18,548.4,15,477.6,0,0,4.03965636279,9,7,2,274.9,209.7,63.8,7,6,2,227.7,186.1,63.8
290,290,17,538.7,17,538.7,0,0,3.880380515,9,6,2,280.9,191.8,66.0,9,6,2,280.9,191.8,66.0
291,291,18,580.0,18,580.0,0,0,3.73576601414,9,7,2,289.1,222.0,68.9,9,7,2,289.1,222.0,68.9
292,292,18,571.3,17,547.9,0,0,3.68448877273,9,7,2,285.3,218.9,67.1,9,6,2,285.3,195.5,67.1
293,293,19,597.4,17,550.4,0,0,4.23193097369,10,7,2,308.1,220.8,68.5,9,6,2,285.7,196.2,68.5
294,294,18,576.3,18,576.3,0,0,3.66353252862,9,6,3,287.9,187.4,101.0,9,6,3,287.9,187.4,101.0
295,295,19,589.3,17,542.2,0,0,3.94676564599,10,7,2,307.9,215.1,66.3,9,6,2,285.0,190.9,66.3
296,296,19,585.5,16,514.1,0,0,4.02261152844,10,7,2,299.3,220.1,66.1,8,6,2,251.4,196.6,66.1
297,297,19,586.0,16,514.1,0,0,4.45350246553,10,7,2,298.9,222.9,64.2,7,7,2,227.0,222.9,64.2
298,298,19,588.6,16,518.9,0,0,4.42525315627,10,7,2,304.9,215.4,68.3,8,6,2,257.6,193.0,68.3
299,299,17,539.7,14,467.4,0,0,4.18316830391,9,6,2,268.6,204.1,67.0,6,6,2,196.3,204.1,67.0
300,300,17,549.5,16,525.5,0,0,4.10769543232,9,6,2,276.8,204.4,68.3,8,6,2,252.8,204.4,68.3
301,301,17,549.6,17,549.6,0,0,3.94267750169,8,7,2,248.8,233.0,67.8,8,7,2,248.8,233.0,67.8
302,302,17,554.5,16,531.7,0,0,4.19824893469,8,7,2,240.4,244.1,70.0,7,7,2,217.6,244.1,70.0
303,303,19,596.3,18,573.0,0,0,3.76360689261,10,7,2,291.9,240.5,63.9,9,7,2,268.6,240.5,63.9
304,304,17,568.0,17,568.0,0,0,2.98786762444,8,7,2,253.6,244.6,69.8,8,7,2,253.6,244.6,69.8
305,305,19,616.1,19,616.1,0,0,3.32228872002,10,7,2,312.6,238.1,65.4,10,7,2,312.6,238.1,65.4
306,306,19,612.6,19,612.6,0,0,3.32637870989,10,7,2,314.5,231.7,66.4,10,7,2,314.5,231.7,66.4
307,307,19,609.5,19,609.5,0,0,3.55317994468,10,7,2,305.8,236.9,66.8,10,7,2,305.8,236.9,66.8
308,308,19,604.9,19,604.9,0,0,3.46413537815,10,7,2,306.0,232.2,66.7,10,7,2,306.0,232.2,66.7
309,309,19,612.5,18,589.5,0,0,3.73604225028,10,7,2,302.0,244.4,66.1,9,7,2,279.0,244.4,66.1
310,310,18,566.1,17,542.7,0,0,3.26194636952,10,6,2,313.8,198.5,53.8,10,6,1,313.8,198.5,30.4
311,311,18,558.6,17,533.8,0,0,3.71784251162,10,7,1,302.6,225.3,30.7,9,7,1,277.8,225.3,30.7
312,312,18,553.5,17,528.6,0,0,3.62398058688,9,7,2,269.7,224.4,59.4,8,7,2,244.8,224.4,59.4
313,313,19,565.9,15,472.2,0,0,4.67431078198,10,7,2,290.1,220.3,55.5,8,6,1,243.0,197.0,32.2
314,314,19,569.3,17,522.6,0,0,3.99419168937,10,7,2,299.6,214.2,55.5,9,7,1,276.3,214.2,32.1
315,315,6,168.2,5,146.9,0,0,4.77479493451,2,3,1,51.2,87.9,29.1,2,2,1,51.2,66.6,29.1
316,316,17,466.0,12,366.3,2,35.5,5.73060668177,9,6,2,233.2,178.0,54.8,6,5,1,176.8,157.9,31.6
317,317,17,484.7,13,400.5,1,17.1,5.30399405554,9,6,2,249.0,181.9,53.8,7,5,1,211.5,158.1,30.9
318,318,16,478.8,13,410.7,0,0,4.67054600662,8,6,2,246.0,177.4,55.4,7,5,1,225.0,153.8,31.9
319,319,18,540.7,15,474.8,1,18.8,5.20239072745,9,7,2,277.5,206.5,56.7,8,6,1,258.7,182.7,33.4
320,320,18,555.2,15,489.1,1,17.8,5.40720893777,9,7,2,279.7,214.8,60.7,7,6,2,237.9,190.5,60.7
321,321,19,592.4,17,557.4,1,13.0,6.06754379624,10,7,2,303.3,225.4,63.7,8,7,2,268.3,225.4,63.7
322,322,19,593.6,17,559.1,1,13.1,6.17074781975,10,7,2,305.3,225.4,62.9,8,7,2,270.8,225.4,62.9
323,323,19,592.4,17,557.4,1,13.5,6.06598704502,10,7,2,304.5,224.9,63.0,8,7,2,269.5,224.9,63.0
324,324,19,588.6,17,553.4,1,14.2,6.05893086896,10,7,2,302.2,224.5,61.9,8,7,2,267.0,224.5,61.9
325,325,19,593.1,17,556.5,1,14.8,5.94972110998,10,7,2,306.2,224.9,62.0,8,7,2,269.6,224.9,62.0
326,326,19,592.1,17,556.1,1,15.6,5.96407863112,10,7,2,305.6,224.3,62.2,8,7,2,269.6,224.3,62.2
327,327,20,622.8,18,584.1,1,15.6,5.74853757146,11,7,2,335.1,226.1,61.6,9,7,2,296.4,226.1,61.6
328,328,20,623.4,18,583.7,1,15.6,5.73696233578,11,7,2,335.4,225.5,62.5,9,7,2,295.7,225.5,62.5
329,329,19,597.9,17,558.2,1,15.6,6.26684863491,10,7,2,305.3,230.0,62.6,8,7,2,265.6,230.0,62.6
330,330,17,560.4,17,560.4,0,0,3.86586684595,8,7,2,251.6,241.1,67.7,8,7,2,251.6,241.1,67.7
331,331,18,585.2,18,585.2,0,0,3.82666939947,9,7,2,270.9,250.7,63.6,9,7,2,270.9,250.7,63.6
332,332,19,608.2,18,584.8,0,0,3.82693592793,10,7,2,298.5,244.3,65.4,9,7,2,275.1,244.3,65.4
333,333,18,592.9,18,592.9,0,0,3.27308792659,9,7,2,281.5,244.1,67.3,9,7,2,281.5,244.1,67.3
334,334,19,619.7,18,596.1,0,0,3.68514482723,10,7,2,310.3,242.2,67.2,9,7,2,286.7,242.2,67.2
335,335,18,606.6,18,606.6,0,0,2.36767446093,9,7,2,302.0,238.6,66.0,9,7,2,302.0,238.6,66.0
336,336,18,602.7,18,602.7,0,0,2.49405174719,9,7,2,297.6,239.0,66.1,9,7,2,297.6,239.0,66.1
337,337,18,605.6,18,605.6,0,0,2.2029985507,9,7,2,295.1,244.1,66.4,9,7,2,295.1,244.1,66.4
