,e_id,num_sat,sum_snr,num_sat_25,sum_snr_25,num_sat_u20,sum_sat_u20,snr_std,elev_0_30,elev_30_60,elev_60_90,sum_elev_0_30,sum_elev_30_60,sum_elev_60_90,elev_0_30_25,elev_30_60_25,elev_60_90_25,sum_elev_0_30_25,sum_elev_30_60_25,sum_elev_60_90_25
1,1,20,658.9,19,635.2,0,0,4.18801234101,10,6,4,320.7,194.4,143.8,9,6,4,297.0,194.4,143.8
2,2,20,644.0,19,620.4,0,0,4.03875958029,10,6,4,315.5,189.7,138.8,9,6,4,291.9,189.7,138.8
3,3,20,660.4,19,641.8,1,18.6,4.65251488303,10,6,4,321.6,199.1,139.7,9,6,4,303.0,199.1,139.7
4,4,20,666.1,19,642.7,0,0,4.41653293409,10,6,4,329.7,199.9,136.5,9,6,4,306.3,199.9,136.5
5,5,20,661.9,19,637.0,0,0,4.10487194492,10,6,4,332.9,194.4,134.6,10,5,4,332.9,169.5,134.6
6,6,20,665.6,20,665.6,0,0,3.78606864564,10,6,4,330.3,199.5,135.8,10,6,4,330.3,199.5,135.8
7,7,20,657.9,18,612.1,0,0,4.24269961228,10,6,4,320.6,196.2,141.1,9,5,4,297.2,173.8,141.1
8,8,20,656.8,18,611.5,0,0,4.44728184282,10,6,4,320.7,194.7,141.4,9,5,4,297.3,172.8,141.4
9,9,21,664.9,18,604.0,1,16.9,5.78795958784,11,6,4,341.7,182.7,140.5,9,5,4,297.7,165.8,140.5
10,10,21,666.1,17,579.1,1,18.9,5.64443257092,11,6,4,341.1,182.6,142.4,9,4,4,296.3,140.4,142.4
11,11,21,662.9,17,577.7,1,19.5,5.7619730417,11,6,4,339.7,180.5,142.7,9,4,4,295.2,139.8,142.7
12,12,21,659.1,18,592.4,0,0,5.05304717119,11,6,4,330.0,186.6,142.5,9,5,4,285.9,164.0,142.5
13,13,20,625.9,16,536.9,1,19.4,5.69833539867,10,6,4,285.1,197.0,143.8,6,6,4,196.1,197.0,143.8
14,14,21,615.0,16,511.8,1,17.3,5.76673960868,11,6,4,295.1,190.6,129.3,6,6,4,191.9,190.6,129.3
15,15,21,632.5,17,544.4,0,0,5.17142330965,11,6,4,308.7,192.5,131.3,7,6,4,220.6,192.5,131.3
16,16,20,633.9,18,591.0,0,0,4.75200511696,10,6,4,294.6,199.7,139.6,8,6,4,251.7,199.7,139.6
17,17,19,613.8,18,593.4,0,0,4.34069550037,9,6,4,275.8,197.8,140.2,8,6,4,255.4,197.8,140.2
18,18,20,637.7,18,594.5,0,0,4.98157394278,10,6,4,296.1,201.9,139.7,8,6,4,252.9,201.9,139.7
19,19,18,592.3,17,567.5,0,0,3.63471371512,8,6,4,253.7,199.0,139.6,7,6,4,228.9,199.0,139.6
20,20,19,608.3,17,563.2,0,0,4.62232062423,9,6,4,270.6,197.0,140.7,7,6,4,225.5,197.0,140.7
21,21,17,560.7,17,560.7,0,0,3.29170079406,7,6,4,228.4,193.4,138.9,7,6,4,228.4,193.4,138.9
22,22,18,597.5,18,597.5,0,0,3.3888176356,8,6,4,260.9,200.9,135.7,8,6,4,260.9,200.9,135.7
23,23,19,611.6,18,591.2,0,0,4.06391911786,9,6,4,275.9,200.5,135.2,8,6,4,255.5,200.5,135.2
24,24,19,609.3,18,588.9,0,0,3.62108833112,9,6,4,273.8,200.3,135.2,8,6,4,253.4,200.3,135.2
25,25,19,603.5,18,583.1,0,0,3.6348942406,9,6,4,271.9,194.8,136.8,8,6,4,251.5,194.8,136.8
26,26,19,603.0,18,582.6,0,0,3.67426644626,9,6,4,273.1,192.6,137.3,8,6,4,252.7,192.6,137.3
27,27,20,636.0,17,566.0,0,0,4.78891263342,10,6,4,296.3,201.6,138.1,7,6,4,226.3,201.6,138.1
28,28,18,590.7,18,590.7,0,0,2.84486120823,8,6,4,255.0,196.8,138.9,8,6,4,255.0,196.8,138.9
29,29,17,569.3,17,569.3,0,0,2.67579015268,7,6,4,231.4,199.5,138.4,7,6,4,231.4,199.5,138.4
30,30,18,558.1,17,534.9,0,0,3.90120226148,8,6,4,236.5,185.6,136.0,7,6,4,213.3,185.6,136.0
31,31,19,629.2,19,629.2,0,0,3.48221882615,9,6,4,286.5,196.3,146.4,9,6,4,286.5,196.3,146.4
32,32,18,589.3,18,589.3,0,0,3.50564903597,8,6,4,252.7,191.8,144.8,8,6,4,252.7,191.8,144.8
33,33,19,614.2,18,590.1,0,0,3.60275235916,9,6,4,285.3,186.9,142.0,9,5,4,285.3,162.8,142.0
34,34,18,591.3,17,566.6,0,0,3.37817388888,9,5,4,293.1,160.3,137.9,9,4,4,293.1,135.6,137.9
35,35,16,538.4,16,538.4,0,0,2.69691181416,8,4,4,265.4,134.3,138.7,8,4,4,265.4,134.3,138.7
36,36,19,597.7,17,552.5,0,0,4.57071788544,9,6,4,275.5,184.1,138.1,8,5,4,255.1,159.3,138.1
37,37,19,596.7,17,552.1,0,0,4.57098016285,9,6,4,279.1,179.8,137.8,8,5,4,258.7,155.6,137.8
38,38,19,599.9,17,554.6,0,0,4.63307458573,9,6,4,278.4,184.1,137.4,8,5,4,258.0,159.2,137.4
39,39,19,596.9,18,576.5,0,0,4.55914991563,9,6,4,279.3,181.0,136.6,8,6,4,258.9,181.0,136.6
40,40,19,601.7,18,581.3,0,0,4.74072810062,9,6,4,278.9,183.1,139.7,8,6,4,258.5,183.1,139.7
41,41,19,600.9,17,557.6,0,0,4.74925047949,9,6,4,273.5,183.0,144.4,7,6,4,230.2,183.0,144.4
42,42,17,564.9,17,564.9,0,0,3.55365387768,8,5,4,260.6,158.4,145.9,8,5,4,260.6,158.4,145.9
43,43,18,582.4,17,562.0,0,0,4.22906222705,9,5,4,282.1,156.6,143.7,8,5,4,261.7,156.6,143.7
44,44,18,582.5,17,562.1,0,0,4.49851464229,9,5,4,280.3,156.2,146.0,8,5,4,259.9,156.2,146.0
45,45,18,581.8,17,561.4,0,0,4.34586423485,9,5,4,281.7,156.8,143.3,8,5,4,261.3,156.8,143.3
46,46,18,583.5,17,563.1,0,0,4.23837510485,9,5,4,281.0,157.3,145.2,8,5,4,260.6,157.3,145.2
47,47,17,578.7,17,578.7,0,0,3.5443720924,8,5,4,266.2,166.7,145.8,8,5,4,266.2,166.7,145.8
48,48,16,551.5,16,551.5,0,0,2.53290840735,8,4,4,267.9,140.1,143.5,8,4,4,267.9,140.1,143.5
49,49,17,567.4,16,547.0,0,0,4.36842783673,9,4,4,284.2,140.4,142.8,8,4,4,263.8,140.4,142.8
50,50,17,560.3,16,539.9,0,0,4.68789116015,9,4,4,280.1,139.2,141.0,8,4,4,259.7,139.2,141.0
51,51,17,561.0,16,540.6,0,0,4.67306109526,9,4,4,281.4,139.1,140.5,8,4,4,261.0,139.1,140.5
52,52,17,561.7,16,541.3,0,0,4.60923784691,9,4,4,280.5,139.3,141.9,8,4,4,260.1,139.3,141.9
53,53,17,562.1,16,541.7,0,0,4.42082305353,9,4,4,281.0,140.1,141.0,8,4,4,260.6,140.1,141.0
54,54,17,558.9,16,538.5,0,0,4.28799624122,9,4,4,280.0,138.9,140.0,8,4,4,259.6,138.9,140.0
55,55,16,536.6,16,536.6,0,0,3.21970495543,8,4,4,257.6,137.2,141.8,8,4,4,257.6,137.2,141.8
56,56,17,546.4,17,546.4,0,0,3.77293964031,9,4,4,282.2,125.9,138.3,9,4,4,282.2,125.9,138.3
57,57,18,575.7,17,551.4,0,0,3.47685625411,8,6,4,264.3,177.0,134.4,8,5,4,264.3,152.7,134.4
58,58,20,624.5,17,555.7,0,0,4.46033690019,10,6,4,301.1,187.5,135.9,8,5,4,256.7,163.1,135.9
59,59,18,582.6,18,582.6,0,0,3.52052803526,9,5,4,288.4,154.6,139.6,9,5,4,288.4,154.6,139.6
60,60,19,601.5,18,581.1,0,0,3.99198026457,10,5,4,309.0,154.7,137.8,9,5,4,288.6,154.7,137.8
61,61,19,598.2,18,577.8,0,0,4.03928805029,10,5,4,309.3,153.8,135.1,9,5,4,288.9,153.8,135.1
62,62,19,590.9,18,570.5,0,0,4.1563873202,10,5,4,306.4,151.3,133.2,9,5,4,286.0,151.3,133.2
63,63,20,613.7,17,545.7,0,0,4.61202946537,10,6,4,302.8,174.9,136.0,8,5,4,257.6,152.1,136.0
64,64,20,610.8,18,566.5,0,0,4.46122475513,10,6,4,299.2,172.7,138.9,9,5,4,278.8,148.8,138.9
65,65,18,579.1,18,579.1,0,0,4.1227925367,9,5,4,290.4,152.2,136.5,9,5,4,290.4,152.2,136.5
66,66,19,589.1,18,568.7,0,0,4.0042302193,10,5,4,309.8,148.7,130.6,9,5,4,289.4,148.7,130.6
67,67,20,624.6,18,579.3,0,0,4.17046002764,10,6,4,314.0,177.6,133.0,9,5,4,293.6,152.7,133.0
68,68,20,622.7,19,602.3,0,0,4.03801345114,10,6,4,311.6,177.3,133.8,9,6,4,291.2,177.3,133.8
69,69,18,568.2,17,545.2,0,0,4.08915351517,8,6,4,252.1,181.5,134.6,7,6,4,229.1,181.5,134.6
70,70,18,590.4,18,590.4,0,0,3.40103790387,9,5,4,292.4,159.4,138.6,9,5,4,292.4,159.4,138.6
71,71,17,564.0,17,564.0,0,0,3.63722583361,8,5,4,263.2,159.4,141.4,8,5,4,263.2,159.4,141.4
72,72,17,576.5,17,576.5,0,0,2.95568992643,9,4,4,300.1,135.6,140.8,9,4,4,300.1,135.6,140.8
73,73,15,515.0,15,515.0,0,0,2.89794672796,8,3,4,269.4,106.5,139.1,8,3,4,269.4,106.5,139.1
74,74,17,558.9,16,538.5,0,0,4.91369634437,10,3,4,312.4,106.6,139.9,9,3,4,292.0,106.6,139.9
75,75,19,607.2,17,563.4,0,0,4.99558869732,10,5,4,311.1,162.4,133.7,9,4,4,290.7,139.0,133.7
76,76,16,533.4,15,509.5,0,0,3.71750364268,8,4,4,260.5,139.8,133.1,7,4,4,236.6,139.8,133.1
77,77,19,622.3,18,601.9,0,0,4.06439395797,10,5,4,313.8,172.8,135.7,9,5,4,293.4,172.8,135.7
78,78,19,624.5,18,604.1,0,0,3.86681790388,10,5,4,316.3,169.2,139.0,9,5,4,295.9,169.2,139.0
79,79,19,618.7,18,598.3,0,0,3.98681305839,10,5,4,316.3,163.1,139.3,9,5,4,295.9,163.1,139.3
80,80,20,651.8,19,631.4,0,0,4.04096132387,10,6,4,317.5,195.0,139.3,9,6,4,297.1,195.0,139.3
81,81,18,597.4,18,597.4,0,0,2.84995126664,9,5,4,295.0,166.1,136.3,9,5,4,295.0,166.1,136.3
82,82,20,627.6,19,607.2,0,0,4.23514120811,10,6,4,308.4,184.0,135.2,9,6,4,288.0,184.0,135.2
83,83,18,571.7,16,524.1,0,0,4.08341536532,8,6,4,253.9,178.0,139.8,7,5,4,230.7,153.6,139.8
84,84,16,523.8,16,523.8,0,0,2.93277456799,7,5,4,223.7,159.4,140.7,7,5,4,223.7,159.4,140.7
85,85,17,546.8,17,546.8,0,0,3.31812092465,8,5,4,246.0,159.9,140.9,8,5,4,246.0,159.9,140.9
86,86,20,621.7,18,578.2,0,0,4.39213112162,10,6,4,299.4,184.3,138.0,8,6,4,255.9,184.3,138.0
87,87,20,620.1,18,574.8,0,0,4.19893156836,10,6,4,299.0,182.7,138.4,8,6,4,253.7,182.7,138.4
88,88,18,565.9,16,519.1,0,0,3.90883447182,8,6,4,251.9,176.6,137.4,7,5,4,227.2,154.5,137.4
89,89,20,630.5,18,587.0,0,0,4.48129151966,10,6,4,302.6,185.8,142.1,8,6,4,259.1,185.8,142.1
90,90,20,636.9,19,616.5,0,0,4.32574605674,10,6,4,292.7,199.1,145.1,9,6,4,272.3,199.1,145.1
91,91,20,645.1,19,624.7,0,0,4.26077272458,10,6,4,300.4,203.8,140.9,9,6,4,280.0,203.8,140.9
92,92,18,586.8,17,562.8,0,0,3.41070977605,9,5,4,295.3,153.7,137.8,9,4,4,295.3,129.7,137.8
93,93,18,599.4,18,599.4,0,0,2.73452867215,9,5,4,292.5,167.8,139.1,9,5,4,292.5,167.8,139.1
94,94,18,586.3,17,565.9,0,0,4.0719709862,9,5,4,276.5,171.3,138.5,8,5,4,256.1,171.3,138.5
95,95,20,640.5,19,620.1,0,0,4.46387546987,10,6,4,301.2,195.3,144.0,9,6,4,280.8,195.3,144.0
96,96,18,599.0,18,599.0,0,0,3.15511826115,8,6,4,261.0,198.2,139.8,8,6,4,261.0,198.2,139.8
97,97,18,598.0,18,598.0,0,0,3.29947510185,8,6,4,256.5,194.9,146.6,8,6,4,256.5,194.9,146.6
98,98,19,617.3,18,596.9,0,0,4.19310210502,9,6,4,276.7,197.6,143.0,8,6,4,256.3,197.6,143.0
99,99,19,620.2,18,599.8,0,0,4.21021453524,9,6,4,277.1,200.5,142.6,8,6,4,256.7,200.5,142.6
100,100,17,566.7,17,566.7,0,0,2.90773562598,7,6,4,225.1,199.9,141.7,7,6,4,225.1,199.9,141.7
101,101,19,612.6,18,592.2,0,0,4.45886330675,9,6,4,274.6,193.4,144.6,8,6,4,254.2,193.4,144.6
102,102,17,569.0,17,569.0,0,0,2.64238639914,8,5,4,259.2,169.7,140.1,8,5,4,259.2,169.7,140.1
103,103,18,590.5,17,570.1,0,0,4.17393483731,8,6,4,249.6,201.1,139.8,7,6,4,229.2,201.1,139.8
104,104,19,613.5,18,593.1,0,0,4.52104888725,9,6,4,273.6,199.3,140.6,8,6,4,253.2,199.3,140.6
105,105,18,601.6,18,601.6,0,0,3.21239429774,8,6,4,256.4,202.3,142.9,8,6,4,256.4,202.3,142.9
106,106,19,614.1,18,593.7,0,0,4.23301559797,9,6,4,272.4,200.6,141.1,8,6,4,252.0,200.6,141.1
107,107,20,650.9,19,630.5,0,0,4.4990613056,10,6,4,308.5,200.3,142.1,9,6,4,288.1,200.3,142.1
108,108,20,630.1,17,562.8,0,0,4.47019074125,10,6,4,293.8,195.2,141.1,7,6,4,226.5,195.2,141.1
109,109,18,599.5,18,599.5,0,0,2.83890455721,9,5,4,291.1,170.9,137.5,9,5,4,291.1,170.9,137.5
110,110,18,594.6,18,594.6,0,0,2.94258789663,9,5,4,281.2,176.1,137.3,9,5,4,281.2,176.1,137.3
111,111,16,547.3,16,547.3,0,0,1.88413331092,6,5,5,203.1,172.5,171.7,6,5,5,203.1,172.5,171.7
112,112,17,561.8,17,561.8,0,0,3.1177150381,8,5,4,258.1,166.5,137.2,8,5,4,258.1,166.5,137.2
113,113,18,586.3,17,563.7,0,0,4.27204394607,8,6,4,250.4,196.7,139.2,7,6,4,227.8,196.7,139.2
114,114,17,577.0,17,577.0,0,0,3.32378903203,6,6,5,203.6,198.3,175.1,6,6,5,203.6,198.3,175.1
115,115,19,628.0,19,628.0,0,0,3.06890650469,9,6,4,290.2,196.6,141.2,9,6,4,290.2,196.6,141.2
116,116,18,608.3,18,608.3,0,0,2.68075323529,8,5,5,265.7,174.6,168.0,8,5,5,265.7,174.6,168.0
117,117,18,597.3,18,597.3,0,0,3.0982442846,8,6,4,258.4,196.6,142.3,8,6,4,258.4,196.6,142.3
118,118,19,614.5,18,590.6,0,0,4.00573419397,10,5,4,313.9,158.9,141.7,10,4,4,313.9,135.0,141.7
119,119,19,607.6,18,583.2,0,0,3.87751050538,9,6,4,282.8,184.4,140.4,9,5,4,282.8,160.0,140.4
120,120,19,616.6,19,616.6,0,0,3.18614507953,10,5,4,311.6,161.9,143.1,10,5,4,311.6,161.9,143.1
121,121,19,619.7,19,619.7,0,0,3.0410639874,9,6,4,283.3,195.1,141.3,9,6,4,283.3,195.1,141.3
122,122,18,588.9,18,588.9,0,0,3.57890058702,8,6,4,248.1,195.8,145.0,8,6,4,248.1,195.8,145.0
123,123,19,625.1,19,625.1,0,0,3.19026296373,9,6,4,286.3,195.1,143.7,9,6,4,286.3,195.1,143.7
124,124,19,626.5,19,626.5,0,0,2.3323431483,10,5,4,323.3,166.8,136.4,10,5,4,323.3,166.8,136.4
125,125,19,633.8,19,633.8,0,0,2.7368505398,9,6,4,296.2,201.2,136.4,9,6,4,296.2,201.2,136.4
126,126,19,630.5,19,630.5,0,0,3.40738791417,9,6,4,292.2,203.7,134.6,9,6,4,292.2,203.7,134.6
127,127,19,632.1,19,632.1,0,0,3.27601598008,9,6,4,292.5,201.5,138.1,9,6,4,292.5,201.5,138.1
128,128,17,571.2,17,571.2,0,0,2.57342184649,7,6,4,232.7,201.5,137.0,7,6,4,232.7,201.5,137.0
129,129,19,619.7,17,571.5,0,0,3.86756644099,9,6,4,281.2,201.0,137.5,7,6,4,233.0,201.0,137.5
130,130,19,622.6,18,598.1,0,0,3.39379378532,9,6,4,289.2,197.4,136.0,8,6,4,264.7,197.4,136.0
131,131,19,625.9,18,602.5,0,0,3.48158900336,9,6,4,297.1,192.8,136.0,9,5,4,297.1,169.4,136.0
132,132,19,627.1,19,627.1,0,0,3.24815737239,9,6,4,287.2,195.7,144.2,9,6,4,287.2,195.7,144.2
133,133,19,614.7,19,614.7,0,0,3.58799981746,9,6,4,282.0,192.6,140.1,9,6,4,282.0,192.6,140.1
134,134,19,604.6,18,579.9,0,0,4.34953113021,10,5,4,306.7,159.0,138.9,9,5,4,282.0,159.0,138.9
135,135,19,605.5,18,580.9,0,0,4.13535604158,9,6,4,278.3,185.5,141.7,9,5,4,278.3,160.9,141.7
136,136,19,628.5,19,628.5,0,0,2.66178280844,9,6,4,289.7,198.1,140.7,9,6,4,289.7,198.1,140.7
137,137,19,616.9,19,616.9,0,0,2.99537655425,9,6,4,286.5,195.7,134.7,9,6,4,286.5,195.7,134.7
138,138,19,622.3,18,598.8,0,0,3.40870917586,9,6,4,294.3,193.6,134.4,9,5,4,294.3,170.1,134.4
139,139,19,617.5,18,597.0,0,0,4.06256623878,9,6,4,294.7,188.1,134.7,9,5,4,294.7,167.6,134.7
140,140,19,620.1,18,597.7,0,0,3.48492157194,9,6,4,286.2,191.8,142.1,9,5,4,286.2,169.4,142.1
141,141,19,610.5,19,610.5,0,0,3.62047459007,9,6,4,275.6,193.1,141.8,9,6,4,275.6,193.1,141.8
142,142,19,634.6,18,611.5,0,0,3.89957262616,10,5,4,322.9,171.4,140.3,9,5,4,299.8,171.4,140.3
143,143,20,664.4,19,641.3,0,0,4.10796402383,10,6,4,324.6,196.6,143.2,9,6,4,301.5,196.6,143.2
144,144,20,659.8,20,659.8,0,0,3.60830912435,10,6,4,323.8,197.2,138.8,10,6,4,323.8,197.2,138.8
145,145,20,646.3,20,646.3,0,0,2.85772728985,10,6,4,308.8,198.8,138.7,10,6,4,308.8,198.8,138.7
146,146,20,651.6,18,605.5,0,0,4.1922987037,10,6,4,315.9,196.0,139.7,9,5,4,291.7,174.1,139.7
147,147,20,644.5,18,598.4,0,0,4.38776708589,10,6,4,314.8,189.9,139.8,9,5,4,290.6,168.0,139.8
148,148,20,638.9,18,593.8,0,0,4.59364263211,10,6,4,313.1,187.8,138.0,9,5,4,288.9,166.9,138.0
149,149,20,653.5,19,628.9,0,0,3.72231888676,10,6,4,324.4,194.9,134.2,9,6,4,299.8,194.9,134.2
150,150,20,655.4,18,605.9,0,0,3.84065509763,10,6,4,323.0,195.5,136.9,9,5,4,298.4,170.6,136.9
151,151,20,650.6,18,604.5,0,0,4.10059045812,10,6,4,318.8,194.6,137.2,9,5,4,296.4,170.9,137.2
152,152,20,652.3,18,605.5,0,0,4.04074966989,10,6,4,321.9,192.8,137.6,9,5,4,299.5,168.4,137.6
153,153,20,648.6,18,603.2,0,0,4.16515621745,10,6,4,321.1,189.9,137.6,9,5,4,298.9,166.7,137.6
154,154,20,647.5,18,601.9,0,0,4.19446690672,10,6,4,320.6,188.3,138.6,9,5,4,298.4,164.9,138.6
155,155,20,649.9,18,605.4,0,0,4.25619981229,10,6,4,320.9,189.7,139.3,9,5,4,298.7,167.4,139.3
156,156,20,625.6,17,558.4,1,19.7,4.98139697168,10,6,4,294.5,190.7,140.4,8,5,4,251.6,166.4,140.4
157,157,20,637.9,18,590.7,0,0,4.06738956761,10,6,4,308.7,188.8,140.4,9,5,4,285.5,164.8,140.4
158,158,20,629.3,19,608.5,0,0,4.14706935203,10,6,4,312.3,180.4,136.6,10,5,4,312.3,159.6,136.6
159,159,20,628.0,18,585.5,1,18.2,4.66216574927,10,6,4,310.3,176.2,141.5,10,4,4,310.3,133.7,141.5
160,160,20,623.9,18,581.2,1,18.2,4.68069664181,10,6,4,306.3,174.8,142.8,10,4,4,306.3,132.1,142.8
161,161,20,628.0,19,609.8,1,18.2,4.49303554638,10,6,4,309.5,176.6,141.9,10,5,4,309.5,158.4,141.9
162,162,20,631.3,19,613.1,1,18.2,4.56684562333,10,6,4,312.9,174.6,143.8,10,5,4,312.9,156.4,143.8
163,163,20,637.0,18,592.4,0,0,4.37426685586,10,6,4,316.5,177.0,143.5,10,4,4,316.5,132.4,143.5
164,164,20,646.0,19,623.0,0,0,3.82938774823,10,6,4,319.5,183.7,142.8,10,5,4,319.5,160.7,142.8
165,165,19,618.1,18,596.0,0,0,4.18649318,10,5,4,312.4,162.3,143.4,9,5,4,290.3,162.3,143.4
166,166,19,618.2,18,596.7,0,0,4.35586584406,10,5,4,314.2,160.1,143.9,9,5,4,292.7,160.1,143.9
167,167,20,639.3,18,597.7,1,19.5,4.99307678586,10,6,4,312.8,183.0,143.5,9,5,4,293.3,160.9,143.5
168,168,19,615.3,18,595.8,1,19.5,4.35918738068,10,5,4,310.4,163.2,141.7,9,5,4,290.9,163.2,141.7
169,169,20,638.4,19,618.9,1,19.5,4.52578577068,10,6,4,309.7,188.1,140.6,9,6,4,290.2,188.1,140.6
170,170,20,637.7,19,618.2,1,19.5,4.39512588886,10,6,4,307.2,189.1,141.4,9,6,4,287.7,189.1,141.4
171,171,20,625.2,19,605.7,1,19.5,4.26742866003,10,6,4,291.0,192.7,141.5,9,6,4,271.5,192.7,141.5
172,172,20,620.6,17,554.5,1,19.5,5.2638888966,10,6,4,278.7,198.0,143.9,7,6,4,212.6,198.0,143.9
173,173,20,633.6,19,614.1,1,19.5,4.78182964323,10,6,4,290.9,199.1,143.6,9,6,4,271.4,199.1,143.6
174,174,20,632.5,19,611.0,0,0,4.08538795426,10,6,4,296.2,194.9,141.4,9,6,4,274.7,194.9,141.4
175,175,20,629.1,18,588.0,1,19.6,4.73558477465,10,6,4,288.7,196.9,143.5,8,6,4,247.6,196.9,143.5
176,176,20,619.2,18,574.6,0,0,4.58285133032,10,6,4,281.0,194.2,144.0,8,6,4,236.4,194.2,144.0
177,177,20,615.2,18,569.3,0,0,4.57422987478,10,6,4,278.9,192.3,144.0,8,6,4,233.0,192.3,144.0
178,178,20,620.5,18,575.1,0,0,4.40727568316,10,6,4,279.5,197.4,143.6,8,6,4,234.1,197.4,143.6
179,179,20,642.0,18,597.0,0,0,4.36661979351,10,6,4,302.4,196.0,143.6,8,6,4,257.4,196.0,143.6
180,180,20,632.4,17,565.0,1,19.0,4.76241866901,10,6,4,300.5,188.6,143.3,8,5,4,257.7,164.0,143.3
181,181,20,633.9,18,587.6,0,0,4.34383713468,10,6,4,304.9,186.4,142.6,8,6,4,258.6,186.4,142.6
182,182,20,636.7,18,588.3,0,0,3.91236568628,10,6,4,301.6,193.3,141.8,8,6,4,253.2,193.3,141.8
183,183,20,636.1,18,593.0,1,19.3,4.35267310487,10,6,4,307.9,188.0,140.2,9,5,4,284.1,168.7,140.2
184,184,18,565.1,16,517.0,0,0,4.37835212383,8,6,4,237.8,183.8,143.5,7,5,4,214.4,159.1,143.5
185,185,19,596.2,18,572.8,0,0,4.07125137019,9,6,4,269.5,183.7,143.0,9,5,4,269.5,160.3,143.0
186,186,18,584.7,18,584.7,0,0,3.40609315613,8,6,4,251.1,191.6,142.0,8,6,4,251.1,191.6,142.0
187,187,17,544.6,16,520.1,0,0,4.08104477684,8,5,4,246.0,158.4,140.2,7,5,4,221.5,158.4,140.2
188,188,18,573.1,18,573.1,0,0,3.93553029372,8,6,4,248.5,185.5,139.1,8,6,4,248.5,185.5,139.1
189,189,18,585.7,17,563.3,0,0,4.12882818996,8,6,4,253.5,189.6,142.6,8,5,4,253.5,167.2,142.6
190,190,18,585.4,18,585.4,0,0,3.37979385998,8,6,4,256.0,186.3,143.1,8,6,4,256.0,186.3,143.1
191,191,18,586.1,18,586.1,0,0,3.60638957292,8,6,4,255.5,187.3,143.3,8,6,4,255.5,187.3,143.3
192,192,17,559.4,17,559.4,0,0,3.47697256752,8,5,4,264.1,153.9,141.4,8,5,4,264.1,153.9,141.4
193,193,18,604.2,17,581.4,0,0,3.72953237883,9,5,4,290.3,169.6,144.3,8,5,4,267.5,169.6,144.3
194,194,18,591.2,17,566.3,0,0,3.85474836628,9,5,4,289.7,162.2,139.3,9,4,4,289.7,137.3,139.3
195,195,18,591.8,17,567.0,0,0,3.50303323279,9,5,4,288.4,162.8,140.6,8,5,4,263.6,162.8,140.6
196,196,18,602.5,18,602.5,0,0,3.25030415872,9,5,4,296.7,164.2,141.6,9,5,4,296.7,164.2,141.6
197,197,17,575.4,17,575.4,0,0,2.61393325447,8,5,4,260.5,172.3,142.6,8,5,4,260.5,172.3,142.6
198,198,18,600.3,18,600.3,0,0,3.32676313271,8,6,4,257.7,199.8,142.8,8,6,4,257.7,199.8,142.8
199,199,19,613.7,19,613.7,0,0,3.98218253948,9,6,4,273.4,196.6,143.7,9,6,4,273.4,196.6,143.7
200,200,18,576.0,18,576.0,0,0,3.55180153129,8,6,4,239.8,197.7,138.5,8,6,4,239.8,197.7,138.5
201,201,17,550.0,17,550.0,0,0,3.34086771046,7,6,4,212.2,197.4,140.4,7,6,4,212.2,197.4,140.4
202,202,18,574.3,18,574.3,0,0,3.75554056926,8,6,4,239.1,197.2,138.0,8,6,4,239.1,197.2,138.0
203,203,18,573.2,17,550.5,0,0,3.95745346258,8,6,4,234.0,197.8,141.4,7,6,4,211.3,197.8,141.4
204,204,18,571.4,18,571.4,0,0,4.05161147638,8,6,4,234.9,193.6,142.9,8,6,4,234.9,193.6,142.9
205,205,19,591.5,16,518.3,0,0,4.44722792954,9,6,4,255.6,194.4,141.5,6,6,4,182.4,194.4,141.5
206,206,17,545.0,16,520.6,0,0,4.24426949302,7,6,4,206.0,196.5,142.5,6,6,4,181.6,196.5,142.5
207,207,16,523.4,16,523.4,0,0,3.23354810283,6,6,4,185.1,198.8,139.5,6,6,4,185.1,198.8,139.5
208,208,16,524.0,16,524.0,0,0,3.36590750517,6,6,4,185.5,198.8,139.7,6,6,4,185.5,198.8,139.7
209,209,18,534.6,16,488.8,0,0,3.97950632469,8,6,4,222.7,183.7,128.2,6,6,4,176.9,183.7,128.2
210,210,19,586.8,17,538.2,0,0,4.34348338931,9,6,4,267.4,182.8,136.6,8,5,4,243.6,158.0,136.6
211,211,17,568.6,17,568.6,0,0,3.61803082613,7,6,4,229.9,193.5,145.2,7,6,4,229.9,193.5,145.2
212,212,18,572.3,18,572.3,0,0,3.96209573514,8,6,4,254.2,179.4,138.7,8,6,4,254.2,179.4,138.7
213,213,18,585.9,17,562.4,0,0,3.94122256338,9,5,4,286.1,159.7,140.1,9,4,4,286.1,136.2,140.1
214,214,19,613.1,18,589.7,0,0,3.82158382402,9,6,4,294.5,180.9,137.7,9,5,4,294.5,157.5,137.7
215,215,19,616.3,18,593.1,0,0,3.72099307627,9,6,4,297.6,180.0,138.7,9,5,4,297.6,156.8,138.7
216,216,19,625.7,19,625.7,0,0,3.10752717546,9,6,4,297.0,188.9,139.8,9,6,4,297.0,188.9,139.8
217,217,19,621.1,18,596.2,0,0,3.71197682237,9,6,4,292.3,188.4,140.4,9,5,4,292.3,163.5,140.4
218,218,18,599.6,18,599.6,0,0,2.83961241947,9,5,4,298.5,161.3,139.8,9,5,4,298.5,161.3,139.8
219,219,19,625.4,19,625.4,0,0,3.12858916693,9,6,4,295.9,187.5,142.0,9,6,4,295.9,187.5,142.0
220,220,19,622.3,19,622.3,0,0,3.18841103252,9,6,4,291.0,188.2,143.1,9,6,4,291.0,188.2,143.1
221,221,19,614.7,18,590.2,0,0,4.23482498931,9,6,4,285.3,188.8,140.6,9,5,4,285.3,164.3,140.6
222,222,18,583.9,17,560.4,0,0,4.00222568798,9,5,4,287.0,154.6,142.3,9,4,4,287.0,131.1,142.3
223,223,18,581.9,18,581.9,0,0,3.69798125461,8,6,4,259.8,180.5,141.6,8,6,4,259.8,180.5,141.6
224,224,18,581.2,15,507.2,0,0,4.40933353493,8,6,4,253.3,184.2,143.7,7,4,4,228.4,135.1,143.7
225,225,17,558.3,17,558.3,0,0,3.62233674986,8,5,4,255.5,161.3,141.5,8,5,4,255.5,161.3,141.5
226,226,19,632.6,19,632.6,0,0,2.6395440861,9,6,4,298.9,195.4,138.3,9,6,4,298.9,195.4,138.3
227,227,19,631.8,19,631.8,0,0,2.59387492653,9,6,4,299.3,196.0,136.5,9,6,4,299.3,196.0,136.5
228,228,19,639.1,19,639.1,0,0,2.62217266283,9,6,4,310.6,193.2,135.3,9,6,4,310.6,193.2,135.3
229,229,18,608.2,18,608.2,0,0,2.37037819988,8,6,4,277.6,198.7,131.9,8,6,4,277.6,198.7,131.9
230,230,17,542.9,16,518.1,0,0,3.63557787299,9,5,3,284.4,170.0,88.5,9,5,2,284.4,170.0,63.7
231,231,18,616.6,18,616.6,0,0,2.25733372711,8,6,4,274.9,204.7,137.0,8,6,4,274.9,204.7,137.0
232,232,18,612.7,18,612.7,0,0,2.71902640207,9,5,4,308.9,161.6,142.2,9,5,4,308.9,161.6,142.2
233,233,18,610.5,18,610.5,0,0,2.75792974359,9,5,4,305.1,163.3,142.1,9,5,4,305.1,163.3,142.1
234,234,18,608.6,18,608.6,0,0,3.09608650299,9,5,4,305.9,160.6,142.1,9,5,4,305.9,160.6,142.1
235,235,18,611.5,18,611.5,0,0,3.07433504155,9,5,4,307.3,161.3,142.9,9,5,4,307.3,161.3,142.9
236,236,18,610.6,18,610.6,0,0,2.87720361699,9,5,4,305.3,162.7,142.6,9,5,4,305.3,162.7,142.6
237,237,18,612.4,18,612.4,0,0,3.05490070226,9,5,4,305.8,162.8,143.8,9,5,4,305.8,162.8,143.8
238,238,18,610.4,18,610.4,0,0,3.09874526578,9,5,4,305.5,161.2,143.7,9,5,4,305.5,161.2,143.7
239,239,17,576.6,17,576.6,0,0,3.12894456928,8,5,4,261.8,171.1,143.7,8,5,4,261.8,171.1,143.7
240,240,15,503.9,15,503.9,0,0,3.65072725958,7,4,4,227.1,132.7,144.1,7,4,4,227.1,132.7,144.1
241,241,18,566.6,16,519.5,0,0,4.73765337241,8,6,4,243.0,184.5,139.1,7,5,4,218.8,161.6,139.1
242,242,18,576.4,16,527.5,0,0,4.39525888357,9,5,4,283.9,153.4,139.1,9,3,4,283.9,104.5,139.1
243,243,18,584.1,17,559.7,0,0,3.58382805522,9,5,4,289.5,153.9,140.7,9,4,4,289.5,129.5,140.7
244,244,18,579.6,18,579.6,0,0,3.71594339221,9,5,4,282.4,156.5,140.7,9,5,4,282.4,156.5,140.7
245,245,18,583.2,18,583.2,0,0,3.63366611176,8,6,4,254.7,188.1,140.4,8,6,4,254.7,188.1,140.4
246,246,15,495.9,15,495.9,0,0,3.86704021184,7,4,4,233.6,122.9,139.4,7,4,4,233.6,122.9,139.4
247,247,18,612.8,18,612.8,0,0,3.03958631516,8,6,4,284.7,197.2,130.9,8,6,4,284.7,197.2,130.9
248,248,18,620.4,18,620.4,0,0,3.08906991523,9,5,4,317.5,170.6,132.3,9,5,4,317.5,170.6,132.3
249,249,19,657.8,19,657.8,0,0,2.81811184767,9,6,4,313.1,207.5,137.2,9,6,4,313.1,207.5,137.2
250,250,19,652.2,19,652.2,0,0,3.05083633438,9,6,4,315.3,202.7,134.2,9,6,4,315.3,202.7,134.2
251,251,18,611.8,18,611.8,0,0,3.23016825074,9,5,4,309.4,166.7,135.7,9,5,4,309.4,166.7,135.7
252,252,19,649.1,19,649.1,0,0,3.09339987829,9,6,4,307.2,204.4,137.5,9,6,4,307.2,204.4,137.5
253,253,18,623.1,18,623.1,0,0,2.66816746983,8,6,4,284.0,200.5,138.6,8,6,4,284.0,200.5,138.6
254,254,18,622.3,18,622.3,0,0,2.7788710267,8,6,4,282.1,201.1,139.1,8,6,4,282.1,201.1,139.1
255,255,18,622.2,18,622.2,0,0,2.7668202178,8,6,4,284.3,198.9,139.0,8,6,4,284.3,198.9,139.0
256,256,19,650.3,19,650.3,0,0,3.38884478928,9,6,4,312.0,199.2,139.1,9,6,4,312.0,199.2,139.1
257,257,19,647.9,19,647.9,0,0,3.31528446911,9,6,4,312.6,198.5,136.8,9,6,4,312.6,198.5,136.8
258,258,17,588.7,17,588.7,0,0,3.28838195506,8,5,4,284.5,165.0,139.2,8,5,4,284.5,165.0,139.2
259,259,18,604.8,16,556.8,0,0,4.50280958043,9,5,4,302.4,164.1,138.3,8,4,4,279.0,139.5,138.3
260,260,19,630.7,18,605.8,0,0,4.24741407397,9,6,4,307.6,187.6,135.5,8,6,4,282.7,187.6,135.5
261,261,19,629.2,18,605.2,0,0,4.16096451931,9,6,4,300.9,191.1,137.2,8,6,4,276.9,191.1,137.2
262,262,19,615.5,18,591.6,0,0,3.92774655273,9,6,4,291.4,187.9,136.2,8,6,4,267.5,187.9,136.2
263,263,19,642.7,19,642.7,0,0,3.96033698135,9,6,4,300.3,199.3,143.1,9,6,4,300.3,199.3,143.1
264,264,18,577.8,17,554.2,0,0,4.37842303065,8,5,5,259.4,170.8,147.6,8,5,4,259.4,170.8,124.0
265,265,16,493.7,13,422.1,0,0,5.05410311859,8,5,3,250.8,158.9,84.0,7,4,2,226.9,135.9,59.3
266,266,5,160.3,5,160.3,0,0,2.84657689164,4,0,1,131.4,0,28.9,4,0,1,131.4,0,28.9
267,267,18,543.0,17,520.0,0,0,3.6702299976,11,3,4,326.2,99.1,117.7,10,3,4,303.2,99.1,117.7
268,268,19,595.0,16,531.1,1,19.9,5.47857069336,12,3,4,368.1,99.2,127.7,10,2,4,327.6,75.8,127.7
269,269,19,557.1,15,470.4,1,18.5,5.39275016907,12,3,4,353.7,93.5,109.9,10,2,3,315.0,70.1,85.3
270,270,19,543.2,14,438.9,2,36.0,6.07918988909,12,3,4,347.5,89.6,106.1,9,2,3,287.6,69.1,82.2
271,271,19,568.0,15,481.9,2,36.9,5.62429982647,12,3,4,351.7,96.8,119.5,9,2,4,290.2,72.2,119.5
272,272,19,574.9,16,511.2,1,19.0,5.17196672129,12,3,4,354.7,100.7,119.5,9,3,4,291.0,100.7,119.5
273,273,19,569.2,16,509.8,1,17.9,5.65236585565,12,3,4,359.0,91.7,118.5,10,2,4,320.6,70.7,118.5
274,274,19,569.7,15,484.1,1,20.0,5.47674509559,12,3,4,361.2,90.5,118.0,9,2,4,295.6,70.5,118.0
275,275,19,555.9,13,426.6,1,14.1,6.24200072889,12,3,4,359.2,89.5,107.2,9,2,2,298.7,68.4,59.5
276,276,19,567.5,14,453.8,1,19.4,5.51815716336,12,3,4,368.5,91.3,107.7,9,2,3,300.6,68.8,84.4
277,277,19,582.6,15,496.9,1,19.4,5.74458300646,12,3,4,373.9,98.5,110.2,10,3,2,333.3,98.5,65.1
278,278,18,570.5,16,529.9,1,19.4,5.37559542226,12,3,3,375.8,102.7,92.0,10,3,3,335.2,102.7,92.0
279,279,18,605.3,18,605.3,0,0,3.63233931357,11,3,4,368.1,108.7,128.5,11,3,4,368.1,108.7,128.5
280,280,18,584.3,16,535.7,0,0,5.31990036272,11,3,4,352.2,106.0,126.1,9,3,4,303.6,106.0,126.1
281,281,18,607.8,18,607.8,0,0,4.56779004359,11,3,4,365.5,107.1,135.2,11,3,4,365.5,107.1,135.2
282,282,17,564.8,17,564.8,0,0,4.13030407654,10,3,4,329.7,107.1,128.0,10,3,4,329.7,107.1,128.0
283,283,15,509.6,14,485.7,0,0,4.70250186704,9,2,4,303.6,73.6,132.4,8,2,4,279.7,73.6,132.4
284,284,15,505.4,14,480.9,0,0,4.31599461582,9,2,4,303.7,72.2,129.5,8,2,4,279.2,72.2,129.5
285,285,16,494.6,14,445.8,0,0,3.68073815061,10,3,3,314.9,92.8,86.9,8,3,3,266.1,92.8,86.9
286,286,16,516.1,15,491.5,0,0,3.88586648424,9,3,4,300.8,94.3,121.0,9,3,3,300.8,94.3,96.4
287,287,18,594.4,18,594.4,0,0,4.28850111695,11,3,4,362.4,104.7,127.3,11,3,4,362.4,104.7,127.3
288,288,19,605.4,18,580.7,0,0,4.16682806705,12,3,4,377.4,94.7,133.3,11,3,4,352.7,94.7,133.3
289,289,19,619.2,19,619.2,0,0,4.24275784744,12,3,4,393.2,101.0,125.0,12,3,4,393.2,101.0,125.0
290,290,19,608.0,18,583.2,0,0,4.13588630834,12,3,4,389.5,91.6,126.9,12,3,3,389.5,91.6,102.1
291,291,19,599.6,19,599.6,0,0,4.93584573294,12,3,4,380.1,88.0,131.5,12,3,4,380.1,88.0,131.5
292,292,18,531.3,14,437.6,0,0,4.88108594475,11,3,4,324.8,93.2,113.3,9,2,3,278.6,69.6,89.4
293,293,19,575.8,16,509.1,1,19.6,5.50317824173,12,3,4,354.3,96.8,124.7,10,2,4,310.3,74.1,124.7
294,294,19,582.2,18,562.6,1,19.6,4.99603351442,12,3,4,366.2,101.0,115.0,11,3,4,346.6,101.0,115.0
295,295,18,567.9,15,497.5,0,0,5.26891550399,11,3,4,334.3,101.3,132.3,8,3,4,263.9,101.3,132.3
296,296,16,536.8,16,536.8,0,0,4.79360685358,10,2,4,328.1,74.7,134.0,10,2,4,328.1,74.7,134.0
297,297,18,595.8,18,595.8,0,0,4.01042758466,11,3,4,349.9,107.3,138.6,11,3,4,349.9,107.3,138.6
298,298,18,599.5,18,599.5,0,0,3.62125623673,11,3,4,355.6,111.2,132.7,11,3,4,355.6,111.2,132.7
299,299,15,514.7,15,514.7,0,0,3.41276315922,8,3,4,276.4,108.8,129.5,8,3,4,276.4,108.8,129.5
300,300,15,494.7,15,494.7,0,0,3.42620156191,8,3,4,255.3,104.2,135.2,8,3,4,255.3,104.2,135.2
301,301,18,572.8,17,548.1,0,0,4.44476632821,12,3,3,372.7,102.2,97.9,11,3,3,348.0,102.2,97.9
302,302,17,581.6,17,581.6,0,0,2.50221960291,10,3,4,333.8,102.7,145.1,10,3,4,333.8,102.7,145.1
303,303,17,594.0,17,594.0,0,0,3.22994946236,10,3,4,345.2,108.6,140.2,10,3,4,345.2,108.6,140.2
304,304,17,592.9,17,592.9,0,0,3.25317718004,10,3,4,346.7,106.6,139.6,10,3,4,346.7,106.6,139.6
305,305,17,587.8,17,587.8,0,0,4.23195129517,10,3,4,346.0,106.1,135.7,10,3,4,346.0,106.1,135.7
306,306,15,531.2,15,531.2,0,0,3.66272082058,9,2,4,322.9,69.4,138.9,9,2,4,322.9,69.4,138.9
307,307,17,578.9,17,578.9,0,0,4.56359475182,11,2,4,375.7,67.5,135.7,11,2,4,375.7,67.5,135.7
308,308,16,555.3,16,555.3,0,0,4.18130262797,10,2,4,352.1,68.2,135.0,10,2,4,352.1,68.2,135.0
309,309,15,529.0,15,529.0,0,0,4.31536568003,9,2,4,325.3,70.5,133.2,9,2,4,325.3,70.5,133.2
310,310,15,521.3,15,521.3,0,0,4.32102280661,10,2,3,345.8,72.7,102.8,10,2,3,345.8,72.7,102.8
311,311,18,615.1,18,615.1,0,0,4.67657561439,11,3,4,382.7,96.8,135.6,11,3,4,382.7,96.8,135.6
312,312,17,589.7,17,589.7,0,0,4.36647488727,11,2,4,382.7,70.2,136.8,11,2,4,382.7,70.2,136.8
313,313,17,585.8,17,585.8,0,0,4.43960285717,11,2,4,381.4,68.7,135.7,11,2,4,381.4,68.7,135.7
314,314,17,593.7,17,593.7,0,0,3.8849918616,11,2,4,383.7,69.9,140.1,11,2,4,383.7,69.9,140.1
315,315,17,595.8,17,595.8,0,0,4.08963898881,11,2,4,385.1,71.3,139.4,11,2,4,385.1,71.3,139.4
316,316,17,588.7,17,588.7,0,0,4.90009753804,11,2,4,380.7,68.0,140.0,11,2,4,380.7,68.0,140.0
317,317,16,563.0,16,563.0,0,0,4.58532078122,10,2,4,352.1,67.2,143.7,10,2,4,352.1,67.2,143.7
318,318,17,591.6,17,591.6,0,0,3.9805778475,11,2,4,381.6,70.5,139.5,11,2,4,381.6,70.5,139.5
319,319,18,617.8,18,617.8,0,0,4.24424254388,12,2,4,405.3,71.3,141.2,12,2,4,405.3,71.3,141.2
320,320,18,617.3,18,617.3,0,0,4.32373371088,12,2,4,404.9,70.6,141.8,12,2,4,404.9,70.6,141.8
321,321,18,622.2,18,622.2,0,0,4.27564924551,12,2,4,406.4,71.4,144.4,12,2,4,406.4,71.4,144.4
322,322,19,646.2,19,646.2,0,0,3.92214435918,12,3,4,406.2,98.2,141.8,12,3,4,406.2,98.2,141.8
323,323,19,646.3,19,646.3,0,0,4.31113070472,12,3,4,406.7,97.8,141.8,12,3,4,406.7,97.8,141.8
324,324,17,599.1,17,599.1,0,0,3.57369885824,11,2,4,388.0,71.5,139.6,11,2,4,388.0,71.5,139.6
325,325,18,620.0,18,620.0,0,0,4.2455820944,12,2,4,410.5,71.1,138.4,12,2,4,410.5,71.1,138.4
326,326,18,623.4,18,623.4,0,0,3.66573963326,12,2,4,414.8,71.1,137.5,12,2,4,414.8,71.1,137.5
