,e_id,num_sat,sum_snr,num_sat_25,sum_snr_25,snr_std,elev_0_30,elev_30_60,elev_60_90,elev_0_30_25,elev_30_60_25,elev_60_90_25
1,1,23,664.3,17,545.4,6.58163092346,15,5,3,10,5,2
2,2,23,683.9,16,542.2,7.34021356487,15,5,3,9,5,2
3,3,23,696.5,17,569.6,6.86596693673,15,5,3,9,5,3
4,4,23,694.3,16,545.2,6.95003625549,15,5,3,9,5,2
5,5,23,703.2,18,607.2,7.44587850555,15,5,3,10,5,3
6,6,23,705.9,18,608.7,7.24844265678,15,5,3,10,5,3
7,7,23,699.2,17,575.7,7.0850675239,15,5,3,9,5,3
8,8,23,708.9,18,605.6,6.82268652243,15,5,3,10,5,3
9,9,23,702.1,17,582.3,7.46191648496,15,5,3,9,5,3
10,10,23,711.1,18,608.3,6.97845073806,15,5,3,10,5,3
11,11,23,695.7,18,596.3,6.85544704233,15,5,3,10,5,3
12,12,23,706.8,18,605.0,6.99418165871,15,5,3,10,5,3
13,13,21,659.0,18,605.0,7.16370149068,13,5,3,10,5,3
14,14,16,552.0,16,552.0,4.38375790086,8,5,3,8,5,3
15,15,16,546.4,16,546.4,4.49355093439,8,5,3,8,5,3
16,16,16,548.1,16,548.1,4.34311236327,8,5,3,8,5,3
17,17,15,523.7,15,523.7,3.94332467897,7,5,3,7,5,3
18,18,16,549.9,16,549.9,4.36664917299,8,5,3,8,5,3
19,19,15,523.9,15,523.9,3.8152825521,7,5,3,7,5,3
20,20,15,520.2,15,520.2,3.90699007275,7,5,3,7,5,3
21,21,15,520.8,15,520.8,3.91903778278,7,5,3,7,5,3
22,22,17,564.6,17,564.6,4.80584050309,9,5,3,9,5,3
23,23,15,520.1,15,520.1,3.72337532483,7,5,3,7,5,3
24,24,16,545.0,16,545.0,4.43348997217,8,5,3,8,5,3
25,25,17,573.0,17,573.0,4.37342408592,9,5,3,9,5,3
26,26,15,525.2,15,525.2,3.80579758239,7,5,3,7,5,3
27,27,15,520.9,15,520.9,3.88650902237,7,5,3,7,5,3
28,28,16,543.5,16,543.5,4.39040146228,8,5,3,8,5,3
29,29,17,575.5,17,575.5,4.77337899803,9,5,3,9,5,3
30,30,15,520.8,15,520.8,3.86914534675,7,5,3,7,5,3
31,31,16,546.3,16,546.3,4.28920641456,8,5,3,8,5,3
32,32,16,546.3,16,546.3,4.42507532893,8,5,3,8,5,3
33,33,16,547.5,16,547.5,4.12944205271,8,5,3,8,5,3
34,34,16,545.0,16,545.0,4.42972911136,8,5,3,8,5,3
35,35,15,521.0,15,521.0,3.78071547776,7,5,3,7,5,3
36,36,16,546.9,16,546.9,4.23607030946,8,5,3,8,5,3
37,37,17,577.7,17,577.7,4.44272372736,9,5,3,9,5,3
38,38,16,546.3,16,546.3,4.10170188255,8,5,3,8,5,3
39,39,16,551.2,16,551.2,4.26739577104,8,5,3,8,5,3
40,40,16,550.9,16,550.9,4.21247650834,8,5,3,8,5,3
41,41,15,523.9,15,523.9,3.44310214501,7,5,3,7,5,3
42,42,16,550.0,16,550.0,4.03542645413,8,5,3,8,5,3
43,43,16,543.3,16,543.3,4.20729029979,8,5,3,8,5,3
44,44,15,522.0,15,522.0,3.91425964538,7,5,3,7,5,3
45,45,15,515.1,15,515.1,3.83941959899,8,5,2,8,5,2
46,46,18,591.6,16,547.3,5.45203685629,10,5,3,8,5,3
47,47,16,549.8,16,549.8,4.07608881159,8,5,3,8,5,3
48,48,16,547.9,16,547.9,4.22689306702,8,5,3,8,5,3
49,49,16,552.7,16,552.7,3.89922535042,8,5,3,8,5,3
50,50,15,523.1,15,523.1,3.81996010949,7,5,3,7,5,3
51,51,17,575.8,17,575.8,4.50621303118,9,5,3,9,5,3
52,52,16,548.7,16,548.7,4.3296603023,8,5,3,8,5,3
53,53,16,546.3,16,546.3,4.26363987691,8,5,3,8,5,3
54,54,16,549.4,16,549.4,4.25219551134,8,5,3,8,5,3
55,55,15,516.1,15,516.1,4.26103050357,7,5,3,7,5,3
56,56,16,550.7,16,550.7,4.38363908946,8,5,3,8,5,3
57,57,17,574.2,17,574.2,4.5513087969,9,5,3,9,5,3
58,58,16,550.2,16,550.2,4.20838448814,8,5,3,8,5,3
59,59,15,510.8,15,510.8,4.36771706741,8,5,2,8,5,2
60,60,19,605.1,17,562.6,5.64371512993,11,5,3,9,5,3
61,61,16,556.1,16,556.1,3.66550928703,8,5,3,8,5,3
62,62,16,537.3,16,537.3,4.29204205478,8,5,3,8,5,3
63,63,17,569.5,17,569.5,4.57998362442,9,5,3,9,5,3
64,64,16,543.4,16,543.4,4.47241545476,8,5,3,8,5,3
65,65,15,515.0,15,515.0,4.19449752936,7,5,3,7,5,3
66,66,15,517.1,15,517.1,3.96835098294,7,5,3,7,5,3
67,67,16,541.1,16,541.1,4.49788376165,8,5,3,8,5,3
68,68,16,544.4,16,544.4,4.09039525393,8,5,3,8,5,3
69,69,19,620.3,18,597.8,5.57607671925,11,5,3,10,5,3
70,70,17,551.9,16,529.4,4.95894912966,9,5,3,8,5,3
71,71,16,539.4,16,539.4,4.45927871597,8,5,3,8,5,3
72,72,15,518.1,15,518.1,4.30644035967,7,5,3,7,5,3
73,73,15,512.9,15,512.9,4.42823193783,7,5,3,7,5,3
74,74,16,549.9,16,549.9,4.08912684241,8,5,3,8,5,3
75,75,16,544.5,16,544.5,4.31566429803,8,5,3,8,5,3
76,76,17,571.7,17,571.7,4.50593562785,9,5,3,9,5,3
77,77,16,547.0,16,547.0,4.26628253479,8,5,3,8,5,3
78,78,16,543.8,16,543.8,4.26487592629,8,5,3,8,5,3
79,79,17,565.3,17,565.3,4.79141388933,9,5,3,9,5,3
80,80,17,568.9,17,568.9,4.67024372711,9,5,3,9,5,3
81,81,16,542.6,16,542.6,4.28841462548,8,5,3,8,5,3
82,82,16,544.4,16,544.4,4.39370762189,8,5,3,8,5,3
83,83,16,534.6,16,534.6,4.76974842104,8,5,3,8,5,3
84,84,16,538.0,16,538.0,4.1946791693,8,5,3,8,5,3
85,85,16,528.4,16,528.4,4.19499702026,8,5,3,8,5,3
86,86,17,569.5,17,569.5,4.91235686814,9,5,3,9,5,3
87,87,17,569.5,17,569.5,4.53293503152,9,5,3,9,5,3
88,88,17,575.0,17,575.0,4.47667977018,9,5,3,9,5,3
89,89,17,571.9,17,571.9,4.36878970991,9,5,3,9,5,3
90,90,17,574.2,17,574.2,4.28230799508,9,5,3,9,5,3
91,91,17,569.2,17,569.2,4.48584374646,9,5,3,9,5,3
92,92,17,573.4,17,573.4,4.37375192282,9,5,3,9,5,3
93,93,17,577.4,17,577.4,4.25763155646,9,5,3,9,5,3
94,94,16,545.9,16,545.9,4.14668039923,8,5,3,8,5,3
95,95,17,573.2,17,573.2,4.23751626754,9,5,3,9,5,3
96,96,17,568.1,17,568.1,4.63171610935,9,5,3,9,5,3
97,97,17,572.5,17,572.5,4.5261088989,9,5,3,9,5,3
98,98,17,570.0,17,570.0,4.4959377089,9,5,3,9,5,3
99,99,17,575.9,17,575.9,4.20260773386,9,5,3,9,5,3
100,100,17,572.7,17,572.7,4.34308104244,9,5,3,9,5,3
101,101,17,574.2,17,574.2,4.39083269605,9,5,3,9,5,3
102,102,17,575.4,17,575.4,4.45226313899,9,5,3,9,5,3
103,103,17,577.4,17,577.4,4.22077320767,9,5,3,9,5,3
104,104,17,571.5,17,571.5,4.43399302183,9,5,3,9,5,3
105,105,17,568.7,17,568.7,4.41292386733,9,5,3,9,5,3
106,106,17,569.5,17,569.5,4.31262680973,9,5,3,9,5,3
107,107,17,569.6,17,569.6,4.58127583052,9,5,3,9,5,3
108,108,17,567.2,17,567.2,4.60908629455,9,5,3,9,5,3
109,109,16,544.9,16,544.9,4.08264109779,8,5,3,8,5,3
110,110,17,572.6,17,572.6,4.52316748724,9,5,3,9,5,3
111,111,17,570.8,17,570.8,4.65718925584,9,5,3,9,5,3
112,112,17,570.4,17,570.4,4.68803232272,9,5,3,9,5,3
113,113,17,570.7,17,570.7,4.20888416119,9,5,3,9,5,3
114,114,17,568.6,17,568.6,4.56523789729,9,5,3,9,5,3
115,115,17,565.3,17,565.3,4.69961669276,9,5,3,9,5,3
116,116,15,509.6,15,509.6,4.33234787329,7,5,3,7,5,3
117,117,16,539.2,16,539.2,4.51855434108,8,5,3,8,5,3
118,118,17,567.9,17,567.9,4.52195623987,9,5,3,9,5,3
119,119,17,569.7,17,569.7,4.38789276774,9,5,3,9,5,3
120,120,17,568.6,17,568.6,4.3534638001,9,5,3,9,5,3
121,121,17,568.4,17,568.4,4.48844922781,9,5,3,9,5,3
122,122,17,568.3,17,568.3,4.64256996526,9,5,3,9,5,3
123,123,17,565.5,17,565.5,4.68960834938,9,5,3,9,5,3
124,124,17,568.1,17,568.1,4.38266974773,9,5,3,9,5,3
125,125,17,566.5,17,566.5,4.82267164181,9,5,3,9,5,3
126,126,17,564.2,17,564.2,4.90024009016,9,5,3,9,5,3
127,127,16,541.6,16,541.6,4.61056757171,8,5,3,8,5,3
128,128,15,490.6,15,490.6,4.05823090709,8,5,2,8,5,2
129,129,18,582.9,17,562.5,5.34902410011,10,5,3,9,5,3
130,130,17,566.3,17,566.3,4.66903126368,9,5,3,9,5,3
131,131,16,539.4,16,539.4,4.47614045058,8,5,3,8,5,3
132,132,17,568.0,17,568.0,4.57600840703,9,5,3,9,5,3
133,133,17,564.5,17,564.5,4.71135206022,9,5,3,9,5,3
134,134,17,565.5,17,565.5,4.74591155318,9,5,3,9,5,3
135,135,17,563.1,17,563.1,4.83005297742,9,5,3,9,5,3
136,136,17,567.5,17,567.5,4.7191412479,9,5,3,9,5,3
137,137,16,541.5,16,541.5,4.37903623339,8,5,3,8,5,3
138,138,16,539.7,16,539.7,4.54220486108,8,5,3,8,5,3
139,139,15,513.4,15,513.4,4.32293991675,7,5,3,7,5,3
140,140,17,567.8,17,567.8,4.57192519624,9,5,3,9,5,3
141,141,17,567.2,17,567.2,4.72955351704,9,5,3,9,5,3
142,142,17,566.7,17,566.7,4.81247612676,9,5,3,9,5,3
143,143,17,569.3,17,569.3,4.60622979683,9,5,3,9,5,3
144,144,16,540.5,16,540.5,4.4676942226,8,5,3,8,5,3
145,145,16,540.9,16,540.9,4.48337205683,8,5,3,8,5,3
146,146,16,529.5,16,529.5,4.80589481783,8,5,3,8,5,3
147,147,17,565.5,17,565.5,4.76654240205,9,5,3,9,5,3
148,148,17,567.3,17,567.3,4.58377092385,9,5,3,9,5,3
149,149,17,568.3,17,568.3,4.69464651304,9,5,3,9,5,3
150,150,17,564.6,17,564.6,4.67571951053,9,5,3,9,5,3
151,151,17,562.7,17,562.7,4.86941988331,9,5,3,9,5,3
152,152,16,536.8,16,536.8,4.71889817648,8,5,3,8,5,3
153,153,17,565.7,17,565.7,4.62784093987,9,5,3,9,5,3
154,154,17,566.0,17,566.0,4.78454159093,9,5,3,9,5,3
155,155,17,565.0,17,565.0,4.56493991971,9,5,3,9,5,3
156,156,17,563.9,17,563.9,4.75023219247,8,6,3,8,6,3
157,157,17,563.7,17,563.7,4.96563928708,8,6,3,8,6,3
158,158,17,566.0,17,566.0,4.5991127661,8,6,3,8,6,3
159,159,17,567.8,17,567.8,4.34971263419,8,6,3,8,6,3
160,160,17,562.7,17,562.7,4.7936155457,8,6,3,8,6,3
161,161,16,539.3,16,539.3,4.68536284614,7,6,3,7,6,3
162,162,17,561.2,17,561.2,5.06962552278,8,6,3,8,6,3
163,163,17,563.8,17,563.8,4.68240605571,8,6,3,8,6,3
164,164,17,565.6,17,565.6,4.89626958841,8,6,3,8,6,3
165,165,16,542.5,16,542.5,4.15346742694,7,6,3,7,6,3
166,166,17,564.8,17,564.8,4.69101926714,8,6,3,8,6,3
167,167,17,562.3,17,562.3,4.63539769218,8,6,3,8,6,3
168,168,16,533.5,16,533.5,4.49502966249,7,6,3,7,6,3
169,169,17,561.1,17,561.1,4.62404998192,8,6,3,8,6,3
170,170,16,538.3,16,538.3,4.52341592899,7,6,3,7,6,3
171,171,15,515.1,15,515.1,3.88086882761,6,6,3,6,6,3
172,172,16,532.8,16,532.8,4.66476151588,7,6,3,7,6,3
173,173,18,596.2,18,596.2,4.81572858767,9,6,3,9,6,3
174,174,17,565.9,17,565.9,4.28440228517,8,6,3,8,6,3
175,175,16,533.3,16,533.3,4.55276015182,7,6,3,7,6,3
176,176,17,563.6,17,563.6,4.95506277042,8,6,3,8,6,3
177,177,16,538.3,16,538.3,4.69453139301,7,6,3,7,6,3
178,178,16,542.9,16,542.9,4.36771774882,7,6,3,7,6,3
179,179,19,608.1,17,564.1,5.77941497272,10,6,3,8,6,3
180,180,19,618.0,18,596.1,5.31871351459,10,6,3,9,6,3
181,181,17,563.0,17,563.0,4.68084331266,8,6,3,8,6,3
182,182,17,560.9,17,560.9,4.92651887597,8,6,3,8,6,3
183,183,16,536.3,16,536.3,5.16013161977,7,6,3,7,6,3
184,184,18,590.2,17,567.7,5.26094253341,9,6,3,8,6,3
185,185,18,589.0,17,566.5,5.4045248532,9,6,3,8,6,3
186,186,16,536.2,16,536.2,4.78913701342,7,6,3,7,6,3
187,187,18,589.1,17,568.0,5.41705428477,9,6,3,8,6,3
188,188,18,584.6,17,563.5,5.56200932329,9,6,3,8,6,3
189,189,20,651.1,18,606.0,5.48495310156,11,6,3,9,6,3
190,190,19,615.8,17,570.7,5.4767077232,10,6,3,8,6,3
191,191,17,565.8,17,565.8,4.9137861286,8,6,3,8,6,3
192,192,17,564.4,17,564.4,4.93153120238,8,6,3,8,6,3
193,193,17,568.5,17,568.5,4.54244686589,8,6,3,8,6,3
194,194,16,538.1,16,538.1,4.64768311456,7,6,3,7,6,3
195,195,17,566.7,17,566.7,4.66823590563,8,6,3,8,6,3
196,196,17,569.9,17,569.9,4.67500393205,8,6,3,8,6,3
197,197,17,564.3,17,564.3,4.88805567023,8,6,3,8,6,3
198,198,17,568.3,17,568.3,4.6865185247,8,6,3,8,6,3
199,199,17,566.1,17,566.1,4.56508488421,8,6,3,8,6,3
200,200,18,593.0,18,593.0,4.79328233631,9,6,3,9,6,3
201,201,16,539.1,16,539.1,4.39066718544,7,6,3,7,6,3
202,202,20,645.5,18,601.2,5.57606492071,11,6,3,9,6,3
203,203,19,611.7,17,567.4,5.70715668498,10,6,3,8,6,3
204,204,19,600.9,17,557.6,5.64454920011,10,6,3,8,6,3
205,205,19,609.9,17,566.6,5.73594901573,10,6,3,8,6,3
206,206,16,539.3,16,539.3,4.32241734064,7,6,3,7,6,3
207,207,20,646.6,18,604.3,5.71591499329,11,6,3,9,6,3
208,208,19,611.0,17,568.7,5.87086173776,10,6,3,8,6,3
209,209,15,499.5,15,499.5,4.56758767216,7,6,2,7,6,2
210,210,18,578.0,16,532.5,5.36106759439,10,6,2,8,6,2
211,211,18,583.9,17,560.9,5.29674027269,9,6,3,8,6,3
212,212,17,571.6,17,571.6,4.64024910589,8,6,3,8,6,3
213,213,17,570.4,17,570.4,4.70546459543,8,6,3,8,6,3
214,214,16,542.9,16,542.9,4.67756614063,7,6,3,7,6,3
215,215,17,569.4,17,569.4,4.98290459825,8,6,3,8,6,3
216,216,16,542.4,16,542.4,4.77297950271,7,6,3,7,6,3
217,217,18,588.3,17,566.7,5.52622091913,9,6,3,8,6,3
218,218,17,554.6,16,533.0,5.50653355249,8,6,3,7,6,3
219,219,19,610.3,17,565.1,5.99366136916,10,6,3,8,6,3
220,220,19,617.9,17,572.7,5.64275139226,10,6,3,8,6,3
221,221,17,562.9,17,562.9,5.03573261216,8,6,3,8,6,3
222,222,16,538.3,16,538.3,4.59941572376,7,6,3,7,6,3
223,223,17,564.2,17,564.2,4.76207443675,8,6,3,8,6,3
224,224,17,569.3,17,569.3,4.91005121574,8,6,3,8,6,3
225,225,17,568.0,17,568.0,4.76679692678,8,6,3,8,6,3
226,226,17,568.4,17,568.4,4.70862787557,8,6,3,8,6,3
227,227,16,546.9,16,546.9,4.33869700102,7,6,3,7,6,3
228,228,19,611.0,16,543.1,6.02543827723,10,6,3,7,6,3
229,229,19,608.9,16,541.0,6.11077085709,10,6,3,7,6,3
230,230,20,643.6,18,602.3,6.15327041841,11,6,3,9,6,3
231,231,19,619.2,17,577.9,6.03102117176,10,6,3,8,6,3
232,232,18,594.3,17,573.6,5.6780537262,9,6,3,8,6,3
233,233,18,596.3,17,575.6,5.48868414055,9,6,3,8,6,3
234,234,17,573.1,17,573.1,4.72372765315,8,6,3,8,6,3
235,235,17,570.7,17,570.7,5.0683780327,8,6,3,8,6,3
236,236,16,540.7,16,540.7,4.84856937663,7,6,3,7,6,3
237,237,17,569.8,17,569.8,4.81147525377,8,6,3,8,6,3
238,238,17,568.7,17,568.7,5.08086085805,8,6,3,8,6,3
239,239,17,569.9,17,569.9,4.78154386832,8,6,3,8,6,3
240,240,17,571.2,17,571.2,5.06569343723,8,6,3,8,6,3
241,241,17,566.4,17,566.4,5.08628490331,8,6,3,8,6,3
242,242,16,540.1,16,540.1,4.88916744787,7,6,3,7,6,3
243,243,17,571.7,17,571.7,4.80205225735,8,6,3,8,6,3
244,244,16,544.9,16,544.9,4.3814714043,7,6,3,7,6,3
245,245,17,570.8,17,570.8,4.78062880432,8,6,3,8,6,3
246,246,17,570.2,17,570.2,4.95202721412,8,6,3,8,6,3
247,247,18,593.9,17,572.9,5.60498435976,9,6,3,8,6,3
248,248,18,591.8,17,570.8,5.57690147531,9,6,3,8,6,3
249,249,16,538.4,16,538.4,4.77283982551,7,6,3,7,6,3
250,250,18,589.5,17,568.5,5.71306552098,9,6,3,8,6,3
251,251,18,585.9,17,564.9,5.68281723837,9,6,3,8,6,3
252,252,17,565.2,17,565.2,5.05681688998,8,6,3,8,6,3
253,253,17,569.2,17,569.2,4.96427679704,8,6,3,8,6,3
254,254,17,566.3,17,566.3,4.77544269583,8,6,3,8,6,3
255,255,15,515.6,15,515.6,4.6711067313,6,6,3,6,6,3
256,256,18,585.0,17,564.6,5.70386865619,9,6,3,8,6,3
257,257,18,590.4,17,570.0,5.7350316682,9,6,3,8,6,3
258,258,16,543.3,16,543.3,4.83528265289,7,6,3,7,6,3
259,259,20,644.6,17,577.7,6.1091906605,11,6,3,8,6,3
260,260,19,610.5,17,568.4,6.15918939757,10,6,3,8,6,3
261,261,17,565.9,17,565.9,5.19938486181,8,6,3,8,6,3
262,262,17,572.0,17,572.0,4.85864148285,8,6,3,8,6,3
263,263,16,538.8,16,538.8,4.97386502967,7,6,3,7,6,3
264,264,19,611.7,17,569.5,5.91818982124,10,6,3,8,6,3
265,265,19,610.8,17,568.6,6.13137363811,10,6,3,8,6,3
266,266,16,541.2,16,541.2,4.52172533443,7,6,3,7,6,3
267,267,19,612.1,17,570.7,6.09628877614,10,6,3,8,6,3
268,268,19,613.9,17,572.5,5.99943467122,10,6,3,8,6,3
269,269,17,568.5,17,568.5,4.92697407436,8,6,3,8,6,3
270,270,16,543.1,16,543.1,4.72708067063,7,6,3,7,6,3
271,271,18,589.3,17,568.0,5.49097000848,9,6,3,8,6,3
272,272,18,587.0,17,565.7,5.35755529069,9,6,3,8,6,3
273,273,17,570.8,17,570.8,4.94020867623,8,6,3,8,6,3
274,274,17,569.9,17,569.9,4.67085771189,8,6,3,8,6,3
275,275,17,563.1,17,563.1,4.71441001237,8,6,3,8,6,3
276,276,17,569.5,17,569.5,4.85038658253,8,6,3,8,6,3
277,277,17,568.1,17,568.1,4.96289170924,8,6,3,8,6,3
278,278,17,572.8,17,572.8,4.89061225567,8,6,3,8,6,3
279,279,17,569.7,17,569.7,4.67023585498,8,6,3,8,6,3
280,280,17,566.6,17,566.6,4.88425591901,8,6,3,8,6,3
281,281,17,570.7,17,570.7,4.79710390573,8,6,3,8,6,3
282,282,17,570.2,17,570.2,4.86865726144,8,6,3,8,6,3
283,283,17,565.8,17,565.8,5.19822509301,8,6,3,8,6,3
284,284,16,544.0,16,544.0,4.3645541964,7,6,3,7,6,3
285,285,17,562.1,17,562.1,5.03561579855,8,6,3,8,6,3
286,286,17,570.4,17,570.4,4.90243786894,8,6,3,8,6,3
287,287,20,644.6,18,603.6,6.04031194733,11,6,3,9,6,3
288,288,19,609.0,17,568.0,6.09392852865,10,6,3,8,6,3
289,289,17,566.4,17,566.4,4.92572777543,8,6,3,8,6,3
290,290,17,573.5,17,573.5,4.49304200632,8,6,3,8,6,3
291,291,17,566.2,17,566.2,4.73583025829,8,6,3,8,6,3
292,292,17,568.0,17,568.0,4.93721611246,8,6,3,8,6,3
293,293,17,569.3,17,569.3,4.66635328079,8,6,3,8,6,3
294,294,17,572.1,17,572.1,4.69256295204,8,6,3,8,6,3
295,295,16,542.8,16,542.8,4.519955752,7,6,3,7,6,3
296,296,17,563.2,17,563.2,4.46370987883,8,6,3,8,6,3
297,297,17,574.5,17,574.5,4.60929368074,8,6,3,8,6,3
298,298,17,566.6,17,566.6,5.03497327524,8,6,3,8,6,3
299,299,17,568.8,17,568.8,4.76301622183,8,6,3,8,6,3
300,300,17,569.6,17,569.6,4.83457218741,8,6,3,8,6,3
301,301,17,568.9,17,568.9,4.99624123423,8,6,3,8,6,3
302,302,17,561.2,17,561.2,4.88183909415,8,6,3,8,6,3
303,303,16,543.9,16,543.9,4.66554301949,7,6,3,7,6,3
304,304,17,576.7,17,576.7,4.53438659189,8,6,3,8,6,3
305,305,16,545.3,16,545.3,4.31296012038,7,6,3,7,6,3
306,306,18,592.0,17,569.9,5.14197134191,9,6,3,8,6,3
307,307,18,592.0,17,569.9,5.33058752847,9,6,3,8,6,3
308,308,16,546.2,16,546.2,4.42506120485,7,6,3,7,6,3
309,309,17,571.0,17,571.0,4.64863990229,8,6,3,8,6,3
310,310,17,569.9,17,569.9,4.78663887971,8,6,3,8,6,3
311,311,16,542.3,16,542.3,4.6449210614,7,6,3,7,6,3
312,312,16,544.9,16,544.9,4.59695098226,7,6,3,7,6,3
313,313,17,559.3,17,559.3,4.93520516291,8,6,3,8,6,3
314,314,16,544.6,16,544.6,4.55439348322,7,6,3,7,6,3
315,315,19,623.3,18,601.5,5.31554049559,10,6,3,9,6,3
316,316,18,589.7,17,567.9,5.38780091436,9,6,3,8,6,3
317,317,16,545.6,16,545.6,4.34848632668,7,6,3,7,6,3
318,318,15,513.7,15,513.7,4.31225275344,6,6,3,6,6,3
319,319,19,629.7,18,606.8,5.16766826738,10,6,3,9,6,3
320,320,18,592.9,17,570.0,5.36603028744,9,6,3,8,6,3
321,321,17,569.8,17,569.8,4.65741818153,8,6,3,8,6,3
322,322,17,565.0,16,540.0,4.95239098523,8,6,3,7,6,3
323,323,16,545.8,16,545.8,4.7334096238,7,6,3,7,6,3
324,324,19,627.1,18,605.5,5.16198429592,10,6,3,9,6,3
325,325,18,595.3,17,573.7,5.09680471478,9,6,3,8,6,3
326,326,17,571.2,17,571.2,4.91540944378,8,6,3,8,6,3
327,327,17,568.6,17,568.6,4.83194029959,8,6,3,8,6,3
328,328,17,565.3,17,565.3,4.97168452929,8,6,3,8,6,3
329,329,16,544.0,16,544.0,4.67275792939,7,6,3,7,6,3
330,330,20,645.2,18,604.9,6.04155783326,11,6,3,9,6,3
331,331,19,610.6,17,570.3,6.27279935084,10,6,3,8,6,3
332,332,20,646.3,17,581.4,6.06076901495,11,6,3,8,6,3
333,333,19,611.3,17,571.3,6.31909294698,10,6,3,8,6,3
334,334,17,571.5,17,571.5,4.71490128398,8,6,3,8,6,3
335,335,17,568.7,17,568.7,4.77691292142,8,6,3,8,6,3
336,336,16,540.0,16,540.0,4.37477618475,7,6,3,7,6,3
337,337,19,606.8,16,540.9,6.13471094369,10,6,3,7,6,3
338,338,19,609.7,17,568.7,6.13296146851,10,6,3,8,6,3
339,339,16,545.1,16,545.1,4.48563912206,7,6,3,7,6,3
340,340,20,642.8,17,578.1,6.00117532348,11,6,3,8,6,3
341,341,19,612.1,16,547.4,6.31482058845,10,6,3,7,6,3
342,342,20,644.5,17,580.5,6.11872664772,11,6,3,8,6,3
343,343,17,546.0,15,504.9,6.14534735533,9,6,2,7,6,2
344,344,19,620.6,18,599.3,5.21815319888,10,6,3,9,6,3
345,345,18,591.1,17,569.8,5.29862788997,9,6,3,8,6,3
346,346,19,607.7,16,542.3,6.21523783025,10,6,3,7,6,3
347,347,19,603.1,16,537.7,6.19545673946,10,6,3,7,6,3
348,348,20,641.8,17,576.5,5.97308877162,11,6,3,8,6,3
349,349,20,640.5,17,575.1,5.94225502119,11,6,3,8,6,3
350,350,20,639.1,17,574.3,6.07449153168,11,6,3,8,6,3
351,351,20,639.5,17,574.5,6.09053407044,11,6,3,8,6,3
352,352,20,632.0,17,570.6,6.38534506342,11,6,3,8,6,3
353,353,20,635.5,17,571.1,6.16704953766,11,6,3,8,6,3
354,354,20,638.4,17,573.3,6.13142037292,11,6,3,8,6,3
355,355,20,640.8,17,575.5,6.12934271397,11,6,3,8,6,3
356,356,20,641.4,17,576.0,6.05849555757,11,6,3,8,6,3
357,357,21,671.9,18,606.0,5.78744124726,12,6,3,9,6,3
358,358,21,668.5,18,605.7,6.13378621516,12,6,3,9,6,3
359,359,21,668.9,18,606.1,6.16478864582,12,6,3,9,6,3
360,360,21,669.6,18,606.5,6.11884676343,12,6,3,9,6,3
361,361,21,676.6,18,608.2,5.75279228268,12,6,3,9,6,3
362,362,21,678.2,20,659.3,5.66440431029,12,6,3,11,6,3
363,363,20,640.8,19,621.9,5.77366070139,11,6,3,10,6,3
364,364,16,551.5,16,551.5,4.31071823095,7,6,3,7,6,3
365,365,19,631.6,17,582.4,5.10210368263,10,6,3,8,6,3
366,366,18,607.9,17,582.9,4.73619424725,9,6,3,8,6,3
367,367,19,612.1,16,547.7,6.38568391516,10,6,3,7,6,3
368,368,19,610.6,16,546.2,6.5367517015,10,6,3,7,6,3
369,369,19,609.3,16,544.1,6.31875977912,10,6,3,7,6,3
370,370,19,612.2,17,571.4,6.19861803123,10,6,3,8,6,3
371,371,16,544.2,16,544.2,4.81371305058,7,6,3,7,6,3
372,372,18,592.7,16,544.1,5.31322496015,9,6,3,7,6,3
373,373,16,546.9,16,546.9,4.65735529387,7,6,3,7,6,3
374,374,18,583.8,16,538.8,5.79705807742,9,6,3,7,6,3
375,375,18,582.2,16,537.2,5.74100034553,9,6,3,7,6,3
376,376,17,569.5,16,545.3,5.13602472735,8,6,3,7,6,3
377,377,17,569.6,17,569.6,4.82939833057,8,6,3,8,6,3
378,378,17,571.8,17,571.8,4.96851853882,8,6,3,8,6,3
379,379,17,566.6,17,566.6,4.98858255242,8,6,3,8,6,3
380,380,17,565.5,17,565.5,4.932030664,8,6,3,8,6,3
381,381,17,568.8,17,568.8,5.11603591948,8,6,3,8,6,3
382,382,16,544.3,16,544.3,4.67093406076,7,6,3,7,6,3
383,383,18,584.9,18,584.9,5.23747494417,9,6,3,9,6,3
384,384,18,594.1,18,594.1,5.14055069403,9,6,3,9,6,3
385,385,17,573.0,17,573.0,4.63161291942,8,6,3,8,6,3
386,386,16,539.9,16,539.9,5.05924483825,7,6,3,7,6,3
387,387,17,565.6,17,565.6,4.95363057589,8,6,3,8,6,3
388,388,17,572.6,17,572.6,4.72562632014,8,6,3,8,6,3
389,389,17,566.0,17,566.0,5.03257769292,8,6,3,8,6,3
390,390,16,539.3,16,539.3,4.92225812001,7,6,3,7,6,3
391,391,19,624.1,18,601.2,5.28429207085,10,6,3,9,6,3
392,392,18,595.1,17,572.2,5.4415762086,9,6,3,8,6,3
393,393,17,569.8,17,569.8,4.73936115079,8,6,3,8,6,3
394,394,17,572.5,17,572.5,4.87436270344,8,6,3,8,6,3
395,395,16,543.9,16,543.9,4.6197357428,7,6,3,7,6,3
396,396,18,596.8,18,596.8,5.22350144254,9,6,3,9,6,3
397,397,18,595.5,18,595.5,5.03846965562,9,6,3,9,6,3
398,398,18,594.3,18,594.3,5.08449199267,9,6,3,9,6,3
399,399,17,572.2,17,572.2,4.81988833163,8,6,3,8,6,3
400,400,16,541.4,16,541.4,4.77882482067,7,6,3,7,6,3
401,401,17,564.1,17,564.1,4.96754910571,8,6,3,8,6,3
402,402,17,561.4,17,561.4,5.21638397405,8,6,3,8,6,3
403,403,17,570.1,17,570.1,4.87390259141,8,6,3,8,6,3
404,404,17,567.0,17,567.0,4.87994846887,8,6,3,8,6,3
405,405,17,565.3,17,565.3,4.95897137104,8,6,3,8,6,3
406,406,17,565.9,17,565.9,4.86298292627,8,6,3,8,6,3
407,407,18,593.9,18,593.9,5.06028041797,9,6,3,9,6,3
408,408,17,567.2,17,567.2,4.95112880772,8,6,3,8,6,3
409,409,16,540.9,16,540.9,4.93686388307,7,6,3,7,6,3
410,410,17,562.2,17,562.2,4.99922052748,8,6,3,8,6,3
411,411,17,568.7,17,568.7,4.85568193551,8,6,3,8,6,3
412,412,17,562.9,17,562.9,4.79503419604,8,6,3,8,6,3
413,413,16,539.2,16,539.2,5.02327914149,7,6,3,7,6,3
414,414,17,567.7,17,567.7,5.13547351617,8,6,3,8,6,3
415,415,17,569.2,17,569.2,4.9591122308,8,6,3,8,6,3
416,416,17,568.2,17,568.2,4.94539298385,8,6,3,8,6,3
417,417,17,569.6,17,569.6,4.85018950509,8,6,3,8,6,3
418,418,17,564.2,17,564.2,5.14269899383,8,6,3,8,6,3
419,419,17,568.6,17,568.6,4.93370013872,8,6,3,8,6,3
420,420,16,541.4,16,541.4,5.09560267944,7,6,3,7,6,3
421,421,17,568.2,17,568.2,5.11144908658,8,6,3,8,6,3
422,422,17,555.3,17,555.3,5.2106790796,8,6,3,8,6,3
423,423,17,564.4,17,564.4,5.23999045801,8,6,3,8,6,3
424,424,17,564.5,17,564.5,4.96317320223,8,6,3,8,6,3
425,425,17,570.0,17,570.0,4.93998541317,8,6,3,8,6,3
426,426,16,540.9,16,540.9,4.76899273083,7,6,3,7,6,3
427,427,17,562.5,17,562.5,5.40750431726,8,6,3,8,6,3
428,428,18,593.0,18,593.0,5.21369488742,9,6,3,9,6,3
429,429,17,566.9,17,566.9,5.09805326167,8,6,3,8,6,3
430,430,18,593.1,18,593.1,5.19233031669,9,6,3,9,6,3
431,431,17,568.9,17,568.9,4.84406094827,8,6,3,8,6,3
432,432,17,562.6,17,562.6,5.26194719047,8,6,3,8,6,3
433,433,18,594.8,18,594.8,5.02197784124,9,6,3,9,6,3
434,434,17,567.7,17,567.7,4.93779690098,8,6,3,8,6,3
435,435,17,569.8,17,569.8,4.78359635814,8,6,3,8,6,3
436,436,17,572.5,17,572.5,4.88857461482,9,5,3,9,5,3
437,437,18,597.1,18,597.1,5.01384032167,10,5,3,10,5,3
438,438,17,564.1,17,564.1,5.34617097722,9,5,3,9,5,3
439,439,17,564.3,17,564.3,5.20738305056,9,5,3,9,5,3
440,440,17,567.9,17,567.9,4.83250330939,9,5,3,9,5,3
441,441,17,572.2,17,572.2,4.98623841482,9,5,3,9,5,3
442,442,17,565.8,17,565.8,5.31133637775,9,5,3,9,5,3
443,443,17,562.7,17,562.7,5.29421854479,9,5,3,9,5,3
444,444,16,536.9,16,536.9,4.58097060312,9,5,2,9,5,2
445,445,17,565.0,17,565.0,5.21727193757,9,5,3,9,5,3
446,446,17,562.5,17,562.5,5.44551218355,9,5,3,9,5,3
447,447,17,565.7,17,565.7,5.34854295717,9,5,3,9,5,3
448,448,16,536.6,16,536.6,4.94797938557,8,5,3,8,5,3
449,449,17,568.3,17,568.3,5.1380644101,9,5,3,9,5,3
450,450,16,539.3,16,539.3,4.92144541776,8,5,3,8,5,3
451,451,19,610.8,17,565.8,6.04459064151,11,5,3,9,5,3
452,452,18,585.4,16,540.4,5.95982190373,10,5,3,8,5,3
453,453,19,625.6,18,602.4,5.45912509324,11,5,3,10,5,3
454,454,18,596.8,18,596.8,5.16996099908,10,5,3,10,5,3
455,455,16,541.6,16,541.6,4.89435048466,8,5,3,8,5,3
456,456,16,544.7,16,544.7,4.85138725864,8,5,3,8,5,3
457,457,18,590.3,16,540.7,5.58163714358,10,5,3,8,5,3
458,458,18,592.1,18,592.1,5.41875525344,10,5,3,10,5,3
459,459,17,559.1,17,559.1,5.4588096634,9,5,3,9,5,3
460,460,17,563.8,17,563.8,5.56214225552,9,5,3,9,5,3
461,461,16,543.5,16,543.5,4.65642477301,8,5,3,8,5,3
462,462,17,571.3,17,571.3,5.01827542442,9,5,3,9,5,3
463,463,16,540.7,16,540.7,5.06747389403,8,5,3,8,5,3
464,464,17,563.7,16,539.0,5.46706717806,9,5,3,8,5,3
465,465,16,537.6,15,512.9,5.30672529281,8,5,3,7,5,3
466,466,20,646.2,18,604.4,6.0939918643,12,5,3,10,5,3
467,467,19,610.0,17,568.2,6.24913093373,11,5,3,9,5,3
468,468,20,640.8,17,575.1,6.31617805822,11,6,3,8,6,3
469,469,19,611.4,16,545.7,6.55367402873,11,5,3,8,5,3
470,470,19,629.6,17,582.2,5.35943721406,10,6,3,8,6,3
471,471,18,615.9,18,615.9,4.78284311213,9,6,3,9,6,3
472,472,15,525.1,15,525.1,4.46661691515,7,5,3,7,5,3
473,473,19,633.9,17,586.7,5.52923648801,10,6,3,8,6,3
474,474,18,596.0,16,548.8,5.79653942288,10,5,3,8,5,3
475,475,18,606.9,17,582.4,5.1538962988,9,6,3,8,6,3
476,476,17,565.4,17,565.4,5.28973756716,9,5,3,9,5,3
477,477,15,521.7,15,521.7,4.73108263056,7,5,3,7,5,3
478,478,17,566.8,15,517.9,5.37971407506,9,5,3,7,5,3
479,479,17,569.9,16,546.0,5.47454671774,9,5,3,8,5,3
480,480,20,646.9,16,557.4,6.49262537118,11,6,3,7,6,3
481,481,19,613.9,16,549.2,6.55768376595,11,5,3,8,5,3
482,482,17,572.1,17,572.1,5.09167428837,9,5,3,9,5,3
483,483,17,572.3,17,572.3,5.27990780891,9,5,3,9,5,3
484,484,18,598.6,17,575.0,5.38038072371,10,5,3,9,5,3
485,485,18,602.2,18,602.2,5.0446503082,10,5,3,10,5,3
486,486,17,575.4,17,575.4,4.97922153141,9,5,3,9,5,3
487,487,15,522.6,15,522.6,4.4236055107,7,5,3,7,5,3
488,488,17,574.7,16,550.6,5.09441735975,9,5,3,8,5,3
489,489,18,597.3,17,573.2,5.27416009483,10,5,3,9,5,3
490,490,17,575.4,17,575.4,5.15668469647,9,5,3,9,5,3
491,491,17,576.3,17,576.3,5.18760542062,9,5,3,9,5,3
492,492,16,552.1,16,552.1,4.71500706963,8,5,3,8,5,3
493,493,17,571.1,17,571.1,4.87191833217,9,5,3,9,5,3
494,494,16,549.1,16,549.1,4.94600427955,8,5,3,8,5,3
495,495,15,523.4,15,523.4,4.46469750482,7,5,3,7,5,3
496,496,17,558.6,14,488.3,6.001672561,9,5,3,7,5,2
497,497,17,567.8,16,543.7,5.42828241712,9,5,3,9,5,2
498,498,17,566.5,17,566.5,4.98153207003,9,5,3,9,5,3
499,499,16,551.3,16,551.3,4.46571662782,8,5,3,8,5,3
500,500,16,553.4,16,553.4,4.62224692835,8,5,3,8,5,3
501,501,19,635.3,18,610.7,5.09620888791,10,6,3,9,6,3
502,502,18,609.4,17,584.8,5.00084960102,9,6,3,8,6,3
503,503,19,630.4,17,582.4,5.56712362869,10,6,3,8,6,3
504,504,18,595.4,16,546.2,5.40626603288,10,5,3,8,5,3
505,505,16,544.7,16,544.7,4.96856367575,8,5,3,8,5,3
506,506,17,571.9,16,547.1,5.18291168451,9,5,3,8,5,3
507,507,18,596.8,17,572.0,5.23969265177,10,5,3,9,5,3
508,508,17,572.0,17,572.0,5.18147151481,9,5,3,9,5,3
509,509,16,543.5,16,543.5,4.86754130268,8,5,3,8,5,3
510,510,16,535.1,16,535.1,4.89407379729,8,5,3,8,5,3
511,511,18,587.4,16,538.4,5.24639932548,10,5,3,8,5,3
512,512,19,603.6,16,539.5,6.68439747402,11,5,3,8,5,3
513,513,19,602.9,16,539.5,6.79665380345,11,5,3,8,5,3
514,514,19,603.6,17,566.1,6.88589965328,11,5,3,9,5,3
515,515,19,600.2,17,561.5,6.6569841968,11,5,3,9,5,3
516,516,19,604.3,16,542.1,6.88722437918,11,5,3,8,5,3
517,517,19,606.6,16,543.4,6.79565564699,11,5,3,8,5,3
518,518,19,601.9,15,516.5,7.10121890534,11,5,3,7,5,3
519,519,20,624.5,16,541.1,7.219336243,12,5,3,8,5,3
520,520,20,626.2,17,567.4,7.2158378439,12,5,3,9,5,3
521,521,21,659.3,17,575.7,7.10010395631,12,6,3,8,6,3
522,522,21,662.4,18,602.7,7.04205732926,12,6,3,9,6,3
523,523,21,659.3,17,576.4,6.98150959252,12,6,3,8,6,3
524,524,21,662.7,17,579.3,7.06283027041,12,6,3,8,6,3
525,525,21,661.5,16,553.0,7.07679305901,12,6,3,7,6,3
526,526,21,658.4,17,574.9,7.05504210105,12,6,3,8,6,3
527,527,21,653.9,16,547.9,7.09594787118,12,6,3,7,6,3
528,528,21,662.2,17,579.4,7.10058683021,12,6,3,8,6,3
529,529,21,661.0,17,577.8,7.12347560969,12,6,3,8,6,3
530,530,21,660.7,17,578.0,7.13838050194,12,6,3,8,6,3
531,531,21,658.3,16,551.0,7.10405652058,12,6,3,7,6,3
532,532,21,661.1,17,579.6,7.15420289394,12,6,3,8,6,3
533,533,21,661.0,17,578.5,7.10583596503,12,6,3,8,6,3
534,534,21,658.9,16,551.6,7.09329999097,12,6,3,7,6,3
535,535,21,664.9,17,581.6,7.08558227604,12,6,3,8,6,3
536,536,21,662.1,17,579.4,7.13148952584,12,6,3,8,6,3
537,537,21,660.4,17,577.8,7.08573348692,12,6,3,8,6,3
538,538,21,660.8,17,578.2,7.07045495943,12,6,3,8,6,3
539,539,21,660.7,17,578.8,7.12505973241,12,6,3,8,6,3
540,540,21,659.5,17,577.7,7.17171361604,12,6,3,8,6,3
541,541,21,663.2,17,580.9,7.14679082159,12,6,3,8,6,3
542,542,21,661.0,16,554.5,7.17759742267,12,6,3,7,6,3
543,543,21,658.9,17,576.6,7.07579711141,12,6,3,8,6,3
544,544,21,660.0,16,553.7,7.22980932371,12,6,3,7,6,3
545,545,21,656.1,16,551.6,7.28152260373,12,6,3,7,6,3
546,546,21,661.0,16,554.6,7.26642310645,12,6,3,7,6,3
547,547,21,657.0,16,552.4,7.37117939778,12,6,3,7,6,3
548,548,21,659.3,16,553.2,7.32881137637,12,6,3,7,6,3
549,549,21,655.9,16,551.0,7.36588985346,12,6,3,7,6,3
550,550,21,660.3,16,552.9,7.25221148537,12,6,3,7,6,3
551,551,21,660.3,16,554.3,7.29723039437,12,6,3,7,6,3
552,552,21,656.7,16,551.4,7.27524177311,12,6,3,7,6,3
553,553,20,638.9,16,555.4,7.2228784902,11,6,3,7,6,3
554,554,18,591.6,15,520.8,5.95562018305,10,5,3,7,5,3
555,555,18,602.9,17,577.9,5.3809546739,10,5,3,9,5,3
556,556,15,524.5,15,524.5,4.50407223151,7,5,3,7,5,3
557,557,19,634.1,18,611.1,5.63016105012,10,6,3,9,6,3
558,558,18,601.9,17,578.9,5.59149973451,10,5,3,9,5,3
559,559,20,657.1,16,561.0,5.77011128233,11,6,3,7,6,3
560,560,19,632.5,16,558.9,5.61574124294,10,6,3,7,6,3
561,561,18,605.4,16,557.8,5.48205629089,9,6,3,7,6,3
562,562,18,611.1,17,588.2,5.25773939345,9,6,3,8,6,3
563,563,19,631.7,17,583.8,5.60895795641,10,6,3,8,6,3
564,564,18,612.4,18,612.4,4.95123936422,9,6,3,9,6,3
565,565,17,580.5,17,580.5,4.82171100947,8,6,3,8,6,3
566,566,19,629.7,16,558.0,5.82135110219,10,6,3,7,6,3
567,567,18,608.4,17,584.4,5.3957499615,9,6,3,8,6,3
568,568,17,579.8,17,579.8,4.87743152031,9,5,3,9,5,3
569,569,15,522.2,15,522.2,4.68948164462,7,5,3,7,5,3
570,570,18,605.3,17,580.8,5.36489740657,10,5,3,9,5,3
571,571,18,604.6,17,580.1,5.19410173278,10,5,3,9,5,3
572,572,19,629.4,16,556.7,5.62018604924,10,6,3,7,6,3
573,573,18,607.2,16,559.1,5.33048943785,9,6,3,7,6,3
574,574,17,576.4,17,576.4,4.94399516942,9,5,3,9,5,3
575,575,16,554.1,16,554.1,4.57292302581,8,5,3,8,5,3
576,576,19,629.7,16,558.9,5.69369200563,10,6,3,7,6,3
577,577,18,589.9,15,519.1,6.11649703243,10,5,3,7,5,3
578,578,18,598.6,16,552.2,5.76023102296,10,5,3,8,5,3
579,579,18,598.3,17,575.1,5.66601207292,10,5,3,9,5,3
580,580,16,550.0,16,550.0,4.8595610227,8,5,3,8,5,3
581,581,15,525.7,15,525.7,4.54656332797,7,5,3,7,5,3
582,582,19,625.1,16,553.5,5.59454099001,10,6,3,7,6,3
583,583,18,594.9,17,572.1,5.60978661647,10,5,3,9,5,3
584,584,16,549.5,16,549.5,4.70828613546,8,5,3,8,5,3
585,585,18,594.4,16,545.6,5.47782219022,10,5,3,8,5,3
586,586,17,578.1,17,578.1,5.06204881795,9,5,3,9,5,3
587,587,17,572.6,17,572.6,5.04160630332,9,5,3,9,5,3
588,588,16,552.7,16,552.7,4.77129874004,8,5,3,8,5,3
589,589,17,567.3,15,517.9,5.42675832172,9,5,3,7,5,3
590,590,17,573.8,15,524.4,5.40706917459,9,5,3,7,5,3
591,591,17,574.0,17,574.0,5.2593893629,9,5,3,9,5,3
592,592,17,572.0,17,572.0,5.35620173806,9,5,3,9,5,3
593,593,16,550.1,16,550.1,4.98186293803,8,5,3,8,5,3
594,594,15,517.4,15,517.4,4.66452672024,7,5,3,7,5,3
595,595,18,601.5,18,601.5,5.01741086266,10,5,3,10,5,3
596,596,15,519.2,15,519.2,4.48009353644,7,5,3,7,5,3
597,597,18,603.8,18,603.8,5.09142557434,10,5,3,10,5,3
598,598,17,576.8,17,576.8,5.02590348916,9,5,3,9,5,3
599,599,15,522.7,15,522.7,4.48089064276,7,5,3,7,5,3
600,600,18,592.3,16,543.4,5.55024877261,10,5,3,8,5,3
601,601,18,602.2,18,602.2,5.11988306648,10,5,3,10,5,3
602,602,16,547.8,16,547.8,4.92447966794,8,5,3,8,5,3
603,603,15,522.2,15,522.2,4.52183064488,7,5,3,7,5,3
604,604,17,573.4,17,573.4,5.24830504852,9,5,3,9,5,3
605,605,15,522.5,15,522.5,4.21945606966,7,5,3,7,5,3
606,606,17,568.3,16,544.8,5.61680121442,9,5,3,8,5,3
607,607,17,572.5,16,549.0,5.46163087042,9,5,3,8,5,3
608,608,15,521.5,15,521.5,4.64414634116,7,5,3,7,5,3
609,609,17,569.1,16,546.1,5.55332438857,9,5,3,8,5,3
610,610,16,543.7,15,520.7,5.32030309287,8,5,3,7,5,3
611,611,17,570.7,16,547.3,5.44722001413,9,5,3,8,5,3
612,612,17,570.7,16,547.3,5.46406038422,9,5,3,8,5,3
613,613,16,545.6,16,545.6,4.74018283754,8,5,3,8,5,3
614,614,16,546.8,16,546.8,4.96796403637,8,5,3,8,5,3
615,615,15,522.2,15,522.2,4.44118173892,7,5,3,7,5,3
616,616,18,601.0,16,553.1,5.47517272238,9,6,3,7,6,3
617,617,17,572.5,16,547.6,5.15091368251,9,5,3,8,5,3
618,618,18,594.5,16,548.7,5.91088781582,10,5,3,8,5,3
619,619,18,596.1,17,573.0,5.42545742176,10,5,3,9,5,3
620,620,16,547.7,16,547.7,4.90777868966,8,5,3,8,5,3
621,621,15,521.9,15,521.9,4.32112198834,7,5,3,7,5,3
622,622,18,598.7,17,574.4,5.4016488647,10,5,3,9,5,3
623,623,18,599.3,17,575.0,5.33859115831,10,5,3,9,5,3
624,624,17,577.2,17,577.2,5.05422071726,9,5,3,9,5,3
625,625,16,549.3,16,549.3,4.76609116572,8,5,3,8,5,3
626,626,16,546.4,16,546.4,4.77591178031,8,5,3,8,5,3
627,627,16,545.1,16,545.1,4.6475396717,8,5,3,8,5,3
628,628,16,534.3,16,534.3,5.24524784924,9,5,2,9,5,2
629,629,15,510.7,15,510.7,5.02562955071,8,5,2,8,5,2
630,630,16,548.7,16,548.7,4.77918664628,8,5,3,8,5,3
631,631,16,544.7,16,544.7,5.09404472562,8,5,3,8,5,3
632,632,16,550.9,16,550.9,4.73690739477,8,5,3,8,5,3
633,633,16,546.6,16,546.6,4.79498001386,8,5,3,8,5,3
634,634,16,550.0,16,550.0,4.73659512027,8,5,3,8,5,3
635,635,15,522.9,15,522.9,4.33816946254,7,5,3,7,5,3
636,636,17,573.1,17,573.1,5.09888251886,9,5,3,9,5,3
637,637,16,550.0,16,550.0,4.71995762693,8,5,3,8,5,3
638,638,16,550.6,16,550.6,4.6979250739,8,5,3,8,5,3
639,639,16,548.8,16,548.8,5.09404881537,8,5,3,8,5,3
640,640,17,569.4,17,569.4,5.03667432293,9,5,3,9,5,3
641,641,17,575.8,17,575.8,5.1945602203,9,5,3,9,5,3
642,642,16,549.7,16,549.7,4.75001315788,8,5,3,8,5,3
643,643,15,526.8,15,526.8,4.28288954529,7,5,3,7,5,3
644,644,18,601.0,17,577.7,5.41999445288,10,5,3,9,5,3
645,645,17,570.8,16,547.5,5.4900511623,9,5,3,8,5,3
646,646,17,574.8,17,574.8,5.08316859264,9,5,3,9,5,3
647,647,18,601.8,18,601.8,5.42608080857,10,5,3,10,5,3
648,648,15,525.8,15,525.8,4.4419858279,7,5,3,7,5,3
649,649,18,603.0,18,603.0,5.36743996377,10,5,3,10,5,3
650,650,17,576.9,17,576.9,5.17915789203,9,5,3,9,5,3
651,651,18,602.0,17,577.0,5.33095535222,10,5,3,9,5,3
652,652,15,524.1,15,524.1,4.5968622839,7,5,3,7,5,3
653,653,18,601.2,17,578.0,5.72712842531,10,5,3,9,5,3
654,654,16,551.0,16,551.0,5.13249452021,8,5,3,8,5,3
655,655,18,603.7,17,580.0,5.49418290118,10,5,3,9,5,3
656,656,17,575.5,16,551.8,5.40093946076,9,5,3,8,5,3
657,657,16,548.1,16,548.1,4.85893935614,8,5,3,8,5,3
658,658,16,553.6,16,553.6,4.93774577447,8,5,3,8,5,3
659,659,17,580.8,17,580.8,5.02219339239,9,5,3,9,5,3
660,660,18,605.5,18,605.5,5.27648935082,10,5,3,10,5,3
661,661,15,523.6,15,523.6,4.78964160107,7,5,3,7,5,3
662,662,18,604.0,18,604.0,5.41709953022,10,5,3,10,5,3
663,663,18,606.4,18,606.4,5.32915277329,10,5,3,10,5,3
664,664,16,553.1,16,553.1,4.67471478631,8,5,3,8,5,3
665,665,17,578.2,17,578.2,5.07258345828,9,5,3,9,5,3
666,666,17,580.4,17,580.4,4.97381378114,9,5,3,9,5,3
667,667,17,575.5,17,575.5,5.18954690304,9,5,3,9,5,3
668,668,16,548.0,16,548.0,5.10346287665,8,5,3,8,5,3
669,669,17,574.0,17,574.0,5.33818100766,9,5,3,9,5,3
670,670,18,601.1,18,601.1,5.27362719491,10,5,3,10,5,3
671,671,17,578.2,17,578.2,5.04874766068,9,5,3,9,5,3
672,672,17,576.4,17,576.4,5.03803912602,9,5,3,9,5,3
673,673,17,580.5,17,580.5,5.10270977607,9,5,3,9,5,3
674,674,16,551.8,16,551.8,5.01170297071,8,5,3,8,5,3
675,675,16,544.8,16,544.8,5.3192731333,8,5,3,8,5,3
676,676,16,547.3,16,547.3,4.96446959235,8,5,3,8,5,3
677,677,16,544.0,16,544.0,5.5126521143,8,5,3,8,5,3
678,678,16,548.0,16,548.0,4.92530878897,8,5,3,8,5,3
679,679,14,477.7,14,477.7,4.81506906595,7,5,2,7,5,2
680,680,18,606.9,17,582.1,5.41775403867,10,5,3,9,5,3
681,681,17,576.8,16,552.0,5.2351891926,9,5,3,8,5,3
682,682,17,572.4,17,572.4,5.25044816014,9,5,3,9,5,3
683,683,17,576.8,17,576.8,5.14098296849,9,5,3,9,5,3
684,684,16,543.6,16,543.6,4.94712037452,8,5,3,8,5,3
685,685,15,520.8,15,520.8,4.60546259504,7,5,3,7,5,3
686,686,17,571.2,17,571.2,5.27434830098,9,5,3,9,5,3
687,687,16,546.8,16,546.8,5.01245116352,8,5,3,8,5,3
688,688,17,577.2,17,577.2,4.92698153628,9,5,3,9,5,3
689,689,18,595.1,18,595.1,5.15274214705,10,5,3,10,5,3
690,690,15,516.2,15,516.2,4.42958667318,7,5,3,7,5,3
691,691,18,595.9,16,547.3,5.62844375338,10,5,3,8,5,3
692,692,18,601.3,17,577.5,5.2321935814,10,5,3,9,5,3
693,693,15,512.8,15,512.8,4.86545647053,7,5,3,7,5,3
694,694,17,573.6,16,552.8,5.61594369001,9,5,3,8,5,3
695,695,17,566.9,16,546.1,5.84349185495,9,5,3,8,5,3
696,696,16,549.7,16,549.7,4.75534348567,8,5,3,8,5,3
697,697,15,515.2,15,515.2,4.28033154034,7,5,3,7,5,3
698,698,17,569.9,16,548.6,5.45029006244,9,5,3,8,5,3
699,699,17,567.1,16,545.8,5.61460804771,9,5,3,8,5,3
700,700,16,546.0,16,546.0,4.82099574777,8,5,3,8,5,3
701,701,15,520.5,15,520.5,4.26564347851,7,5,3,7,5,3
702,702,17,568.1,15,521.5,5.64338498754,9,5,3,7,5,3
703,703,17,570.1,15,523.5,5.56989016683,9,5,3,7,5,3
704,704,19,625.8,16,554.5,5.60795174792,10,6,3,7,6,3
705,705,18,596.1,16,549.4,5.67235297168,10,5,3,8,5,3
706,706,16,549.0,16,549.0,4.49620210103,8,5,3,8,5,3
707,707,16,543.5,16,543.5,4.8087030476,8,5,3,8,5,3
708,708,17,574.7,17,574.7,4.95207918306,9,5,3,9,5,3
709,709,15,522.6,15,522.6,4.30511323893,7,5,3,7,5,3
710,710,18,591.0,17,570.5,5.62557186636,10,5,3,9,5,3
711,711,18,592.7,17,572.2,5.73316518221,10,5,3,9,5,3
712,712,16,548.9,16,548.9,4.39719133842,8,5,3,8,5,3
713,713,15,521.6,15,521.6,4.04483209375,7,5,3,7,5,3
714,714,17,572.6,16,548.5,5.08161333807,9,5,3,8,5,3
715,715,17,573.8,16,549.7,4.94040960436,9,5,3,8,5,3
716,716,17,571.3,17,571.3,4.81617983835,9,5,3,9,5,3
717,717,15,524.4,15,524.4,4.11405257276,7,5,3,7,5,3
718,718,17,574.6,17,574.6,4.77519633104,9,5,3,9,5,3
719,719,15,524.2,15,524.2,4.1800318978,7,5,3,7,5,3
720,720,16,549.4,16,549.4,4.49056418133,8,5,3,8,5,3
721,721,16,546.9,16,546.9,4.76000262605,8,5,3,8,5,3
722,722,15,523.8,15,523.8,4.06029555574,7,5,3,7,5,3
723,723,17,574.8,16,550.2,4.95452852865,9,5,3,8,5,3
724,724,17,574.7,16,550.1,5.05686051175,9,5,3,8,5,3
725,725,15,526.8,15,526.8,3.88425392726,7,5,3,7,5,3
726,726,17,572.4,17,572.4,4.91296304508,9,5,3,9,5,3
727,727,16,551.9,16,551.9,4.48753365818,8,5,3,8,5,3
728,728,17,579.0,17,579.0,4.83555307379,9,5,3,9,5,3
729,729,16,548.3,16,548.3,4.73014710835,8,5,3,8,5,3
730,730,18,608.0,17,583.5,4.98781521847,9,6,3,8,6,3
731,731,17,571.7,16,547.2,5.02664956829,9,5,3,8,5,3
732,732,17,579.8,16,556.5,4.70245555378,8,6,3,7,6,3
733,733,16,548.1,16,548.1,3.8911812688,8,5,3,8,5,3
734,734,16,552.7,16,552.7,4.70885247875,8,5,3,8,5,3
735,735,17,565.5,17,565.5,4.20014005369,9,5,3,9,5,3
736,736,16,537.8,16,537.8,4.39224695723,8,5,3,8,5,3
737,737,15,522.7,15,522.7,3.63983254455,7,5,3,7,5,3
738,738,17,575.4,17,575.4,4.70068048891,8,6,3,8,6,3
739,739,16,549.2,16,549.2,4.69545879902,8,5,3,8,5,3
740,740,16,551.8,16,551.8,4.33895148625,8,5,3,8,5,3
741,741,15,521.5,15,521.5,4.32065912079,7,5,3,7,5,3
742,742,17,576.0,16,552.0,5.42381730128,9,5,3,8,5,3
743,743,17,573.5,16,549.5,5.19770877124,9,5,3,8,5,3
744,744,15,523.4,15,523.4,4.48002976181,7,5,3,7,5,3
745,745,17,568.9,16,547.9,5.71094794851,9,5,3,8,5,3
746,746,17,563.7,17,563.7,4.4401659349,9,5,3,9,5,3
747,747,17,563.5,17,563.5,3.59967318778,9,5,3,9,5,3
748,748,18,554.2,14,457.7,5.12615999944,10,5,3,8,4,2
749,749,15,462.1,13,413.5,3.93636283655,9,4,2,8,4,1
750,750,15,460.2,13,414.2,4.14422145023,8,4,3,7,4,2
751,751,16,539.7,16,539.7,4.39935127793,8,5,3,8,5,3
752,752,17,562.8,17,562.8,5.21002286322,9,5,3,9,5,3
753,753,17,571.3,17,571.3,4.91292562892,9,5,3,9,5,3
754,754,15,519.8,15,519.8,4.73178713847,7,5,3,7,5,3
755,755,16,546.9,16,546.9,4.77873327009,8,5,3,8,5,3
756,756,16,550.1,16,550.1,4.87623061391,8,5,3,8,5,3
757,757,16,553.9,16,553.9,4.84674719099,8,5,3,8,5,3
758,758,15,515.8,15,515.8,4.67605857636,7,5,3,7,5,3
759,759,17,565.4,16,540.4,5.469124567,9,5,3,8,5,3
760,760,16,549.4,16,549.4,4.87098552656,8,5,3,8,5,3
761,761,16,550.3,16,550.3,5.12321106989,8,5,3,8,5,3
762,762,16,549.4,16,549.4,4.70529843191,8,5,3,8,5,3
763,763,14,486.5,14,486.5,4.54071326149,7,5,2,7,5,2
764,764,16,539.5,16,539.5,5.24508897287,8,5,3,8,5,3
765,765,16,549.7,16,549.7,4.85207429869,8,5,3,8,5,3
766,766,16,556.7,16,556.7,4.8011760712,8,5,3,8,5,3
767,767,16,542.3,16,542.3,4.3737807825,8,5,3,8,5,3
768,768,16,554.2,16,554.2,4.63679127558,8,5,3,8,5,3
769,769,16,559.6,16,559.6,4.4988146587,8,5,3,8,5,3
770,770,16,550.6,16,550.6,5.08682939888,8,5,3,8,5,3
771,771,16,552.3,16,552.3,4.91829492812,8,5,3,8,5,3
772,772,16,552.5,16,552.5,4.66800724792,8,5,3,8,5,3
773,773,17,580.5,17,580.5,5.00700979216,9,5,3,9,5,3
774,774,17,581.1,17,581.1,5.03379023377,9,5,3,9,5,3
775,775,16,547.9,16,547.9,5.09050996136,8,5,3,8,5,3
776,776,16,552.2,16,552.2,4.99411320123,8,5,3,8,5,3
777,777,17,579.8,17,579.8,5.07228629272,9,5,3,9,5,3
778,778,16,550.2,16,550.2,5.08119080531,8,5,3,8,5,3
779,779,16,553.2,16,553.2,4.65625027964,8,5,3,8,5,3
780,780,16,555.0,16,555.0,4.6842822289,8,5,3,8,5,3
781,781,15,526.5,15,526.5,4.6089974119,7,5,3,7,5,3
782,782,16,543.6,16,543.6,5.01098792655,8,5,3,8,5,3
783,783,16,556.0,16,556.0,4.82534972826,8,5,3,8,5,3
784,784,16,551.7,16,551.7,4.73514783296,8,5,3,8,5,3
785,785,16,546.5,16,546.5,5.10228298575,8,5,3,8,5,3
786,786,16,545.2,16,545.2,5.44616072722,8,5,3,8,5,3
787,787,16,552.6,16,552.6,5.08958086028,8,5,3,8,5,3
788,788,17,583.0,17,583.0,5.34795177945,9,5,3,9,5,3
789,789,15,524.5,15,524.5,4.87276200156,7,5,3,7,5,3
790,790,16,541.0,16,541.0,5.06989480496,8,5,3,8,5,3
791,791,15,522.1,15,522.1,5.23415522815,7,5,3,7,5,3
792,792,16,515.6,16,515.6,4.33858655939,8,5,3,8,5,3
793,793,16,542.6,16,542.6,4.79873247153,8,5,3,8,5,3
794,794,15,525.6,15,525.6,4.70103332106,7,5,3,7,5,3
795,795,16,554.0,16,554.0,4.81726063235,8,5,3,8,5,3
796,796,16,552.1,16,552.1,4.67396601756,8,5,3,8,5,3
797,797,16,548.2,16,548.2,4.77393967285,8,5,3,8,5,3
798,798,16,555.7,16,555.7,4.8366267515,8,5,3,8,5,3
799,799,16,546.8,16,546.8,4.74236228055,8,5,3,8,5,3
800,800,16,553.6,16,553.6,4.91379011897,8,5,3,8,5,3
801,801,16,550.8,16,550.8,4.97332886506,8,5,3,8,5,3
802,802,16,555.0,16,555.0,4.64627090615,8,5,3,8,5,3
803,803,16,560.2,16,560.2,4.42792276355,8,5,3,8,5,3
804,804,16,556.4,16,556.4,4.65753869191,8,5,3,8,5,3
805,805,15,524.1,15,524.1,4.76996555843,7,5,3,7,5,3
806,806,18,608.0,17,584.6,4.98037980545,9,6,3,8,6,3
807,807,17,569.0,17,569.0,5.18504637225,9,5,3,9,5,3
808,808,16,553.8,16,553.8,4.37597608159,8,5,3,8,5,3
809,809,17,570.0,17,570.0,5.12966430504,9,5,3,9,5,3
810,810,17,562.4,17,562.4,5.36903567856,9,5,3,9,5,3
811,811,17,564.3,17,564.3,3.74123485434,9,5,3,9,5,3
812,812,17,561.9,17,561.9,3.91840491257,9,5,3,9,5,3
813,813,17,554.5,17,554.5,4.04555856683,9,5,3,9,5,3
814,814,15,512.2,15,512.2,3.60908905536,7,5,3,7,5,3
815,815,16,545.1,16,545.1,4.81673731205,8,5,3,8,5,3
816,816,16,543.9,16,543.9,4.70439067964,8,5,3,8,5,3
817,817,17,577.9,17,577.9,5.17970445444,9,5,3,9,5,3
818,818,16,554.5,16,554.5,4.70771972403,8,5,3,8,5,3
819,819,16,544.2,16,544.2,4.78927621532,8,5,3,8,5,3
820,820,16,554.7,16,554.7,4.60517372094,8,5,3,8,5,3
821,821,16,549.6,16,549.6,4.70956473573,8,5,3,8,5,3
822,822,16,553.7,16,553.7,4.70977264136,8,5,3,8,5,3
823,823,16,550.7,16,550.7,4.72725695656,8,5,3,8,5,3
824,824,16,553.2,16,553.2,4.49673955958,8,5,3,8,5,3
825,825,16,550.7,16,550.7,4.81071287164,8,5,3,8,5,3
826,826,16,553.8,16,553.8,4.59867734608,8,5,3,8,5,3
827,827,16,552.3,16,552.3,4.7213301445,8,5,3,8,5,3
828,828,16,552.9,16,552.9,4.52326854535,8,5,3,8,5,3
829,829,16,554.3,16,554.3,4.48909326405,8,5,3,8,5,3
830,830,15,523.5,15,523.5,4.27467626176,7,5,3,7,5,3
831,831,17,572.3,16,547.4,5.14319224515,9,5,3,8,5,3
832,832,16,543.6,16,543.6,5.02560112491,8,5,3,8,5,3
833,833,16,547.2,16,547.2,4.77870275284,8,5,3,8,5,3
834,834,16,551.9,16,551.9,4.54656921939,8,5,3,8,5,3
835,835,16,546.5,16,546.5,4.81220237175,8,5,3,8,5,3
836,836,16,554.9,16,554.9,4.18174106484,8,5,3,8,5,3
837,837,15,520.2,15,520.2,4.31561947217,7,5,3,7,5,3
838,838,16,538.8,16,538.8,4.43674054534,8,5,3,8,5,3
839,839,16,550.9,16,550.9,4.47939262996,8,5,3,8,5,3
840,840,15,520.6,15,520.6,4.26069522608,7,5,3,7,5,3
841,841,16,545.3,16,545.3,4.4578348631,8,5,3,8,5,3
842,842,15,522.0,15,522.0,4.22526415066,7,5,3,7,5,3
843,843,16,547.7,16,547.7,4.53809339554,8,5,3,8,5,3
844,844,16,548.0,16,548.0,4.7132437521,8,5,3,8,5,3
845,845,16,549.7,16,549.7,4.70233541268,8,5,3,8,5,3
846,846,17,576.7,17,576.7,4.85740792653,9,5,3,9,5,3
847,847,16,550.4,16,550.4,4.3893811257,8,5,3,8,5,3
848,848,16,555.0,16,555.0,4.42686872029,8,5,3,8,5,3
849,849,16,546.0,16,546.0,4.55653377031,8,5,3,8,5,3
850,850,16,548.6,16,548.6,4.42807332068,8,5,3,8,5,3
851,851,16,547.3,16,547.3,4.64764725426,8,5,3,8,5,3
852,852,16,550.2,16,550.2,4.34325147019,8,5,3,8,5,3
853,853,16,552.5,16,552.5,4.42006315943,8,5,3,8,5,3
854,854,16,553.7,16,553.7,4.25119100959,8,5,3,8,5,3
855,855,16,555.7,16,555.7,4.12176640936,8,5,3,8,5,3
856,856,16,544.4,16,544.4,4.44754613991,8,5,3,8,5,3
857,857,16,551.1,16,551.1,4.25252376047,8,5,3,8,5,3
858,858,17,567.2,17,567.2,4.78617033447,9,5,3,9,5,3
859,859,16,544.9,16,544.9,4.51146225371,8,5,3,8,5,3
860,860,16,552.9,16,552.9,4.1314999294,8,5,3,8,5,3
861,861,16,548.5,16,548.5,4.53757920041,8,5,3,8,5,3
862,862,16,551.3,16,551.3,4.31863693774,8,5,3,8,5,3
863,863,16,550.0,16,550.0,4.31949071072,8,5,3,8,5,3
864,864,16,545.6,16,545.6,4.7065911231,8,5,3,8,5,3
865,865,16,549.3,16,549.3,4.40646778422,8,5,3,8,5,3
866,866,16,553.4,16,553.4,4.38799498632,8,5,3,8,5,3
867,867,16,552.4,16,552.4,4.37546188038,8,5,3,8,5,3
868,868,16,547.6,16,547.6,4.92510575183,8,5,3,8,5,3
869,869,16,553.3,16,553.3,4.45199861485,8,5,3,8,5,3
870,870,16,547.5,16,547.5,4.72542326147,8,5,3,8,5,3
871,871,16,552.1,16,552.1,4.52790882564,8,5,3,8,5,3
872,872,16,553.6,16,553.6,4.24562519935,8,5,3,8,5,3
873,873,16,552.3,16,552.3,4.31651383256,8,5,3,8,5,3
874,874,16,550.7,16,550.7,4.377247042,8,5,3,8,5,3
875,875,16,550.2,16,550.2,4.66088332115,8,5,3,8,5,3
876,876,16,547.6,16,547.6,5.02891638427,8,5,3,8,5,3
877,877,16,549.6,16,549.6,4.38786204584,8,5,3,8,5,3
878,878,16,548.2,16,548.2,4.8630408868,8,5,3,8,5,3
879,879,16,545.9,16,545.9,4.68717665551,8,5,3,8,5,3
880,880,16,551.2,16,551.2,4.50747527263,8,5,3,8,5,3
881,881,16,541.0,16,541.0,4.67259742185,8,5,3,8,5,3
882,882,16,546.8,16,546.8,4.49080542145,8,5,3,8,5,3
883,883,16,547.3,16,547.3,4.60412405712,8,5,3,8,5,3
884,884,16,554.1,16,554.1,4.52072542114,8,5,3,8,5,3
885,885,16,551.0,16,551.0,4.55322230221,8,5,3,8,5,3
886,886,16,549.7,16,549.7,4.6648999632,8,5,3,8,5,3
887,887,16,550.4,16,550.4,4.64068960393,8,5,3,8,5,3
888,888,16,551.1,16,551.1,4.76542670352,8,5,3,8,5,3
889,889,16,553.4,16,553.4,4.5821210518,8,5,3,8,5,3
890,890,16,552.0,16,552.0,4.61432551951,8,5,3,8,5,3
891,891,16,552.9,16,552.9,4.4489652355,8,5,3,8,5,3
892,892,16,553.3,16,553.3,4.37937876112,8,5,3,8,5,3
893,893,16,557.5,16,557.5,4.42974322055,8,5,3,8,5,3
894,894,16,556.8,16,556.8,4.35139824271,8,5,3,8,5,3
895,895,16,549.7,16,549.7,4.78511145812,8,5,3,8,5,3
896,896,16,555.0,16,555.0,4.45179738982,8,5,3,8,5,3
897,897,16,550.7,16,550.7,4.65935886147,8,5,3,8,5,3
898,898,16,551.4,16,551.4,4.7030309376,8,5,3,8,5,3
899,899,15,526.1,15,526.1,4.4091571379,7,5,3,7,5,3
900,900,16,548.9,16,548.9,4.68607422761,8,5,3,8,5,3
901,901,16,550.9,16,550.9,4.7228125448,8,5,3,8,5,3
902,902,15,519.3,15,519.3,4.80211263032,7,5,3,7,5,3
903,903,16,547.5,16,547.5,5.00442720665,8,5,3,8,5,3
904,904,16,548.3,16,548.3,4.46269257288,8,5,3,8,5,3
905,905,16,550.4,16,550.4,4.78121323515,8,5,3,8,5,3
906,906,16,550.3,16,550.3,4.53746900816,8,5,3,8,5,3
907,907,16,548.2,16,548.2,4.87768729352,8,5,3,8,5,3
908,908,16,547.7,16,547.7,4.97161526401,8,5,3,8,5,3
909,909,16,551.6,16,551.6,4.70311953211,8,5,3,8,5,3
910,910,16,552.0,16,552.0,4.69311552525,8,5,3,8,5,3
911,911,16,550.1,16,550.1,4.8905648958,8,5,3,8,5,3
912,912,16,549.5,16,549.5,4.89189380506,8,5,3,8,5,3
913,913,16,552.2,16,552.2,4.89596772865,8,5,3,8,5,3
914,914,16,552.0,16,552.0,4.68244950142,8,5,3,8,5,3
915,915,16,555.2,16,555.2,4.75128052915,8,5,3,8,5,3
916,916,16,547.7,16,547.7,4.74000263713,8,5,3,8,5,3
917,917,14,488.8,14,488.8,4.28680572183,7,5,2,7,5,2
918,918,15,519.3,15,519.3,4.44991171662,8,5,2,8,5,2
919,919,16,549.1,16,549.1,4.77259101537,8,5,3,8,5,3
920,920,16,553.4,16,553.4,4.60635430682,8,5,3,8,5,3
921,921,16,551.3,16,551.3,4.64226507214,8,5,3,8,5,3
922,922,16,542.7,16,542.7,5.20669040754,8,5,3,8,5,3
923,923,16,554.0,16,554.0,4.75471695617,8,5,3,8,5,3
924,924,16,553.2,16,553.2,4.61901865479,8,5,3,8,5,3
925,925,16,556.0,16,556.0,4.60753006863,8,5,3,8,5,3
926,926,16,552.6,16,552.6,4.86523380733,8,5,3,8,5,3
927,927,16,546.9,16,546.9,5.1850064288,8,5,3,8,5,3
928,928,16,551.4,16,551.4,4.79345039264,8,5,3,8,5,3
929,929,16,549.3,16,549.3,5.01261325724,8,5,3,8,5,3
930,930,15,522.8,15,522.8,5.10879726783,7,5,3,7,5,3
931,931,16,550.1,16,550.1,4.93493920935,8,5,3,8,5,3
932,932,14,494.8,14,494.8,4.32216368282,6,5,3,6,5,3
933,933,16,554.1,16,554.1,4.87164842054,8,5,3,8,5,3
934,934,16,551.5,16,551.5,4.90234212732,8,5,3,8,5,3
935,935,16,557.0,16,557.0,4.4616700909,8,5,3,8,5,3
936,936,16,555.3,16,555.3,4.57842312738,8,5,3,8,5,3
937,937,16,548.5,16,548.5,4.62373856672,8,5,3,8,5,3
938,938,16,553.5,16,553.5,4.89455054116,8,5,3,8,5,3
939,939,16,549.4,16,549.4,4.94029351355,8,5,3,8,5,3
940,940,16,553.6,16,553.6,5.09784268098,8,5,3,8,5,3
941,941,16,550.4,16,550.4,4.86141268906,8,5,3,8,5,3
942,942,17,579.3,17,579.3,5.05291121678,9,5,3,9,5,3
943,943,17,584.3,17,584.3,4.81907209765,9,5,3,9,5,3
944,944,16,547.2,16,547.2,5.14289153428,8,5,3,8,5,3
945,945,15,523.6,15,523.6,4.38723255866,7,5,3,7,5,3
946,946,16,552.4,16,552.4,4.71331447427,8,5,3,8,5,3
947,947,16,550.9,16,550.9,4.89948551721,8,5,3,8,5,3
948,948,16,554.3,16,554.3,4.80360541677,8,5,3,8,5,3
949,949,16,550.3,16,550.3,4.85516477578,8,5,3,8,5,3
950,950,15,531.0,15,531.0,4.49380525994,7,5,3,7,5,3
951,951,16,551.4,16,551.4,4.88164931145,8,5,3,8,5,3
952,952,16,551.6,16,551.6,4.85091056744,8,5,3,8,5,3
953,953,16,555.9,16,555.9,4.81995418374,8,5,3,8,5,3
954,954,16,551.8,16,551.8,4.97163621624,8,5,3,8,5,3
955,955,16,554.5,16,554.5,4.75450225225,8,5,3,8,5,3
956,956,16,550.3,16,550.3,4.9230706881,8,5,3,8,5,3
957,957,16,547.3,16,547.3,4.93794407286,7,6,3,7,6,3
958,958,16,549.9,16,549.9,5.28175712555,7,6,3,7,6,3
959,959,16,544.9,16,544.9,4.88848562099,7,6,3,7,6,3
960,960,17,582.3,17,582.3,4.7275942147,8,6,3,8,6,3
961,961,16,542.6,16,542.6,4.19394404668,7,6,3,7,6,3
962,962,16,544.2,16,544.2,5.01143691969,7,6,3,7,6,3
963,963,16,544.8,16,544.8,4.99506423048,7,6,3,7,6,3
964,964,16,550.4,16,550.4,4.72652091924,7,6,3,7,6,3
965,965,16,554.1,16,554.1,4.59299738733,7,6,3,7,6,3
966,966,16,550.6,16,550.6,4.80109362541,7,6,3,7,6,3
967,967,16,556.4,16,556.4,4.60369416882,7,6,3,7,6,3
968,968,15,528.3,15,528.3,4.27754936517,6,6,3,6,6,3
969,969,15,523.1,15,523.1,4.49689840202,6,6,3,6,6,3
970,970,15,520.4,15,520.4,4.67645571937,6,6,3,6,6,3
971,971,15,523.0,15,523.0,4.45768464351,6,6,3,6,6,3
972,972,16,556.1,16,556.1,4.80360541677,7,6,3,7,6,3
973,973,17,582.9,17,582.9,4.97542490057,8,6,3,8,6,3
974,974,16,557.3,16,557.3,4.72492945274,7,6,3,7,6,3
975,975,16,555.7,16,555.7,4.67286047299,7,6,3,7,6,3
976,976,16,556.0,16,556.0,4.5520691266,7,6,3,7,6,3
977,977,17,576.9,17,576.9,4.96537274236,8,6,3,8,6,3
978,978,16,558.2,16,558.2,4.56302165968,7,6,3,7,6,3
979,979,16,554.9,16,554.9,4.90974795687,7,6,3,7,6,3
980,980,16,553.7,16,553.7,4.77765196863,7,6,3,7,6,3
981,981,16,549.2,16,549.2,5.02891638427,7,6,3,7,6,3
982,982,16,555.1,16,555.1,4.86682220071,7,6,3,7,6,3
983,983,16,556.1,16,556.1,4.58838660824,7,6,3,7,6,3
984,984,16,555.8,16,555.8,4.78245055733,7,6,3,7,6,3
985,985,16,552.0,16,552.0,4.67717863674,7,6,3,7,6,3
986,986,16,549.6,16,549.6,4.88876262463,7,6,3,7,6,3
987,987,16,555.7,16,555.7,4.51998801621,7,6,3,7,6,3
988,988,16,553.7,16,553.7,4.6516618894,7,6,3,7,6,3
989,989,16,557.2,16,557.2,4.36539421664,7,6,3,7,6,3
990,990,16,557.2,16,557.2,4.47563775716,7,6,3,7,6,3
991,991,16,557.2,16,557.2,4.57026622128,7,6,3,7,6,3
992,992,16,553.4,16,553.4,4.83333908046,7,6,3,7,6,3
993,993,16,554.6,16,554.6,4.5549789608,7,6,3,7,6,3
994,994,16,555.6,16,555.6,4.40749361883,7,6,3,7,6,3
995,995,16,557.4,16,557.4,4.40058708205,7,6,3,7,6,3
996,996,16,556.4,16,556.4,4.46340677062,7,6,3,7,6,3
997,997,16,555.9,16,555.9,4.39317178509,8,5,3,8,5,3
998,998,16,553.5,16,553.5,4.61988004895,8,5,3,8,5,3
999,999,16,554.8,16,554.8,4.9264591747,8,5,3,8,5,3
1000,1000,16,554.6,16,554.6,4.46047456369,8,5,3,8,5,3
1001,1001,16,555.6,16,555.6,4.61063986883,8,5,3,8,5,3
1002,1002,16,555.6,16,555.6,4.68536729261,8,5,3,8,5,3
1003,1003,16,556.0,16,556.0,4.57033915591,8,5,3,8,5,3
1004,1004,17,581.8,17,581.8,4.81346151586,9,5,3,9,5,3
1005,1005,16,554.9,16,554.9,4.5770760317,8,5,3,8,5,3
1006,1006,16,554.3,16,554.3,4.60332760077,8,5,3,8,5,3
1007,1007,16,550.5,16,550.5,4.76871313878,8,5,3,8,5,3
1008,1008,16,556.4,16,556.4,4.58715598165,8,5,3,8,5,3
1009,1009,16,545.5,16,545.5,4.73307070868,8,5,3,8,5,3
1010,1010,16,553.5,16,553.5,4.53981919611,8,5,3,8,5,3
1011,1011,16,556.3,16,556.3,4.54264515453,8,5,3,8,5,3
1012,1012,16,558.0,16,558.0,4.29860442469,8,5,3,8,5,3
1013,1013,16,559.3,16,559.3,4.28422980243,8,5,3,8,5,3
1014,1014,16,553.6,16,553.6,4.478094833,8,5,3,8,5,3
1015,1015,16,553.3,16,553.3,4.5807159193,8,5,3,8,5,3
1016,1016,16,553.9,16,553.9,4.38850297178,8,5,3,8,5,3
1017,1017,16,553.4,16,553.4,4.32201727592,8,5,3,8,5,3
1018,1018,16,551.7,16,551.7,4.51120364574,8,5,3,8,5,3
1019,1019,16,553.4,16,553.4,4.60881401954,8,5,3,8,5,3
1020,1020,16,554.5,16,554.5,4.37034990971,8,5,3,8,5,3
1021,1021,16,548.7,16,548.7,4.58177094582,8,5,3,8,5,3
1022,1022,16,554.3,16,554.3,4.42010086612,8,5,3,8,5,3
1023,1023,16,555.3,16,555.3,4.6035448298,8,5,3,8,5,3
1024,1024,16,549.6,16,549.6,4.4991851114,8,5,3,8,5,3
1025,1025,16,550.2,16,550.2,4.71435750306,8,5,3,8,5,3
1026,1026,16,550.9,16,550.9,4.57554641546,8,5,3,8,5,3
1027,1027,16,552.0,16,552.0,4.34664621672,8,5,3,8,5,3
1028,1028,16,547.4,16,547.4,4.87755061481,8,5,3,8,5,3
1029,1029,16,552.0,16,552.0,4.32111096826,8,5,3,8,5,3
1030,1030,16,553.2,16,553.2,4.41293553091,8,5,3,8,5,3
1031,1031,16,553.2,16,553.2,4.68835436658,8,5,3,8,5,3
1032,1032,16,550.4,16,550.4,4.57951962546,8,5,3,8,5,3
1033,1033,16,556.3,16,556.3,4.43752464782,8,5,3,8,5,3
1034,1034,16,554.5,16,554.5,4.30022770715,8,5,3,8,5,3
1035,1035,16,555.7,16,555.7,4.2817004021,8,5,3,8,5,3
1036,1036,16,552.4,16,552.4,4.59543251501,8,5,3,8,5,3
1037,1037,16,552.7,16,552.7,4.36332728546,8,5,3,8,5,3
1038,1038,16,553.5,16,553.5,4.61034615476,8,5,3,8,5,3
1039,1039,16,555.6,16,555.6,4.44589698486,8,5,3,8,5,3
1040,1040,16,551.8,16,551.8,4.59185873766,8,5,3,8,5,3
1041,1041,16,551.6,16,551.6,4.48248443016,8,5,3,8,5,3
1042,1042,17,576.2,17,576.2,4.98303002553,9,5,3,9,5,3
1043,1043,16,558.9,16,558.9,4.21737971573,8,5,3,8,5,3
1044,1044,16,552.9,16,552.9,4.58664274461,8,5,3,8,5,3
1045,1045,16,551.2,16,551.2,4.68415769732,8,5,3,8,5,3
1046,1046,16,552.6,16,552.6,4.58459376608,8,5,3,8,5,3
1047,1047,16,553.7,16,553.7,4.30061526606,8,5,3,8,5,3
1048,1048,16,551.8,16,551.8,4.49635037188,8,5,3,8,5,3
1049,1049,16,548.3,16,548.3,4.39813881091,8,5,3,8,5,3
1050,1050,15,516.2,15,516.2,4.75707993666,7,5,3,7,5,3
1051,1051,16,553.0,16,553.0,4.40649142365,8,5,3,8,5,3
1052,1052,16,546.7,16,546.7,5.00169554585,8,5,3,8,5,3
1053,1053,16,535.7,16,535.7,4.28893440534,8,5,3,8,5,3
1054,1054,16,560.6,16,560.6,4.32155450427,8,5,3,8,5,3
1055,1055,15,508.1,15,508.1,5.24751188206,8,5,2,8,5,2
1056,1056,15,518.9,15,518.9,4.51623526318,7,5,3,7,5,3
1057,1057,16,539.6,16,539.6,4.57449450759,8,5,3,8,5,3
1058,1058,16,550.8,16,550.8,4.6393246635,8,5,3,8,5,3
1059,1059,16,553.8,16,553.8,4.26518854605,8,5,3,8,5,3
1060,1060,16,554.7,16,554.7,4.60864676451,8,5,3,8,5,3
1061,1061,16,551.7,16,551.7,4.58726043879,8,5,3,8,5,3
1062,1062,16,549.9,16,549.9,4.63317295886,8,5,3,8,5,3
1063,1063,16,549.3,16,549.3,4.66129005748,8,5,3,8,5,3
1064,1064,16,547.5,16,547.5,4.96591297413,8,5,3,8,5,3
1065,1065,16,552.4,16,552.4,4.63472401192,8,5,3,8,5,3
1066,1066,16,550.2,16,550.2,4.64784896484,8,5,3,8,5,3
1067,1067,16,554.8,16,554.8,4.4818894825,8,5,3,8,5,3
1068,1068,16,551.3,16,551.3,5.02393852802,8,5,3,8,5,3
1069,1069,15,525.7,15,525.7,4.35215327111,7,5,3,7,5,3
1070,1070,16,550.1,16,550.1,4.56628495972,8,5,3,8,5,3
1071,1071,16,555.7,16,555.7,4.34292048434,8,5,3,8,5,3
1072,1072,16,552.2,16,552.2,4.51897849814,8,5,3,8,5,3
1073,1073,16,550.2,16,550.2,4.66645832868,8,5,3,8,5,3
1074,1074,16,553.0,16,553.0,4.57105020756,8,5,3,8,5,3
1075,1075,16,551.7,16,551.7,4.54653256156,8,5,3,8,5,3
1076,1076,16,547.1,16,547.1,4.70609091143,8,5,3,8,5,3
1077,1077,16,540.9,16,540.9,4.81407225399,8,5,3,8,5,3
1078,1078,15,514.6,15,514.6,4.80854398317,8,5,2,8,5,2
1079,1079,16,551.7,16,551.7,4.47574481697,8,5,3,8,5,3
1080,1080,16,553.0,16,553.0,4.72918245225,8,5,3,8,5,3
1081,1081,16,554.8,16,554.8,4.53306371747,8,5,3,8,5,3
1082,1082,16,551.3,16,551.3,4.61157511052,8,5,3,8,5,3
1083,1083,16,551.9,16,551.9,4.32858233143,8,5,3,8,5,3
1084,1084,16,553.3,16,553.3,4.5484383767,8,5,3,8,5,3
1085,1085,16,553.3,16,553.3,4.54887806681,8,5,3,8,5,3
1086,1086,16,549.9,16,549.9,4.83097212439,8,5,3,8,5,3
1087,1087,16,553.9,16,553.9,4.31033158044,8,5,3,8,5,3
1088,1088,16,556.2,16,556.2,4.36147910691,8,5,3,8,5,3
1089,1089,16,552.8,16,552.8,4.52401002062,8,5,3,8,5,3
1090,1090,16,557.0,16,557.0,4.36117338951,8,5,3,8,5,3
1091,1091,16,549.9,16,549.9,4.75685032348,8,5,3,8,5,3
1092,1092,16,552.5,16,552.5,4.37975931607,8,5,3,8,5,3
1093,1093,16,554.1,16,554.1,4.50255020331,8,5,3,8,5,3
1094,1094,16,552.1,16,552.1,4.34917137702,8,5,3,8,5,3
1095,1095,16,552.8,16,552.8,4.76836799475,8,5,3,8,5,3
1096,1096,16,549.5,16,549.5,4.56654044838,8,5,3,8,5,3
1097,1097,16,554.5,16,554.5,4.2207374948,8,5,3,8,5,3
1098,1098,16,554.1,16,554.1,4.54132414611,8,5,3,8,5,3
1099,1099,16,552.7,16,552.7,4.6222604499,8,5,3,8,5,3
1100,1100,16,552.2,16,552.2,4.44055176752,8,5,3,8,5,3
1101,1101,16,548.6,16,548.6,4.58968045366,8,5,3,8,5,3
1102,1102,16,548.3,16,548.3,4.88640546141,8,5,3,8,5,3
1103,1103,16,549.7,16,549.7,4.5752914297,8,5,3,8,5,3
1104,1104,16,549.4,16,549.4,4.77924331528,8,5,3,8,5,3
1105,1105,16,554.7,16,554.7,4.26563301281,8,5,3,8,5,3
1106,1106,16,553.7,16,553.7,4.53570556805,8,5,3,8,5,3
1107,1107,16,554.3,16,554.3,4.39787353919,8,5,3,8,5,3
1108,1108,16,553.1,16,553.1,4.50979951513,8,5,3,8,5,3
1109,1109,16,556.2,16,556.2,4.17354765158,8,5,3,8,5,3
1110,1110,16,553.2,16,553.2,4.39446621711,8,5,3,8,5,3
1111,1111,16,555.8,16,555.8,4.38784305401,8,5,3,8,5,3
1112,1112,16,556.6,16,556.6,4.20410513665,8,5,3,8,5,3
1113,1113,16,553.8,16,553.8,4.50479374297,8,5,3,8,5,3
1114,1114,16,543.9,16,543.9,4.73856078713,8,5,3,8,5,3
1115,1115,16,554.9,16,554.9,4.32006462143,8,5,3,8,5,3
1116,1116,16,552.9,16,552.9,4.60216887275,8,5,3,8,5,3
1117,1117,15,521.2,15,521.2,4.26997267751,7,5,3,7,5,3
1118,1118,16,550.8,16,550.8,4.50636586767,8,5,3,8,5,3
1119,1119,15,526.9,15,526.9,4.22449771599,7,5,3,7,5,3
1120,1120,16,550.0,16,550.0,4.81324561324,8,5,3,8,5,3
1121,1121,17,576.7,17,576.7,4.8031928719,9,5,3,9,5,3
1122,1122,15,521.7,15,521.7,4.51128743107,7,5,3,7,5,3
1123,1123,16,538.7,16,538.7,5.19534647545,8,5,3,8,5,3
1124,1124,16,537.1,16,537.1,3.43447594256,8,5,3,8,5,3
1125,1125,16,549.8,16,549.8,4.32664227009,8,5,3,8,5,3
1126,1126,15,521.0,15,521.0,4.60755073868,7,5,3,7,5,3
1127,1127,16,551.2,16,551.2,4.76613050598,8,5,3,8,5,3
1128,1128,16,549.5,16,549.5,4.51146225371,8,5,3,8,5,3
1129,1129,16,548.4,16,548.4,4.90734143911,8,5,3,8,5,3
1130,1130,16,552.5,16,552.5,4.57219403934,8,5,3,8,5,3
1131,1131,16,549.0,16,549.0,5.03333885209,8,5,3,8,5,3
1132,1132,16,551.7,16,551.7,4.58580690828,8,5,3,8,5,3
1133,1133,16,546.7,16,546.7,4.82696851036,8,5,3,8,5,3
1134,1134,16,551.8,16,551.8,4.49190011762,8,5,3,8,5,3
1135,1135,16,546.5,16,546.5,4.87674327805,8,5,3,8,5,3
1136,1136,15,506.7,15,506.7,4.55540495299,8,5,2,8,5,2
1137,1137,15,513.7,15,513.7,4.79223578401,8,5,2,8,5,2
1138,1138,16,551.6,16,551.6,4.69687839598,8,5,3,8,5,3
1139,1139,16,551.1,16,551.1,4.73778693062,8,5,3,8,5,3
1140,1140,16,551.8,16,551.8,4.82215373735,8,5,3,8,5,3
1141,1141,16,547.8,16,547.8,4.97833640219,8,5,3,8,5,3
1142,1142,16,552.2,16,552.2,4.91797722646,8,5,3,8,5,3
1143,1143,16,549.4,16,549.4,4.71138691541,8,5,3,8,5,3
1144,1144,16,549.9,16,549.9,5.10590752625,8,5,3,8,5,3
1145,1145,16,547.5,16,547.5,4.90227413214,8,5,3,8,5,3
1146,1146,16,547.8,16,547.8,4.75154360884,8,5,3,8,5,3
1147,1147,16,553.9,16,553.9,4.64086468236,8,5,3,8,5,3
1148,1148,16,549.5,16,549.5,4.62946631193,8,5,3,8,5,3
1149,1149,14,455.6,14,455.6,4.80283798886,7,5,2,7,5,2
1150,1150,16,549.9,16,549.9,4.90927268883,8,5,3,8,5,3
1151,1151,16,549.6,16,549.6,4.61027837193,8,5,3,8,5,3
1152,1152,16,546.2,16,546.2,4.97109981124,8,5,3,8,5,3
1153,1153,16,549.9,16,549.9,4.99956248086,8,5,3,8,5,3
1154,1154,16,551.6,16,551.6,4.66854724013,8,5,3,8,5,3
1155,1155,16,547.5,16,547.5,5.02436977806,8,5,3,8,5,3
1156,1156,16,553.7,16,553.7,4.56267008815,8,5,3,8,5,3
1157,1157,16,550.3,16,550.3,4.98938456459,8,5,3,8,5,3
1158,1158,16,549.4,16,549.4,5.03770781209,8,5,3,8,5,3
1159,1159,16,554.1,16,554.1,4.52750391128,8,5,3,8,5,3
1160,1160,16,549.8,16,549.8,4.76149486331,8,5,3,8,5,3
1161,1161,16,551.8,16,551.8,4.84284695883,8,5,3,8,5,3
1162,1162,16,550.3,16,550.3,4.94886771562,8,5,3,8,5,3
1163,1163,16,548.9,16,548.9,4.88473387197,8,5,3,8,5,3
1164,1164,16,550.4,16,550.4,4.77283982551,8,5,3,8,5,3
1165,1165,16,552.8,16,552.8,4.80069439422,8,5,3,8,5,3
1166,1166,16,551.6,16,551.6,4.83370113543,8,5,3,8,5,3
1167,1167,16,551.0,16,551.0,4.80858607077,8,5,3,8,5,3
1168,1168,16,550.0,16,550.0,4.78685700643,8,5,3,8,5,3
1169,1169,16,550.6,16,550.6,4.88833645869,8,5,3,8,5,3
1170,1170,16,552.8,16,552.8,4.94017543548,8,5,3,8,5,3
1171,1171,15,521.8,15,521.8,4.65477737179,7,5,3,7,5,3
1172,1172,16,551.0,16,551.0,4.97552342305,8,5,3,8,5,3
1173,1173,16,550.8,16,550.8,4.78253768063,8,5,3,8,5,3
1174,1174,16,550.5,16,550.5,4.79102894307,8,5,3,8,5,3
1175,1175,16,555.2,16,555.2,4.70134732462,8,5,3,8,5,3
1176,1176,16,553.1,16,553.1,4.70074018994,8,5,3,8,5,3
1177,1177,16,539.0,16,539.0,5.08682939888,8,5,3,8,5,3
1178,1178,16,550.3,16,550.3,4.79728655943,8,5,3,8,5,3
1179,1179,16,550.4,16,550.4,4.80998960498,8,5,3,8,5,3
1180,1180,16,552.8,16,552.8,4.80111098254,8,5,3,8,5,3
1181,1181,16,552.0,16,552.0,4.66904701197,8,5,3,8,5,3
1182,1182,16,552.3,16,552.3,4.92154701288,8,5,3,8,5,3
1183,1183,16,550.2,16,550.2,4.84793770587,8,5,3,8,5,3
1184,1184,16,547.6,16,547.6,4.91182247236,8,5,3,8,5,3
1185,1185,16,549.8,16,549.8,4.69338186528,8,5,3,8,5,3
1186,1186,16,553.1,16,553.1,4.69861238381,8,5,3,8,5,3
1187,1187,16,549.6,16,549.6,4.98103068317,8,5,3,8,5,3
1188,1188,16,547.5,16,547.5,4.97329116381,8,5,3,8,5,3
1189,1189,16,552.7,16,552.7,4.55396804995,8,5,3,8,5,3
1190,1190,16,548.0,16,548.0,5.08330601086,8,5,3,8,5,3
1191,1191,17,576.0,17,576.0,5.08530177253,9,5,3,9,5,3
1192,1192,16,552.6,16,552.6,4.71025477018,8,5,3,8,5,3
1193,1193,16,557.2,16,557.2,4.45967113885,8,5,3,8,5,3
1194,1194,16,551.2,16,551.2,4.5666909975,8,5,3,8,5,3
1195,1195,16,549.9,16,549.9,4.80370950412,8,5,3,8,5,3
1196,1196,16,548.1,16,548.1,4.81040105743,8,5,3,8,5,3
1197,1197,16,547.3,16,547.3,4.9551950853,8,5,3,8,5,3
1198,1198,16,545.5,16,545.5,5.01829569343,8,5,3,8,5,3
1199,1199,16,547.8,16,547.8,4.25595661005,8,5,3,8,5,3
1200,1200,16,549.4,16,549.4,4.72509259169,8,5,3,8,5,3
1201,1201,16,552.3,16,552.3,4.49595651669,8,5,3,8,5,3
1202,1202,16,553.7,16,553.7,4.6516618894,8,5,3,8,5,3
1203,1203,16,556.4,16,556.4,4.61627555503,8,5,3,8,5,3
1204,1204,16,552.4,16,552.4,4.80728613669,8,5,3,8,5,3
1205,1205,16,548.9,16,548.9,4.82831492345,8,5,3,8,5,3
1206,1206,16,552.3,16,552.3,4.79168985502,8,5,3,8,5,3
1207,1207,16,550.9,16,550.9,4.64309074504,8,5,3,8,5,3
1208,1208,16,548.7,16,548.7,4.97988872031,8,5,3,8,5,3
1209,1209,16,549.7,16,549.7,5.27130202132,8,5,3,8,5,3
1210,1210,15,522.6,15,522.6,4.79669529096,7,5,3,7,5,3
1211,1211,15,527.3,15,527.3,4.46652096422,7,5,3,7,5,3
1212,1212,16,550.5,16,550.5,4.3296603023,8,5,3,8,5,3
1213,1213,16,551.9,16,551.9,4.65996691691,8,5,3,8,5,3
1214,1214,16,549.0,16,549.0,5.04458455508,8,5,3,8,5,3
1215,1215,16,548.4,16,548.4,4.97587513241,8,5,3,8,5,3
1216,1216,17,578.1,17,578.1,4.89661497724,9,5,3,9,5,3
1217,1217,16,552.3,16,552.3,4.84055351518,8,5,3,8,5,3
1218,1218,17,581.3,17,581.3,4.66428860978,9,5,3,9,5,3
1219,1219,16,554.9,16,554.9,4.75523833963,8,5,3,8,5,3
1220,1220,16,554.6,16,554.6,4.56711068401,8,5,3,8,5,3
1221,1221,15,525.2,15,525.2,4.04560902473,7,5,3,7,5,3
1222,1222,16,552.8,16,552.8,4.63493976948,8,5,3,8,5,3
1223,1223,16,553.8,16,553.8,4.51130062547,8,5,3,8,5,3
1224,1224,16,555.6,16,555.6,4.51508582421,8,5,3,8,5,3
1225,1225,17,576.0,17,576.0,5.11679041174,9,5,3,9,5,3
1226,1226,16,552.3,16,552.3,4.72669281845,8,5,3,8,5,3
1227,1227,16,549.8,16,549.8,4.99157623736,8,5,3,8,5,3
1228,1228,16,554.2,16,554.2,4.81288201947,8,5,3,8,5,3
1229,1229,16,554.2,16,554.2,4.57979257172,8,5,3,8,5,3
1230,1230,16,545.5,16,545.5,4.99966248861,8,5,3,8,5,3
1231,1231,17,583.1,17,583.1,4.57698044567,9,5,3,9,5,3
1232,1232,17,584.4,17,584.4,4.99819084917,9,5,3,9,5,3
1233,1233,16,551.6,16,551.6,4.84664832642,8,5,3,8,5,3
1234,1234,16,554.7,16,554.7,4.80592949733,8,5,3,8,5,3
1235,1235,16,552.5,16,552.5,4.72704541266,8,5,3,8,5,3
1236,1236,16,532.4,16,532.4,5.34209696655,8,5,3,8,5,3
1237,1237,15,515.9,15,515.9,4.69185718128,8,5,2,8,5,2
1238,1238,16,549.4,16,549.4,4.72918245225,8,5,3,8,5,3
1239,1239,16,557.3,16,557.3,4.49617893327,8,5,3,8,5,3
1240,1240,16,552.6,16,552.6,4.5825575101,8,5,3,8,5,3
1241,1241,16,544.0,16,544.0,4.86566199676,8,5,3,8,5,3
1242,1242,16,551.5,16,551.5,4.70513460665,8,5,3,8,5,3
1243,1243,16,554.7,16,554.7,4.4755213849,8,5,3,8,5,3
1244,1244,16,556.9,16,556.9,4.48797931516,8,5,3,8,5,3
1245,1245,17,576.1,17,576.1,5.04255420806,9,5,3,9,5,3
1246,1246,16,554.2,16,554.2,4.6865587944,8,5,3,8,5,3
1247,1247,16,552.7,16,552.7,4.94489214577,8,5,3,8,5,3
1248,1248,16,551.8,16,551.8,4.67944084979,8,5,3,8,5,3
1249,1249,16,549.5,16,549.5,4.89162123772,8,5,3,8,5,3
1250,1250,16,554.9,16,554.9,4.62373856672,8,5,3,8,5,3
1251,1251,16,552.7,16,552.7,4.72609334793,8,5,3,8,5,3
1252,1252,16,553.0,16,553.0,4.80664470638,8,5,3,8,5,3
1253,1253,16,551.5,16,551.5,4.7700061146,8,5,3,8,5,3
1254,1254,16,550.6,16,550.6,4.89406102673,8,5,3,8,5,3
1255,1255,16,550.0,16,550.0,4.95156540904,8,5,3,8,5,3
1256,1256,16,545.3,16,545.3,5.17277730045,8,5,3,8,5,3
1257,1257,16,553.0,16,553.0,4.70954704121,8,5,3,8,5,3
1258,1258,16,551.2,16,551.2,4.6566082077,8,5,3,8,5,3
1259,1259,16,550.0,16,550.0,5.11175116765,8,5,3,8,5,3
1260,1260,16,550.9,16,550.9,4.87000598904,8,5,3,8,5,3
1261,1261,16,549.6,16,549.6,4.89925164353,8,5,3,8,5,3
1262,1262,16,549.9,16,549.9,4.93149318158,8,5,3,8,5,3
1263,1263,17,576.4,17,576.4,5.03729473381,9,5,3,9,5,3
1264,1264,17,568.1,17,568.1,5.2962528374,9,5,3,9,5,3
1265,1265,16,545.5,16,545.5,4.74587101243,8,5,3,8,5,3
1266,1266,16,546.6,16,546.6,4.67245474385,8,5,3,8,5,3
1267,1267,16,552.9,16,552.9,4.75940735106,8,5,3,8,5,3
1268,1268,16,549.8,16,549.8,4.67958331478,8,5,3,8,5,3
1269,1269,15,524.0,15,524.0,4.7550975154,7,5,3,7,5,3
1270,1270,16,551.0,16,551.0,4.78774477181,8,5,3,8,5,3
1271,1271,16,551.1,16,551.1,4.84313517603,8,5,3,8,5,3
1272,1272,16,545.5,16,545.5,5.08454766916,8,5,3,8,5,3
1273,1273,16,553.6,16,553.6,4.72016948848,8,5,3,8,5,3
1274,1274,16,547.4,16,547.4,4.88656320946,8,5,3,8,5,3
1275,1275,16,550.1,16,550.1,4.81168283105,8,5,3,8,5,3
1276,1276,16,546.4,16,546.4,5.2147227475,8,5,3,8,5,3
1277,1277,16,551.6,16,551.6,4.79798568846,8,5,3,8,5,3
1278,1278,16,553.4,16,553.4,4.63693505094,8,5,3,8,5,3
1279,1279,16,550.3,16,550.3,4.86462999621,8,5,3,8,5,3
1280,1280,17,580.7,17,580.7,5.01373847836,9,5,3,9,5,3
1281,1281,16,554.5,16,554.5,4.65287993254,8,5,3,8,5,3
1282,1282,16,552.9,16,552.9,4.73567577015,8,5,3,8,5,3
1283,1283,16,551.8,16,551.8,4.79525807439,8,5,3,8,5,3
1284,1284,16,555.2,16,555.2,4.65761025992,8,5,3,8,5,3
1285,1285,17,583.7,17,583.7,4.95213857546,9,5,3,9,5,3
1286,1286,16,555.7,16,555.7,4.75082010464,8,5,3,8,5,3
1287,1287,16,559.5,16,559.5,4.75881200161,8,5,3,8,5,3
1288,1288,16,556.5,16,556.5,4.48333488228,8,5,3,8,5,3
1289,1289,16,556.1,16,556.1,4.66775731303,8,5,3,8,5,3
1290,1290,16,554.4,16,554.4,4.62644571999,8,5,3,8,5,3
1291,1291,16,556.3,16,556.3,4.52264211127,8,5,3,8,5,3
1292,1292,16,556.7,16,556.7,4.70084655497,8,5,3,8,5,3
1293,1293,16,553.8,16,553.8,4.65315305286,8,5,3,8,5,3
1294,1294,16,554.9,16,554.9,4.66522150242,8,5,3,8,5,3
1295,1295,16,557.1,16,557.1,4.49298991022,8,5,3,8,5,3
1296,1296,16,556.8,16,556.8,4.57033915591,8,5,3,8,5,3
1297,1297,16,558.9,16,558.9,4.45072559627,8,5,3,8,5,3
1298,1298,16,558.2,16,558.2,4.28685976755,8,5,3,8,5,3
1299,1299,16,556.5,16,556.5,4.58129803295,8,5,3,8,5,3
1300,1300,16,558.9,16,558.9,4.3689386583,8,5,3,8,5,3
1301,1301,17,586.1,17,586.1,4.63310498097,9,5,3,9,5,3
1302,1302,16,560.4,16,560.4,4.47265767376,8,5,3,8,5,3
1303,1303,16,555.2,16,555.2,4.52695629903,8,5,3,8,5,3
1304,1304,16,559.0,16,559.0,4.43288844886,8,5,3,8,5,3
1305,1305,17,582.5,17,582.5,4.64837890781,9,5,3,9,5,3
1306,1306,17,582.8,17,582.8,4.86058577927,9,5,3,9,5,3
1307,1307,16,559.4,16,559.4,4.27580401796,8,5,3,8,5,3
1308,1308,16,553.3,16,553.3,4.57722168278,8,5,3,8,5,3
1309,1309,16,557.5,16,557.5,4.52135212077,8,5,3,8,5,3
1310,1310,16,558.5,16,558.5,4.50784039203,8,5,3,8,5,3
1311,1311,16,558.6,16,558.6,4.4058862143,8,5,3,8,5,3
1312,1312,16,561.3,16,561.3,4.27351826173,8,5,3,8,5,3
1313,1313,16,561.7,16,561.7,4.38367710946,8,5,3,8,5,3
1314,1314,16,561.6,16,561.6,4.16733328001,8,5,3,8,5,3
1315,1315,16,561.0,16,561.0,4.25830560982,8,5,3,8,5,3
1316,1316,16,564.8,16,564.8,4.02906109824,8,5,3,8,5,3
1317,1317,16,564.3,16,564.3,4.01060573147,8,5,3,8,5,3
1318,1318,16,560.8,16,560.8,4.25581954505,8,5,3,8,5,3
1319,1319,16,560.9,16,560.9,4.15627537586,8,5,3,8,5,3
1320,1320,16,559.3,16,559.3,4.2481319424,8,5,3,8,5,3
1321,1321,16,558.9,16,558.9,4.36114950443,8,5,3,8,5,3
1322,1322,17,586.0,17,586.0,4.61732670301,9,5,3,9,5,3
1323,1323,16,562.9,16,562.9,4.22125080199,8,5,3,8,5,3
1324,1324,16,558.7,16,558.7,4.24926954507,8,5,3,8,5,3
1325,1325,16,561.9,16,561.9,4.20098698721,8,5,3,8,5,3
1326,1326,16,560.1,16,560.1,4.22302715281,8,5,3,8,5,3
1327,1327,16,556.7,16,556.7,4.29409963399,8,5,3,8,5,3
1328,1328,17,581.5,17,581.5,4.54154029326,9,5,3,9,5,3
1329,1329,17,588.6,17,588.6,4.4685749143,9,5,3,9,5,3
1330,1330,16,554.0,16,554.0,4.38094358177,8,5,3,8,5,3
1331,1331,16,556.7,16,556.7,4.64879464664,8,5,3,8,5,3
1332,1332,16,558.2,16,558.2,4.25532999112,8,5,3,8,5,3
1333,1333,16,556.0,16,556.0,4.33020399827,8,5,3,8,5,3
1334,1334,16,557.5,16,557.5,4.34848153574,8,5,3,8,5,3
1335,1335,16,556.1,16,556.1,4.55543173951,8,5,3,8,5,3
1336,1336,16,552.4,16,552.4,4.86586751429,8,5,3,8,5,3
1337,1337,16,558.8,16,558.8,4.48530935388,8,5,3,8,5,3
1338,1338,16,557.4,16,557.4,4.41117898073,8,5,3,8,5,3
1339,1339,16,563.1,16,563.1,4.29689325754,8,5,3,8,5,3
1340,1340,16,563.0,16,563.0,4.31862246556,8,5,3,8,5,3
1341,1341,16,559.8,16,559.8,4.31846809258,8,5,3,8,5,3
1342,1342,16,555.0,16,555.0,4.78593425223,8,5,3,8,5,3
1343,1343,16,557.0,16,557.0,4.40830655316,8,5,3,8,5,3
1344,1344,16,556.7,16,556.7,4.51389982905,8,5,3,8,5,3
1345,1345,16,556.2,16,556.2,4.61762926186,8,5,3,8,5,3
1346,1346,17,586.7,17,586.7,4.41289054262,9,5,3,9,5,3
1347,1347,16,557.0,16,557.0,4.49501575822,8,5,3,8,5,3
1348,1348,16,557.2,16,557.2,4.34396132579,8,5,3,8,5,3
1349,1349,16,553.2,16,553.2,4.5978980705,8,5,3,8,5,3
1350,1350,16,556.7,16,556.7,4.42123191731,8,5,3,8,5,3
1351,1351,16,558.6,16,558.6,4.57658897725,8,5,3,8,5,3
1352,1352,16,553.3,16,553.3,4.61739013585,8,5,3,8,5,3
1353,1353,16,554.6,16,554.6,4.55688124342,8,5,3,8,5,3
1354,1354,17,576.2,17,576.2,5.13340415663,9,5,3,9,5,3
1355,1355,16,551.1,16,551.1,4.70814453899,8,5,3,8,5,3
1356,1356,16,553.5,16,553.5,4.78225452411,8,5,3,8,5,3
1357,1357,16,556.0,16,556.0,4.59942025332,8,5,3,8,5,3
1358,1358,16,555.3,16,555.3,4.67539214042,8,5,3,8,5,3
1359,1359,16,557.9,16,557.9,4.5775857902,8,5,3,8,5,3
1360,1360,15,528.8,15,528.8,4.08723914269,8,5,2,8,5,2
1361,1361,16,560.1,16,560.1,4.08125287136,8,5,3,8,5,3
1362,1362,16,557.9,16,557.9,4.6426599775,8,5,3,8,5,3
1363,1363,16,560.9,16,560.9,4.46526874891,8,5,3,8,5,3
1364,1364,16,553.0,16,553.0,4.857142507,8,5,3,8,5,3
1365,1365,16,558.2,16,558.2,4.5429615891,8,5,3,8,5,3
1366,1366,16,556.1,16,556.1,4.59999547101,8,5,3,8,5,3
1367,1367,16,555.8,16,555.8,4.7613548492,8,5,3,8,5,3
1368,1368,16,558.0,16,558.0,4.6509497238,8,5,3,8,5,3
1369,1369,16,551.8,16,551.8,4.53517732105,8,5,3,8,5,3
1370,1370,16,555.2,16,555.2,4.7487542226,8,5,3,8,5,3
1371,1371,16,556.0,16,556.0,4.57893728573,8,5,3,8,5,3
1372,1372,16,551.8,16,551.8,4.77742957387,8,5,3,8,5,3
1373,1373,16,552.8,16,552.8,4.55587532753,8,5,3,8,5,3
1374,1374,16,554.6,16,554.6,4.71294317103,8,5,3,8,5,3
1375,1375,16,558.1,16,558.1,4.52684124602,8,5,3,8,5,3
1376,1376,16,557.2,16,557.2,4.5766800194,8,5,3,8,5,3
1377,1377,16,551.6,16,551.6,4.91575697799,8,5,3,8,5,3
1378,1378,17,577.0,17,577.0,4.89030403241,9,5,3,9,5,3
1379,1379,16,551.5,16,551.5,4.58529806374,8,5,3,8,5,3
1380,1380,15,518.0,15,518.0,4.31023145992,7,5,3,7,5,3
1381,1381,16,546.9,16,546.9,4.29933618907,8,5,3,8,5,3
1382,1382,16,542.4,16,542.4,4.42055803416,8,5,3,8,5,3
1383,1383,16,545.7,16,545.7,5.00525973352,8,5,3,8,5,3
1384,1384,15,524.1,15,524.1,4.37669150974,7,5,3,7,5,3
1385,1385,17,586.2,17,586.2,4.33434471606,9,5,3,9,5,3
1386,1386,17,578.3,17,578.3,4.77575063395,9,5,3,9,5,3
1387,1387,16,555.7,16,555.7,4.39237502194,8,5,3,8,5,3
1388,1388,16,548.6,16,548.6,4.53135373444,8,5,3,8,5,3
1389,1389,16,553.8,16,553.8,4.75294645457,8,5,3,8,5,3
1390,1390,16,541.7,16,541.7,5.06635552773,8,5,3,8,5,3
1391,1391,16,549.6,16,549.6,4.83955920858,8,5,3,8,5,3
1392,1392,15,519.0,15,519.0,4.62292424461,7,5,3,7,5,3
1393,1393,16,551.7,16,551.7,4.76755964829,8,5,3,8,5,3
1394,1394,16,562.7,16,562.7,4.23787977649,8,5,3,8,5,3
1395,1395,16,557.5,16,557.5,4.53974577115,8,5,3,8,5,3
1396,1396,15,519.2,15,519.2,4.46364147732,8,5,2,8,5,2
1397,1397,15,519.2,15,519.2,4.5487622597,8,5,2,8,5,2
1398,1398,16,556.8,16,556.8,4.38497434428,8,5,3,8,5,3
1399,1399,16,551.3,16,551.3,4.50436362505,8,5,3,8,5,3
1400,1400,16,557.0,16,557.0,4.16122978617,8,5,3,8,5,3
1401,1401,16,561.0,16,561.0,4.19632775968,8,5,3,8,5,3
1402,1402,15,526.4,15,526.4,4.29741893743,7,5,3,7,5,3
1403,1403,15,529.9,15,529.9,3.91452727791,7,5,3,7,5,3
1404,1404,16,557.3,16,557.3,4.57350613133,8,5,3,8,5,3
1405,1405,16,544.2,16,544.2,5.11505946528,8,5,3,8,5,3
1406,1406,16,551.9,16,551.9,4.59774854322,8,5,3,8,5,3
1407,1407,17,581.7,17,581.7,4.6130569168,9,5,3,9,5,3
1408,1408,16,557.3,16,557.3,4.49217374998,8,5,3,8,5,3
1409,1409,16,558.1,16,558.1,4.57503642973,8,5,3,8,5,3
1410,1410,16,556.3,16,556.3,4.69307557294,8,5,3,8,5,3
1411,1411,16,560.1,16,560.1,4.31933154551,8,5,3,8,5,3
1412,1412,16,557.8,16,557.8,4.39224695723,8,5,3,8,5,3
1413,1413,16,560.2,16,560.2,4.43078247416,8,5,3,8,5,3
1414,1414,16,555.2,16,555.2,4.67789126281,8,5,3,8,5,3
1415,1415,16,552.6,16,552.6,4.64383103339,8,5,3,8,5,3
1416,1416,16,558.1,16,558.1,4.29747503386,8,5,3,8,5,3
1417,1417,16,557.7,16,557.7,4.3342002338,8,5,3,8,5,3
1418,1418,16,554.2,16,554.2,4.29912781852,8,5,3,8,5,3
1419,1419,16,558.7,16,558.7,4.40563559546,8,5,3,8,5,3
1420,1420,15,526.9,15,526.9,4.59416814585,7,5,3,7,5,3
1421,1421,16,550.2,16,550.2,4.13825647667,8,5,3,8,5,3
1422,1422,16,547.6,16,547.6,4.23753072752,8,5,3,8,5,3
1423,1423,16,555.9,16,555.9,4.6333528177,8,5,3,8,5,3
1424,1424,16,555.9,16,555.9,4.33558435123,8,5,3,8,5,3
1425,1425,16,555.8,16,555.8,4.23050430406,8,5,3,8,5,3
1426,1426,16,557.0,16,557.0,4.39148797865,8,5,3,8,5,3
1427,1427,16,557.1,16,557.1,4.27990946166,8,5,3,8,5,3
1428,1428,16,555.1,16,555.1,4.57929670728,8,5,3,8,5,3
1429,1429,16,559.2,16,559.2,4.39044416887,8,5,3,8,5,3
1430,1430,16,556.0,16,556.0,4.65202464883,8,5,3,8,5,3
1431,1431,16,555.9,16,555.9,4.59724102044,8,5,3,8,5,3
1432,1432,16,555.6,16,555.6,4.57026622128,8,5,3,8,5,3
1433,1433,16,552.4,16,552.4,4.76536112657,8,5,3,8,5,3
1434,1434,16,558.0,16,558.0,4.4705704334,8,5,3,8,5,3
1435,1435,16,554.8,16,554.8,4.55872789273,8,5,3,8,5,3
1436,1436,16,558.7,16,558.7,4.61421264501,8,5,3,8,5,3
1437,1437,16,557.3,16,557.3,4.61067149846,8,5,3,8,5,3
1438,1438,16,558.5,16,558.5,4.47756909494,8,5,3,8,5,3
1439,1439,16,558.2,16,558.2,4.49723989428,8,5,3,8,5,3
1440,1440,16,557.2,16,557.2,4.51582402964,8,5,3,8,5,3
1441,1441,16,555.0,16,555.0,4.53708790599,8,5,3,8,5,3
1442,1442,16,556.2,16,556.2,4.5863384088,8,5,3,8,5,3
1443,1443,16,552.2,16,552.2,4.67801596121,8,5,3,8,5,3
1444,1444,16,558.1,16,558.1,4.53302235453,8,5,3,8,5,3
1445,1445,16,555.6,16,555.6,4.58788259077,8,5,3,8,5,3
1446,1446,16,552.8,16,552.8,4.78776217733,8,5,3,8,5,3
1447,1447,16,556.4,16,556.4,4.81449201197,8,5,3,8,5,3
1448,1448,16,557.6,16,557.6,4.52445208469,8,5,3,8,5,3
1449,1449,16,550.6,16,550.6,4.82367425655,8,5,3,8,5,3
1450,1450,15,494.9,15,494.9,4.02748887853,8,5,2,8,5,2
1451,1451,16,557.8,16,557.8,4.35137909174,8,5,3,8,5,3
1452,1452,16,553.8,16,553.8,4.58066589046,8,5,3,8,5,3
1453,1453,16,551.4,16,551.4,4.40739908185,8,5,3,8,5,3
1454,1454,16,556.2,16,556.2,4.66174144857,8,5,3,8,5,3
1455,1455,16,549.3,16,549.3,4.89662724059,8,5,3,8,5,3
1456,1456,16,551.3,16,551.3,4.61489887935,8,5,3,8,5,3
1457,1457,16,550.4,16,550.4,4.77018518159,8,5,3,8,5,3
1458,1458,16,554.0,16,554.0,4.54246629046,8,5,3,8,5,3
1459,1459,16,556.8,16,556.8,4.40166635113,8,5,3,8,5,3
1460,1460,16,555.0,16,555.0,4.63463410997,8,5,3,8,5,3
1461,1461,16,553.2,16,553.2,4.65968525403,8,5,3,8,5,3
1462,1462,16,552.9,16,552.9,4.48879623804,8,5,3,8,5,3
1463,1463,16,553.0,16,553.0,4.57644330603,8,5,3,8,5,3
1464,1464,16,555.2,16,555.2,4.75885140204,8,5,3,8,5,3
1465,1465,16,553.3,16,553.3,4.78640000418,8,5,3,8,5,3
1466,1466,16,554.0,16,554.0,4.52187276837,8,5,3,8,5,3
1467,1467,16,558.8,16,558.8,4.46937728698,8,5,3,8,5,3
1468,1468,16,552.5,16,552.5,4.46612714403,8,5,3,8,5,3
1469,1469,16,554.9,16,554.9,4.5798426101,8,5,3,8,5,3
1470,1470,16,556.2,16,556.2,4.42762163394,8,5,3,8,5,3
1471,1471,16,559.6,16,559.6,4.26825491272,8,5,3,8,5,3
1472,1472,16,563.8,16,563.8,4.2587752543,8,5,3,8,5,3
1473,1473,16,552.0,16,552.0,4.53975036024,8,5,3,8,5,3
1474,1474,16,555.8,16,555.8,4.29447319237,8,5,3,8,5,3
1475,1475,16,555.3,16,555.3,4.3585117873,8,5,3,8,5,3
1476,1476,17,588.6,17,588.6,4.71639817707,9,5,3,9,5,3
1477,1477,16,554.8,16,554.8,4.41595591765,8,5,3,8,5,3
1478,1478,16,544.7,16,544.7,4.88343714338,8,5,3,8,5,3
1479,1479,16,554.7,16,554.7,4.36130236665,8,5,3,8,5,3
1480,1480,17,576.5,17,576.5,4.91895343962,9,5,3,9,5,3
1481,1481,16,556.3,16,556.3,4.02785612951,8,5,3,8,5,3
1482,1482,16,557.8,16,557.8,4.4704772303,8,5,3,8,5,3
1483,1483,16,555.3,16,555.3,4.30619224683,8,5,3,8,5,3
1484,1484,16,559.0,16,559.0,4.2609662441,8,5,3,8,5,3
1485,1485,16,558.7,16,558.7,4.22014513968,8,5,3,8,5,3
1486,1486,16,532.1,16,532.1,4.21773537182,8,5,3,8,5,3
1487,1487,16,558.8,16,558.8,4.24067604673,8,5,3,8,5,3
1488,1488,16,552.7,16,552.7,4.49087500754,8,5,3,8,5,3
1489,1489,16,555.2,16,555.2,4.41406841814,8,5,3,8,5,3
1490,1490,16,553.4,16,553.4,4.58706514742,8,5,3,8,5,3
1491,1491,16,558.7,16,558.7,4.26430435906,8,5,3,8,5,3
1492,1492,16,555.7,16,555.7,4.60517372094,8,5,3,8,5,3
1493,1493,16,550.4,16,550.4,3.90247784534,8,5,3,8,5,3
1494,1494,16,554.9,16,554.9,4.49743908612,8,5,3,8,5,3
1495,1495,16,559.2,16,559.2,4.27207989938,8,5,3,8,5,3
1496,1496,16,555.6,16,555.6,4.37378554573,8,5,3,8,5,3
1497,1497,16,546.5,16,546.5,4.73018234321,8,5,3,8,5,3
1498,1498,16,558.8,16,558.8,4.26090757155,8,5,3,8,5,3
1499,1499,16,555.0,16,555.0,4.24905871929,8,5,3,8,5,3
1500,1500,16,557.3,16,557.3,4.20899334758,8,5,3,8,5,3
1501,1501,16,557.7,16,557.7,4.37141758091,8,5,3,8,5,3
1502,1502,16,558.6,16,558.6,4.39512988052,8,5,3,8,5,3
1503,1503,16,558.2,16,558.2,4.32109168305,8,5,3,8,5,3
1504,1504,16,562.5,16,562.5,4.20475425362,8,5,3,8,5,3
1505,1505,16,557.1,16,557.1,4.54609264461,8,5,3,8,5,3
1506,1506,16,558.6,16,558.6,4.36636767424,8,5,3,8,5,3
1507,1507,16,562.3,16,562.3,4.10608795977,8,5,3,8,5,3
1508,1508,16,562.8,16,562.8,4.22476823822,8,5,3,8,5,3
1509,1509,16,561.7,16,561.7,4.32349684862,8,5,3,8,5,3
1510,1510,16,558.9,16,558.9,4.34690982193,8,5,3,8,5,3
1511,1511,16,565.1,16,565.1,4.28115541258,8,5,3,8,5,3
1512,1512,16,564.3,16,564.3,4.33293107107,8,5,3,8,5,3
1513,1513,16,558.3,16,558.3,4.45173655255,8,5,3,8,5,3
1514,1514,16,560.2,16,560.2,4.3050164537,8,5,3,8,5,3
1515,1515,16,560.0,16,560.0,4.32650744443,8,5,3,8,5,3
1516,1516,16,556.7,16,556.7,4.43207532277,8,5,3,8,5,3
1517,1517,16,560.0,16,560.0,4.37569042171,8,5,3,8,5,3
1518,1518,16,552.2,16,552.2,4.561121938,8,5,3,8,5,3
1519,1519,16,559.8,16,559.8,4.54472221373,8,5,3,8,5,3
1520,1520,16,551.5,16,551.5,4.41206206514,8,5,3,8,5,3
1521,1521,16,558.2,16,558.2,4.59272976199,8,5,3,8,5,3
1522,1522,16,559.6,16,559.6,4.55682638101,8,5,3,8,5,3
1523,1523,16,553.9,16,553.9,4.53508085191,8,5,3,8,5,3
1524,1524,16,559.9,16,559.9,4.40854756883,8,5,3,8,5,3
1525,1525,16,560.6,16,560.6,4.54516226333,8,5,3,8,5,3
1526,1526,16,559.7,16,559.7,4.38105295563,8,5,3,8,5,3
1527,1527,16,556.4,16,556.4,4.64004310325,8,5,3,8,5,3
1528,1528,16,565.8,16,565.8,3.93223854821,8,5,3,8,5,3
1529,1529,16,563.0,16,563.0,4.2692505197,8,5,3,8,5,3
1530,1530,16,559.2,16,559.2,4.48255879307,8,5,3,8,5,3
1531,1531,16,559.1,16,559.1,4.36393839706,8,5,3,8,5,3
1532,1532,16,561.5,16,561.5,4.52348961901,8,5,3,8,5,3
1533,1533,16,561.6,16,561.6,4.30209251411,8,5,3,8,5,3
1534,1534,16,558.0,16,558.0,4.55331381157,8,5,3,8,5,3
1535,1535,16,557.7,16,557.7,4.55952757056,8,5,3,8,5,3
1536,1536,16,556.5,16,556.5,4.48883336737,8,5,3,8,5,3
1537,1537,16,559.7,16,559.7,4.54345224838,8,5,3,8,5,3
1538,1538,16,558.8,16,558.8,4.44244677327,8,5,3,8,5,3
1539,1539,16,558.4,16,558.4,4.64772345706,8,5,3,8,5,3
1540,1540,16,555.7,16,555.7,4.72295370152,8,5,3,8,5,3
1541,1541,16,561.1,16,561.1,4.36985411656,8,5,3,8,5,3
1542,1542,16,559.6,16,559.6,4.53262249329,8,5,3,8,5,3
1543,1543,16,559.9,16,559.9,4.49925456789,8,5,3,8,5,3
1544,1544,16,556.8,16,556.8,4.67774874628,8,5,3,8,5,3
1545,1545,16,554.4,16,554.4,4.68230712363,8,5,3,8,5,3
1546,1546,16,557.0,16,557.0,4.52546498532,8,5,3,8,5,3
1547,1547,16,559.6,16,559.6,4.59194947707,8,5,3,8,5,3
1548,1548,16,558.2,16,558.2,4.56915382392,8,5,3,8,5,3
1549,1549,16,561.0,16,561.0,4.36438235416,8,5,3,8,5,3
1550,1550,16,562.8,16,562.8,4.30960168306,8,5,3,8,5,3
1551,1551,16,561.9,16,561.9,4.475,8,5,3,8,5,3
1552,1552,16,556.3,16,556.3,4.73958067765,8,5,3,8,5,3
1553,1553,16,556.9,16,556.9,4.86257390689,8,5,3,8,5,3
1554,1554,16,560.7,16,560.7,4.68728332833,8,5,3,8,5,3
1555,1555,16,560.9,16,560.9,4.43966496484,8,5,3,8,5,3
1556,1556,15,520.4,15,520.4,4.7422819502,8,5,2,8,5,2
1557,1557,15,521.4,15,521.4,4.90171981481,8,5,2,8,5,2
1558,1558,16,559.4,16,559.4,4.52384423546,8,5,3,8,5,3
1559,1559,16,556.4,16,556.4,4.56909910887,8,5,3,8,5,3
1560,1560,16,560.0,16,560.0,4.42447737027,8,5,3,8,5,3
1561,1561,15,525.0,15,525.0,4.68355786616,7,5,3,7,5,3
1562,1562,16,557.9,16,557.9,4.60864676451,8,5,3,8,5,3
1563,1563,16,554.1,16,554.1,4.8911782834,8,5,3,8,5,3
1564,1564,16,555.5,16,555.5,4.69527688214,8,5,3,8,5,3
1565,1565,16,554.7,16,554.7,4.81562993456,8,5,3,8,5,3
1566,1566,16,561.7,16,561.7,4.49525212493,8,5,3,8,5,3
1567,1567,16,559.4,16,559.4,4.74072779223,8,5,3,8,5,3
1568,1568,16,554.5,16,554.5,4.88684884835,8,5,3,8,5,3
1569,1569,16,559.3,16,559.3,4.59637085101,8,5,3,8,5,3
1570,1570,16,560.6,16,560.6,4.40543225272,8,5,3,8,5,3
1571,1571,16,559.9,16,559.9,4.1934025564,8,5,3,8,5,3
1572,1572,16,559.7,16,559.7,4.46530607387,8,5,3,8,5,3
1573,1573,16,558.3,16,558.3,4.52098348445,8,5,3,8,5,3
1574,1574,15,528.5,15,528.5,4.42326102499,7,5,3,7,5,3
1575,1575,16,556.1,16,556.1,4.63996677431,8,5,3,8,5,3
1576,1576,16,554.9,16,554.9,4.22598607822,8,5,3,8,5,3
1577,1577,16,555.1,16,555.1,4.18687930723,8,5,3,8,5,3
1578,1578,15,520.8,15,520.8,4.8354642265,7,5,3,7,5,3
1579,1579,16,547.4,16,547.4,4.93597339269,8,5,3,8,5,3
1580,1580,16,552.0,16,552.0,4.79124201017,8,5,3,8,5,3
1581,1581,16,559.1,16,559.1,4.31060223944,8,5,3,8,5,3
1582,1582,15,526.8,15,526.8,4.42786630331,8,4,3,8,4,3
1583,1583,16,548.3,16,548.3,4.51925049096,8,5,3,8,5,3
1584,1584,15,525.7,15,525.7,4.56741043648,7,6,2,7,6,2
1585,1585,16,532.7,16,532.7,5.2261481992,9,5,2,9,5,2
1586,1586,16,527.3,16,527.3,5.10058411688,7,6,3,7,6,3
1587,1587,15,514.9,15,514.9,5.1141912734,7,6,2,7,6,2
1588,1588,15,497.5,15,497.5,4.75479707644,7,6,2,7,6,2
