,e_id,num_sat,sum_snr,num_sat_25,sum_snr_25,num_sat_u20,sum_sat_u20,snr_std,elev_0_30,elev_30_60,elev_60_90,sum_elev_0_30,sum_elev_30_60,sum_elev_60_90,elev_0_30_25,elev_30_60_25,elev_60_90_25,sum_elev_0_30_25,sum_elev_30_60_25,sum_elev_60_90_25
1,1,16,422.7,8,262.1,4,69.6,7.46460257928,8,7,1,173.1,226.2,23.4,2,6,0,59.0,203.1,0
2,2,16,433.7,8,264.9,3,52.5,7.40139344988,8,7,1,177.1,228.7,27.9,1,6,1,33.0,204.0,27.9
3,3,16,444.5,11,349.8,4,71.6,7.56264669279,8,7,1,181.2,234.3,29.0,3,7,1,86.5,234.3,29.0
4,4,16,436.8,10,326.2,5,85.9,8.52056336166,8,7,1,172.9,235.9,28.0,2,7,1,62.3,235.9,28.0
5,5,16,416.8,9,294.1,5,80.2,8.89156904039,8,7,1,161.5,233.1,22.2,2,7,0,61.0,233.1,0
6,6,16,416.4,7,243.8,5,75.7,9.14683916261,8,7,1,159.5,232.0,24.9,1,6,0,36.0,207.8,0
7,7,16,421.9,10,322.6,5,75.7,9.08461841062,8,7,1,163.1,235.2,23.6,3,7,0,87.4,235.2,0
8,8,16,423.9,10,323.5,5,79.1,8.88597912444,8,7,1,166.0,236.6,21.3,3,7,0,86.9,236.6,0
9,9,16,429.2,10,326.8,5,79.6,8.90164778754,8,7,1,166.4,240.0,22.8,3,7,0,86.8,240.0,0
10,10,16,442.3,10,333.6,5,86.6,8.63666361122,8,7,1,171.9,241.3,29.1,2,7,1,63.2,241.3,29.1
11,11,16,441.6,9,307.4,4,65.9,8.66741022451,8,7,1,169.6,243.0,29.0,1,7,1,35.4,243.0,29.0
12,12,16,438.7,11,355.5,5,83.2,8.97672685337,8,7,1,168.9,243.0,26.8,3,7,1,85.7,243.0,26.8
13,13,16,437.2,10,328.4,4,63.3,8.76466390304,8,7,1,168.9,240.0,28.3,2,7,1,60.1,240.0,28.3
14,14,16,432.0,10,328.6,5,83.2,8.88699424252,8,7,1,165.0,240.1,26.9,2,7,1,61.6,240.1,26.9
15,15,16,431.7,10,328.4,5,83.2,8.95888525432,8,7,1,163.0,243.1,25.6,2,7,1,59.7,243.1,25.6
16,16,16,428.1,9,298.5,5,83.8,8.64954478571,8,7,1,165.2,236.2,26.7,2,6,1,60.2,211.6,26.7
17,17,16,425.6,9,298.0,5,81.2,8.92404990274,8,7,1,164.4,235.2,26.0,2,6,1,60.4,211.6,26.0
18,18,16,431.5,11,352.0,5,79.5,9.06654794653,8,7,1,165.9,237.4,28.2,3,7,1,86.4,237.4,28.2
19,19,16,437.0,10,323.0,4,66.8,8.09706737035,8,7,1,173.8,234.9,28.3,2,7,1,59.8,234.9,28.3
20,20,16,434.2,11,341.5,4,69.0,7.21099854389,8,7,1,178.6,227.3,28.3,3,7,1,85.9,227.3,28.3
21,21,16,434.2,9,290.9,4,72.2,7.39214673375,8,7,1,179.1,227.9,27.2,2,6,1,60.5,203.2,27.2
22,22,16,447.8,11,353.1,4,71.1,7.73450063029,8,7,1,179.8,239.5,28.5,3,7,1,85.1,239.5,28.5
23,23,16,450.4,12,384.0,4,66.4,8.21835344417,8,7,1,177.6,243.0,29.8,4,7,1,111.2,243.0,29.8
24,24,16,452.8,11,361.5,4,66.4,8.20479534581,8,7,1,179.9,242.3,30.6,3,7,1,88.6,242.3,30.6
25,25,16,458.9,11,360.4,3,51.7,7.46728141071,8,7,1,188.8,238.8,31.3,3,7,1,90.3,238.8,31.3
26,26,17,467.4,11,355.6,4,64.2,8.12622841393,9,7,1,201.2,236.8,29.4,3,7,1,89.4,236.8,29.4
27,27,16,453.6,11,357.3,3,48.9,7.73002802927,8,7,1,186.4,238.1,29.1,3,7,1,90.1,238.1,29.1
28,28,16,454.4,11,361.1,3,48.9,7.96425346993,8,7,1,182.4,241.8,30.2,3,7,1,89.1,241.8,30.2
29,29,16,444.9,10,331.4,3,46.2,8.3945592499,8,7,1,176.4,240.0,28.5,2,7,1,62.9,240.0,28.5
30,30,16,458.0,11,363.6,3,50.4,8.11669062283,8,7,1,182.3,245.3,30.4,3,7,1,87.9,245.3,30.4
31,31,16,460.9,12,389.8,3,51.0,7.8525977655,8,7,1,187.3,244.9,28.7,4,7,1,116.2,244.9,28.7
32,32,16,454.9,12,385.7,3,49.1,7.94738688711,8,7,1,183.0,243.5,28.4,4,7,1,113.8,243.5,28.4
33,33,16,448.6,11,361.2,4,62.7,8.74359765772,8,7,1,173.9,244.7,30.0,3,7,1,86.5,244.7,30.0
34,34,16,449.8,10,336.6,3,43.8,8.57001555813,8,7,1,175.0,244.8,30.0,2,7,1,61.8,244.8,30.0
35,35,16,440.6,10,331.5,4,63.1,8.59107094605,8,7,1,169.4,243.0,28.2,2,7,1,60.3,243.0,28.2
36,36,16,442.4,11,354.3,4,66.5,8.16725167973,8,7,1,172.6,242.0,27.8,3,7,1,84.5,242.0,27.8
37,37,16,445.6,10,330.5,4,70.2,7.94145242803,8,7,1,175.6,242.0,28.0,2,7,1,60.5,242.0,28.0
38,38,16,439.0,9,301.0,4,67.1,8.39991071381,8,7,1,172.6,240.8,25.6,1,7,1,34.6,240.8,25.6
39,39,16,437.9,9,300.2,3,50.5,8.20574747763,8,7,1,172.8,239.0,26.1,1,7,1,35.1,239.0,26.1
40,40,16,443.2,10,328.1,4,67.8,8.23221314917,8,7,1,175.2,239.3,28.7,2,7,1,60.1,239.3,28.7
41,41,16,438.2,10,326.4,4,69.2,8.29432536939,8,7,1,171.6,241.5,25.1,2,7,1,59.8,241.5,25.1
42,42,16,439.7,11,353.9,5,85.8,8.13561870214,8,7,1,172.0,240.6,27.1,3,7,1,86.2,240.6,27.1
43,43,16,437.8,11,353.3,5,84.5,8.37837494188,8,7,1,167.3,242.0,28.5,3,7,1,82.8,242.0,28.5
44,44,16,433.9,11,352.7,5,81.2,8.55828789342,8,7,1,165.1,240.4,28.4,3,7,1,83.9,240.4,28.4
45,45,16,436.9,11,351.4,5,85.5,8.29147905985,8,7,1,167.6,240.9,28.4,3,7,1,82.1,240.9,28.4
46,46,16,434.3,11,351.6,5,82.7,8.54641981573,8,7,1,163.9,241.9,28.5,3,7,1,81.2,241.9,28.5
47,47,16,430.5,10,324.1,4,61.9,8.68012816726,8,7,1,161.2,242.2,27.1,2,7,1,54.8,242.2,27.1
48,48,17,444.6,10,321.6,5,78.1,8.83615567194,9,7,1,178.0,241.6,25.0,2,7,1,55.0,241.6,25.0
49,49,16,427.8,10,324.0,5,79.3,9.07412989401,8,7,1,160.3,243.0,24.5,3,7,0,81.0,243.0,0
50,50,16,426.5,9,298.6,5,81.1,8.89381573529,8,7,1,159.5,244.9,22.1,2,7,0,53.7,244.9,0
51,51,16,417.0,10,314.9,5,81.1,8.80794149239,8,7,1,155.4,236.3,25.3,2,7,1,53.3,236.3,25.3
52,52,16,421.3,9,298.0,5,78.6,9.09144057159,8,7,1,158.0,240.1,23.2,2,7,0,57.9,240.1,0
53,53,16,422.6,9,298.4,5,79.1,9.11415565663,8,7,1,160.4,238.6,23.6,2,7,0,59.8,238.6,0
54,54,16,414.2,9,296.0,6,97.2,9.29586825782,8,7,1,156.4,236.8,21.0,2,7,0,59.2,236.8,0
55,55,16,422.3,9,297.7,5,83.5,8.77932941631,8,7,1,164.5,237.1,20.7,2,7,0,60.6,237.1,0
56,56,15,426.8,10,330.7,3,50.8,8.24897107581,7,7,1,154.6,246.2,26.0,2,7,1,58.5,246.2,26.0
57,57,16,437.2,9,304.2,4,62.2,8.94110358587,8,7,1,167.1,246.0,24.1,2,7,0,58.2,246.0,0
58,58,16,432.6,9,309.5,5,79.9,9.46684565558,8,7,1,163.2,249.0,20.4,2,7,0,60.5,249.0,0
59,59,16,439.2,11,358.8,4,60.1,9.25325168072,8,7,1,164.8,248.6,25.8,3,7,1,84.4,248.6,25.8
60,60,16,423.5,9,298.3,5,75.8,9.18670914964,8,7,1,155.0,243.8,24.7,2,7,0,54.5,243.8,0
61,61,16,422.6,10,322.3,5,76.8,9.03842722307,8,7,1,154.7,242.2,25.7,2,7,1,54.4,242.2,25.7
62,62,16,430.2,9,301.4,4,59.7,9.18084055702,8,7,1,157.7,247.4,25.1,1,7,1,28.9,247.4,25.1
63,63,16,435.5,10,326.8,4,62.5,8.82195887166,8,7,1,164.0,247.5,24.0,3,7,0,79.3,247.5,0
64,64,16,424.8,9,299.7,5,79.3,9.2167239299,8,7,1,157.0,246.9,20.9,2,7,0,52.8,246.9,0
65,65,16,428.9,8,274.3,5,83.5,8.92804336534,8,7,1,161.4,247.8,19.7,1,7,0,26.5,247.8,0
66,66,16,430.8,9,302.2,5,84.3,9.0413494568,8,7,1,159.7,248.2,22.9,2,7,0,54.0,248.2,0
67,67,16,428.8,9,304.1,5,77.1,9.5760116959,8,7,1,155.0,249.5,24.3,2,7,0,54.6,249.5,0
68,68,16,433.8,8,276.7,3,43.8,8.8616683907,8,7,1,162.4,247.2,24.2,1,7,0,29.5,247.2,0
69,69,16,426.8,8,271.7,3,43.4,8.80836723425,8,7,1,159.7,243.4,23.7,1,7,0,28.3,243.4,0
70,70,16,418.4,8,265.1,3,45.7,8.61726948246,8,7,1,159.1,237.6,21.7,1,7,0,27.5,237.6,0
71,71,16,424.1,8,268.1,3,45.5,8.62117306403,8,7,1,160.3,239.5,24.3,1,7,0,28.6,239.5,0
72,72,16,417.6,9,290.7,5,85.2,8.50490054812,8,7,1,160.6,237.0,20.0,2,7,0,53.7,237.0,0
73,73,15,394.6,8,264.0,5,84.8,8.72094905277,7,7,1,136.4,235.9,22.3,1,7,0,28.1,235.9,0
74,74,16,427.3,9,290.9,4,67.7,7.96730558805,8,7,1,164.5,237.0,25.8,1,7,1,28.1,237.0,25.8
75,75,16,431.3,9,296.4,4,67.3,8.06762821404,8,7,1,163.2,240.1,28.0,1,7,1,28.3,240.1,28.0
76,76,16,415.2,9,289.3,6,105.0,8.25558396885,8,7,1,152.2,236.8,26.2,1,7,1,26.3,236.8,26.2
77,77,16,413.9,8,268.0,7,122.0,8.80323567408,8,7,1,154.7,240.5,18.7,1,7,0,27.5,240.5,0
78,78,15,411.2,9,296.5,4,72.1,7.94012114577,7,7,1,144.8,239.1,27.3,1,7,1,30.1,239.1,27.3
79,79,15,407.1,9,289.0,3,50.5,7.58794156164,7,7,1,148.0,234.0,25.1,1,7,1,29.9,234.0,25.1
80,80,15,410.6,8,261.4,2,39.1,6.95449152569,7,7,1,156.0,231.5,23.1,1,7,0,29.9,231.5,0
81,81,15,423.4,10,319.1,3,58.7,6.77805984321,7,7,1,161.8,235.1,26.5,2,7,1,57.5,235.1,26.5
82,82,16,447.8,12,378.0,4,69.8,7.4193328541,8,7,1,179.5,239.8,28.5,4,7,1,109.7,239.8,28.5
83,83,16,425.9,11,337.8,4,64.3,7.60755928885,8,7,1,167.8,230.6,27.5,3,7,1,79.7,230.6,27.5
84,84,16,421.5,8,261.4,4,66.8,7.59367884054,8,7,1,164.9,228.0,28.6,1,6,1,29.7,203.1,28.6
85,85,16,421.5,9,286.1,4,68.8,7.61524512628,8,7,1,166.6,227.3,27.6,2,6,1,54.5,204.0,27.6
86,86,15,425.2,10,321.0,1,17.1,6.60377237068,7,7,1,159.5,235.2,30.5,2,7,1,55.3,235.2,30.5
87,87,15,423.2,9,294.9,2,36.3,6.65226778375,7,7,1,159.0,234.0,30.2,1,7,1,30.7,234.0,30.2
88,88,15,414.5,9,289.0,2,35.6,6.52398505151,7,7,1,155.9,231.5,27.1,1,7,1,30.4,231.5,27.1
89,89,15,409.8,9,290.2,3,57.2,6.88903891286,7,7,1,149.5,232.1,28.2,1,7,1,29.9,232.1,28.2
90,90,15,408.4,9,288.2,3,55.8,6.75917013785,7,7,1,151.0,229.5,27.9,1,7,1,30.8,229.5,27.9
91,91,16,421.0,9,289.5,5,86.6,7.62136252035,8,7,1,161.4,230.8,28.8,1,7,1,29.9,230.8,28.8
92,92,16,417.9,9,289.4,5,82.4,7.89339122304,8,7,1,157.8,231.2,28.9,1,7,1,29.3,231.2,28.9
93,93,16,418.3,9,288.1,5,85.2,7.7295078541,8,7,1,159.0,230.8,28.5,1,7,1,28.8,230.8,28.5
94,94,16,427.0,9,294.2,4,65.7,7.98297146014,8,7,1,161.6,235.1,30.3,1,7,1,28.8,235.1,30.3
95,95,16,426.2,9,294.8,4,65.1,8.01231344037,8,7,1,158.9,236.2,31.1,1,7,1,27.5,236.2,31.1
96,96,16,431.9,9,291.7,4,71.0,7.24665152559,8,7,1,166.6,234.6,30.7,1,7,1,26.4,234.6,30.7
97,97,16,433.0,11,342.1,4,70.1,7.45259462648,8,7,1,167.0,235.9,30.1,3,7,1,76.1,235.9,30.1
98,98,16,433.6,10,321.9,5,87.8,7.95059746183,8,7,1,164.1,237.9,31.6,2,7,1,52.4,237.9,31.6
99,99,17,457.2,11,351.2,5,85.2,8.05143392417,9,7,1,185.6,240.0,31.6,3,7,1,79.6,240.0,31.6
100,100,17,455.2,11,348.8,5,85.6,8.13929737537,9,7,1,183.5,239.3,32.4,3,7,1,77.1,239.3,32.4
101,101,16,421.3,9,290.2,5,83.0,8.39529382055,8,7,1,157.8,230.6,32.9,2,6,1,50.6,206.7,32.9
102,102,16,424.1,10,319.4,5,83.2,8.46785834789,8,7,1,162.8,228.8,32.5,3,6,1,79.6,207.3,32.5
103,103,16,421.8,10,317.1,5,82.6,8.42210385434,8,7,1,161.1,228.0,32.7,3,6,1,78.5,205.9,32.7
104,104,16,424.0,10,320.4,6,103.6,8.56294341918,8,7,1,164.2,227.1,32.7,3,6,1,80.0,207.7,32.7
105,105,16,423.5,9,295.6,6,103.1,8.64004002691,8,7,1,162.4,227.4,33.7,2,6,1,53.4,208.5,33.7
106,106,15,425.8,10,326.0,3,52.1,8.01283494211,7,7,1,151.2,239.9,34.7,2,7,1,51.4,239.9,34.7
107,107,9,283.2,8,258.6,0,0,5.07050293363,3,5,1,78.8,172.3,32.1,2,5,1,54.2,172.3,32.1
108,108,9,282.9,9,282.9,0,0,5.7183913822,2,6,1,52.7,197.3,32.9,2,6,1,52.7,197.3,32.9
109,109,8,260.6,8,260.6,0,0,5.11517350634,2,5,1,54.1,172.8,33.7,2,5,1,54.1,172.8,33.7
110,110,8,261.3,8,261.3,0,0,5.27661620467,2,5,1,54.0,174.2,33.1,2,5,1,54.0,174.2,33.1
111,111,8,263.5,8,263.5,0,0,5.39813129042,2,5,1,54.7,175.5,33.3,2,5,1,54.7,175.5,33.3
112,112,8,263.3,8,263.3,0,0,5.65115348529,2,5,1,54.4,175.6,33.3,2,5,1,54.4,175.6,33.3
113,113,8,261.7,8,261.7,0,0,5.05553091744,2,5,1,55.7,173.6,32.4,2,5,1,55.7,173.6,32.4
114,114,8,260.7,7,236.2,0,0,5.23953037699,2,5,1,57.7,169.8,33.2,2,4,1,57.7,145.3,33.2
115,115,9,287.3,8,263.6,0,0,5.67092976896,2,6,1,57.7,196.0,33.6,2,5,1,57.7,172.3,33.6
116,116,9,286.7,7,238.1,0,0,6.8383315054,3,5,1,76.4,174.9,35.4,2,4,1,52.7,150.0,35.4
117,117,9,287.4,8,264.6,0,0,6.28788517707,3,5,1,77.2,175.4,34.8,2,5,1,54.4,175.4,34.8
118,118,9,287.1,8,262.7,0,0,6.28311228612,3,5,1,79.9,173.2,34.0,3,4,1,79.9,148.8,34.0
119,119,7,238.5,6,214.1,0,0,5.56737948102,2,4,1,55.8,148.6,34.1,1,4,1,31.4,148.6,34.1
120,120,8,264.0,8,264.0,0,0,5.54591226555,3,4,1,83.8,146.9,33.3,3,4,1,83.8,146.9,33.3
121,121,8,264.9,8,264.9,0,0,5.66327454495,3,4,1,83.0,148.1,33.8,3,4,1,83.0,148.1,33.8
122,122,7,224.5,6,200.5,0,0,5.60616157625,2,4,1,54.5,141.3,28.7,1,4,1,30.5,141.3,28.7
123,123,6,197.1,6,197.1,0,0,5.48917115783,1,4,1,28.7,142.0,26.4,1,4,1,28.7,142.0,26.4
124,124,8,262.5,8,262.5,0,0,5.67637648505,3,4,1,82.7,148.0,31.8,3,4,1,82.7,148.0,31.8
125,125,10,307.8,7,236.0,0,0,6.43096674951,4,5,1,104.0,169.7,34.1,2,4,1,55.9,146.0,34.1
126,126,10,310.8,8,262.9,0,0,6.35868609768,3,6,1,80.3,195.1,35.4,2,5,1,55.8,171.7,35.4
127,127,10,312.6,8,265.4,0,0,6.26280022567,3,6,1,80.3,197.6,34.7,2,5,1,56.9,173.8,34.7
128,128,9,294.5,8,270.9,0,0,5.70937338457,2,6,1,57.5,202.3,34.7,2,5,1,57.5,178.7,34.7
129,129,11,345.2,9,298.2,0,0,5.97341078142,4,6,1,105.4,204.7,35.1,2,6,1,58.4,204.7,35.1
130,130,10,312.5,7,239.4,0,0,6.31668865432,3,6,1,80.6,197.6,34.3,2,4,1,56.0,149.1,34.3
131,131,8,269.4,8,269.4,0,0,4.72795636915,3,4,1,86.6,147.6,35.2,3,4,1,86.6,147.6,35.2
132,132,10,325.2,10,325.2,0,0,5.24696737808,3,6,1,89.0,202.3,33.9,3,6,1,89.0,202.3,33.9
133,133,8,264.5,8,264.5,0,0,4.87000660017,3,4,1,84.1,147.1,33.3,3,4,1,84.1,147.1,33.3
134,134,10,318.7,10,318.7,0,0,5.36574526252,3,6,1,86.4,198.4,33.9,3,6,1,86.4,198.4,33.9
135,135,8,271.4,8,271.4,0,0,4.56938570426,3,4,1,88.3,149.7,33.4,3,4,1,88.3,149.7,33.4
136,136,9,291.3,7,242.9,0,0,5.68814556776,3,5,1,85.1,172.2,34.0,2,4,1,60.5,148.4,34.0
137,137,9,295.9,8,272.9,0,0,5.21363063943,3,5,1,90.3,170.9,34.7,3,4,1,90.3,147.9,34.7
138,138,12,360.5,7,243.0,0,0,6.38014795117,5,6,1,131.2,196.8,32.5,2,4,1,60.7,149.8,32.5
139,139,11,346.1,8,273.2,0,0,5.60379741377,4,6,1,114.5,198.0,33.6,3,4,1,90.4,149.2,33.6
140,140,11,355.3,10,332.7,0,0,5.31488475886,4,6,1,117.6,203.0,34.7,3,6,1,95.0,203.0,34.7
141,141,11,361.0,11,361.0,0,0,5.2057311075,4,6,1,122.7,206.6,31.7,4,6,1,122.7,206.6,31.7
142,142,11,344.5,10,322.1,0,0,5.6889046717,4,6,1,112.9,199.5,32.1,3,6,1,90.5,199.5,32.1
143,143,8,274.3,8,274.3,0,0,4.56271770518,2,5,1,60.2,179.0,35.1,2,5,1,60.2,179.0,35.1
144,144,11,347.7,10,322.8,0,0,5.2815631295,4,6,1,110.7,204.0,33.0,3,6,1,85.8,204.0,33.0
145,145,11,359.3,10,335.0,0,0,5.83785452496,3,7,1,83.2,243.1,33.0,2,7,1,58.9,243.1,33.0
146,146,11,362.5,10,337.9,0,0,5.36439439944,4,6,1,115.3,214.1,33.1,3,6,1,90.7,214.1,33.1
147,147,10,330.3,10,330.3,0,0,4.02907488692,3,6,1,92.0,203.0,35.3,3,6,1,92.0,203.0,35.3
148,148,11,343.4,10,319.2,0,0,5.38754455793,4,6,1,110.6,197.6,35.2,3,6,1,86.4,197.6,35.2
149,149,9,296.4,9,296.4,0,0,4.39374555476,3,5,1,84.3,176.6,35.5,3,5,1,84.3,176.6,35.5
150,150,10,318.3,10,318.3,0,0,4.52893168664,3,6,1,85.9,198.4,34.0,3,6,1,85.9,198.4,34.0
151,151,10,324.8,10,324.8,0,0,4.44042040052,3,6,1,88.6,201.0,35.2,3,6,1,88.6,201.0,35.2
152,152,10,319.2,10,319.2,0,0,4.30446796299,3,6,1,88.4,195.8,35.0,3,6,1,88.4,195.8,35.0
153,153,10,319.3,10,319.3,0,0,3.88359798812,3,6,1,86.0,199.9,33.4,3,6,1,86.0,199.9,33.4
154,154,11,340.8,10,317.6,0,0,4.45798568455,4,6,1,108.6,198.2,34.0,3,6,1,85.4,198.2,34.0
155,155,11,335.2,9,287.1,0,0,4.24454730427,4,6,1,108.4,193.6,33.2,2,6,1,60.3,193.6,33.2
156,156,11,331.3,9,282.7,0,0,4.54044451168,4,6,1,105.5,192.1,33.7,2,6,1,56.9,192.1,33.7
157,157,11,334.9,10,311.1,0,0,4.22288139458,4,6,1,108.8,193.0,33.1,3,6,1,85.0,193.0,33.1
158,158,10,316.1,10,316.1,0,0,3.80334647967,3,6,1,84.3,197.2,34.6,3,6,1,84.3,197.2,34.6
159,159,11,334.9,9,288.1,0,0,4.60094851881,4,6,1,108.4,192.7,33.8,2,6,1,61.6,192.7,33.8
160,160,10,307.0,9,282.3,0,0,3.93248578439,3,6,1,85.5,186.5,35.0,3,5,1,85.5,161.8,35.0
161,161,10,310.9,9,286.0,0,0,4.31340288455,3,6,1,87.0,189.6,34.3,3,5,1,87.0,164.7,34.3
162,162,11,330.7,9,282.6,0,0,4.83368859718,4,6,1,109.0,187.7,34.0,2,6,1,60.9,187.7,34.0
163,163,10,304.9,7,233.7,0,0,5.10652088565,3,6,1,85.6,184.8,34.5,2,4,1,61.2,138.0,34.5
164,164,10,311.8,9,288.9,0,0,4.55748468639,3,6,1,84.6,192.8,34.4,2,6,1,61.7,192.8,34.4
165,165,11,330.2,8,261.8,0,0,5.63077582253,4,6,1,106.7,189.5,34.0,2,5,1,61.7,166.1,34.0
166,166,10,306.7,9,284.1,0,0,4.7888875999,3,6,1,83.5,189.8,33.4,2,6,1,60.9,189.8,33.4
167,167,10,302.9,8,255.1,0,0,4.86242966244,3,6,1,82.6,187.5,32.8,2,5,1,59.5,162.8,32.8
168,168,11,334.3,10,311.2,0,0,4.96637786429,4,6,1,109.6,191.7,33.0,3,6,1,86.5,191.7,33.0
169,169,10,311.4,10,311.4,0,0,4.05714732841,3,6,1,87.6,190.2,33.6,3,6,1,87.6,190.2,33.6
170,170,9,286.5,9,286.5,0,0,4.01029924071,3,5,1,86.8,167.6,32.1,3,5,1,86.8,167.6,32.1
171,171,11,332.8,8,261.1,0,0,5.07294069281,4,6,1,113.0,186.9,32.9,3,4,1,88.9,139.3,32.9
172,172,11,335.2,8,263.8,0,0,5.10295814388,4,6,1,113.8,187.7,33.7,3,4,1,90.0,140.1,33.7
173,173,11,328.3,7,233.0,0,0,5.16959643229,4,6,1,108.1,187.1,33.1,2,4,1,60.5,139.4,33.1
174,174,10,304.4,8,257.2,0,0,4.68714554215,4,5,1,106.4,165.5,32.5,2,5,1,59.2,165.5,32.5
175,175,9,282.6,7,234.9,0,0,4.84639040937,3,5,1,84.6,165.2,32.8,2,4,1,61.4,140.7,32.8
176,176,10,308.2,9,285.6,0,0,4.2281595681,3,6,1,84.2,192.0,32.0,2,6,1,61.6,192.0,32.0
177,177,10,303.4,8,255.9,0,0,4.60149734084,3,6,1,81.3,190.2,31.9,2,5,1,58.4,165.6,31.9
178,178,10,299.8,7,228.5,0,0,5.18412105483,3,6,1,80.7,187.7,31.4,2,4,1,56.9,140.2,31.4
179,179,10,307.7,9,283.9,0,0,4.40909413725,3,6,1,84.8,190.8,32.1,3,5,1,84.8,167.0,32.1
180,180,11,324.7,9,279.8,0,0,5.2710185319,4,6,1,106.3,187.3,31.1,3,5,1,83.4,165.3,31.1
181,181,11,340.6,9,291.3,0,0,4.23610026493,4,6,1,109.8,200.1,30.7,2,6,1,60.5,200.1,30.7
182,182,9,292.0,9,292.0,0,0,3.56234161441,2,6,1,60.0,201.6,30.4,2,6,1,60.0,201.6,30.4
183,183,9,289.0,9,289.0,0,0,3.2605384695,2,6,1,60.7,197.8,30.5,2,6,1,60.7,197.8,30.5
184,184,9,284.7,9,284.7,0,0,3.4492752862,2,6,1,59.6,194.8,30.3,2,6,1,59.6,194.8,30.3
185,185,10,311.5,9,287.4,0,0,4.37168922348,3,6,1,83.4,197.2,30.9,2,6,1,59.3,197.2,30.9
186,186,11,330.6,9,284.5,0,0,4.90374624881,4,6,1,105.4,195.0,30.2,2,6,1,59.3,195.0,30.2
187,187,9,285.3,9,285.3,0,0,4.15451561557,2,6,1,59.1,195.7,30.5,2,6,1,59.1,195.7,30.5
188,188,10,320.9,9,297.4,0,0,4.81351107705,3,6,1,84.0,206.5,30.4,2,6,1,60.5,206.5,30.4
189,189,12,359.5,10,309.7,0,0,4.76740034616,5,6,1,133.4,196.2,29.9,4,5,1,108.5,171.3,29.9
190,190,12,359.6,11,334.7,0,0,4.49390159162,5,6,1,131.9,198.4,29.3,4,6,1,107.0,198.4,29.3
191,191,12,345.4,8,250.8,0,0,5.25267608564,5,6,1,124.3,194.3,26.8,1,6,1,29.7,194.3,26.8
192,192,10,300.9,8,252.7,0,0,5.19753146535,4,5,1,105.2,169.0,26.7,2,5,1,57.0,169.0,26.7
193,193,12,345.8,8,252.9,0,0,5.52610882881,5,6,1,124.3,192.7,28.8,2,5,1,54.4,169.7,28.8
194,194,11,331.8,9,285.2,0,0,5.23302450353,4,6,1,103.2,199.5,29.1,2,6,1,56.6,199.5,29.1
195,195,11,331.8,9,286.6,0,0,5.94260426535,4,6,1,97.8,204.1,29.9,2,6,1,52.6,204.1,29.9
196,196,11,321.9,8,252.3,0,0,5.79746025899,4,6,1,100.0,194.6,27.3,2,5,1,53.1,171.9,27.3
197,197,9,268.6,7,221.1,0,0,5.54754700546,3,5,1,73.2,168.7,26.7,1,5,1,25.7,168.7,26.7
198,198,9,275.2,8,252.3,0,0,5.62089356281,3,5,1,76.3,170.1,28.8,2,5,1,53.4,170.1,28.8
199,199,11,311.6,6,197.6,0,0,6.43025519075,5,5,1,114.0,166.4,31.2,0,5,1,0,166.4,31.2
200,200,10,303.2,7,236.1,0,0,6.88279658924,3,6,1,68.2,204.5,30.5,1,5,1,25.5,180.1,30.5
201,201,9,261.3,5,168.2,0,0,6.2807244805,3,5,1,68.2,163.5,29.6,0,4,1,0,138.6,29.6
202,202,11,334.5,8,263.1,0,0,6.10220526457,4,6,1,97.9,207.8,28.8,1,6,1,26.5,207.8,28.8
203,203,10,305.3,8,259.3,0,0,6.45239834825,3,6,1,71.5,205.2,28.6,1,6,1,25.5,205.2,28.6
204,204,10,295.3,8,246.2,0,0,5.16097536001,3,6,1,76.9,188.7,29.7,2,5,1,52.1,164.4,29.7
205,205,11,335.7,9,288.2,0,0,6.07104903321,3,7,1,76.4,230.2,29.1,2,6,1,52.2,206.9,29.1
206,206,10,312.2,9,288.3,0,0,5.72961119488,2,7,1,50.0,232.0,30.2,1,7,1,26.1,232.0,30.2
207,207,11,339.2,9,291.8,0,0,5.8929233369,3,7,1,80.4,231.6,27.2,2,6,1,56.5,208.1,27.2
208,208,12,366.3,12,366.3,0,0,5.11968127559,4,7,1,105.5,232.4,28.4,4,7,1,105.5,232.4,28.4
209,209,12,364.7,10,315.9,0,0,5.65146132885,4,7,1,103.5,231.8,29.4,3,6,1,78.6,207.9,29.4
210,210,9,287.0,9,287.0,0,0,5.06222392937,2,6,1,52.5,205.4,29.1,2,6,1,52.5,205.4,29.1
211,211,11,340.3,10,316.0,0,0,5.30099476085,3,7,1,80.9,233.0,26.4,3,6,1,80.9,208.7,26.4
212,212,11,352.4,11,352.4,0,0,5.25381246854,3,7,1,84.6,240.3,27.5,3,7,1,84.6,240.3,27.5
213,213,8,258.5,8,258.5,0,0,4.87865247789,2,5,1,55.5,173.7,29.3,2,5,1,55.5,173.7,29.3
214,214,9,277.8,8,253.4,0,0,4.77650499843,2,6,1,53.5,196.6,27.7,1,6,1,29.1,196.6,27.7
215,215,8,253.4,8,253.4,0,0,5.42211081723,2,5,1,54.5,172.0,26.9,2,5,1,54.5,172.0,26.9
216,216,11,335.9,10,311.4,0,0,5.05376547285,4,6,1,106.4,200.9,28.6,3,6,1,81.9,200.9,28.6
217,217,11,331.4,9,284.0,0,0,5.29114182556,4,6,1,103.6,200.7,27.1,2,6,1,56.2,200.7,27.1
218,218,11,326.3,8,253.3,0,0,5.76580830886,4,6,1,101.6,197.8,26.9,2,5,1,52.4,174.0,26.9
219,219,12,352.0,9,283.0,0,0,6.12169515046,5,6,1,127.7,198.2,26.1,3,5,1,81.1,175.8,26.1
220,220,9,282.5,9,282.5,0,0,5.84496459451,3,5,1,82.8,174.2,25.5,3,5,1,82.8,174.2,25.5
221,221,10,305.9,10,305.9,0,0,4.76059053293,3,6,1,84.2,195.7,26.0,3,6,1,84.2,195.7,26.0
222,222,10,318.0,9,295.6,0,0,5.67685358862,3,6,1,87.2,205.1,25.7,3,5,1,87.2,182.7,25.7
223,223,9,285.0,9,285.0,0,0,5.09779364039,3,5,1,84.5,173.3,27.2,3,5,1,84.5,173.3,27.2
224,224,10,310.0,9,285.1,0,0,5.27615179632,3,6,1,86.0,198.0,26.0,3,5,1,86.0,173.1,26.0
225,225,10,307.8,8,259.0,0,0,5.87628000241,3,6,1,83.3,199.1,25.4,2,5,1,58.6,175.0,25.4
226,226,10,312.5,8,264.2,0,0,5.2517192952,3,6,1,87.8,195.0,29.7,3,4,1,87.8,146.7,29.7
227,227,11,336.8,8,263.3,0,0,5.66565409848,4,6,1,108.0,201.2,27.6,2,5,1,59.2,176.5,27.6
228,228,10,315.8,10,315.8,0,0,5.5159969382,3,6,1,87.6,201.0,27.2,3,6,1,87.6,201.0,27.2
229,229,11,340.2,10,316.8,0,0,5.86056156167,4,6,1,110.4,202.1,27.7,3,6,1,87.0,202.1,27.7
230,230,11,338.6,9,290.9,0,0,5.61565992236,4,6,1,114.3,198.5,25.8,3,5,1,90.6,174.5,25.8
231,231,11,332.3,9,284.3,0,0,5.3269981313,4,6,1,109.2,194.6,28.5,3,5,1,84.8,171.0,28.5
232,232,10,309.5,9,286.3,0,0,5.8676609006,4,5,1,108.8,175.7,25.0,3,5,1,85.6,175.7,25.0
233,233,11,345.7,10,323.4,0,0,5.78430478261,4,6,1,105.3,212.0,28.4,3,6,1,83.0,212.0,28.4
234,234,11,341.4,10,318.8,0,0,6.19035907315,4,6,1,106.1,208.1,27.2,3,6,1,83.5,208.1,27.2
235,235,11,346.0,10,322.9,0,0,5.51604271854,4,6,1,107.1,208.0,30.9,3,6,1,84.0,208.0,30.9
236,236,10,322.8,10,322.8,0,0,5.11507575701,3,6,1,86.3,208.6,27.9,3,6,1,86.3,208.6,27.9
237,237,10,326.7,10,326.7,0,0,4.87489031216,3,6,1,85.5,211.4,29.8,3,6,1,85.5,211.4,29.8
238,238,10,323.1,10,323.1,0,0,4.95254143513,3,6,1,86.7,207.1,29.3,3,6,1,86.7,207.1,29.3
239,239,10,317.6,10,317.6,0,0,5.54761209891,3,6,1,83.5,207.3,26.8,3,6,1,83.5,207.3,26.8
240,240,11,344.6,10,320.5,0,0,5.03211504421,4,6,1,108.5,208.0,28.1,3,6,1,84.4,208.0,28.1
241,241,12,367.9,9,294.3,0,0,5.82447162384,5,6,1,133.2,205.0,29.7,3,5,1,84.5,180.1,29.7
242,242,12,371.5,10,323.4,0,0,5.79426963526,5,6,1,132.8,206.6,32.1,3,6,1,84.7,206.6,32.1
243,243,12,365.4,11,342.2,0,0,6.1215713966,5,6,1,129.5,203.3,32.6,4,6,1,106.3,203.3,32.6
244,244,10,308.3,8,260.7,0,0,6.03380292832,3,6,1,73.7,205.1,29.5,1,6,1,26.1,205.1,29.5
245,245,11,338.9,9,291.8,0,0,6.79064865023,4,6,1,102.4,207.6,28.9,3,5,1,80.1,182.8,28.9
246,246,10,318.4,8,270.1,0,0,6.71899463379,4,5,1,102.4,182.5,33.5,2,5,1,54.1,182.5,33.5
247,247,10,305.2,7,238.6,0,0,7.54214823509,3,6,1,71.2,201.5,32.5,1,5,1,26.6,179.5,32.5
248,248,9,289.6,7,243.4,0,0,7.24599506241,2,6,1,50.9,205.2,33.5,1,5,1,26.8,183.1,33.5
249,249,8,263.5,8,263.5,0,0,6.2506999608,2,5,1,50.8,180.9,31.8,2,5,1,50.8,180.9,31.8
250,250,8,265.0,8,265.0,0,0,4.77904652774,2,5,1,54.2,177.0,33.8,2,5,1,54.2,177.0,33.8
251,251,9,283.4,6,213.0,0,0,6.69840362408,2,6,1,51.9,199.1,32.4,1,4,1,29.6,151.0,32.4
252,252,9,289.8,7,244.4,0,0,6.48131931014,2,6,1,52.1,204.6,33.1,1,5,1,29.4,181.9,33.1
253,253,8,257.8,7,234.9,0,0,5.52752850997,1,6,1,30.0,194.9,32.9,1,5,1,30.0,172.0,32.9
254,254,9,287.3,8,262.9,0,0,5.62778326204,2,6,1,53.6,201.8,31.9,1,6,1,29.2,201.8,31.9
255,255,6,213.0,6,213.0,0,0,4.13521462563,1,4,1,30.0,151.4,31.6,1,4,1,30.0,151.4,31.6
256,256,9,281.0,7,233.7,0,0,5.67247251597,3,5,1,77.4,172.0,31.6,1,5,1,30.1,172.0,31.6
257,257,10,310.8,7,241.8,0,0,6.49030045529,3,6,1,76.4,200.0,34.4,1,5,1,30.3,177.1,34.4
258,258,8,264.9,8,264.9,0,0,5.46924844667,3,4,1,81.8,148.4,34.7,3,4,1,81.8,148.4,34.7
259,259,10,309.7,8,262.4,0,0,5.6993274457,3,6,1,79.1,197.8,32.8,2,5,1,55.1,174.5,32.8
260,260,9,282.1,7,234.7,0,0,5.81208033133,3,5,1,81.5,171.0,29.6,2,4,1,57.4,147.7,29.6
261,261,10,315.5,8,266.9,0,0,5.51064626176,3,6,1,87.4,196.1,32.0,3,4,1,87.4,147.5,32.0
262,262,9,288.4,9,288.4,0,0,4.5763279797,3,5,1,84.9,168.7,34.8,3,5,1,84.9,168.7,34.8
263,263,10,315.5,9,290.8,0,0,4.78475588603,3,6,1,86.3,195.4,33.8,3,5,1,86.3,170.7,33.8
264,264,10,316.1,9,291.6,0,0,4.74656601017,3,6,1,89.7,192.8,33.6,3,5,1,89.7,168.3,33.6
265,265,9,288.9,9,288.9,0,0,4.35229824346,3,5,1,86.1,168.3,34.5,3,5,1,86.1,168.3,34.5
266,266,10,303.7,10,303.7,0,0,4.14435358852,3,6,1,82.6,188.2,32.9,3,6,1,82.6,188.2,32.9
267,267,10,312.7,10,312.7,0,0,4.02797164284,3,6,1,83.7,194.9,34.1,3,6,1,83.7,194.9,34.1
268,268,10,307.2,9,283.1,0,0,4.50821472426,3,6,1,82.1,192.2,32.9,2,6,1,58.0,192.2,32.9
269,269,10,299.1,8,252.9,0,0,5.22822468275,4,5,1,105.0,161.4,32.7,3,4,1,81.8,138.4,32.7
270,270,8,262.6,8,262.6,0,0,4.93782774681,3,4,1,81.5,146.3,34.8,3,4,1,81.5,146.3,34.8
271,271,8,255.6,8,255.6,0,0,4.90655538176,3,4,1,79.1,141.7,34.8,3,4,1,79.1,141.7,34.8
272,272,9,270.7,7,225.6,0,0,5.31713686531,4,4,1,100.0,138.4,32.3,2,4,1,54.9,138.4,32.3
273,273,9,277.7,8,255.4,0,0,5.5376238386,3,5,1,77.6,167.5,32.6,2,5,1,55.3,167.5,32.6
274,274,9,276.4,7,230.0,0,0,5.71958137551,3,5,1,78.0,166.0,32.4,2,4,1,55.2,142.4,32.4
275,275,8,254.0,7,231.4,0,0,5.5151738737,3,4,1,80.6,141.5,31.9,2,4,1,58.0,141.5,31.9
276,276,9,285.6,8,261.5,0,0,5.09852919968,3,5,1,84.1,171.6,29.9,2,5,1,60.0,171.6,29.9
277,277,10,307.1,8,258.2,0,0,5.05886460692,3,6,1,84.4,195.1,27.6,2,5,1,60.1,170.5,27.6
278,278,8,234.1,7,212.1,0,0,5.72860928025,2,5,1,53.8,154.3,26.0,2,4,1,53.8,132.3,26.0
279,279,9,268.6,7,222.4,0,0,4.99202141199,3,5,1,79.5,157.8,31.3,2,4,1,56.2,134.9,31.3
280,280,10,301.5,8,254.3,0,0,5.03062841226,4,5,1,104.7,164.2,32.6,2,5,1,57.5,164.2,32.6
281,281,10,306.7,7,235.3,0,0,5.52791903784,4,5,1,108.7,165.0,33.0,2,4,1,60.4,141.9,33.0
282,282,8,251.0,7,228.1,0,0,5.15135211099,2,5,1,56.2,164.3,30.5,2,4,1,56.2,141.4,30.5
283,283,7,226.0,7,226.0,0,0,4.53005834084,2,4,1,55.9,138.0,32.1,2,4,1,55.9,138.0,32.1
284,284,9,302.0,9,302.0,0,0,4.3414027431,2,6,1,57.7,211.2,33.1,2,6,1,57.7,211.2,33.1
285,285,9,296.0,9,296.0,0,0,5.30976563618,3,5,1,83.0,180.2,32.8,3,5,1,83.0,180.2,32.8
286,286,10,317.3,10,317.3,0,0,5.49990909016,3,6,1,80.7,203.7,32.9,3,6,1,80.7,203.7,32.9
287,287,9,273.8,8,249.3,0,0,4.62568313273,3,5,1,81.2,160.8,31.8,2,5,1,56.7,160.8,31.8
288,288,10,305.3,9,281.0,0,0,4.7048556478,4,5,1,108.8,164.4,32.1,3,5,1,84.5,164.4,32.1
289,289,11,324.8,10,302.2,0,0,5.05906926402,5,5,1,130.1,162.3,32.4,4,5,1,107.5,162.3,32.4
290,290,10,303.7,9,280.5,0,0,4.70343845855,4,5,1,106.0,165.8,31.9,3,5,1,82.8,165.8,31.9
291,291,11,336.4,9,287.9,0,0,5.21590225787,5,5,1,134.8,170.6,31.0,4,4,1,110.2,146.7,31.0
292,292,10,321.9,10,321.9,0,0,4.99031283811,4,5,1,110.8,177.4,33.7,4,5,1,110.8,177.4,33.7
293,293,12,374.8,10,328.1,0,0,5.24999278499,5,6,1,132.4,208.2,34.2,3,6,1,85.7,208.2,34.2
294,294,11,347.2,10,322.5,0,0,5.65566489942,4,6,1,106.7,205.7,34.8,3,6,1,82.0,205.7,34.8
295,295,12,371.5,9,297.5,0,0,5.79615206735,5,6,1,130.3,207.3,33.9,2,6,1,56.3,207.3,33.9
296,296,11,339.1,10,315.9,0,0,5.33012024425,4,6,1,101.5,202.4,35.2,3,6,1,78.3,202.4,35.2
297,297,11,347.9,10,323.3,0,0,5.16141277347,4,6,1,108.1,205.8,34.0,3,6,1,83.5,205.8,34.0
298,298,10,310.9,8,264.2,0,0,6.76271641675,4,5,1,98.7,178.4,33.8,2,5,1,52.0,178.4,33.8
299,299,10,311.0,8,262.2,0,0,5.91307402663,3,6,1,80.7,195.6,34.7,3,4,1,80.7,146.8,34.7
300,300,9,295.1,8,271.0,0,0,6.08285386238,3,5,1,81.1,178.1,35.9,2,5,1,57.0,178.1,35.9
301,301,11,338.7,9,290.8,0,0,6.09581078208,4,6,1,104.4,200.6,33.7,3,5,1,79.7,177.4,33.7
302,302,11,337.1,10,313.8,0,0,5.53106927029,4,6,1,104.2,200.9,32.0,4,5,1,104.2,177.6,32.0
303,303,10,302.0,7,230.8,0,0,6.35662384184,4,5,1,97.9,169.9,34.2,2,4,1,50.5,146.1,34.2
304,304,13,388.0,9,297.2,1,19.2,6.82649438885,5,7,1,118.7,233.9,35.4,2,6,1,50.7,211.1,35.4
305,305,14,411.8,10,330.3,2,36.0,7.70443000865,6,7,1,138.8,238.0,35.0,3,6,1,79.2,216.1,35.0
306,306,13,393.0,10,332.6,2,36.2,7.71625822699,5,7,1,118.9,239.6,34.5,3,6,1,82.7,215.4,34.5
307,307,14,417.5,11,357.9,2,35.4,7.29659336439,6,7,1,144.8,238.1,34.6,4,6,1,109.4,213.9,34.6
308,308,14,411.0,11,350.5,2,35.9,7.0270591601,6,7,1,140.7,235.7,34.6,3,7,1,80.2,235.7,34.6
309,309,14,410.0,9,301.5,2,36.4,7.40590794754,6,7,1,138.9,236.6,34.5,2,6,1,55.1,211.9,34.5
310,310,14,411.7,11,352.1,2,35.4,7.43065006844,6,7,1,138.8,238.4,34.5,3,7,1,79.2,238.4,34.5
311,311,14,411.6,10,325.4,1,17.2,6.68948658488,6,7,1,140.8,236.3,34.5,2,7,1,54.6,236.3,34.5
312,312,14,407.7,9,299.5,1,17.2,6.86397267471,6,7,1,136.7,238.0,33.0,1,7,1,28.5,238.0,33.0
313,313,14,382.6,7,236.9,3,55.0,7.48644195775,6,7,1,132.1,217.7,32.8,1,5,1,27.8,176.3,32.8
314,314,15,399.1,8,265.2,5,87.4,8.31766336236,7,7,1,148.5,218.2,32.4,2,5,1,53.7,179.1,32.4
315,315,15,395.3,8,266.2,4,64.1,8.52759107391,7,7,1,149.3,213.5,32.5,2,5,1,56.5,177.2,32.5
316,316,15,388.7,8,260.1,5,85.5,8.16428342291,7,7,1,142.6,213.1,33.0,2,5,1,54.8,172.3,33.0
317,317,15,394.3,8,263.1,5,85.5,8.21373994046,7,7,1,139.8,222.1,32.4,1,6,1,28.5,202.2,32.4
318,318,14,385.4,10,320.0,4,65.4,8.45407762984,6,7,1,119.2,232.9,33.3,2,7,1,53.8,232.9,33.3
319,319,14,379.5,8,267.5,4,66.9,8.67875073301,6,7,1,118.7,226.8,34.0,1,6,1,26.3,207.2,34.0
320,320,14,374.8,7,235.9,3,47.3,8.37940961491,6,7,1,116.1,224.9,33.8,0,6,1,0,202.1,33.8
321,321,14,372.1,8,260.3,3,45.3,8.49327141569,6,7,1,112.7,226.7,32.7,1,6,1,25.5,202.1,32.7
322,322,14,368.8,8,260.8,3,45.3,8.61266636867,6,7,1,113.0,222.7,33.1,1,6,1,25.3,202.4,33.1
323,323,14,373.6,7,240.3,4,64.5,8.62874062857,6,7,1,109.7,230.6,33.3,0,6,1,0,207.0,33.3
324,324,12,342.8,9,291.5,2,28.3,8.10962764904,5,6,1,104.9,205.1,32.8,2,6,1,53.6,205.1,32.8
325,325,10,301.6,9,278.3,0,0,5.50216119155,4,5,1,101.3,169.0,31.3,3,5,1,78.0,169.0,31.3
326,326,10,319.6,10,319.6,0,0,5.04583436554,2,7,1,54.9,234.3,30.4,2,7,1,54.9,234.3,30.4
327,327,10,298.1,6,201.5,0,0,5.79433631517,3,6,1,74.4,193.8,29.9,1,4,1,27.0,144.6,29.9
328,328,11,333.1,9,286.0,0,0,5.2277754699,4,6,1,98.6,201.8,32.7,2,6,1,51.5,201.8,32.7
329,329,11,324.4,8,251.6,0,0,5.19335239425,5,5,1,124.8,167.7,31.9,2,5,1,52.0,167.7,31.9
330,330,13,377.9,10,309.6,0,0,5.61120673524,5,7,1,122.7,224.0,31.2,3,6,1,76.5,201.9,31.2
331,331,13,374.7,9,284.3,0,0,5.83640212319,5,7,1,119.3,223.3,32.1,2,6,1,51.3,200.9,32.1
332,332,13,372.2,9,286.3,1,18.6,6.27194608493,5,7,1,116.7,224.4,31.1,2,6,1,53.9,201.3,31.1
333,333,12,352.4,9,284.5,0,0,5.99671627315,4,7,1,95.9,225.5,31.0,2,6,1,52.9,200.6,31.0
334,334,13,378.3,10,313.4,1,19.0,6.24713267561,5,7,1,118.6,228.5,31.2,2,7,1,53.7,228.5,31.2
335,335,12,344.1,8,260.5,2,35.8,7.28511870497,4,7,1,83.6,229.4,31.1,0,7,1,0,229.4,31.1
336,336,13,388.2,10,326.2,1,16.9,6.99958789996,5,7,1,114.1,241.3,32.8,2,7,1,52.1,241.3,32.8
337,337,14,403.7,9,303.8,3,51.2,8.22861864684,6,7,1,126.5,244.4,32.8,1,7,1,26.6,244.4,32.8
338,338,14,402.5,10,328.0,3,49.9,8.3327666474,6,7,1,126.2,244.1,32.2,2,7,1,51.7,244.1,32.2
339,339,14,403.9,9,304.8,3,50.8,8.36354267962,6,7,1,125.8,247.2,30.9,1,7,1,26.7,247.2,30.9
340,340,14,405.0,9,304.2,2,32.9,8.18163314254,6,7,1,127.2,246.8,31.0,1,7,1,26.4,246.8,31.0
341,341,14,403.0,9,305.4,2,30.1,8.57795539049,6,7,1,124.4,247.8,30.8,1,7,1,26.8,247.8,30.8
342,342,14,404.9,9,304.9,2,29.8,8.47032635566,6,7,1,125.5,248.5,30.9,1,7,1,25.5,248.5,30.9
343,343,14,397.1,9,303.1,3,46.1,8.78325392156,6,7,1,119.3,247.6,30.2,1,7,1,25.3,247.6,30.2
344,344,14,397.1,10,327.4,3,49.6,8.40756135345,6,7,1,121.2,244.9,31.0,2,7,1,51.5,244.9,31.0
345,345,14,391.8,9,300.1,3,48.7,8.45238765929,6,7,1,117.3,243.1,31.4,1,7,1,25.6,243.1,31.4
346,346,14,393.6,8,275.8,3,49.9,8.39027432786,6,7,1,117.8,244.3,31.5,0,7,1,0,244.3,31.5
347,347,14,394.8,9,300.0,3,48.9,8.5321112907,6,7,1,119.9,244.2,30.7,1,7,1,25.1,244.2,30.7
348,348,14,393.6,8,273.5,2,30.3,8.57427791468,6,7,1,120.1,244.0,29.5,0,7,1,0,244.0,29.5
349,349,14,386.5,8,275.5,4,67.9,9.02837103339,6,7,1,111.0,243.8,31.7,0,7,1,0,243.8,31.7
350,350,13,366.1,8,278.3,4,65.4,9.65958405432,5,7,1,87.8,247.0,31.3,0,7,1,0,247.0,31.3
351,351,14,386.3,8,277.5,4,63.2,9.64488419883,6,7,1,108.8,246.8,30.7,0,7,1,0,246.8,30.7
352,352,14,386.7,8,272.1,3,45.4,9.05412600985,6,7,1,114.6,241.7,30.4,0,7,1,0,241.7,30.4
353,353,15,411.8,9,307.3,4,61.0,9.75411024475,7,7,1,129.8,253.5,28.5,1,7,1,25.3,253.5,28.5
354,354,15,402.5,8,275.3,4,60.8,9.42812408751,7,7,1,127.2,244.6,30.7,0,7,1,0,244.6,30.7
355,355,14,387.1,8,278.9,3,40.8,9.7517454059,6,7,1,108.2,249.0,29.9,0,7,1,0,249.0,29.9
356,356,14,383.5,8,274.3,3,40.8,9.54337984684,6,7,1,109.2,246.3,28.0,0,7,1,0,246.3,28.0
357,357,14,379.1,8,269.0,3,40.8,9.18721340287,6,7,1,110.1,239.4,29.6,0,7,1,0,239.4,29.6
358,358,13,355.5,8,269.7,3,39.3,9.7002246868,6,6,1,112.6,212.2,30.7,1,6,1,26.8,212.2,30.7
359,359,15,405.2,8,276.1,3,39.3,9.36527527371,7,7,1,129.1,243.6,32.5,0,7,1,0,243.6,32.5
360,360,15,409.6,10,321.9,3,42.3,8.78598450998,7,7,1,140.9,240.6,28.1,2,7,1,53.2,240.6,28.1
361,361,14,374.8,9,289.8,4,61.9,9.12852069669,7,6,1,136.5,210.3,28.0,2,6,1,51.5,210.3,28.0
362,362,14,380.0,9,289.2,3,42.3,8.851050723,7,6,1,143.0,209.4,27.6,2,6,1,52.2,209.4,27.6
363,363,14,379.8,9,286.5,2,23.9,8.46953168912,7,6,1,146.5,206.8,26.5,2,6,1,53.2,206.8,26.5
364,364,14,383.3,10,310.3,2,23.9,8.35530035104,7,6,1,150.6,207.2,25.5,3,6,1,77.6,207.2,25.5
365,365,14,376.9,7,234.2,2,23.9,8.49788920139,7,6,1,144.1,208.4,24.4,1,6,0,25.8,208.4,0
366,366,15,415.0,9,297.0,2,23.9,8.7672007804,7,7,1,143.1,244.3,27.6,1,7,1,25.1,244.3,27.6
367,367,15,411.5,9,294.7,2,23.9,8.81959398698,7,7,1,143.4,242.1,26.0,1,7,1,26.6,242.1,26.0
368,368,15,406.3,8,266.0,2,23.9,8.67285310336,7,7,1,144.6,234.7,27.0,1,6,1,28.9,210.1,27.0
369,369,14,372.9,8,260.7,3,43.1,8.96880123564,7,6,1,141.5,205.4,26.0,1,6,1,29.3,205.4,26.0
370,370,14,378.6,8,267.8,3,45.0,9.09722817344,7,6,1,139.6,210.9,28.1,1,6,1,28.8,210.9,28.1
371,371,15,403.2,9,294.6,4,62.6,8.901059327,7,7,1,137.9,235.8,29.5,1,7,1,29.3,235.8,29.5
372,372,15,400.8,9,288.2,3,43.0,8.38469694486,7,7,1,139.4,232.9,28.5,1,7,1,26.8,232.9,28.5
373,373,14,373.3,7,234.8,3,45.1,8.53892509384,6,7,1,113.7,229.9,29.7,0,6,1,0,205.1,29.7
374,374,15,393.3,9,278.3,3,46.6,7.85949834822,7,7,1,140.2,225.6,27.5,1,7,1,25.2,225.6,27.5
375,375,15,408.1,9,291.5,3,46.2,8.27547725569,7,7,1,143.1,236.3,28.7,1,7,1,26.5,236.3,28.7
376,376,14,381.1,8,266.6,3,46.2,8.39470332746,6,7,1,114.5,237.3,29.3,0,7,1,0,237.3,29.3
377,377,15,405.1,9,294.0,4,65.4,8.2580235154,7,7,1,137.6,238.6,28.9,1,7,1,26.5,238.6,28.9
378,378,15,404.4,9,292.7,4,66.1,8.20851474298,7,7,1,138.5,236.9,29.0,1,7,1,26.8,236.9,29.0
379,379,15,404.0,9,294.3,4,64.3,8.54715212944,7,7,1,135.2,239.3,29.5,1,7,1,25.5,239.3,29.5
380,380,14,387.1,8,269.8,3,46.6,8.39860336375,6,7,1,117.3,239.2,30.6,0,7,1,0,239.2,30.6
381,381,15,401.3,7,239.4,3,46.6,8.55719135053,7,7,1,137.8,234.3,29.2,0,6,1,0,210.2,29.2
382,382,15,400.3,9,289.5,4,65.1,8.45828981926,7,7,1,136.5,235.1,28.7,1,7,1,25.7,235.1,28.7
383,383,15,395.8,7,237.6,3,45.9,8.56027925668,7,7,1,134.6,231.9,29.3,0,6,1,0,208.3,29.3
384,384,16,411.7,8,262.7,4,58.6,8.85224783129,8,7,1,150.2,229.6,31.9,1,6,1,25.4,205.4,31.9
385,385,16,418.1,8,272.0,5,74.3,9.68729193325,8,7,1,146.1,240.0,32.0,0,7,1,0,240.0,32.0
386,386,16,414.7,9,296.2,5,74.3,9.30342007006,8,7,1,143.5,237.5,33.7,1,7,1,25.0,237.5,33.7
387,387,16,416.0,9,294.7,5,75.2,9.08500596221,8,7,1,146.9,238.6,30.5,1,7,1,25.6,238.6,30.5
388,388,16,417.6,9,296.3,5,75.6,9.13834412426,8,7,1,147.5,239.0,31.1,1,7,1,26.2,239.0,31.1
389,389,16,411.1,9,292.8,6,94.4,9.07094032244,8,7,1,143.5,235.7,31.9,1,7,1,25.2,235.7,31.9
390,390,16,422.0,10,323.1,5,76.8,8.99062474655,8,7,1,149.9,239.2,32.9,2,7,1,51.0,239.2,32.9
391,391,16,422.4,9,297.9,5,76.8,8.93009891696,8,7,1,150.5,238.8,33.1,1,7,1,26.0,238.8,33.1
392,392,16,416.5,10,319.2,5,77.2,8.76201793729,8,7,1,148.9,234.9,32.7,2,7,1,51.6,234.9,32.7
393,393,16,412.7,8,265.9,4,57.8,8.58809010588,8,7,1,146.8,233.4,32.5,0,7,1,0,233.4,32.5
394,394,16,415.9,8,269.5,4,58.3,8.89954820951,8,7,1,146.4,237.3,32.2,0,7,1,0,237.3,32.2
395,395,16,423.1,8,274.0,3,41.5,8.93397774417,8,7,1,149.1,240.7,33.3,0,7,1,0,240.7,33.3
396,396,16,422.1,8,275.1,5,81.0,9.35729439172,8,7,1,147.0,241.6,33.5,0,7,1,0,241.6,33.5
397,397,16,410.2,8,272.4,6,93.7,9.77697124199,8,7,1,137.8,240.4,32.0,0,7,1,0,240.4,32.0
398,398,16,420.5,8,280.8,6,95.1,10.0751323399,8,7,1,139.7,245.6,35.2,0,7,1,0,245.6,35.2
399,399,16,423.9,8,283.1,6,96.0,9.99816441486,8,7,1,140.8,248.1,35.0,0,7,1,0,248.1,35.0
400,400,16,424.1,8,281.1,7,119.3,9.54724873109,8,7,1,143.0,246.3,34.8,0,7,1,0,246.3,34.8
401,401,16,424.9,8,282.5,6,97.8,9.70758938494,8,7,1,142.4,247.3,35.2,0,7,1,0,247.3,35.2
402,402,16,427.8,8,285.7,6,98.1,9.88243391073,8,7,1,142.1,250.2,35.5,0,7,1,0,250.2,35.5
403,403,16,425.1,8,280.5,6,99.3,9.49496138311,8,7,1,144.6,245.3,35.2,0,7,1,0,245.3,35.2
404,404,16,430.3,9,305.8,5,82.1,9.33926968951,8,7,1,149.6,245.5,35.2,1,7,1,25.1,245.5,35.2
405,405,16,433.7,8,280.0,3,44.7,8.9139193587,8,7,1,153.7,244.1,35.9,0,7,1,0,244.1,35.9
406,406,16,432.4,8,280.5,4,62.9,9.0958965107,8,7,1,151.9,245.7,34.8,0,7,1,0,245.7,34.8
407,407,17,447.2,9,305.2,5,75.7,9.3207074965,9,7,1,167.0,244.9,35.3,1,7,1,25.0,244.9,35.3
408,408,17,448.5,10,327.6,5,75.3,9.25042129406,9,7,1,171.2,241.5,35.8,2,7,1,50.3,241.5,35.8
409,409,17,446.8,10,327.1,5,75.5,9.25048885831,9,7,1,170.9,240.7,35.2,2,7,1,51.2,240.7,35.2
410,410,16,436.8,9,305.2,4,61.5,9.12308427379,8,7,1,158.1,243.1,35.6,1,7,1,26.5,243.1,35.6
411,411,10,307.3,8,262.7,0,0,6.24803080089,3,6,1,71.0,200.8,35.5,1,6,1,26.4,200.8,35.5
412,412,10,304.4,8,260.2,0,0,6.32072429042,3,6,1,70.0,199.0,35.4,1,6,1,25.8,199.0,35.4
413,413,10,301.5,8,257.7,0,0,6.51924501423,3,6,1,69.3,197.3,34.9,1,6,1,25.5,197.3,34.9
414,414,10,305.8,8,260.0,0,0,6.29458320922,3,6,1,71.8,197.8,36.2,1,6,1,26.0,197.8,36.2
415,415,10,300.9,7,232.4,0,0,6.75975837832,4,5,1,93.8,170.8,36.3,1,5,1,25.3,170.8,36.3
416,416,10,297.7,7,229.8,0,0,6.75196267762,4,5,1,93.6,168.2,35.9,1,5,1,25.7,168.2,35.9
417,417,10,297.0,7,228.1,0,0,6.58297467377,4,5,1,94.1,166.2,36.7,1,5,1,25.2,166.2,36.7
418,418,11,339.0,8,270.8,0,0,6.87776390723,4,6,1,96.1,206.1,36.8,1,6,1,27.9,206.1,36.8
419,419,12,363.6,9,294.4,0,0,6.38478304608,4,7,1,96.4,231.2,36.0,1,7,1,27.2,231.2,36.0
420,420,11,350.7,10,329.7,0,0,5.88384537217,3,7,1,74.6,239.0,37.1,2,7,1,53.6,239.0,37.1
421,421,12,366.9,9,303.3,0,0,6.8511611491,4,7,1,90.4,239.5,37.0,1,7,1,26.8,239.5,37.0
422,422,12,376.7,10,333.6,0,0,6.50083327992,4,7,1,97.7,241.4,37.6,2,7,1,54.6,241.4,37.6
423,423,11,332.4,8,262.9,0,0,5.93629820373,4,6,1,96.2,199.1,37.1,1,6,1,26.7,199.1,37.1
424,424,10,302.2,8,256.6,0,0,5.75380067627,3,6,1,71.1,194.0,37.1,1,6,1,25.5,194.0,37.1
425,425,11,317.2,8,247.9,0,0,5.96628405748,4,6,1,95.8,186.5,34.9,1,6,1,26.5,186.5,34.9
426,426,11,331.0,8,261.5,0,0,5.61096329438,4,6,1,97.3,196.7,37.0,1,6,1,27.8,196.7,37.0
427,427,10,309.0,8,263.1,0,0,5.85187529297,3,6,1,71.5,200.4,37.1,1,6,1,25.6,200.4,37.1
428,428,13,378.0,9,293.8,0,0,6.78320890707,5,7,1,110.4,231.3,36.3,1,7,1,26.2,231.3,36.3
429,429,12,343.6,7,233.9,1,19.2,6.67333000333,4,7,1,90.3,219.0,34.3,1,5,1,27.6,172.0,34.3
430,430,12,338.2,7,237.1,2,33.6,7.78691598812,4,7,1,84.7,217.0,36.5,1,5,1,28.2,172.4,36.5
431,431,12,341.7,8,261.1,2,32.9,7.52234549979,4,7,1,85.6,218.8,37.3,2,5,1,52.7,171.1,37.3
432,432,13,354.4,9,282.7,3,47.5,7.88072949897,5,7,1,99.9,217.3,37.2,2,6,1,52.4,193.1,37.2
433,433,13,354.4,10,307.1,3,47.3,7.61429997456,5,7,1,100.5,216.8,37.1,2,7,1,53.2,216.8,37.1
434,434,13,357.7,9,286.0,3,46.9,7.88255945678,5,7,1,100.4,220.0,37.3,2,6,1,53.5,195.2,37.3
435,435,13,337.0,8,242.4,3,46.2,7.04286327263,5,7,1,96.0,209.2,31.8,1,6,1,25.4,185.2,31.8
436,436,13,336.4,10,291.8,3,44.6,7.09461695538,5,7,1,94.7,210.8,30.9,2,7,1,50.1,210.8,30.9
437,437,13,347.5,9,273.1,2,30.1,7.01455446618,5,7,1,101.3,212.1,34.1,2,6,1,51.1,187.9,34.1
438,438,13,344.4,8,249.4,3,48.2,7.2955993058,5,7,1,98.1,212.7,33.6,1,6,1,25.2,190.6,33.6
439,439,13,347.7,8,250.5,2,29.2,7.26299013086,5,7,1,101.3,211.6,34.8,1,6,1,26.2,189.5,34.8
440,440,13,355.9,9,280.9,2,29.1,7.3415658918,5,7,1,106.5,213.6,35.8,2,6,1,53.6,191.5,35.8
441,441,12,326.1,9,274.4,2,29.1,7.3188579586,5,6,1,104.6,185.8,35.7,2,6,1,52.9,185.8,35.7
442,442,12,327.9,9,276.3,2,30.0,7.14628002403,5,6,1,105.2,186.8,35.9,2,6,1,53.6,186.8,35.9
443,443,12,317.5,7,220.3,2,30.0,7.43999735256,5,6,1,101.9,181.4,34.2,1,5,1,25.8,160.3,34.2
444,444,12,315.1,8,241.9,2,30.0,7.10805667514,5,6,1,102.2,177.8,35.1,2,5,1,50.3,156.5,35.1
445,445,13,347.7,9,274.2,3,50.0,7.21417763673,5,7,1,99.4,212.9,35.4,1,7,1,25.9,212.9,35.4
446,446,13,341.0,8,247.1,3,49.8,7.20374724425,5,7,1,99.7,206.9,34.4,1,6,1,25.6,187.1,34.4
447,447,13,337.7,6,190.8,2,30.0,6.98452501918,5,7,1,99.6,204.6,33.5,0,5,1,0,157.3,33.5
448,448,14,360.0,8,251.9,3,40.0,8.22359243442,6,7,1,108.1,215.5,36.4,0,7,1,0,215.5,36.4
449,449,14,370.7,8,263.2,3,39.7,8.56182749826,6,7,1,107.5,227.0,36.2,0,7,1,0,227.0,36.2
450,450,14,369.3,7,235.0,3,43.1,8.41008356049,6,7,1,110.2,222.7,36.4,0,6,1,0,198.6,36.4
451,451,14,367.2,7,237.6,4,60.8,8.85259010959,6,7,1,104.8,225.1,37.3,0,6,1,0,200.3,37.3
452,452,14,378.0,8,268.8,3,42.2,8.82644627504,6,7,1,109.2,232.0,36.8,0,7,1,0,232.0,36.8
453,453,14,369.1,8,262.4,4,63.6,8.66590198092,6,7,1,106.7,226.2,36.2,0,7,1,0,226.2,36.2
454,454,15,391.0,8,259.7,4,62.4,8.35538035953,7,7,1,131.3,222.2,37.5,0,7,1,0,222.2,37.5
455,455,15,391.9,8,261.7,4,62.3,8.46357461349,7,7,1,130.2,225.1,36.6,0,7,1,0,225.1,36.6
456,456,15,393.8,8,260.2,4,62.3,8.16865670603,7,7,1,136.4,220.7,36.7,1,6,1,25.8,197.7,36.7
457,457,15,390.8,8,261.6,4,60.5,8.44231405876,7,7,1,129.2,225.1,36.5,0,7,1,0,225.1,36.5
458,458,15,395.9,8,260.5,3,45.0,7.92811152677,7,7,1,135.4,224.6,35.9,0,7,1,0,224.6,35.9
459,459,15,391.0,8,258.1,4,66.1,8.1079913548,7,7,1,132.9,222.2,35.9,0,7,1,0,222.2,35.9
460,460,15,392.8,8,262.3,4,63.6,8.28612150067,7,7,1,130.5,226.6,35.7,0,7,1,0,226.6,35.7
461,461,15,395.9,8,267.8,5,82.5,8.74924214405,7,7,1,128.1,230.9,36.9,0,7,1,0,230.9,36.9
462,462,15,388.5,8,267.1,5,77.1,9.02480708144,7,7,1,121.4,230.4,36.7,0,7,1,0,230.4,36.7
463,463,15,395.9,8,270.0,4,59.7,9.00194158951,7,7,1,125.9,233.8,36.2,0,7,1,0,233.8,36.2
464,464,15,389.2,8,268.0,5,74.9,9.15703216633,7,7,1,121.2,232.6,35.4,0,7,1,0,232.6,35.4
465,465,17,416.4,9,290.8,7,104.2,9.21082722861,9,7,1,150.8,230.1,35.5,1,7,1,25.2,230.1,35.5
466,466,17,429.8,10,318.5,6,87.2,8.98291679343,9,7,1,165.7,230.6,33.5,2,7,1,54.4,230.6,33.5
467,467,17,427.9,10,315.4,6,87.6,8.8706513787,9,7,1,165.3,230.3,32.3,2,7,1,52.8,230.3,32.3
468,468,17,436.5,10,317.3,4,54.6,8.51920840012,9,7,1,173.3,231.6,31.6,2,7,1,54.1,231.6,31.6
469,469,17,426.6,9,286.1,4,54.0,8.44685374772,9,7,1,166.6,228.7,31.3,1,7,1,26.1,228.7,31.3
470,470,16,409.8,9,279.7,3,41.9,7.57441966974,8,7,1,156.0,222.8,31.0,1,7,1,25.9,222.8,31.0
471,471,16,416.1,9,281.4,2,25.6,7.44495074978,8,7,1,161.4,223.9,30.8,1,7,1,26.7,223.9,30.8
472,472,16,405.8,9,283.5,4,55.5,8.33081628654,8,7,1,149.2,226.4,30.2,1,7,1,26.9,226.4,30.2
473,473,16,412.8,9,284.3,3,40.1,8.08323367636,8,7,1,155.6,227.2,30.0,1,7,1,27.1,227.2,30.0
474,474,16,408.4,9,280.1,4,58.3,7.9221630043,8,7,1,155.5,223.2,29.7,1,7,1,27.2,223.2,29.7
475,475,16,410.3,10,307.6,4,56.6,8.18697899106,8,7,1,157.0,224.0,29.3,2,7,1,54.3,224.0,29.3
476,476,16,419.6,11,336.7,3,38.5,7.97165812948,8,7,1,162.2,226.8,30.6,3,7,1,79.3,226.8,30.6
477,477,16,414.2,8,264.2,3,36.6,8.79718705042,8,7,1,153.4,228.4,32.4,1,6,1,27.2,204.6,32.4
478,478,15,385.0,8,261.5,4,55.4,9.14569896311,7,7,1,127.1,225.6,32.3,1,6,1,26.5,202.7,32.3
479,479,15,383.3,8,259.7,4,55.7,9.03191695099,8,6,1,149.6,200.9,32.8,1,6,1,26.0,200.9,32.8
480,480,15,381.5,7,235.6,4,56.6,9.17314922296,8,6,1,145.9,203.0,32.6,0,6,1,0,203.0,32.6
481,481,16,410.7,8,263.8,3,36.6,8.9081025851,8,7,1,152.4,226.4,31.9,1,6,1,26.3,205.6,31.9
482,482,16,408.5,8,261.7,3,36.6,8.77539885133,8,7,1,152.5,224.8,31.2,1,6,1,26.1,204.4,31.2
483,483,16,409.9,9,287.3,4,55.6,8.84625862535,8,7,1,153.7,225.2,31.0,2,6,1,51.5,204.8,31.0
484,484,16,412.2,8,264.0,5,75.1,8.97335871715,8,7,1,154.9,226.5,30.8,1,6,1,26.2,207.0,30.8
485,485,16,407.6,7,235.6,4,51.3,8.85449038624,8,7,1,148.1,228.5,31.0,0,6,1,0,204.6,31.0
486,486,16,413.0,8,266.1,4,53.5,9.07038220437,8,7,1,150.1,231.9,31.0,1,6,1,25.3,209.8,31.0
487,487,16,409.6,8,263.8,4,53.4,8.96675340726,8,7,1,148.0,231.3,30.3,1,6,1,26.6,206.9,30.3
488,488,16,406.3,9,285.4,4,52.8,8.64711657144,8,7,1,146.7,230.4,29.2,1,7,1,25.8,230.4,29.2
489,489,16,404.7,8,259.3,4,51.7,9.00914119103,8,7,1,145.4,231.7,27.6,0,7,1,0,231.7,27.6
490,490,16,413.2,9,286.1,3,33.8,8.83640198271,8,7,1,153.5,232.0,27.7,1,7,1,26.4,232.0,27.7
491,491,16,410.8,9,284.1,3,33.8,8.83828791867,8,7,1,151.9,229.0,29.9,1,7,1,25.2,229.0,29.9
492,492,16,411.3,9,285.8,3,33.3,8.99899762937,8,7,1,150.7,233.1,27.5,1,7,1,25.2,233.1,27.5
493,493,16,388.8,8,251.8,4,50.2,8.94956237291,8,7,1,140.6,221.6,26.6,1,6,1,25.2,200.0,26.6
494,494,16,405.1,9,281.8,4,52.9,8.70526421196,8,7,1,148.8,226.5,29.8,1,7,1,25.5,226.5,29.8
495,495,15,393.3,10,309.7,3,38.7,8.41768546404,7,7,1,137.4,227.2,28.7,2,7,1,53.8,227.2,28.7
496,496,15,398.2,10,312.0,3,42.1,8.16821948308,7,7,1,142.2,227.4,28.6,2,7,1,56.0,227.4,28.6
497,497,15,404.9,11,339.0,3,42.1,8.05281376438,7,7,1,146.3,229.2,29.4,3,7,1,80.4,229.2,29.4
498,498,15,403.5,11,337.5,3,42.1,7.89792016022,7,7,1,146.4,227.2,29.9,3,7,1,80.4,227.2,29.9
499,499,15,393.2,11,328.5,3,43.4,7.4629433744,7,7,1,144.4,222.0,26.8,3,7,1,79.7,222.0,26.8
500,500,15,395.1,10,301.4,3,47.5,7.24586581635,7,7,1,147.2,222.0,25.9,2,7,1,53.5,222.0,25.9
501,501,15,401.4,10,308.5,4,69.6,7.34037756911,7,7,1,145.4,228.9,27.1,2,7,1,52.5,228.9,27.1
502,502,15,397.4,9,279.9,3,50.5,7.35074988076,7,7,1,145.4,224.5,27.5,1,7,1,27.9,224.5,27.5
503,503,15,390.8,9,276.7,3,47.2,7.62794361604,7,7,1,140.7,223.4,26.7,1,7,1,26.6,223.4,26.7
504,504,14,366.9,8,252.4,3,47.5,7.70868284526,7,6,1,140.0,198.3,28.6,1,6,1,25.5,198.3,28.6
505,505,15,382.2,8,254.5,4,60.7,8.71920704127,7,7,1,129.0,225.2,28.0,1,6,1,25.3,201.2,28.0
506,506,15,384.2,8,255.7,4,60.7,8.6156723199,7,7,1,128.5,228.0,27.7,0,7,1,0,228.0,27.7
507,507,15,397.6,9,292.7,4,60.4,8.97754871624,7,7,1,134.3,234.6,28.7,1,7,1,29.4,234.6,28.7
508,508,15,394.4,10,316.2,5,78.2,8.9876476079,7,7,1,133.0,234.9,26.5,2,7,1,54.8,234.9,26.5
509,509,15,392.4,9,289.7,4,60.3,8.83206819332,7,7,1,132.9,232.1,27.4,1,7,1,30.2,232.1,27.4
510,510,14,363.3,8,260.0,4,60.6,8.74438281237,7,6,1,133.9,201.0,28.4,1,6,1,30.6,201.0,28.4
511,511,15,394.5,8,261.6,5,86.8,8.02407092975,7,7,1,139.2,225.5,29.8,1,6,1,31.1,200.7,29.8
512,512,15,397.6,9,288.5,5,87.4,8.10409655374,7,7,1,140.1,228.4,29.1,1,7,1,31.0,228.4,29.1
513,513,15,394.7,8,262.3,5,87.7,8.23770656942,7,7,1,138.4,227.3,29.0,1,6,1,30.4,202.9,29.0
514,514,14,381.5,8,269.4,4,68.9,8.61490211561,6,7,1,112.1,241.3,28.1,0,7,1,0,241.3,28.1
515,515,15,400.3,8,267.6,4,64.8,8.63397497156,7,7,1,132.7,239.3,28.3,0,7,1,0,239.3,28.3
516,516,15,394.7,9,292.9,4,55.2,9.24367480007,7,7,1,128.5,236.3,29.9,1,7,1,26.7,236.3,29.9
517,517,14,379.1,8,267.8,4,67.8,8.60600671905,6,7,1,111.3,236.3,31.5,0,7,1,0,236.3,31.5
518,518,14,385.0,8,271.6,4,69.0,8.71709196393,6,7,1,113.4,239.9,31.7,0,7,1,0,239.9,31.7
519,519,15,408.5,8,274.0,5,87.1,8.71063936202,7,7,1,134.5,244.0,30.0,0,7,1,0,244.0,30.0
520,520,14,367.0,7,244.6,5,78.6,9.68931664994,6,7,1,98.9,244.6,23.5,0,7,0,0,244.6,0
521,521,15,403.2,9,301.2,6,102.0,9.28564175796,7,7,1,127.4,246.2,29.6,1,7,1,25.4,246.2,29.6
522,522,14,379.1,8,275.5,5,83.3,9.50790590642,6,7,1,103.6,244.2,31.3,0,7,1,0,244.2,31.3
523,523,14,371.8,8,269.3,5,82.2,9.46123380194,6,7,1,102.5,238.9,30.4,0,7,1,0,238.9,30.4
524,524,15,405.9,8,271.3,4,66.2,8.65330655216,7,7,1,134.6,239.4,31.9,0,7,1,0,239.4,31.9
525,525,13,355.5,7,238.6,3,46.1,8.70063363446,5,7,1,92.0,232.3,31.2,0,6,1,0,207.4,31.2
526,526,14,394.9,9,295.7,3,53.4,8.10151593466,6,7,1,124.8,239.8,30.3,1,7,1,25.6,239.8,30.3
527,527,14,386.2,8,264.4,3,53.3,7.87975567201,6,7,1,123.2,232.1,30.9,1,6,1,25.1,208.4,30.9
528,528,13,372.7,9,302.4,4,70.3,8.64700185184,5,7,1,97.1,243.4,32.2,1,7,1,26.8,243.4,32.2
529,529,14,384.7,9,294.9,4,67.9,8.67562266189,6,7,1,116.1,236.4,32.2,1,7,1,26.3,236.4,32.2
530,530,15,413.9,9,303.5,5,86.8,8.75103803367,7,7,1,136.0,245.1,32.8,1,7,1,25.6,245.1,32.8
531,531,14,381.2,9,298.9,5,82.3,9.18999695082,6,7,1,107.3,241.0,32.9,1,7,1,25.0,241.0,32.9
532,532,15,407.0,9,300.7,5,83.3,8.87457577792,7,7,1,132.1,241.9,33.0,1,7,1,25.8,241.9,33.0
533,533,15,403.0,8,272.7,4,61.4,8.83302784737,7,7,1,130.3,240.1,32.6,0,7,1,0,240.1,32.6
534,534,15,409.9,9,297.0,3,44.5,8.821278387,7,7,1,139.5,238.5,31.9,1,7,1,26.6,238.5,31.9
535,535,14,392.1,9,305.4,4,64.6,9.20664177359,6,7,1,113.0,245.4,33.7,1,7,1,26.3,245.4,33.7
536,536,14,392.9,9,305.5,3,43.6,9.14032545649,6,7,1,115.3,243.8,33.8,1,7,1,27.9,243.8,33.8
537,537,14,392.6,9,306.5,3,44.0,9.24842724972,6,7,1,114.7,244.0,33.9,1,7,1,28.6,244.0,33.9
538,538,15,416.1,9,307.2,4,63.6,9.04250281409,7,7,1,138.3,244.5,33.3,1,7,1,29.4,244.5,33.3
539,539,14,389.3,9,299.7,3,44.0,8.85702366102,6,7,1,117.0,238.8,33.5,1,7,1,27.4,238.8,33.5
540,540,14,391.8,9,304.6,3,42.3,9.23078937727,6,7,1,114.9,242.3,34.6,1,7,1,27.7,242.3,34.6
541,541,14,391.3,8,275.8,3,47.0,8.6939191835,6,7,1,115.5,240.5,35.3,0,7,1,0,240.5,35.3
542,542,15,416.5,9,300.3,3,47.6,8.32883688215,7,7,1,142.4,239.2,34.9,1,7,1,26.2,239.2,34.9
543,543,15,409.5,8,276.5,4,64.2,8.84541850742,7,7,1,133.0,241.7,34.8,0,7,1,0,241.7,34.8
544,544,14,386.9,9,295.5,3,45.1,8.48977730458,6,7,1,116.8,235.3,34.8,1,7,1,25.4,235.3,34.8
545,545,15,412.1,8,273.1,3,45.1,8.40250529533,7,7,1,139.0,238.8,34.3,0,7,1,0,238.8,34.3
546,546,15,412.2,9,293.9,3,47.4,7.87420744311,7,7,1,143.9,232.9,35.4,1,7,1,25.6,232.9,35.4
547,547,15,410.6,8,267.2,2,28.8,7.58216579186,7,7,1,143.4,233.0,34.2,0,7,1,0,233.0,34.2
548,548,15,410.8,8,262.9,2,28.8,7.20206980831,7,7,1,147.9,231.8,31.1,0,7,1,0,231.8,31.1
549,549,15,405.6,8,263.3,2,28.8,7.45383889588,7,7,1,142.3,229.1,34.2,0,7,1,0,229.1,34.2
550,550,15,403.7,9,287.5,2,28.8,7.42253967575,7,7,1,142.3,226.8,34.6,1,7,1,26.1,226.8,34.6
551,551,15,404.5,10,313.8,3,48.4,7.54942444984,7,7,1,142.1,226.8,35.6,2,7,1,51.4,226.8,35.6
552,552,15,392.9,8,255.8,4,67.4,7.43336749939,7,7,1,137.1,219.9,35.9,0,7,1,0,219.9,35.9
553,553,15,393.8,10,306.6,4,66.1,7.50246308761,7,7,1,138.1,220.4,35.3,2,7,1,50.9,220.4,35.3
554,554,15,399.3,10,312.8,4,64.9,7.85222443461,7,7,1,137.9,225.2,36.2,2,7,1,51.4,225.2,36.2
555,555,14,375.5,10,308.0,3,46.4,7.46738328913,6,7,1,119.7,219.9,35.9,2,7,1,52.2,219.9,35.9
556,556,14,377.0,9,286.2,4,66.5,7.6505835445,6,7,1,119.0,221.8,36.2,1,7,1,28.2,221.8,36.2
557,557,14,379.0,9,284.1,3,49.8,7.13188167763,6,7,1,122.8,219.7,36.5,1,7,1,27.9,219.7,36.5
558,558,14,390.7,9,286.5,2,36.3,6.22581033165,6,7,1,132.8,221.7,36.2,1,7,1,28.6,221.7,36.2
559,559,14,391.6,9,289.5,2,34.9,6.56862338598,6,7,1,131.0,224.2,36.4,1,7,1,28.9,224.2,36.4
560,560,14,387.9,9,289.1,3,52.7,6.89218780557,6,7,1,127.8,223.8,36.3,1,7,1,29.0,223.8,36.3
561,561,15,400.9,9,289.6,4,67.9,7.53927494303,7,7,1,139.9,224.3,36.7,1,7,1,28.6,224.3,36.7
562,562,15,403.6,9,292.8,5,90.7,7.6157230842,7,7,1,139.2,227.7,36.7,1,7,1,28.4,227.7,36.7
563,563,15,403.6,9,292.3,4,70.7,7.6316508855,7,7,1,138.8,228.8,36.0,1,7,1,27.5,228.8,36.0
564,564,15,401.5,9,290.8,5,89.9,7.65437938761,7,7,1,137.5,227.4,36.6,1,7,1,26.8,227.4,36.6
565,565,15,391.3,9,287.0,5,83.2,8.13123314024,7,6,2,132.2,194.9,64.2,1,6,2,27.9,194.9,64.2
566,566,15,393.2,9,286.9,6,106.3,7.91877215109,7,6,2,134.1,195.1,64.0,1,6,2,27.8,195.1,64.0
567,567,15,396.8,9,284.5,4,68.0,7.4881684454,7,6,2,139.2,192.7,64.9,1,6,2,26.9,192.7,64.9
568,568,15,408.6,10,319.1,4,68.0,7.91660100223,7,6,2,141.5,200.9,66.2,2,6,2,52.0,200.9,66.2
569,569,15,398.0,9,285.1,4,65.5,8.08858690349,7,6,2,139.9,195.5,62.6,2,6,1,51.8,195.5,37.8
570,570,15,413.2,10,325.2,5,88.0,8.28396615385,7,6,2,138.9,207.2,67.1,2,6,2,50.9,207.2,67.1
571,571,15,405.0,9,295.3,5,86.2,8.2917342663,7,6,2,134.9,204.0,66.1,1,6,2,25.2,204.0,66.1
572,572,15,397.7,8,268.4,6,104.5,8.85888308557,7,6,2,130.6,202.0,65.1,1,5,2,26.1,177.2,65.1
573,573,15,395.6,8,269.0,6,104.5,9.03061987009,7,6,2,130.5,199.9,65.2,1,5,2,26.0,177.8,65.2
574,574,15,394.1,8,269.5,6,102.3,9.20267559437,7,6,2,127.8,200.7,65.6,1,5,2,25.5,178.4,65.6
575,575,15,399.8,7,243.3,5,85.8,8.7296593508,7,6,2,133.4,200.8,65.6,0,5,2,0,177.7,65.6
576,576,15,403.4,9,302.1,5,76.5,9.54122384084,7,6,2,128.2,206.2,69.0,1,6,2,26.9,206.2,69.0
577,577,14,397.2,10,332.0,4,65.2,8.6905278738,6,6,2,119.5,210.2,67.5,2,6,2,54.3,210.2,67.5
578,578,11,321.4,9,289.4,2,32.0,7.57176573618,4,5,2,87.8,163.0,70.6,2,5,2,55.8,163.0,70.6
579,579,10,289.5,7,233.8,2,32.0,8.140741162,4,4,2,82.0,137.7,69.8,1,4,2,26.3,137.7,69.8
580,580,10,289.4,8,257.4,2,32.0,8.12174037178,4,4,2,84.2,135.0,70.2,2,4,2,52.2,135.0,70.2
581,581,10,284.2,6,204.2,2,32.0,7.93428565713,4,4,2,80.0,133.0,71.2,0,4,2,0,133.0,71.2
582,582,12,336.9,8,256.9,2,32.0,7.43971223784,5,5,2,105.8,162.7,68.4,1,5,2,25.8,162.7,68.4
583,583,10,288.6,7,225.8,1,16.5,6.71188001482,4,4,2,89.6,131.4,67.6,1,4,2,26.8,131.4,67.6
584,584,10,286.2,7,223.3,1,16.5,6.26574461302,3,5,2,66.8,155.1,64.3,1,4,2,26.7,132.3,64.3
585,585,10,279.0,8,240.2,1,16.5,5.6328402151,3,5,2,68.2,149.8,61.0,2,4,2,51.7,127.5,61.0
586,586,10,292.5,9,269.3,0,0,4.08391152369,3,5,2,75.5,154.0,63.0,2,5,2,52.3,154.0,63.0
587,587,9,275.5,9,275.5,0,0,4.5753263393,2,5,2,51.4,160.4,63.7,2,5,2,51.4,160.4,63.7
588,588,11,314.9,7,219.7,0,0,4.99261272463,4,5,2,96.7,155.0,63.2,1,4,2,25.9,130.6,63.2
589,589,10,297.0,8,250.5,0,0,5.08549134521,3,5,2,75.6,153.7,67.7,2,4,2,52.5,130.3,67.7
590,590,9,271.6,9,271.6,0,0,3.95404153297,2,5,2,54.4,154.3,62.9,2,5,2,54.4,154.3,62.9
