,e_id,num_sat,sum_snr,num_sat_25,sum_snr_25,snr_std,elev_0_30,elev_30_60,elev_60_90,elev_0_30_25,elev_30_60_25,elev_60_90_25
1,1,16,422.7,8,262.1,7.46460257928,7,8,1,1,7,0
2,2,16,433.7,7,239.9,7.40139344988,7,8,1,1,5,1
3,3,16,444.5,10,324.8,7.56264669279,7,8,1,1,8,1
4,4,16,436.8,10,326.2,8.52056336166,7,8,1,1,8,1
5,5,16,416.8,9,294.1,8.89156904039,7,8,1,1,8,0
6,6,16,416.4,7,243.8,9.14683916261,7,8,1,1,6,0
7,7,16,421.9,10,322.6,9.08461841062,7,8,1,2,8,0
8,8,16,423.9,10,323.5,8.88597912444,7,8,1,2,8,0
9,9,16,429.2,9,301.8,8.90164778754,7,8,1,2,7,0
10,10,16,442.3,10,333.6,8.63666361122,7,8,1,2,7,1
11,11,16,441.6,9,307.4,8.66741022451,7,8,1,1,7,1
12,12,16,438.7,10,330.5,8.97672685337,7,8,1,2,7,1
13,13,16,437.2,10,328.4,8.76466390304,7,8,1,2,7,1
14,14,16,432.0,10,328.6,8.88699424252,7,8,1,2,7,1
15,15,16,431.7,10,328.4,8.95888525432,7,8,1,2,7,1
16,16,16,428.1,9,298.5,8.64954478571,7,8,1,2,6,1
17,17,16,425.6,9,298.0,8.92404990274,7,8,1,2,6,1
18,18,16,431.5,11,352.0,9.06654794653,7,8,1,2,8,1
19,19,16,437.0,10,323.0,8.09706737035,7,8,1,2,7,1
20,20,16,434.2,11,341.5,7.21099854389,7,8,1,2,8,1
21,21,16,434.2,9,290.9,7.39214673375,7,8,1,2,6,1
22,22,16,447.8,11,353.1,7.73450063029,7,8,1,2,8,1
23,23,16,450.4,12,384.0,8.21835344417,7,8,1,3,8,1
24,24,16,452.8,11,361.5,8.20479534581,7,8,1,2,8,1
25,25,16,458.9,11,360.4,7.46728141071,7,8,1,2,8,1
26,26,17,467.4,11,355.6,8.12622841393,8,8,1,2,8,1
27,27,16,453.6,11,357.3,7.73002802927,7,8,1,2,8,1
28,28,16,454.4,11,361.1,7.96425346993,7,8,1,2,8,1
29,29,16,444.9,10,331.4,8.3945592499,7,8,1,1,8,1
30,30,16,458.0,11,363.6,8.11669062283,7,8,1,2,8,1
31,31,16,460.9,12,389.8,7.8525977655,7,8,1,3,8,1
32,32,16,454.9,11,360.7,7.94738688711,7,8,1,2,8,1
33,33,16,448.6,11,361.2,8.74359765772,7,8,1,2,8,1
34,34,16,449.8,10,336.6,8.57001555813,7,8,1,1,8,1
35,35,16,440.6,10,331.5,8.59107094605,7,8,1,1,8,1
36,36,16,442.4,10,329.3,8.16725167973,7,8,1,1,8,1
37,37,16,445.6,10,330.5,7.94145242803,7,8,1,1,8,1
38,38,16,439.0,9,301.0,8.39991071381,7,8,1,1,7,1
39,39,16,437.9,9,300.2,8.20574747763,7,8,1,1,7,1
40,40,16,443.2,10,328.1,8.23221314917,7,8,1,2,7,1
41,41,16,438.2,10,326.4,8.29432536939,7,8,1,2,7,1
42,42,16,439.7,11,353.9,8.13561870214,7,8,1,2,8,1
43,43,16,437.8,11,353.3,8.37837494188,7,8,1,2,8,1
44,44,16,433.9,11,352.7,8.55828789342,7,8,1,2,8,1
45,45,16,436.9,10,326.4,8.29147905985,7,8,1,1,8,1
46,46,16,434.3,11,351.6,8.54641981573,7,8,1,2,8,1
47,47,16,430.5,10,324.1,8.68012816726,7,8,1,1,8,1
48,48,17,444.6,9,296.6,8.83615567194,8,8,1,1,8,0
49,49,16,427.8,10,324.0,9.07412989401,7,8,1,2,8,0
50,50,16,426.5,9,298.6,8.89381573529,7,8,1,2,7,0
51,51,16,417.0,10,314.9,8.80794149239,7,8,1,2,7,1
52,52,16,421.3,9,298.0,9.09144057159,7,8,1,2,7,0
53,53,16,422.6,9,298.4,9.11415565663,7,8,1,2,7,0
54,54,16,414.2,9,296.0,9.29586825782,7,8,1,2,7,0
55,55,16,422.3,9,297.7,8.77932941631,7,8,1,2,7,0
56,56,15,426.8,10,330.7,8.24897107581,6,8,1,2,7,1
57,57,16,437.2,9,304.2,8.94110358587,7,8,1,2,7,0
58,58,16,432.6,9,309.5,9.46684565558,7,8,1,2,7,0
59,59,16,439.2,10,333.8,9.25325168072,7,8,1,2,7,1
60,60,16,423.5,9,298.3,9.18670914964,7,8,1,2,7,0
61,61,16,422.6,10,322.3,9.03842722307,7,8,1,1,8,1
62,62,16,430.2,9,301.4,9.18084055702,7,8,1,1,7,1
63,63,16,435.5,10,326.8,8.82195887166,7,8,1,2,8,0
64,64,16,424.8,8,274.7,9.2167239299,7,8,1,1,7,0
65,65,16,428.9,8,274.3,8.92804336534,7,8,1,1,7,0
66,66,16,430.8,9,302.2,9.0413494568,7,8,1,2,7,0
67,67,16,428.8,9,304.1,9.5760116959,7,8,1,2,7,0
68,68,16,433.8,8,276.7,8.8616683907,7,8,1,1,7,0
69,69,16,426.8,8,271.7,8.80836723425,7,8,1,1,7,0
70,70,16,418.4,8,265.1,8.61726948246,7,8,1,1,7,0
71,71,16,424.1,8,268.1,8.62117306403,7,8,1,1,7,0
72,72,16,417.6,9,290.7,8.50490054812,7,8,1,2,7,0
73,73,15,394.6,8,264.0,8.72094905277,6,8,1,1,7,0
74,74,16,427.3,9,290.9,7.96730558805,7,8,1,1,7,1
75,75,16,431.3,9,296.4,8.06762821404,7,8,1,1,7,1
76,76,16,415.2,9,289.3,8.25558396885,7,8,1,1,7,1
77,77,16,413.9,8,268.0,8.80323567408,7,8,1,1,7,0
78,78,15,411.2,9,296.5,7.94012114577,6,8,1,1,7,1
79,79,15,407.1,9,289.0,7.58794156164,6,8,1,1,7,1
80,80,15,410.6,8,261.4,6.95449152569,6,8,1,1,7,0
81,81,15,423.4,10,319.1,6.77805984321,6,8,1,1,8,1
82,82,16,447.8,12,378.0,7.4193328541,7,8,1,3,8,1
83,83,16,425.9,11,337.8,7.60755928885,7,8,1,2,8,1
84,84,16,421.5,8,261.4,7.59367884054,7,8,1,1,6,1
85,85,16,421.5,9,286.1,7.61524512628,7,8,1,1,7,1
86,86,15,425.2,10,321.0,6.60377237068,6,8,1,1,8,1
87,87,15,423.2,9,294.9,6.65226778375,6,8,1,1,7,1
88,88,15,414.5,9,289.0,6.52398505151,6,8,1,1,7,1
89,89,15,409.8,9,290.2,6.88903891286,6,8,1,1,7,1
90,90,15,408.4,9,288.2,6.75917013785,6,8,1,1,7,1
91,91,16,421.0,9,289.5,7.62136252035,7,8,1,1,7,1
92,92,16,417.9,9,289.4,7.89339122304,7,8,1,1,7,1
93,93,16,418.3,9,288.1,7.7295078541,7,8,1,1,7,1
94,94,16,427.0,9,294.2,7.98297146014,7,8,1,1,7,1
95,95,16,426.2,9,294.8,8.01231344037,7,8,1,1,7,1
96,96,16,431.9,9,291.7,7.24665152559,7,8,1,1,7,1
97,97,16,433.0,11,342.1,7.45259462648,7,8,1,2,8,1
98,98,16,433.6,10,321.9,7.95059746183,7,8,1,1,8,1
99,99,17,457.2,11,351.2,8.05143392417,8,8,1,2,8,1
100,100,17,455.2,11,348.8,8.13929737537,8,8,1,2,8,1
101,101,16,421.3,8,265.2,8.39529382055,7,8,1,1,6,1
102,102,16,424.1,10,319.4,8.46785834789,7,8,1,2,7,1
103,103,16,421.8,10,317.1,8.42210385434,7,8,1,2,7,1
104,104,16,424.0,10,320.4,8.56294341918,7,8,1,2,7,1
105,105,16,423.5,9,295.6,8.64004002691,7,8,1,1,7,1
106,106,15,425.8,10,326.0,8.01283494211,6,8,1,1,8,1
107,107,9,283.2,8,258.6,5.07050293363,2,6,1,1,6,1
108,108,9,282.9,9,282.9,5.7183913822,1,7,1,1,7,1
109,109,8,260.6,8,260.6,5.11517350634,1,6,1,1,6,1
110,110,8,261.3,8,261.3,5.27661620467,1,6,1,1,6,1
111,111,8,263.5,8,263.5,5.39813129042,1,6,1,1,6,1
112,112,8,263.3,8,263.3,5.65115348529,1,6,1,1,6,1
113,113,8,261.7,8,261.7,5.05553091744,1,6,1,1,6,1
114,114,8,260.7,7,236.2,5.23953037699,1,6,1,1,5,1
115,115,9,287.3,8,263.6,5.67092976896,1,7,1,1,6,1
116,116,9,286.7,7,238.1,6.8383315054,2,6,1,1,5,1
117,117,9,287.4,8,264.6,6.28788517707,2,6,1,1,6,1
118,118,9,287.1,8,262.7,6.28311228612,2,6,1,2,5,1
119,119,7,238.5,6,214.1,5.56737948102,1,5,1,0,5,1
120,120,8,264.0,8,264.0,5.54591226555,2,5,1,2,5,1
121,121,8,264.9,8,264.9,5.66327454495,2,5,1,2,5,1
122,122,7,224.5,6,200.5,5.60616157625,1,5,1,0,5,1
123,123,6,197.1,6,197.1,5.48917115783,0,5,1,0,5,1
124,124,8,262.5,8,262.5,5.67637648505,2,5,1,2,5,1
125,125,10,307.8,7,236.0,6.43096674951,3,6,1,1,5,1
126,126,10,310.8,8,262.9,6.35868609768,2,7,1,1,6,1
127,127,10,312.6,8,265.4,6.26280022567,2,7,1,1,6,1
128,128,9,294.5,8,270.9,5.70937338457,1,7,1,1,6,1
129,129,11,345.2,9,298.2,5.97341078142,3,7,1,1,7,1
130,130,10,312.5,7,239.4,6.31668865432,2,7,1,1,5,1
131,131,8,269.4,8,269.4,4.72795636915,2,5,1,2,5,1
132,132,10,325.2,10,325.2,5.24696737808,2,7,1,2,7,1
133,133,8,264.5,8,264.5,4.87000660017,2,5,1,2,5,1
134,134,10,318.7,10,318.7,5.36574526252,2,7,1,2,7,1
135,135,8,271.4,8,271.4,4.56938570426,2,5,1,2,5,1
136,136,9,291.3,7,242.9,5.68814556776,2,6,1,1,5,1
137,137,9,295.9,8,272.9,5.21363063943,2,6,1,2,5,1
138,138,12,360.5,7,243.0,6.38014795117,4,7,1,1,5,1
139,139,11,346.1,8,273.2,5.60379741377,3,7,1,2,5,1
140,140,11,355.3,10,332.7,5.31488475886,3,7,1,2,7,1
141,141,11,361.0,11,361.0,5.2057311075,3,7,1,3,7,1
142,142,11,344.5,10,322.1,5.6889046717,3,7,1,2,7,1
143,143,8,274.3,8,274.3,4.56271770518,1,6,1,1,6,1
144,144,11,347.7,10,322.8,5.2815631295,3,7,1,2,7,1
145,145,11,359.3,10,335.0,5.83785452496,2,8,1,1,8,1
146,146,11,362.5,10,337.9,5.36439439944,3,7,1,2,7,1
147,147,10,330.3,10,330.3,4.02907488692,2,7,1,2,7,1
148,148,11,343.4,10,319.2,5.38754455793,3,7,1,2,7,1
149,149,9,296.4,9,296.4,4.39374555476,2,6,1,2,6,1
150,150,10,318.3,10,318.3,4.52893168664,2,7,1,2,7,1
151,151,10,324.8,10,324.8,4.44042040052,2,7,1,2,7,1
152,152,10,319.2,10,319.2,4.30446796299,2,7,1,2,7,1
153,153,10,319.3,10,319.3,3.88359798812,2,7,1,2,7,1
154,154,11,340.8,10,317.6,4.45798568455,3,7,1,2,7,1
155,155,11,335.2,9,287.1,4.24454730427,3,7,1,2,6,1
156,156,11,331.3,9,282.7,4.54044451168,3,7,1,2,6,1
157,157,11,334.9,10,311.1,4.22288139458,3,7,1,2,7,1
158,158,10,316.1,10,316.1,3.80334647967,2,7,1,2,7,1
159,159,11,334.9,9,288.1,4.60094851881,3,7,1,2,6,1
160,160,10,307.0,9,282.3,3.93248578439,2,7,1,2,6,1
161,161,10,310.9,9,286.0,4.31340288455,2,7,1,2,6,1
162,162,11,330.7,8,257.6,4.83368859718,3,7,1,2,5,1
163,163,10,304.9,7,233.7,5.10652088565,2,7,1,2,4,1
164,164,10,311.8,9,288.9,4.55748468639,2,7,1,2,6,1
165,165,11,330.2,8,261.8,5.63077582253,3,7,1,2,5,1
166,166,10,306.7,9,284.1,4.7888875999,2,7,1,2,6,1
167,167,10,302.9,8,255.1,4.86242966244,2,7,1,2,5,1
168,168,11,334.3,9,286.2,4.96637786429,3,7,1,2,6,1
169,169,10,311.4,10,311.4,4.05714732841,2,7,1,2,7,1
170,170,9,286.5,9,286.5,4.01029924071,2,6,1,2,6,1
171,171,11,332.8,8,261.1,5.07294069281,3,7,1,2,5,1
172,172,11,335.2,8,263.8,5.10295814388,3,7,1,2,5,1
173,173,11,328.3,7,233.0,5.16959643229,3,7,1,2,4,1
174,174,10,304.4,8,257.2,4.68714554215,3,6,1,2,5,1
175,175,9,282.6,7,234.9,4.84639040937,2,6,1,2,4,1
176,176,10,308.2,9,285.6,4.2281595681,2,7,1,2,6,1
177,177,10,303.4,8,255.9,4.60149734084,2,7,1,2,5,1
178,178,10,299.8,7,228.5,5.18412105483,2,7,1,2,4,1
179,179,10,307.7,9,283.9,4.40909413725,2,7,1,2,6,1
180,180,11,324.7,9,279.8,5.2710185319,3,7,1,2,6,1
181,181,11,340.6,9,291.3,4.23610026493,3,7,1,2,6,1
182,182,9,292.0,9,292.0,3.56234161441,2,6,1,2,6,1
183,183,9,289.0,9,289.0,3.2605384695,2,6,1,2,6,1
184,184,9,284.7,9,284.7,3.4492752862,2,6,1,2,6,1
185,185,10,311.5,9,287.4,4.37168922348,3,6,1,2,6,1
186,186,11,330.6,9,284.5,4.90374624881,3,7,1,2,6,1
187,187,9,285.3,9,285.3,4.15451561557,2,6,1,2,6,1
188,188,10,320.9,9,297.4,4.81351107705,3,6,1,2,6,1
189,189,12,359.5,10,309.7,4.76740034616,4,7,1,4,5,1
190,190,12,359.6,11,334.7,4.49390159162,4,7,1,3,7,1
191,191,12,345.4,8,250.8,5.25267608564,4,7,1,1,6,1
192,192,10,300.9,8,252.7,5.19753146535,3,6,1,1,6,1
193,193,12,345.8,8,252.9,5.52610882881,4,7,1,1,6,1
194,194,11,331.8,9,285.2,5.23302450353,3,7,1,1,7,1
195,195,11,331.8,9,286.6,5.94260426535,3,7,1,1,7,1
196,196,11,321.9,7,227.3,5.79746025899,3,7,1,0,6,1
197,197,9,268.6,7,221.1,5.54754700546,2,6,1,0,6,1
198,198,9,275.2,8,252.3,5.62089356281,2,6,1,1,6,1
199,199,11,311.6,6,197.6,6.43025519075,4,6,1,0,5,1
200,200,10,303.2,7,236.1,6.88279658924,2,7,1,0,6,1
201,201,9,261.3,5,168.2,6.2807244805,2,6,1,0,4,1
202,202,11,334.5,8,263.1,6.10220526457,3,7,1,0,7,1
203,203,10,305.3,8,259.3,6.45239834825,2,7,1,0,7,1
204,204,10,295.3,8,246.2,5.16097536001,2,7,1,1,6,1
205,205,11,335.7,9,288.2,6.07104903321,2,8,1,1,7,1
206,206,10,312.2,9,288.3,5.72961119488,1,8,1,0,8,1
207,207,11,339.2,9,291.8,5.8929233369,2,8,1,1,7,1
208,208,12,366.3,12,366.3,5.11968127559,3,8,1,3,8,1
209,209,12,364.7,10,315.9,5.65146132885,3,8,1,2,7,1
210,210,9,287.0,9,287.0,5.06222392937,1,7,1,1,7,1
211,211,11,340.3,10,316.0,5.30099476085,2,8,1,2,7,1
212,212,11,352.4,11,352.4,5.25381246854,3,7,1,3,7,1
213,213,8,258.5,8,258.5,4.87865247789,2,5,1,2,5,1
214,214,9,277.8,8,253.4,4.77650499843,2,6,1,1,6,1
215,215,8,253.4,8,253.4,5.42211081723,2,5,1,2,5,1
216,216,11,335.9,9,286.4,5.05376547285,4,6,1,2,6,1
217,217,11,331.4,9,284.0,5.29114182556,4,6,1,2,6,1
218,218,11,326.3,8,253.3,5.76580830886,4,6,1,2,5,1
219,219,12,352.0,9,283.0,6.12169515046,5,6,1,3,5,1
220,220,9,282.5,9,282.5,5.84496459451,3,5,1,3,5,1
221,221,10,305.9,10,305.9,4.76059053293,3,6,1,3,6,1
222,222,10,318.0,9,295.6,5.67685358862,3,6,1,3,5,1
223,223,9,285.0,9,285.0,5.09779364039,3,5,1,3,5,1
224,224,10,310.0,9,285.1,5.27615179632,3,6,1,3,5,1
225,225,10,307.8,8,259.0,5.87628000241,3,6,1,2,5,1
226,226,10,312.5,8,264.2,5.2517192952,3,6,1,3,4,1
227,227,11,336.8,8,263.3,5.66565409848,4,6,1,2,5,1
228,228,10,315.8,10,315.8,5.5159969382,3,6,1,3,6,1
229,229,11,340.2,10,316.8,5.86056156167,4,6,1,3,6,1
230,230,11,338.6,9,290.9,5.61565992236,4,6,1,3,5,1
231,231,11,332.3,9,284.3,5.3269981313,4,6,1,3,5,1
232,232,10,309.5,8,261.3,5.8676609006,4,5,1,3,5,0
233,233,11,345.7,10,323.4,5.78430478261,4,6,1,3,6,1
234,234,11,341.4,10,318.8,6.19035907315,4,6,1,3,6,1
235,235,11,346.0,10,322.9,5.51604271854,4,6,1,3,6,1
236,236,10,322.8,10,322.8,5.11507575701,3,6,1,3,6,1
237,237,10,326.7,10,326.7,4.87489031216,3,6,1,3,6,1
238,238,10,323.1,10,323.1,4.95254143513,3,6,1,3,6,1
239,239,10,317.6,10,317.6,5.54761209891,3,6,1,3,6,1
240,240,11,344.6,10,320.5,5.03211504421,4,6,1,3,6,1
241,241,12,367.9,9,294.3,5.82447162384,5,6,1,3,5,1
242,242,12,371.5,10,323.4,5.79426963526,5,6,1,3,6,1
243,243,12,365.4,10,317.2,6.1215713966,5,6,1,3,6,1
244,244,10,308.3,8,260.7,6.03380292832,3,6,1,1,6,1
245,245,11,338.9,8,266.8,6.79064865023,4,6,1,2,5,1
246,246,10,318.4,8,270.1,6.71899463379,4,5,1,2,5,1
247,247,10,305.2,7,238.6,7.54214823509,3,6,1,1,5,1
248,248,9,289.6,7,243.4,7.24599506241,2,6,1,1,5,1
249,249,8,263.5,8,263.5,6.2506999608,2,5,1,2,5,1
250,250,8,265.0,8,265.0,4.77904652774,2,5,1,2,5,1
251,251,9,283.4,6,213.0,6.69840362408,2,6,1,1,4,1
252,252,9,289.8,7,244.4,6.48131931014,2,6,1,1,5,1
253,253,8,257.8,7,234.9,5.52752850997,1,6,1,1,5,1
254,254,9,287.3,8,262.9,5.62778326204,2,6,1,1,6,1
255,255,6,213.0,6,213.0,4.13521462563,1,4,1,1,4,1
256,256,9,281.0,7,233.7,5.67247251597,3,5,1,1,5,1
257,257,10,310.8,7,241.8,6.49030045529,3,6,1,1,5,1
258,258,8,264.9,8,264.9,5.46924844667,3,4,1,3,4,1
259,259,10,309.7,8,262.4,5.6993274457,3,6,1,2,5,1
260,260,9,282.1,7,234.7,5.81208033133,3,5,1,2,4,1
261,261,10,315.5,8,266.9,5.51064626176,3,6,1,3,4,1
262,262,9,288.4,9,288.4,4.5763279797,3,5,1,3,5,1
263,263,10,315.5,9,290.8,4.78475588603,3,6,1,3,5,1
264,264,10,316.1,9,291.6,4.74656601017,3,6,1,3,5,1
265,265,9,288.9,9,288.9,4.35229824346,3,5,1,3,5,1
266,266,10,303.7,9,278.7,4.14435358852,3,6,1,3,5,1
267,267,10,312.7,10,312.7,4.02797164284,3,6,1,3,6,1
268,268,10,307.2,9,283.1,4.50821472426,3,6,1,2,6,1
269,269,10,299.1,8,252.9,5.22822468275,4,5,1,3,4,1
270,270,8,262.6,8,262.6,4.93782774681,3,4,1,3,4,1
271,271,8,255.6,7,230.6,4.90655538176,3,4,1,2,4,1
272,272,9,270.7,7,225.6,5.31713686531,4,4,1,2,4,1
273,273,9,277.7,8,255.4,5.5376238386,3,5,1,2,5,1
274,274,9,276.4,7,230.0,5.71958137551,3,5,1,2,4,1
275,275,8,254.0,7,231.4,5.5151738737,3,4,1,2,4,1
276,276,9,285.6,8,261.5,5.09852919968,3,5,1,2,5,1
277,277,10,307.1,8,258.2,5.05886460692,3,6,1,2,5,1
278,278,8,234.1,7,212.1,5.72860928025,2,5,1,2,4,1
279,279,9,268.6,7,222.4,4.99202141199,3,5,1,2,4,1
280,280,10,301.5,8,254.3,5.03062841226,4,5,1,2,5,1
281,281,10,306.7,7,235.3,5.52791903784,4,5,1,2,4,1
282,282,8,251.0,7,228.1,5.15135211099,2,5,1,2,4,1
283,283,7,226.0,7,226.0,4.53005834084,2,4,1,2,4,1
284,284,9,302.0,9,302.0,4.3414027431,2,6,1,2,6,1
285,285,9,296.0,9,296.0,5.30976563618,3,5,1,3,5,1
286,286,10,317.3,10,317.3,5.49990909016,3,6,1,3,6,1
287,287,9,273.8,8,249.3,4.62568313273,3,5,1,2,5,1
288,288,10,305.3,9,281.0,4.7048556478,4,5,1,3,5,1
289,289,11,324.8,10,302.2,5.05906926402,5,5,1,4,5,1
290,290,10,303.7,9,280.5,4.70343845855,4,5,1,3,5,1
291,291,11,336.4,9,287.9,5.21590225787,5,5,1,4,4,1
292,292,10,321.9,10,321.9,4.99031283811,4,5,1,4,5,1
293,293,12,374.8,10,328.1,5.24999278499,5,6,1,3,6,1
294,294,11,347.2,10,322.5,5.65566489942,4,6,1,3,6,1
295,295,12,371.5,9,297.5,5.79615206735,5,6,1,2,6,1
296,296,11,339.1,10,315.9,5.33012024425,4,6,1,3,6,1
297,297,11,347.9,10,323.3,5.16141277347,4,6,1,3,6,1
298,298,10,310.9,8,264.2,6.76271641675,4,5,1,2,5,1
299,299,10,311.0,8,262.2,5.91307402663,3,6,1,3,4,1
300,300,9,295.1,8,271.0,6.08285386238,3,5,1,2,5,1
301,301,11,338.7,8,265.8,6.09581078208,4,6,1,2,5,1
302,302,11,337.1,10,313.8,5.53106927029,4,6,1,4,5,1
303,303,10,302.0,7,230.8,6.35662384184,4,5,1,2,4,1
304,304,13,388.0,9,297.2,6.82649438885,5,7,1,2,6,1
305,305,14,411.8,10,330.3,7.70443000865,6,7,1,3,6,1
306,306,13,393.0,10,332.6,7.71625822699,5,7,1,3,6,1
307,307,14,417.5,11,357.9,7.29659336439,6,7,1,4,6,1
308,308,14,411.0,11,350.5,7.0270591601,6,7,1,3,7,1
309,309,14,410.0,9,301.5,7.40590794754,6,7,1,2,6,1
310,310,14,411.7,10,327.1,7.43065006844,6,7,1,3,6,1
311,311,14,411.6,10,325.4,6.68948658488,6,7,1,2,7,1
312,312,14,407.7,9,299.5,6.86397267471,6,7,1,1,7,1
313,313,14,382.6,7,236.9,7.48644195775,6,7,1,1,5,1
314,314,15,399.1,8,265.2,8.31766336236,7,7,1,2,5,1
315,315,15,395.3,8,266.2,8.52759107391,7,7,1,2,5,1
316,316,15,388.7,8,260.1,8.16428342291,7,7,1,2,5,1
317,317,15,394.3,8,263.1,8.21373994046,7,7,1,1,6,1
318,318,14,385.4,10,320.0,8.45407762984,6,7,1,2,7,1
319,319,14,379.5,8,267.5,8.67875073301,6,7,1,1,6,1
320,320,14,374.8,6,210.9,8.37940961491,6,7,1,0,5,1
321,321,14,372.1,8,260.3,8.49327141569,6,7,1,1,6,1
322,322,14,368.8,8,260.8,8.61266636867,6,7,1,1,6,1
323,323,14,373.6,7,240.3,8.62874062857,6,7,1,0,6,1
324,324,12,342.8,9,291.5,8.10962764904,5,6,1,2,6,1
325,325,10,301.6,9,278.3,5.50216119155,4,5,1,3,5,1
326,326,10,319.6,10,319.6,5.04583436554,2,6,2,2,6,2
327,327,10,298.1,6,201.5,5.79433631517,3,5,2,1,4,1
328,328,11,333.1,9,286.0,5.2277754699,4,5,2,2,5,2
329,329,11,324.4,8,251.6,5.19335239425,5,4,2,2,4,2
330,330,13,377.9,10,309.6,5.61120673524,5,6,2,3,5,2
331,331,13,374.7,9,284.3,5.83640212319,5,6,2,2,5,2
332,332,13,372.2,9,286.3,6.27194608493,5,6,2,2,5,2
333,333,12,352.4,9,284.5,5.99671627315,4,6,2,2,5,2
334,334,13,378.3,10,313.4,6.24713267561,5,6,2,2,6,2
335,335,12,344.1,8,260.5,7.28511870497,4,6,2,0,6,2
336,336,13,388.2,10,326.2,6.99958789996,5,6,2,2,6,2
337,337,14,403.7,9,303.8,8.22861864684,6,6,2,1,6,2
338,338,14,402.5,10,328.0,8.3327666474,6,6,2,2,6,2
339,339,14,403.9,9,304.8,8.36354267962,6,6,2,1,6,2
340,340,14,405.0,9,304.2,8.18163314254,6,6,2,1,6,2
341,341,14,403.0,9,305.4,8.57795539049,6,6,2,1,6,2
342,342,14,404.9,9,304.9,8.47032635566,6,6,2,1,6,2
343,343,14,397.1,9,303.1,8.78325392156,6,6,2,1,6,2
344,344,14,397.1,10,327.4,8.40756135345,6,6,2,2,6,2
345,345,14,391.8,9,300.1,8.45238765929,6,6,2,1,6,2
346,346,14,393.6,8,275.8,8.39027432786,6,6,2,0,6,2
347,347,14,394.8,9,300.0,8.5321112907,6,6,2,1,6,2
348,348,14,393.6,8,273.5,8.57427791468,6,6,2,0,6,2
349,349,14,386.5,8,275.5,9.02837103339,6,6,2,0,6,2
350,350,13,366.1,8,278.3,9.65958405432,5,6,2,0,6,2
351,351,14,386.3,8,277.5,9.64488419883,6,6,2,0,6,2
352,352,14,386.7,8,272.1,9.05412600985,6,6,2,0,6,2
353,353,15,411.8,9,307.3,9.75411024475,7,6,2,1,6,2
354,354,15,402.5,8,275.3,9.42812408751,7,6,2,0,6,2
355,355,14,387.1,8,278.9,9.7517454059,6,6,2,0,6,2
356,356,14,383.5,8,274.3,9.54337984684,6,6,2,0,6,2
357,357,14,379.1,8,269.0,9.18721340287,6,6,2,0,6,2
358,358,13,355.5,8,269.7,9.7002246868,6,6,1,1,6,1
359,359,15,405.2,8,276.1,9.36527527371,7,6,2,0,6,2
360,360,15,409.6,10,321.9,8.78598450998,7,6,2,2,6,2
361,361,14,374.8,8,264.8,9.12852069669,7,6,1,1,6,1
362,362,14,380.0,9,289.2,8.851050723,7,6,1,2,6,1
363,363,14,379.8,9,286.5,8.46953168912,7,6,1,2,6,1
364,364,14,383.3,10,310.3,8.35530035104,7,6,1,3,6,1
365,365,14,376.9,7,234.2,8.49788920139,7,6,1,1,6,0
366,366,15,415.0,9,297.0,8.7672007804,7,6,2,1,6,2
367,367,15,411.5,9,294.7,8.81959398698,7,6,2,1,6,2
368,368,15,406.3,8,266.0,8.67285310336,7,6,2,1,5,2
369,369,14,372.9,8,260.7,8.96880123564,7,6,1,1,6,1
370,370,14,378.6,8,267.8,9.09722817344,7,6,1,1,6,1
371,371,15,403.2,9,294.6,8.901059327,7,6,2,1,6,2
372,372,15,400.8,9,288.2,8.38469694486,7,6,2,1,6,2
373,373,14,373.3,7,234.8,8.53892509384,6,6,2,0,6,1
374,374,15,393.3,9,278.3,7.85949834822,7,6,2,1,6,2
375,375,15,408.1,9,291.5,8.27547725569,7,6,2,1,6,2
376,376,14,381.1,8,266.6,8.39470332746,6,6,2,0,6,2
377,377,15,405.1,9,294.0,8.2580235154,7,6,2,1,6,2
378,378,15,404.4,9,292.7,8.20851474298,7,6,2,1,6,2
379,379,15,404.0,9,294.3,8.54715212944,7,6,2,1,6,2
380,380,14,387.1,8,269.8,8.39860336375,6,6,2,0,6,2
381,381,15,401.3,7,239.4,8.55719135053,7,6,2,0,5,2
382,382,15,400.3,9,289.5,8.45828981926,7,6,2,1,6,2
383,383,15,395.8,7,237.6,8.56027925668,7,6,2,0,5,2
384,384,16,411.7,8,262.7,8.85224783129,8,6,2,1,5,2
385,385,16,418.1,8,272.0,9.68729193325,8,6,2,0,6,2
386,386,16,414.7,8,271.2,9.30342007006,8,6,2,0,6,2
387,387,16,416.0,9,294.7,9.08500596221,8,6,2,1,6,2
388,388,16,417.6,9,296.3,9.13834412426,8,6,2,1,6,2
389,389,16,411.1,9,292.8,9.07094032244,8,6,2,1,6,2
390,390,16,422.0,10,323.1,8.99062474655,8,6,2,2,6,2
391,391,16,422.4,9,297.9,8.93009891696,8,6,2,1,6,2
392,392,16,416.5,9,294.2,8.76201793729,8,6,2,1,6,2
393,393,16,412.7,8,265.9,8.58809010588,8,6,2,0,6,2
394,394,16,415.9,8,269.5,8.89954820951,8,6,2,0,6,2
395,395,16,423.1,8,274.0,8.93397774417,8,6,2,0,6,2
396,396,16,422.1,8,275.1,9.35729439172,8,6,2,0,6,2
397,397,16,410.2,8,272.4,9.77697124199,8,6,2,0,6,2
398,398,16,420.5,8,280.8,10.0751323399,8,6,2,0,6,2
399,399,16,423.9,8,283.1,9.99816441486,8,6,2,0,6,2
400,400,16,424.1,8,281.1,9.54724873109,8,6,2,0,6,2
401,401,16,424.9,8,282.5,9.70758938494,8,6,2,0,6,2
402,402,16,427.8,8,285.7,9.88243391073,8,6,2,0,6,2
403,403,16,425.1,8,280.5,9.49496138311,8,6,2,0,6,2
404,404,16,430.3,9,305.8,9.33926968951,8,6,2,1,6,2
405,405,16,433.7,8,280.0,8.9139193587,8,6,2,0,6,2
406,406,16,432.4,8,280.5,9.0958965107,8,6,2,0,6,2
407,407,17,447.2,8,280.2,9.3207074965,9,6,2,0,6,2
408,408,17,448.5,10,327.6,9.25042129406,9,6,2,2,6,2
409,409,17,446.8,10,327.1,9.25048885831,9,6,2,2,6,2
410,410,16,436.8,9,305.2,9.12308427379,8,6,2,1,6,2
411,411,10,307.3,8,262.7,6.24803080089,3,5,2,1,5,2
412,412,10,304.4,8,260.2,6.32072429042,3,5,2,1,5,2
413,413,10,301.5,8,257.7,6.51924501423,3,5,2,1,5,2
414,414,10,305.8,8,260.0,6.29458320922,3,5,2,1,5,2
415,415,10,300.9,7,232.4,6.75975837832,4,5,1,1,5,1
416,416,10,297.7,7,229.8,6.75196267762,4,5,1,1,5,1
417,417,10,297.0,7,228.1,6.58297467377,4,5,1,1,5,1
418,418,11,339.0,8,270.8,6.87776390723,4,6,1,1,6,1
419,419,12,363.6,9,294.4,6.38478304608,4,6,2,1,6,2
420,420,11,350.7,10,329.7,5.88384537217,3,6,2,2,6,2
421,421,12,366.9,9,303.3,6.8511611491,4,6,2,1,6,2
422,422,12,376.7,10,333.6,6.50083327992,4,6,2,2,6,2
423,423,11,332.4,8,262.9,5.93629820373,4,5,2,1,5,2
424,424,10,302.2,8,256.6,5.75380067627,3,5,2,1,5,2
425,425,11,317.2,8,247.9,5.96628405748,4,5,2,1,5,2
426,426,11,331.0,8,261.5,5.61096329438,4,5,2,1,5,2
427,427,10,309.0,8,263.1,5.85187529297,3,5,2,1,5,2
428,428,13,378.0,8,268.8,6.78320890707,5,6,2,1,5,2
429,429,12,343.6,7,233.9,6.67333000333,4,6,2,1,4,2
430,430,12,338.2,7,237.1,7.78691598812,4,6,2,1,4,2
431,431,12,341.7,8,261.1,7.52234549979,4,6,2,2,4,2
432,432,13,354.4,9,282.7,7.88072949897,5,6,2,2,5,2
433,433,13,354.4,10,307.1,7.61429997456,5,6,2,2,6,2
434,434,13,357.7,9,286.0,7.88255945678,5,6,2,2,5,2
435,435,13,337.0,8,242.4,7.04286327263,5,6,2,1,5,2
436,436,13,336.4,9,266.8,7.09461695538,5,6,2,1,6,2
437,437,13,347.5,8,248.1,7.01455446618,5,6,2,1,5,2
438,438,13,344.4,8,249.4,7.2955993058,5,6,2,1,5,2
439,439,13,347.7,8,250.5,7.26299013086,5,6,2,1,5,2
440,440,13,355.9,9,280.9,7.3415658918,5,6,2,2,5,2
441,441,12,326.1,9,274.4,7.3188579586,5,5,2,2,5,2
442,442,12,327.9,9,276.3,7.14628002403,5,5,2,2,5,2
443,443,12,317.5,7,220.3,7.43999735256,5,5,2,1,4,2
444,444,12,315.1,7,216.9,7.10805667514,5,5,2,1,4,2
445,445,13,347.7,9,274.2,7.21417763673,5,6,2,1,6,2
446,446,13,341.0,8,247.1,7.20374724425,5,6,2,1,5,2
447,447,13,337.7,6,190.8,6.98452501918,5,6,2,0,4,2
448,448,14,360.0,8,251.9,8.22359243442,6,6,2,0,6,2
449,449,14,370.7,8,263.2,8.56182749826,6,6,2,0,6,2
450,450,14,369.3,7,235.0,8.41008356049,6,6,2,0,6,1
451,451,14,367.2,7,237.6,8.85259010959,6,6,2,0,6,1
452,452,14,378.0,8,268.8,8.82644627504,6,6,2,0,6,2
453,453,14,369.1,8,262.4,8.66590198092,6,6,2,0,6,2
454,454,15,391.0,8,259.7,8.35538035953,7,6,2,0,6,2
455,455,15,391.9,8,261.7,8.46357461349,7,6,2,0,6,2
456,456,15,393.8,8,260.2,8.16865670603,7,6,2,1,6,1
457,457,15,390.8,8,261.6,8.44231405876,7,6,2,0,6,2
458,458,15,395.9,8,260.5,7.92811152677,7,6,2,0,6,2
459,459,15,391.0,7,233.1,8.1079913548,7,6,2,0,6,1
460,460,15,392.8,8,262.3,8.28612150067,7,6,2,0,6,2
461,461,15,395.9,8,267.8,8.74924214405,7,6,2,0,6,2
462,462,15,388.5,8,267.1,9.02480708144,7,6,2,0,6,2
463,463,15,395.9,8,270.0,9.00194158951,7,6,2,0,6,2
464,464,15,389.2,8,268.0,9.15703216633,7,6,2,0,6,2
465,465,17,416.4,9,290.8,9.21082722861,9,6,2,1,6,2
466,466,17,429.8,10,318.5,8.98291679343,9,6,2,2,6,2
467,467,17,427.9,10,315.4,8.8706513787,9,6,2,2,6,2
468,468,17,436.5,10,317.3,8.51920840012,9,6,2,2,6,2
469,469,17,426.6,9,286.1,8.44685374772,9,6,2,1,6,2
470,470,16,409.8,9,279.7,7.57441966974,8,6,2,1,6,2
471,471,16,416.1,9,281.4,7.44495074978,8,6,2,1,6,2
472,472,16,405.8,9,283.5,8.33081628654,8,6,2,1,6,2
473,473,16,412.8,9,284.3,8.08323367636,8,6,2,1,6,2
474,474,16,408.4,9,280.1,7.9221630043,8,6,2,1,6,2
475,475,16,410.3,10,307.6,8.18697899106,8,6,2,2,6,2
476,476,16,419.6,11,336.7,7.97165812948,8,6,2,3,6,2
477,477,16,414.2,8,264.2,8.79718705042,8,6,2,1,5,2
478,478,15,385.0,8,261.5,9.14569896311,7,6,2,1,5,2
479,479,15,383.3,8,259.7,9.03191695099,8,5,2,1,5,2
480,480,15,381.5,7,235.6,9.17314922296,8,5,2,0,5,2
481,481,16,410.7,8,263.8,8.9081025851,8,6,2,1,5,2
482,482,16,408.5,8,261.7,8.77539885133,8,6,2,1,5,2
483,483,16,409.9,9,287.3,8.84625862535,8,6,2,2,5,2
484,484,16,412.2,8,264.0,8.97335871715,8,6,2,1,5,2
485,485,16,407.6,7,235.6,8.85449038624,8,6,2,0,5,2
486,486,16,413.0,8,266.1,9.07038220437,8,6,2,1,5,2
487,487,16,409.6,8,263.8,8.96675340726,8,6,2,1,5,2
488,488,16,406.3,9,285.4,8.64711657144,8,6,2,1,6,2
489,489,16,404.7,8,259.3,9.00914119103,8,6,2,0,6,2
490,490,16,413.2,9,286.1,8.83640198271,8,6,2,1,6,2
491,491,16,410.8,9,284.1,8.83828791867,8,6,2,1,6,2
492,492,16,411.3,9,285.8,8.99899762937,8,6,2,1,6,2
493,493,16,388.8,8,251.8,8.94956237291,8,6,2,1,5,2
494,494,16,405.1,9,281.8,8.70526421196,8,6,2,1,6,2
495,495,15,393.3,10,309.7,8.41768546404,7,6,2,2,6,2
496,496,15,398.2,10,312.0,8.16821948308,7,6,2,2,6,2
497,497,15,404.9,11,339.0,8.05281376438,7,6,2,3,6,2
498,498,15,403.5,11,337.5,7.89792016022,7,6,2,3,6,2
499,499,15,393.2,11,328.5,7.4629433744,7,6,2,3,6,2
500,500,15,395.1,10,301.4,7.24586581635,7,6,2,2,6,2
501,501,15,401.4,10,308.5,7.34037756911,7,6,2,2,6,2
502,502,15,397.4,9,279.9,7.35074988076,7,6,2,1,6,2
503,503,15,390.8,9,276.7,7.62794361604,7,6,2,1,6,2
504,504,14,366.9,8,252.4,7.70868284526,7,6,1,1,6,1
505,505,15,382.2,8,254.5,8.71920704127,7,6,2,1,5,2
506,506,15,384.2,8,255.7,8.6156723199,7,6,2,0,6,2
507,507,15,397.6,9,292.7,8.97754871624,7,6,2,1,6,2
508,508,15,394.4,10,316.2,8.9876476079,7,6,2,2,6,2
509,509,15,392.4,9,289.7,8.83206819332,7,6,2,1,6,2
510,510,14,363.3,8,260.0,8.74438281237,7,6,1,1,6,1
511,511,15,394.5,8,261.6,8.02407092975,7,6,2,1,6,1
512,512,15,397.6,9,288.5,8.10409655374,7,6,2,1,6,2
513,513,15,394.7,8,262.3,8.23770656942,7,6,2,1,5,2
514,514,14,381.5,8,269.4,8.61490211561,6,6,2,0,6,2
515,515,15,400.3,8,267.6,8.63397497156,7,6,2,0,6,2
516,516,15,394.7,9,292.9,9.24367480007,7,6,2,1,6,2
517,517,14,379.1,8,267.8,8.60600671905,6,6,2,0,6,2
518,518,14,385.0,8,271.6,8.71709196393,6,6,2,0,6,2
519,519,15,408.5,8,274.0,8.71063936202,7,6,2,0,6,2
520,520,14,367.0,7,244.6,9.68931664994,6,6,2,0,6,1
521,521,15,403.2,9,301.2,9.28564175796,7,6,2,1,6,2
522,522,14,379.1,8,275.5,9.50790590642,6,6,2,0,6,2
523,523,14,371.8,8,269.3,9.46123380194,6,6,2,0,6,2
524,524,15,405.9,8,271.3,8.65330655216,7,6,2,0,6,2
525,525,13,355.5,7,238.6,8.70063363446,5,6,2,0,5,2
526,526,14,394.9,9,295.7,8.10151593466,6,6,2,1,6,2
527,527,14,386.2,8,264.4,7.87975567201,6,6,2,1,5,2
528,528,13,372.7,9,302.4,8.64700185184,5,6,2,1,6,2
529,529,14,384.7,9,294.9,8.67562266189,6,6,2,1,6,2
530,530,15,413.9,9,303.5,8.75103803367,7,6,2,1,6,2
531,531,14,381.2,8,273.9,9.18999695082,6,6,2,0,6,2
532,532,15,407.0,9,300.7,8.87457577792,7,6,2,1,6,2
533,533,15,403.0,8,272.7,8.83302784737,7,6,2,0,6,2
534,534,15,409.9,9,297.0,8.821278387,7,6,2,1,6,2
535,535,14,392.1,9,305.4,9.20664177359,6,6,2,1,6,2
536,536,14,392.9,9,305.5,9.14032545649,6,6,2,1,6,2
537,537,14,392.6,9,306.5,9.24842724972,6,6,2,1,6,2
538,538,15,416.1,9,307.2,9.04250281409,7,6,2,1,6,2
539,539,14,389.3,9,299.7,8.85702366102,6,6,2,1,6,2
540,540,14,391.8,9,304.6,9.23078937727,6,6,2,1,6,2
541,541,14,391.3,8,275.8,8.6939191835,6,6,2,0,6,2
542,542,15,416.5,9,300.3,8.32883688215,7,6,2,1,6,2
543,543,15,409.5,8,276.5,8.84541850742,7,6,2,0,6,2
544,544,14,386.9,9,295.5,8.48977730458,6,6,2,1,6,2
545,545,15,412.1,8,273.1,8.40250529533,7,6,2,0,6,2
546,546,15,412.2,9,293.9,7.87420744311,7,6,2,1,6,2
547,547,15,410.6,8,267.2,7.58216579186,7,6,2,0,6,2
548,548,15,410.8,8,262.9,7.20206980831,7,6,2,0,6,2
549,549,15,405.6,8,263.3,7.45383889588,7,6,2,0,6,2
550,550,15,403.7,9,287.5,7.42253967575,7,6,2,1,6,2
551,551,15,404.5,9,288.8,7.54942444984,7,6,2,1,6,2
552,552,15,392.9,8,255.8,7.43336749939,7,6,2,0,6,2
553,553,15,393.8,10,306.6,7.50246308761,7,6,2,2,6,2
554,554,15,399.3,10,312.8,7.85222443461,7,6,2,2,6,2
555,555,14,375.5,10,308.0,7.46738328913,6,6,2,2,6,2
556,556,14,377.0,9,286.2,7.6505835445,6,6,2,1,6,2
557,557,14,379.0,9,284.1,7.13188167763,6,6,2,1,6,2
558,558,14,390.7,9,286.5,6.22581033165,6,6,2,1,6,2
559,559,14,391.6,9,289.5,6.56862338598,6,6,2,1,6,2
560,560,14,387.9,9,289.1,6.89218780557,6,6,2,1,6,2
561,561,15,400.9,9,289.6,7.53927494303,7,6,2,1,6,2
562,562,15,403.6,9,292.8,7.6157230842,7,6,2,1,6,2
563,563,15,403.6,9,292.3,7.6316508855,7,6,2,1,6,2
564,564,15,401.5,9,290.8,7.65437938761,7,6,2,1,6,2
565,565,15,391.3,9,287.0,8.13123314024,7,6,2,1,6,2
566,566,15,393.2,9,286.9,7.91877215109,7,6,2,1,6,2
567,567,15,396.8,9,284.5,7.4881684454,7,6,2,1,6,2
568,568,15,408.6,10,319.1,7.91660100223,7,6,2,2,6,2
569,569,15,398.0,9,285.1,8.08858690349,7,6,2,2,6,1
570,570,15,413.2,10,325.2,8.28396615385,7,6,2,2,6,2
571,571,15,405.0,9,295.3,8.2917342663,7,6,2,1,6,2
572,572,15,397.7,8,268.4,8.85888308557,7,6,2,1,5,2
573,573,15,395.6,8,269.0,9.03061987009,7,6,2,1,5,2
574,574,15,394.1,8,269.5,9.20267559437,7,6,2,1,5,2
575,575,15,399.8,7,243.3,8.7296593508,7,6,2,0,5,2
576,576,15,403.4,9,302.1,9.54122384084,7,6,2,1,6,2
577,577,14,397.2,10,332.0,8.6905278738,6,6,2,2,6,2
578,578,11,321.4,9,289.4,7.57176573618,4,5,2,2,5,2
579,579,10,289.5,7,233.8,8.140741162,4,4,2,1,4,2
580,580,10,289.4,8,257.4,8.12174037178,4,4,2,2,4,2
581,581,10,284.2,6,204.2,7.93428565713,4,4,2,0,4,2
582,582,12,336.9,8,256.9,7.43971223784,5,5,2,1,5,2
583,583,10,288.6,7,225.8,6.71188001482,4,4,2,1,4,2
584,584,10,286.2,7,223.3,6.26574461302,3,5,2,1,4,2
585,585,10,279.0,8,240.2,5.6328402151,3,5,2,2,4,2
586,586,10,292.5,9,269.3,4.08391152369,3,5,2,2,5,2
587,587,9,275.5,9,275.5,4.5753263393,2,5,2,2,5,2
588,588,11,314.9,7,219.7,4.99261272463,4,5,2,1,4,2
589,589,10,297.0,8,250.5,5.08549134521,3,5,2,2,4,2
590,590,9,271.6,9,271.6,3.95404153297,2,5,2,2,5,2
