,e_id,num_sat,sum_snr,num_sat_25,sum_snr_25,num_sat_u20,sum_sat_u20,snr_std,elev_0_30,elev_30_60,elev_60_90,sum_elev_0_30,sum_elev_30_60,sum_elev_60_90,elev_0_30_25,elev_30_60_25,elev_60_90_25,sum_elev_0_30_25,sum_elev_30_60_25,sum_elev_60_90_25
1,1,15,273.7,1,25.5,12,206.9,3.52458035327,7,7,1,117.0,137.3,19.4,0,1,0,0,25.5,0
2,2,15,274.0,0,0,12,208.5,3.17437657921,7,7,1,116.5,138.7,18.8,0,0,0,0,0,0
3,3,16,284.1,0,0,14,238.5,3.01992687549,7,7,2,114.9,129.8,39.4,0,0,0,0,0,0
4,4,18,318.1,0,0,13,211.0,3.08464995737,9,7,2,152.7,128.8,36.6,0,0,0,0,0,0
5,5,18,319.9,0,0,13,212.1,3.1852242613,9,7,2,149.7,138.1,32.1,0,0,0,0,0,0
6,6,18,301.5,0,0,16,259.5,2.48151993272,9,7,2,146.2,123.0,32.3,0,0,0,0,0,0
7,7,18,302.6,0,0,14,218.9,2.93556065171,9,7,2,137.9,128.7,36.0,0,0,0,0,0,0
8,8,18,292.2,0,0,14,208.5,2.98249796608,9,7,2,137.5,118.3,36.4,0,0,0,0,0,0
9,9,18,302.9,0,0,14,218.4,3.08560329797,9,7,2,135.9,129.9,37.1,0,0,0,0,0,0
10,10,18,294.0,0,0,14,209.3,3.30329603667,9,7,2,128.0,128.2,37.8,0,0,0,0,0,0
11,11,18,287.2,0,0,15,223.1,3.18419298525,9,7,2,128.1,124.3,34.8,0,0,0,0,0,0
12,12,18,296.6,0,0,15,233.0,3.37840121526,9,7,2,128.0,127.6,41.0,0,0,0,0,0,0
13,13,18,287.8,0,0,16,246.1,2.82923579141,9,7,2,127.3,123.1,37.4,0,0,0,0,0,0
14,14,18,287.1,0,0,17,265.7,2.74917099804,9,7,2,126.6,123.1,37.4,0,0,0,0,0,0
15,15,18,288.0,0,0,16,247.3,2.68919406252,9,7,2,126.6,123.0,38.4,0,0,0,0,0,0
16,16,18,293.0,0,0,15,230.9,2.81457457982,9,7,2,128.3,123.5,41.2,0,0,0,0,0,0
17,17,18,295.6,0,0,14,213.6,3.05644075116,9,7,2,130.9,124.3,40.4,0,0,0,0,0,0
18,18,18,295.8,0,0,14,213.8,3.11504886186,9,7,2,129.9,124.7,41.2,0,0,0,0,0,0
19,19,18,292.3,0,0,16,250.1,2.96670522116,9,7,2,130.4,120.2,41.7,0,0,0,0,0,0
20,20,18,298.5,0,0,15,234.6,3.0919725286,9,7,2,130.7,126.6,41.2,0,0,0,0,0,0
21,21,18,301.8,0,0,16,259.2,2.92192523156,9,7,2,141.9,122.5,37.4,0,0,0,0,0,0
22,22,18,323.0,0,0,14,229.0,3.81656177611,9,7,2,153.9,126.7,42.4,0,0,0,0,0,0
23,23,18,314.4,0,0,15,250.4,2.91850082385,9,7,2,149.7,124.8,39.9,0,0,0,0,0,0
24,24,17,316.1,0,0,12,207.7,2.62094224188,8,7,2,135.7,139.7,40.7,0,0,0,0,0,0
25,25,17,305.8,0,0,13,221.7,2.42148775367,8,7,2,130.5,134.1,41.2,0,0,0,0,0,0
26,26,17,300.9,0,0,12,193.7,3.1064449134,8,7,2,131.8,132.1,37.0,0,0,0,0,0,0
27,27,17,298.3,0,0,11,172.9,2.99042589924,8,7,2,131.0,130.8,36.5,0,0,0,0,0,0
28,28,17,299.6,0,0,12,193.2,2.98758460377,8,7,2,132.8,128.5,38.3,0,0,0,0,0,0
29,29,17,310.0,0,0,11,179.1,3.2592064173,8,7,2,135.2,134.6,40.2,0,0,0,0,0,0
30,30,17,312.7,0,0,11,181.9,3.31181041657,8,7,2,135.0,141.0,36.7,0,0,0,0,0,0
31,31,17,319.9,0,0,10,166.4,3.12034358968,8,7,2,135.1,147.5,37.3,0,0,0,0,0,0
32,32,17,320.2,0,0,12,209.0,2.94086321861,8,7,2,137.6,144.1,38.5,0,0,0,0,0,0
33,33,17,310.5,0,0,11,178.3,3.42197698277,8,7,2,140.4,130.2,39.9,0,0,0,0,0,0
34,34,17,313.2,1,25.4,11,181.0,3.29365477315,8,7,2,138.3,133.8,41.1,0,1,0,0,25.4,0
35,35,17,311.9,1,25.1,13,220.9,3.27301803521,8,7,2,139.5,133.7,38.7,0,1,0,0,25.1,0
36,36,17,310.8,1,25.5,11,177.9,3.61718732134,8,7,2,134.9,137.5,38.4,0,1,0,0,25.5,0
37,37,17,310.9,1,25.2,13,219.5,3.55085946514,8,7,2,139.4,134.5,37.0,0,1,0,0,25.2,0
38,38,17,307.2,0,0,11,175.6,3.71748650063,8,7,2,136.6,131.5,39.1,0,0,0,0,0,0
39,39,17,310.6,1,27.1,13,217.0,3.79551786748,8,7,2,141.3,131.9,37.4,0,1,0,0,27.1,0
40,40,17,313.9,1,25.3,11,178.6,3.74031101255,8,7,2,138.8,139.6,35.5,1,0,0,25.3,0,0
41,41,17,317.7,1,25.8,11,182.8,3.60899611266,8,7,2,134.0,146.9,36.8,0,1,0,0,25.8,0
42,42,17,305.8,1,25.8,13,212.7,3.80261133186,8,7,2,127.2,140.8,37.8,0,1,0,0,25.8,0
43,43,17,313.4,0,0,11,180.8,3.4545153742,8,7,2,129.0,144.3,40.1,0,0,0,0,0,0
44,44,17,305.7,0,0,12,193.1,3.71336021921,8,7,2,128.4,134.5,42.8,0,0,0,0,0,0
45,45,17,312.9,0,0,12,200.2,3.45967313995,8,7,2,130.0,141.8,41.1,0,0,0,0,0,0
46,46,17,292.4,0,0,15,248.1,2.69513450499,8,7,2,123.3,127.7,41.4,0,0,0,0,0,0
47,47,17,290.7,0,0,13,206.2,3.05081956202,8,7,2,127.5,131.0,32.2,0,0,0,0,0,0
48,48,17,311.1,0,0,11,177.3,3.73145414014,8,7,2,135.1,143.8,32.2,0,0,0,0,0,0
49,49,17,318.5,0,0,9,148.4,2.95506792994,8,7,2,140.8,140.4,37.3,0,0,0,0,0,0
50,50,17,313.3,0,0,11,184.1,3.00390676992,8,7,2,131.7,141.1,40.5,0,0,0,0,0,0
51,51,17,309.5,0,0,11,182.5,2.81124318324,8,7,2,132.2,138.5,38.8,0,0,0,0,0,0
52,52,17,305.9,0,0,11,179.7,2.97667402234,8,7,2,133.2,136.7,36.0,0,0,0,0,0,0
53,53,17,299.7,0,0,12,195.6,2.87679611414,8,7,2,131.5,130.5,37.7,0,0,0,0,0,0
54,54,17,294.8,1,26.6,13,206.1,3.50322330567,8,7,2,129.0,133.9,31.9,0,1,0,0,26.6,0
55,55,17,310.6,1,25.1,10,161.6,3.05956792413,8,7,2,139.8,138.9,31.9,0,1,0,0,25.1,0
56,56,17,291.2,0,0,13,206.0,3.12305233423,8,7,2,129.8,131.8,29.6,0,0,0,0,0,0
57,57,17,323.1,1,27.3,9,145.0,3.79250421691,8,7,2,130.8,157.7,34.6,0,1,0,0,27.3,0
58,58,17,307.4,1,26.6,13,215.9,3.36586454238,8,7,2,132.0,140.8,34.6,0,1,0,0,26.6,0
59,59,17,297.0,0,0,13,213.1,2.5672857033,8,7,2,134.4,128.0,34.6,0,0,0,0,0,0
60,60,17,292.7,0,0,16,268.8,2.55593312073,8,7,2,128.9,133.5,30.3,0,0,0,0,0,0
61,61,17,302.4,0,0,15,259.0,2.29588826844,8,7,2,129.9,136.6,35.9,0,0,0,0,0,0
62,62,17,303.4,0,0,15,259.0,2.44824366819,8,7,2,129.9,137.6,35.9,0,0,0,0,0,0
63,63,17,298.6,1,25.1,15,253.2,2.87009171815,8,7,2,130.3,132.4,35.9,0,1,0,0,25.1,0
64,64,17,290.2,1,25.9,16,264.3,3.0300092215,8,7,2,128.9,128.3,33.0,0,1,0,0,25.9,0
65,65,17,276.0,0,0,16,252.9,2.64290114658,8,7,2,126.2,116.8,33.0,0,0,0,0,0,0
66,66,17,264.8,0,0,16,242.4,2.52550227969,8,7,2,113.8,118.0,33.0,0,0,0,0,0,0
67,67,17,275.1,0,0,16,254.2,2.64060487723,8,7,2,119.9,127.9,27.3,0,0,0,0,0,0
68,68,17,285.3,0,0,14,219.7,3.39691685469,8,7,2,119.5,136.0,29.8,0,0,0,0,0,0
69,69,17,300.7,2,50.6,13,207.7,3.86844321933,8,7,2,122.9,148.0,29.8,0,2,0,0,50.6,0
70,70,17,304.4,0,0,11,177.7,2.90225571501,8,7,2,136.7,137.9,29.8,0,0,0,0,0,0
71,71,17,301.8,0,0,12,195.6,2.9238496984,8,7,2,135.5,136.1,30.2,0,0,0,0,0,0
72,72,17,315.5,0,0,13,229.1,2.13309013626,8,7,2,142.0,139.8,33.7,0,0,0,0,0,0
73,73,17,332.9,1,27.7,12,214.0,3.27990763858,8,7,2,150.9,149.4,32.6,0,1,0,0,27.7,0
74,74,17,334.6,1,27.9,10,173.8,3.36066126196,8,7,2,150.5,148.8,35.3,0,1,0,0,27.9,0
75,75,17,324.6,1,25.1,11,189.9,2.94055066872,8,7,2,149.9,140.8,33.9,0,1,0,0,25.1,0
76,76,17,327.9,1,27.5,11,189.4,3.51210092981,8,7,2,144.6,143.8,39.5,0,1,0,0,27.5,0
77,77,17,329.1,1,27.3,10,170.3,3.36713135019,8,7,2,143.9,146.3,38.9,0,1,0,0,27.3,0
78,78,17,321.1,1,27.4,11,183.9,3.79866462605,8,7,2,138.1,145.5,37.5,0,1,0,0,27.4,0
79,79,17,314.8,2,53.4,11,177.5,4.05342992016,8,7,2,136.6,140.4,37.8,0,2,0,0,53.4,0
80,80,17,317.0,2,53.0,13,219.5,3.81299056632,8,7,2,143.0,137.0,37.0,0,2,0,0,53.0,0
81,81,17,316.2,1,26.9,12,200.8,3.53906767384,8,7,2,141.9,138.1,36.2,0,1,0,0,26.9,0
82,82,17,316.7,1,26.9,12,201.3,3.52805979008,8,7,2,142.7,136.5,37.5,0,1,0,0,26.9,0
83,83,17,309.3,1,27.5,11,173.1,4.09106810446,8,7,2,141.4,130.9,37.0,0,1,0,0,27.5,0
84,84,17,309.4,1,27.0,12,196.5,3.66077177655,8,7,2,144.2,128.2,37.0,0,1,0,0,27.0,0
85,85,16,287.4,1,27.3,13,215.2,4.10087389061,7,7,2,126.2,124.3,36.9,0,1,0,0,27.3,0
86,86,16,297.1,1,27.7,12,205.1,3.7052608995,7,7,2,121.3,138.9,36.9,0,1,0,0,27.7,0
87,87,16,273.8,1,25.1,14,226.7,3.3931057553,7,7,2,115.3,129.9,28.6,0,1,0,0,25.1,0
88,88,17,303.6,0,0,13,216.1,3.11027708242,8,7,2,146.1,128.9,28.6,0,0,0,0,0,0
89,89,17,297.9,0,0,13,207.2,3.46636145904,8,7,2,144.8,124.5,28.6,0,0,0,0,0,0
90,90,17,304.2,1,26.3,13,211.5,3.7537432298,8,7,2,149.0,126.6,28.6,0,1,0,0,26.3,0
91,91,18,320.8,1,28.9,13,205.6,4.16364596387,9,7,2,164.3,127.9,28.6,0,1,0,0,28.9,0
92,92,18,309.3,1,25.6,14,221.1,3.26663165247,9,7,2,148.4,132.2,28.7,0,1,0,0,25.6,0
93,93,18,331.0,0,0,13,218.2,3.32369193888,9,7,2,150.9,145.3,34.8,0,0,0,0,0,0
94,94,18,327.6,0,0,13,217.4,3.19061122671,9,7,2,153.2,139.0,35.4,0,0,0,0,0,0
95,95,18,321.5,0,0,14,230.5,3.38215714125,9,7,2,153.4,136.5,31.6,0,0,0,0,0,0
96,96,18,319.6,0,0,14,231.6,3.28333084503,9,7,2,152.3,133.4,33.9,0,0,0,0,0,0
97,97,18,316.0,0,0,15,250.8,3.03493816629,9,7,2,145.1,137.0,33.9,0,0,0,0,0,0
98,98,18,320.2,0,0,12,196.2,2.99310755077,9,7,2,148.5,137.8,33.9,0,0,0,0,0,0
99,99,18,317.5,0,0,13,208.3,3.46735004577,9,7,2,143.9,144.6,29.0,0,0,0,0,0,0
100,100,18,310.7,0,0,14,220.6,3.646938908,9,7,2,141.8,139.9,29.0,0,0,0,0,0,0
101,101,18,312.6,0,0,15,245.7,3.25630609921,9,7,2,148.0,132.3,32.3,0,0,0,0,0,0
102,102,18,307.8,0,0,15,240.9,3.24055187747,9,7,2,142.2,132.1,33.5,0,0,0,0,0,0
103,103,18,313.3,1,25.2,14,223.8,3.52578272031,9,7,2,138.9,136.8,37.6,0,1,0,0,25.2,0
104,104,18,317.6,1,25.0,14,228.5,3.54885602483,9,7,2,149.2,135.1,33.3,0,1,0,0,25.0,0
105,105,18,318.6,1,25.3,15,251.7,3.26604635967,9,7,2,149.2,136.1,33.3,0,1,0,0,25.3,0
106,106,18,314.9,0,0,14,229.2,3.24770909705,9,7,2,141.6,136.5,36.8,0,0,0,0,0,0
107,107,18,322.0,0,0,13,212.0,3.34187141811,9,7,2,138.8,142.7,40.5,0,0,0,0,0,0
108,108,18,336.0,0,0,10,158.9,3.76407163775,9,7,2,143.0,152.5,40.5,0,0,0,0,0,0
109,109,18,310.2,1,25.7,14,220.5,3.49537509558,9,7,2,135.7,138.7,35.8,0,1,0,0,25.7,0
110,110,18,314.2,1,25.4,14,223.1,3.50817905208,9,7,2,139.0,139.4,35.8,0,1,0,0,25.4,0
111,111,18,309.0,0,0,15,239.2,3.38126325158,9,7,2,138.0,135.2,35.8,0,0,0,0,0,0
112,112,18,307.0,1,25.1,15,237.2,3.63159699472,9,7,2,140.9,131.8,34.3,0,1,0,0,25.1,0
113,113,18,309.3,0,0,15,242.9,3.22093336856,9,7,2,137.0,135.8,36.5,0,0,0,0,0,0
114,114,18,307.0,0,0,15,239.9,3.44831113347,9,7,2,140.9,129.8,36.3,0,0,0,0,0,0
115,115,18,310.1,0,0,15,243.3,3.1957334711,9,7,2,147.3,126.5,36.3,0,0,0,0,0,0
116,116,17,296.1,0,0,14,229.5,2.94856645129,8,7,2,133.7,125.7,36.7,0,0,0,0,0,0
117,117,17,293.7,0,0,14,226.1,3.14573707813,8,7,2,133.2,122.9,37.6,0,0,0,0,0,0
118,118,17,295.6,0,0,13,205.2,3.46930871229,8,7,2,133.1,130.3,32.2,0,0,0,0,0,0
119,119,17,296.6,1,25.6,14,230.0,3.37122337718,8,7,2,125.0,132.7,38.9,0,1,0,0,25.6,0
120,120,17,299.6,0,0,14,236.4,2.55673850143,8,7,2,132.4,130.4,36.8,0,0,0,0,0,0
121,121,17,308.2,0,0,12,200.4,2.83190852295,8,7,2,134.0,135.2,39.0,0,0,0,0,0,0
122,122,17,312.8,0,0,12,203.6,2.95296461205,8,7,2,137.5,130.5,44.8,0,0,0,0,0,0
123,123,17,313.9,0,0,11,181.3,3.2903155579,8,7,2,138.6,129.0,46.3,0,0,0,0,0,0
124,124,17,295.6,0,0,13,209.8,2.99204828523,8,7,2,134.8,118.1,42.7,0,0,0,0,0,0
125,125,17,310.5,1,25.3,12,199.0,3.2368853039,8,7,2,132.1,137.8,40.6,0,1,0,0,25.3,0
126,126,17,320.3,1,26.6,10,161.9,4.01233392546,8,7,2,140.4,139.7,40.2,0,1,0,0,26.6,0
127,127,17,294.4,1,26.2,13,203.7,3.97763046519,8,7,2,131.5,125.5,37.4,0,1,0,0,26.2,0
128,128,17,302.6,1,25.9,13,211.0,3.8322643437,8,7,2,131.4,132.5,38.7,0,1,0,0,25.9,0
129,129,17,318.4,1,26.4,11,183.3,3.7233662031,8,7,2,133.8,141.8,42.8,0,1,0,0,26.4,0
130,130,17,305.9,0,0,12,201.4,2.86257545495,8,7,2,140.6,127.0,38.3,0,0,0,0,0,0
131,131,17,312.1,0,0,10,161.3,3.45019181052,8,7,2,134.1,136.1,41.9,0,0,0,0,0,0
132,132,17,300.3,0,0,12,194.3,3.06694904923,8,7,2,125.6,132.4,42.3,0,0,0,0,0,0
133,133,17,302.5,0,0,14,236.1,2.99342416562,8,7,2,129.5,135.0,38.0,0,0,0,0,0,0
134,134,17,302.7,0,0,12,196.1,2.89643543607,8,7,2,130.8,139.7,32.2,0,0,0,0,0,0
135,135,17,299.8,0,0,12,191.8,3.45180046796,8,7,2,127.0,135.8,37.0,0,0,0,0,0,0
136,136,17,304.5,0,0,13,214.2,3.46426080733,8,7,2,126.3,139.3,38.9,0,0,0,0,0,0
137,137,17,309.1,0,0,12,197.8,3.52477575424,8,7,2,133.7,136.5,38.9,0,0,0,0,0,0
138,138,17,294.6,0,0,14,224.3,3.6022154131,8,7,2,126.5,134.3,33.8,0,0,0,0,0,0
139,139,17,298.6,0,0,13,207.4,3.64244786793,8,7,2,130.3,134.5,33.8,0,0,0,0,0,0
140,140,17,303.3,0,0,11,174.1,3.51675610889,8,7,2,131.5,138.0,33.8,0,0,0,0,0,0
141,141,17,295.2,0,0,13,207.2,3.5464667587,8,7,2,129.0,136.5,29.7,0,0,0,0,0,0
142,142,17,282.4,0,0,14,219.9,2.99225716495,8,7,2,127.5,127.3,27.6,0,0,0,0,0,0
143,143,17,282.2,0,0,14,219.8,3.26209288648,8,7,2,125.7,122.7,33.8,0,0,0,0,0,0
144,144,17,302.2,1,26.0,12,188.9,4.17081068435,8,7,2,139.3,125.4,37.5,1,0,0,26.0,0,0
145,145,17,287.8,0,0,14,224.7,3.10760452477,8,7,2,129.8,123.9,34.1,0,0,0,0,0,0
146,146,16,284.0,0,0,12,201.2,2.7911765739,7,7,2,117.4,129.0,37.6,0,0,0,0,0,0
147,147,16,281.6,0,0,12,197.2,2.95995495461,7,7,2,107.8,136.2,37.6,0,0,0,0,0,0
148,148,16,281.8,1,25.1,13,215.6,3.20850432445,7,7,2,106.5,137.7,37.6,0,1,0,0,25.1,0
149,149,16,276.7,1,26.8,14,229.6,3.47456831851,7,7,2,106.5,135.9,34.3,0,1,0,0,26.8,0
150,150,16,286.0,0,0,12,197.3,3.3309658259,7,7,2,112.6,131.0,42.4,0,0,0,0,0,0
151,151,16,283.4,1,25.4,13,213.6,3.65784544962,7,7,2,109.0,139.3,35.1,0,1,0,0,25.4,0
152,152,17,303.5,2,50.5,11,169.7,3.91521353936,8,7,2,125.2,142.3,36.0,0,2,0,0,50.5,0
153,153,17,308.8,1,25.2,12,195.6,3.67745516228,8,7,2,130.1,139.6,39.1,0,1,0,0,25.2,0
154,154,18,322.6,0,0,16,274.5,2.77033774869,9,7,2,148.7,136.0,37.9,0,0,0,0,0,0
155,155,18,316.9,0,0,15,250.3,2.60101161818,9,7,2,148.7,131.9,36.3,0,0,0,0,0,0
156,156,18,323.9,0,0,15,255.7,2.57052803507,9,7,2,152.0,135.7,36.2,0,0,0,0,0,0
157,157,18,327.2,0,0,14,237.8,2.70458337676,9,7,2,152.7,136.9,37.6,0,0,0,0,0,0
158,158,18,327.8,0,0,14,238.1,2.756145836,9,7,2,154.3,137.0,36.5,0,0,0,0,0,0
159,159,18,326.8,0,0,13,214.3,3.40487923639,9,7,2,149.8,139.5,37.5,0,0,0,0,0,0
160,160,18,317.8,0,0,14,225.7,3.65806477642,9,7,2,144.3,137.2,36.3,0,0,0,0,0,0
161,161,18,325.5,0,0,13,212.6,3.53773772845,9,7,2,144.3,145.9,35.3,0,0,0,0,0,0
162,162,18,331.0,0,0,13,217.9,3.21300462073,9,7,2,149.8,146.6,34.6,0,0,0,0,0,0
163,163,18,338.8,0,0,11,182.0,3.41201261213,9,7,2,154.0,149.7,35.1,0,0,0,0,0,0
164,164,18,334.4,0,0,13,223.9,2.82354711323,9,7,2,152.8,146.5,35.1,0,0,0,0,0,0
165,165,18,331.4,0,0,14,242.9,2.73966268617,9,7,2,151.5,144.6,35.3,0,0,0,0,0,0
166,166,18,333.3,0,0,12,204.7,2.64313761855,9,7,2,152.6,143.6,37.1,0,0,0,0,0,0
167,167,18,320.5,0,0,15,257.8,2.22670218358,9,7,2,150.6,130.8,39.1,0,0,0,0,0,0
168,168,18,343.9,0,0,12,208.9,3.10265014278,9,7,2,156.9,145.1,41.9,0,0,0,0,0,0
169,169,18,341.8,1,26.1,12,203.1,3.46696831267,9,7,2,157.2,143.2,41.4,0,1,0,0,26.1,0
170,170,18,340.0,2,53.0,13,217.6,4.06475364841,9,7,2,156.4,147.5,36.1,1,1,0,25.0,28.0,0
171,171,18,340.2,1,26.9,12,199.8,3.87799220337,9,7,2,156.6,144.1,39.5,0,1,0,0,26.9,0
172,172,18,342.3,1,25.9,13,224.4,3.78685807995,9,7,2,158.6,144.1,39.6,0,1,0,0,25.9,0
173,173,18,337.0,1,25.5,13,223.7,3.22007591353,9,7,2,165.2,132.3,39.5,0,1,0,0,25.5,0
174,174,18,342.4,1,26.2,13,228.6,3.1283439625,9,7,2,168.8,134.5,39.1,0,1,0,0,26.2,0
175,175,18,346.1,1,25.2,12,210.3,3.12199136215,9,7,2,168.7,136.1,41.3,0,1,0,0,25.2,0
176,176,18,327.4,0,0,14,235.6,3.48794375442,9,7,2,148.6,137.7,41.1,0,0,0,0,0,0
177,177,18,336.2,1,25.3,13,221.1,3.56247692344,9,7,2,156.4,138.7,41.1,0,1,0,0,25.3,0
178,178,18,337.7,2,50.8,13,220.9,3.90069961883,9,7,2,157.4,148.3,32.0,0,2,0,0,50.8,0
179,179,18,341.9,1,26.4,13,224.8,3.58156591159,9,7,2,152.0,146.1,43.8,0,1,0,0,26.4,0
180,180,18,344.5,0,0,12,206.9,3.49068321121,9,7,2,156.2,149.3,39.0,0,0,0,0,0,0
181,181,18,338.1,1,25.1,13,224.8,3.32570204884,9,7,2,158.6,140.0,39.5,0,1,0,0,25.1,0
182,182,18,331.9,0,0,13,221.4,3.1728886243,9,7,2,154.5,139.4,38.0,0,0,0,0,0,0
183,183,18,323.4,1,26.2,15,255.2,3.25341449593,9,7,2,151.4,135.0,37.0,0,1,0,0,26.2,0
184,184,18,317.5,0,0,16,270.8,3.2481920562,9,7,2,145.2,139.2,33.1,0,0,0,0,0,0
185,185,18,327.1,0,0,12,195.7,3.62731557776,9,7,2,144.0,138.0,45.1,0,0,0,0,0,0
186,186,18,336.4,0,0,10,166.1,3.3325293148,9,7,2,155.2,136.6,44.6,0,0,0,0,0,0
187,187,18,336.0,0,0,11,184.7,3.48610687967,9,7,2,154.3,135.2,46.5,0,0,0,0,0,0
188,188,18,327.4,0,0,12,195.3,3.65495455655,9,7,2,151.1,129.6,46.7,0,0,0,0,0,0
189,189,18,330.0,0,0,12,198.9,3.48289940069,9,7,2,150.4,134.1,45.5,0,0,0,0,0,0
190,190,18,329.6,0,0,13,217.4,3.48304952404,9,7,2,152.0,133.7,43.9,0,0,0,0,0,0
191,191,17,321.7,1,27.0,11,189.9,3.25490579967,8,7,2,136.8,142.6,42.3,0,1,0,0,27.0,0
192,192,17,322.2,1,26.6,11,190.2,3.15814772593,8,7,2,138.9,140.4,42.9,0,1,0,0,26.6,0
193,193,17,327.3,0,0,12,215.0,3.01560890349,8,7,2,142.0,142.4,42.9,0,0,0,0,0,0
194,194,17,323.1,1,25.3,11,191.0,3.07601011625,8,7,2,139.5,141.4,42.2,0,1,0,0,25.3,0
195,195,18,341.8,1,26.3,14,247.5,3.28398769233,9,7,2,154.8,144.3,42.7,0,1,0,0,26.3,0
196,196,18,339.9,1,26.1,13,228.5,3.09425463799,9,7,2,154.5,143.4,42.0,0,1,0,0,26.1,0
197,197,17,309.6,0,0,13,222.1,3.29561874937,8,7,2,128.8,140.7,40.1,0,0,0,0,0,0
198,198,17,305.5,0,0,12,198.5,3.30128094569,8,7,2,128.3,137.6,39.6,0,0,0,0,0,0
199,199,17,304.4,0,0,12,197.1,3.3740684989,8,7,2,126.6,139.1,38.7,0,0,0,0,0,0
200,200,17,297.9,0,0,14,233.2,2.91601813518,8,7,2,130.0,134.9,33.0,0,0,0,0,0,0
201,201,16,275.7,1,25.4,13,207.9,3.55841139649,7,7,2,106.4,134.6,34.7,0,1,0,0,25.4,0
202,202,16,274.9,1,25.5,13,207.0,3.56916773679,7,7,2,106.3,134.3,34.3,0,1,0,0,25.5,0
203,203,16,272.4,1,26.0,14,225.3,3.53826699577,7,7,2,112.7,123.5,36.2,0,1,0,0,26.0,0
204,204,16,277.1,0,0,13,207.5,3.69363754764,7,7,2,108.1,126.0,43.0,0,0,0,0,0,0
205,205,16,286.2,0,0,14,241.0,2.88672247829,7,7,2,119.1,124.1,43.0,0,0,0,0,0,0
206,206,16,289.3,0,0,12,201.2,3.09175651262,7,7,2,119.0,127.5,42.8,0,0,0,0,0,0
207,207,16,281.6,0,0,13,215.0,3.37243729865,7,7,2,118.4,123.5,39.7,0,0,0,0,0,0
208,208,16,286.6,0,0,11,179.9,3.40820089392,7,7,2,114.9,132.8,38.9,0,0,0,0,0,0
209,209,16,276.1,0,0,12,190.7,3.33326041587,7,7,2,113.1,124.1,38.9,0,0,0,0,0,0
210,210,16,290.3,0,0,11,183.2,2.96961697867,7,7,2,115.2,136.3,38.8,0,0,0,0,0,0
211,211,16,287.9,0,0,13,222.5,2.79200495463,7,7,2,119.4,127.6,40.9,0,0,0,0,0,0
212,212,16,289.1,0,0,12,201.9,3.14784979523,7,7,2,115.5,133.5,40.1,0,0,0,0,0,0
213,213,16,286.0,0,0,12,199.8,2.92745623366,7,7,2,117.0,131.7,37.3,0,0,0,0,0,0
214,214,16,292.6,0,0,11,186.4,2.84180107209,7,7,2,119.1,136.2,37.3,0,0,0,0,0,0
215,215,16,293.9,0,0,12,209.0,2.44396365221,7,7,2,120.9,135.7,37.3,0,0,0,0,0,0
216,216,16,289.2,0,0,12,199.1,3.19134245525,7,7,2,122.4,129.5,37.3,0,0,0,0,0,0
217,217,17,299.4,0,0,13,209.5,3.35035116684,8,7,2,131.5,130.6,37.3,0,0,0,0,0,0
218,218,17,293.4,1,26.5,14,222.1,3.75300859703,8,7,2,123.5,132.6,37.3,0,1,0,0,26.5,0
219,219,17,304.1,1,27.1,13,210.8,3.89613307539,8,7,2,123.6,143.2,37.3,0,1,0,0,27.1,0
220,220,17,295.2,1,26.4,13,204.6,3.85777480817,8,7,2,122.9,138.2,34.1,0,1,0,0,26.4,0
221,221,18,296.7,0,0,14,212.3,3.31808768455,9,7,2,132.4,130.2,34.1,0,0,0,0,0,0
222,222,18,301.1,0,0,16,258.8,2.94074931539,9,7,2,137.8,129.2,34.1,0,0,0,0,0,0
223,223,18,295.2,0,0,16,251.8,3.20624390838,9,7,2,137.9,132.8,24.5,0,0,0,0,0,0
224,224,18,294.9,0,0,16,251.7,3.13654924662,9,7,2,137.7,132.7,24.5,0,0,0,0,0,0
225,225,18,299.4,0,0,15,235.0,3.09002189217,9,7,2,143.4,127.1,28.9,0,0,0,0,0,0
226,226,18,298.9,0,0,15,236.9,2.87022692733,9,7,2,144.3,125.7,28.9,0,0,0,0,0,0
227,227,18,301.8,0,0,14,217.8,3.07800546573,9,7,2,144.3,128.6,28.9,0,0,0,0,0,0
228,228,18,299.3,0,0,14,216.5,2.99466300875,9,7,2,143.0,127.4,28.9,0,0,0,0,0,0
229,229,18,294.7,0,0,14,211.9,2.99741173751,9,7,2,139.4,126.4,28.9,0,0,0,0,0,0
230,230,18,289.9,0,0,15,228.0,2.77625906195,9,6,3,139.4,108.6,41.9,0,0,0,0,0,0
231,231,18,277.6,0,0,16,237.0,2.67374061735,9,6,3,139.4,96.3,41.9,0,0,0,0,0,0
232,232,18,270.3,0,0,16,229.7,2.67894843285,9,6,3,139.4,91.1,39.8,0,0,0,0,0,0
233,233,18,277.3,0,0,16,236.7,2.77837705954,9,6,3,136.7,100.8,39.8,0,0,0,0,0,0
234,234,18,281.5,0,0,16,240.9,2.80862932635,9,6,3,137.2,102.3,42.0,0,0,0,0,0,0
235,235,18,282.5,0,0,15,221.7,2.86468809969,9,6,3,136.1,104.4,42.0,0,0,0,0,0,0
236,236,18,282.6,0,0,16,242.0,2.78567765544,9,6,3,136.1,104.5,42.0,0,0,0,0,0,0
237,237,18,284.0,0,0,16,243.4,2.70871264312,9,6,3,136.1,105.9,42.0,0,0,0,0,0,0
238,238,18,287.3,0,0,16,246.7,2.55990323551,9,6,3,139.4,105.9,42.0,0,0,0,0,0,0
239,239,18,284.6,0,0,16,244.0,2.61171318326,9,6,3,139.4,105.5,39.7,0,0,0,0,0,0
240,240,18,271.1,0,0,17,250.7,2.79519311948,9,6,3,134.5,96.9,39.7,0,0,0,0,0,0
241,241,17,268.4,0,0,16,248.0,2.78430475005,8,6,3,129.3,98.4,40.7,0,0,0,0,0,0
242,242,16,258.5,0,0,14,218.0,2.57215052696,8,6,2,127.7,103.2,27.6,0,0,0,0,0,0
243,243,15,241.0,0,0,13,200.3,2.77814600734,7,6,2,111.3,102.1,27.6,0,0,0,0,0,0
244,244,15,245.7,0,0,13,205.1,2.79059645442,7,6,2,110.0,108.1,27.6,0,0,0,0,0,0
245,245,14,245.5,0,0,10,162.7,3.19413095027,6,6,2,103.6,114.3,27.6,0,0,0,0,0,0
246,246,15,257.3,0,0,12,193.7,3.25924326595,6,6,3,100.5,113.2,43.6,0,0,0,0,0,0
247,247,14,244.8,0,0,11,179.9,3.53572039072,5,6,3,79.3,114.2,51.3,0,0,0,0,0,0
248,248,14,244.1,0,0,12,199.6,3.4511106669,5,6,3,78.8,114.3,51.0,0,0,0,0,0,0
249,249,14,244.3,0,0,10,157.9,3.85601428341,5,6,3,77.4,117.7,49.2,0,0,0,0,0,0
250,250,14,244.8,0,0,11,179.9,3.48730822861,5,6,3,80.4,116.2,48.2,0,0,0,0,0,0
251,251,14,246.2,0,0,12,200.3,3.62933711745,5,6,3,86.7,111.0,48.5,0,0,0,0,0,0
252,252,14,245.5,1,25.0,10,158.0,3.98566800556,5,6,3,87.8,108.3,49.4,1,0,0,25.0,0,0
253,253,14,244.7,0,0,11,177.4,3.81438140391,5,6,3,88.1,108.3,48.3,0,0,0,0,0,0
254,254,14,249.4,0,0,12,203.9,3.12258698046,5,6,3,91.3,109.5,48.6,0,0,0,0,0,0
255,255,14,249.4,0,0,11,182.8,3.58583905917,5,6,3,91.1,110.2,48.1,0,0,0,0,0,0
256,256,14,231.3,0,0,14,231.3,2.66694252236,5,6,3,82.7,100.5,48.1,0,0,0,0,0,0
257,257,14,236.6,0,0,14,236.6,2.28944064381,5,6,3,82.7,104.6,49.3,0,0,0,0,0,0
258,258,14,236.5,0,0,14,236.5,2.46435021416,5,6,3,80.0,107.2,49.3,0,0,0,0,0,0
259,259,14,228.8,0,0,13,208.5,2.58299596048,5,6,3,78.0,101.5,49.3,0,0,0,0,0,0
260,260,14,223.2,0,0,13,202.9,2.51326152966,5,6,3,79.7,94.2,49.3,0,0,0,0,0,0
261,261,14,215.4,0,0,14,215.4,2.28468383366,5,6,3,79.6,90.5,45.3,0,0,0,0,0,0
262,262,14,227.6,0,0,13,206.7,2.8656357291,5,6,3,85.5,91.7,50.4,0,0,0,0,0,0
263,263,14,226.4,0,0,13,205.2,2.80999002775,5,6,3,84.3,91.7,50.4,0,0,0,0,0,0
264,264,14,224.1,0,0,14,224.1,2.62516352186,5,6,3,82.9,91.1,50.1,0,0,0,0,0,0
265,265,14,230.5,0,0,13,210.2,2.51292264501,5,6,3,83.4,91.5,55.6,0,0,0,0,0,0
266,266,14,211.9,0,0,13,191.5,2.99964283588,5,6,3,74.5,94.8,42.6,0,0,0,0,0,0
267,267,15,218.9,0,0,14,198.5,2.66524366795,6,6,3,84.5,91.8,42.6,0,0,0,0,0,0
268,268,15,226.0,0,0,13,185.1,3.47206539328,6,6,3,89.9,97.7,38.4,0,0,0,0,0,0
269,269,15,230.8,0,0,13,190.1,3.10319343964,6,6,3,90.9,93.8,46.1,0,0,0,0,0,0
270,270,15,232.0,0,0,13,189.0,3.5021761942,6,6,3,87.4,98.4,46.2,0,0,0,0,0,0
271,271,15,225.4,0,0,14,202.6,3.23451622938,6,6,3,83.2,95.7,46.5,0,0,0,0,0,0
272,272,15,224.1,0,0,14,201.5,3.26207646402,6,6,3,84.5,95.2,44.4,0,0,0,0,0,0
273,273,15,224.4,0,0,14,204.2,2.95919873325,6,6,3,84.7,95.1,44.6,0,0,0,0,0,0
274,274,15,222.8,0,0,15,222.8,2.81269232147,6,6,3,82.7,96.2,43.9,0,0,0,0,0,0
275,275,15,223.4,0,0,14,203.3,3.06255417834,6,6,3,84.6,94.9,43.9,0,0,0,0,0,0
276,276,14,213.6,0,0,13,193.4,3.01705773273,5,6,3,71.3,98.4,43.9,0,0,0,0,0,0
277,277,14,214.4,0,0,13,194.3,3.06766188661,5,6,3,69.1,101.4,43.9,0,0,0,0,0,0
278,278,14,209.9,0,0,13,188.0,2.98907350856,5,6,3,68.6,97.4,43.9,0,0,0,0,0,0
279,279,14,218.2,0,0,12,175.7,3.40471554055,5,6,3,72.0,102.3,43.9,0,0,0,0,0,0
280,280,14,218.1,0,0,12,176.1,3.34139044559,5,6,3,73.3,100.9,43.9,0,0,0,0,0,0
281,281,14,216.1,0,0,12,172.0,3.66072862501,5,6,3,78.6,100.8,36.7,0,0,0,0,0,0
282,282,14,227.2,0,0,12,185.3,2.81819051914,5,6,3,78.3,97.6,51.3,0,0,0,0,0,0
283,283,14,231.1,0,0,13,210.9,2.7187282903,5,6,3,76.7,101.7,52.7,0,0,0,0,0,0
284,284,14,230.7,0,0,14,230.7,2.78627917631,5,6,3,74.9,100.6,55.2,0,0,0,0,0,0
285,285,14,231.8,0,0,14,231.8,2.43206600547,5,6,3,73.5,103.9,54.4,0,0,0,0,0,0
286,286,15,243.5,0,0,14,223.4,2.8149262022,6,6,3,87.3,105.5,50.7,0,0,0,0,0,0
287,287,15,245.9,0,0,14,224.7,2.95017352193,6,6,3,87.3,107.7,50.9,0,0,0,0,0,0
288,288,15,252.3,0,0,13,208.7,3.4397259027,6,6,3,90.3,109.3,52.7,0,0,0,0,0,0
289,289,16,261.3,0,0,14,219.1,3.38481289488,7,6,3,102.3,106.9,52.1,0,0,0,0,0,0
290,290,17,267.8,0,0,15,225.2,3.41725724212,8,6,3,113.9,99.0,54.9,0,0,0,0,0,0
291,291,17,269.2,0,0,15,225.0,3.64930492979,8,6,3,110.3,105.8,53.1,0,0,0,0,0,0
292,292,17,274.8,0,0,15,232.5,3.53852744381,8,6,3,115.6,107.5,51.7,0,0,0,0,0,0
293,293,17,269.6,0,0,16,248.5,3.0783637747,8,6,3,113.0,108.4,48.2,0,0,0,0,0,0
294,294,17,274.1,0,0,16,253.0,3.08332803391,8,6,3,115.8,110.1,48.2,0,0,0,0,0,0
295,295,17,267.3,0,0,16,246.2,2.74055865923,8,6,3,113.5,106.9,46.9,0,0,0,0,0,0
296,296,17,269.1,0,0,16,248.0,2.9012421275,8,6,3,115.9,106.9,46.3,0,0,0,0,0,0
297,297,17,282.8,0,0,13,192.6,4.27623391205,8,6,3,120.9,108.4,53.5,0,0,0,0,0,0
298,298,17,283.9,0,0,13,193.8,4.13612137153,8,6,3,122.9,107.5,53.5,0,0,0,0,0,0
299,299,17,290.6,0,0,12,181.0,4.01753509447,8,6,3,122.6,116.3,51.7,0,0,0,0,0,0
300,300,17,291.8,0,0,14,226.6,3.43855732402,8,6,3,124.4,120.3,47.1,0,0,0,0,0,0
301,301,17,285.3,0,0,16,263.6,2.93773622329,8,6,3,128.9,107.3,49.1,0,0,0,0,0,0
302,302,17,285.7,0,0,16,264.0,2.94458625876,8,6,3,128.9,107.7,49.1,0,0,0,0,0,0
303,303,17,281.3,0,0,15,239.9,2.9868707804,8,6,3,117.5,111.5,52.3,0,0,0,0,0,0
304,304,17,278.7,0,0,15,233.0,3.55008284907,8,6,3,115.8,111.4,51.5,0,0,0,0,0,0
305,305,17,286.2,0,0,14,220.5,3.39465410176,8,6,3,114.4,115.0,56.8,0,0,0,0,0,0
306,306,17,280.9,0,0,15,238.8,2.88823679166,8,6,3,115.0,110.2,55.7,0,0,0,0,0,0
307,307,17,286.3,0,0,15,244.8,2.97112327738,8,6,3,118.5,109.6,58.2,0,0,0,0,0,0
308,308,17,283.8,0,0,14,219.9,3.29838418552,8,6,3,122.7,104.2,56.9,0,0,0,0,0,0
309,309,17,294.9,0,0,13,211.1,3.19552766516,8,6,3,124.7,112.4,57.8,0,0,0,0,0,0
310,310,17,282.7,0,0,15,240.4,3.14260336065,8,6,3,123.2,109.3,50.2,0,0,0,0,0,0
311,311,16,286.9,0,0,13,220.5,3.15165961572,7,6,3,115.6,121.1,50.2,0,0,0,0,0,0
312,312,16,285.8,0,0,12,197.6,3.40252357327,7,6,3,108.6,127.0,50.2,0,0,0,0,0,0
313,313,16,280.3,0,0,12,193.5,3.61279554731,7,6,3,118.0,125.6,36.7,0,0,0,0,0,0
314,314,16,280.7,0,0,12,193.2,3.683651947,7,6,3,119.2,124.8,36.7,0,0,0,0,0,0
315,315,16,279.6,0,0,12,192.1,3.37273380707,7,6,3,118.7,118.2,42.7,0,0,0,0,0,0
316,316,16,281.4,0,0,12,193.1,3.46523207496,7,6,3,117.1,118.5,45.8,0,0,0,0,0,0
317,317,16,279.9,0,0,13,212.4,3.41905810617,7,6,3,115.9,116.8,47.2,0,0,0,0,0,0
318,318,16,281.3,0,0,11,172.8,3.46183357004,7,6,3,115.3,117.5,48.5,0,0,0,0,0,0
319,319,16,287.1,0,0,12,197.6,3.28653185998,7,6,3,116.1,117.0,54.0,0,0,0,0,0,0
320,320,16,287.6,0,0,12,198.5,3.37253613769,7,6,3,114.5,116.3,56.8,0,0,0,0,0,0
321,321,16,280.2,0,0,12,192.0,3.32382811429,7,6,3,109.1,113.5,57.6,0,0,0,0,0,0
322,322,16,278.3,0,0,13,211.7,3.14228552702,7,6,3,109.1,112.3,56.9,0,0,0,0,0,0
323,323,16,282.8,0,0,13,215.2,3.16870110087,7,6,3,112.3,114.8,55.7,0,0,0,0,0,0
324,324,16,286.3,0,0,12,198.7,3.16195482785,7,6,3,112.9,113.5,59.9,0,0,0,0,0,0
325,325,16,275.9,0,0,14,233.3,2.62804585196,7,6,3,112.5,107.0,56.4,0,0,0,0,0,0
326,326,16,277.9,0,0,13,215.8,2.63102483201,7,6,3,111.3,110.8,55.8,0,0,0,0,0,0
327,327,16,273.3,0,0,13,209.4,3.12008947521,7,6,3,110.0,107.7,55.6,0,0,0,0,0,0
328,328,16,269.3,0,0,14,227.3,2.90303720266,7,6,3,109.8,104.0,55.5,0,0,0,0,0,0
329,329,16,271.7,0,0,14,229.6,2.79027328411,7,6,3,111.8,104.4,55.5,0,0,0,0,0,0
330,330,16,269.3,0,0,15,248.3,2.75117399183,7,6,3,110.1,104.9,54.3,0,0,0,0,0,0
331,331,17,280.0,0,0,15,239.1,2.76829476074,8,6,3,125.3,103.6,51.1,0,0,0,0,0,0
332,332,17,281.0,0,0,16,259.8,2.83499662828,8,6,3,125.2,104.1,51.7,0,0,0,0,0,0
333,333,16,258.7,0,0,15,238.4,2.63987846942,7,6,3,104.7,103.2,50.8,0,0,0,0,0,0
334,334,16,261.5,0,0,14,220.7,2.81755656554,7,6,3,107.1,105.5,48.9,0,0,0,0,0,0
335,335,16,255.4,0,0,15,235.0,2.71314700425,7,6,3,104.6,101.4,49.4,0,0,0,0,0,0
336,336,16,255.2,0,0,14,212.8,2.81377563664,7,6,3,106.5,98.5,50.2,0,0,0,0,0,0
337,337,16,257.7,0,0,15,237.5,2.68637767263,7,6,3,105.9,102.6,49.2,0,0,0,0,0,0
338,338,15,246.9,0,0,14,225.6,2.76141785527,6,6,3,93.4,102.8,50.7,0,0,0,0,0,0
339,339,15,247.4,0,0,14,226.6,2.68659813218,6,6,3,93.4,103.1,50.9,0,0,0,0,0,0
340,340,14,231.0,0,0,14,231.0,2.3703294156,5,6,3,80.2,101.6,49.2,0,0,0,0,0,0
341,341,14,230.4,0,0,14,230.4,2.34380173936,5,6,3,81.5,100.9,48.0,0,0,0,0,0,0
342,342,14,230.8,0,0,14,230.8,2.5422150072,5,6,3,80.0,102.0,48.8,0,0,0,0,0,0
343,343,14,218.0,0,0,14,218.0,3.29485112805,5,6,3,72.5,99.6,45.9,0,0,0,0,0,0
344,344,14,213.3,0,0,13,192.8,3.48857633357,5,6,3,68.8,103.0,41.5,0,0,0,0,0,0
345,345,14,219.5,0,0,13,199.0,3.18099611187,5,6,3,72.6,101.7,45.2,0,0,0,0,0,0
346,346,13,201.9,0,0,12,181.4,3.24997041407,5,5,3,72.6,82.8,46.5,0,0,0,0,0,0
347,347,14,209.9,0,0,14,209.9,3.27636390524,6,5,3,87.0,75.7,47.2,0,0,0,0,0,0
348,348,14,200.8,0,0,13,180.4,3.02749306947,6,5,3,83.1,70.5,47.2,0,0,0,0,0,0
349,349,14,202.9,0,0,13,182.4,3.18420725208,6,5,3,82.9,72.8,47.2,0,0,0,0,0,0
350,350,14,203.8,0,0,13,183.1,3.41393395586,6,5,3,85.9,73.0,44.9,0,0,0,0,0,0
351,351,14,200.0,0,0,14,200.0,2.99842449472,6,5,3,83.6,71.5,44.9,0,0,0,0,0,0
352,352,14,204.0,0,0,13,183.5,2.83587690181,6,5,3,83.8,75.6,44.6,0,0,0,0,0,0
353,353,15,236.9,1,25.2,13,186.9,4.33234787329,6,6,3,82.4,107.8,46.7,0,1,0,0,25.2,0
354,354,16,265.5,0,0,15,243.6,2.84100187727,7,6,3,105.5,108.7,51.3,0,0,0,0,0,0
355,355,16,280.5,0,0,15,256.8,2.39742048878,7,6,3,113.9,114.8,51.8,0,0,0,0,0,0
356,356,16,271.1,0,0,16,271.1,1.74851127153,7,6,3,113.1,102.7,55.3,0,0,0,0,0,0
357,357,16,275.6,0,0,15,253.3,2.20861947832,7,6,3,109.7,111.1,54.8,0,0,0,0,0,0
358,358,17,287.0,0,0,16,266.3,2.39510837284,7,7,3,108.9,123.3,54.8,0,0,0,0,0,0
359,359,17,280.9,0,0,16,260.2,2.61283596207,7,7,3,106.8,123.5,50.6,0,0,0,0,0,0
360,360,17,264.4,0,0,17,264.4,1.75254017324,7,7,3,107.2,109.4,47.8,0,0,0,0,0,0
361,361,17,265.4,0,0,17,265.4,2.11568025495,7,7,3,106.1,111.5,47.8,0,0,0,0,0,0
362,362,17,258.4,0,0,17,258.4,2.14825510589,7,7,3,103.8,111.3,43.3,0,0,0,0,0,0
363,363,17,255.9,0,0,16,235.2,2.50027939615,7,7,3,106.2,106.4,43.3,0,0,0,0,0,0
364,364,17,251.0,0,0,15,209.0,2.79618963423,7,7,3,103.2,107.3,40.5,0,0,0,0,0,0
365,365,17,258.4,0,0,15,216.4,2.8359301825,7,7,3,103.2,114.7,40.5,0,0,0,0,0,0
366,366,17,267.0,0,0,14,204.8,3.28223829654,7,7,3,104.4,123.0,39.6,0,0,0,0,0,0
367,367,17,280.8,0,0,13,195.0,3.62495436077,7,7,3,112.5,123.8,44.5,0,0,0,0,0,0
368,368,17,272.8,0,0,15,229.5,3.2835037778,7,7,3,105.9,122.4,44.5,0,0,0,0,0,0
369,369,17,265.4,0,0,16,240.9,3.08015469436,7,7,3,109.4,111.7,44.3,0,0,0,0,0,0
370,370,17,258.9,0,0,16,238.4,2.33606632662,7,7,3,102.0,112.0,44.9,0,0,0,0,0,0
371,371,17,260.4,0,0,16,239.9,2.46937119884,7,7,3,100.8,116.0,43.6,0,0,0,0,0,0
372,372,17,263.1,1,26.2,16,236.9,3.36833219334,7,7,3,110.2,109.3,43.6,1,0,0,26.2,0,0
