,e_id,num_sat,sum_snr,num_sat_25,sum_snr_25,snr_std,elev_0_30,elev_30_60,elev_60_90,elev_0_30_25,elev_30_60_25,elev_60_90_25
1,1,15,249.5,0,0,2.57783593257,7,6,2,0,0,0
2,2,15,252.6,0,0,3.18518893811,7,6,2,0,0,0
3,3,15,247.3,0,0,3.12818218931,7,6,2,0,0,0
4,4,15,243.0,0,0,3.25598350294,7,6,2,0,0,0
5,5,15,240.0,0,0,3.090076282,7,6,2,0,0,0
6,6,15,239.1,0,0,2.86326486974,7,6,2,0,0,0
7,7,15,231.8,0,0,2.07497561661,7,6,2,0,0,0
8,8,16,258.9,0,0,2.84469535569,7,7,2,0,0,0
9,9,16,251.9,0,0,2.51448304826,7,7,2,0,0,0
10,10,16,244.8,0,0,2.77848879789,7,7,2,0,0,0
11,11,16,253.1,0,0,3.28617685667,7,7,2,0,0,0
12,12,16,269.5,0,0,2.49772396393,7,7,2,0,0,0
13,13,16,263.4,0,0,2.49315730216,7,7,2,0,0,0
14,14,16,263.8,0,0,2.53636879548,7,7,2,0,0,0
15,15,16,271.0,0,0,3.21078910342,7,7,2,0,0,0
16,16,16,267.7,0,0,3.40719214799,7,7,2,0,0,0
17,17,16,268.6,0,0,3.27269002504,7,7,2,0,0,0
18,18,16,279.2,0,0,3.23769465309,7,7,2,0,0,0
19,19,15,260.3,0,0,2.90562672528,7,6,2,0,0,0
20,20,15,258.2,0,0,3.85002164496,7,6,2,0,0,0
21,21,15,264.7,0,0,3.80560989418,7,6,2,0,0,0
22,22,15,266.2,0,0,3.31163892672,7,6,2,0,0,0
23,23,16,263.7,0,0,3.59855873927,8,6,2,0,0,0
24,24,16,261.8,0,0,3.04168264836,8,6,2,0,0,0
25,25,16,266.3,0,0,2.87308631962,8,6,2,0,0,0
26,26,15,267.5,0,0,3.4852068327,7,6,2,0,0,0
27,27,16,282.2,0,0,3.56237280475,7,7,2,0,0,0
28,28,15,267.5,1,25.2,3.72839809851,7,7,1,0,1,0
29,29,15,256.7,0,0,3.39618833961,7,7,1,0,0,0
30,30,15,252.6,0,0,4.1228977327,7,7,1,0,0,0
31,31,15,250.6,0,0,3.9859515205,7,7,1,0,0,0
32,32,15,259.8,0,0,4.39142020633,7,7,1,0,0,0
33,33,16,271.2,0,0,3.91731200357,8,7,1,0,0,0
34,34,17,282.4,0,0,3.77141922109,8,7,2,0,0,0
35,35,17,290.4,0,0,3.64489974041,8,7,2,0,0,0
36,36,17,298.9,0,0,3.78949787144,8,7,2,0,0,0
37,37,17,295.3,0,0,3.62556283663,8,7,2,0,0,0
38,38,17,304.9,0,0,3.89421705489,8,7,2,0,0,0
39,39,17,297.0,0,0,3.60689698804,8,7,2,0,0,0
40,40,17,301.4,0,0,3.6473902838,8,7,2,0,0,0
41,41,17,309.4,0,0,4.15962738716,8,7,2,0,0,0
42,42,17,314.1,1,25.5,4.00195724174,8,7,2,0,1,0
43,43,17,312.1,2,51.8,4.10336124773,8,7,2,0,1,1
44,44,17,304.9,2,51.5,3.99138778755,8,7,2,0,1,1
45,45,17,306.6,2,51.5,3.67201259129,8,7,2,0,1,1
46,46,17,308.4,2,51.7,3.7724426476,8,7,2,0,1,1
47,47,17,311.5,2,52.5,4.01147251825,8,7,2,0,1,1
48,48,17,306.7,2,52.6,4.2413233229,8,7,2,0,1,1
49,49,17,311.5,2,52.1,4.10723894663,8,7,2,0,1,1
50,50,17,308.0,2,51.2,4.21607567741,8,7,2,0,1,1
51,51,17,305.2,0,0,3.6282085192,8,7,2,0,0,0
52,52,17,303.2,0,0,3.97034966604,8,7,2,0,0,0
53,53,17,315.7,1,25.2,3.19232765899,8,7,2,0,1,0
54,54,17,313.1,0,0,3.30193793365,8,7,2,0,0,0
55,55,19,344.5,1,25.8,3.17018272021,10,7,2,0,1,0
56,56,19,334.6,0,0,2.68801759602,10,7,2,0,0,0
57,57,19,325.0,0,0,2.23195820456,10,7,2,0,0,0
58,58,19,310.0,0,0,2.08280344138,10,7,2,0,0,0
59,59,19,312.2,0,0,2.56234541682,10,7,2,0,0,0
60,60,19,320.2,0,0,2.84338773317,10,7,2,0,0,0
61,61,19,315.6,0,0,2.72700379677,10,7,2,0,0,0
62,62,19,315.1,0,0,2.74838602292,10,7,2,0,0,0
63,63,19,311.7,0,0,2.39152988789,10,7,2,0,0,0
64,64,19,310.1,0,0,2.33585077229,10,7,2,0,0,0
65,65,19,308.9,0,0,2.36509708269,10,7,2,0,0,0
71,71,1,14.3,0,0,,0,1,0,0,0,0
72,72,1,14.3,0,0,,0,1,0,0,0,0
73,73,1,13.9,0,0,,0,1,0,0,0,0
74,74,1,13.2,0,0,,0,1,0,0,0,0
75,75,2,31.5,0,0,3.74766594029,1,1,0,0,0,0
76,76,2,31.1,0,0,4.03050865276,1,1,0,0,0,0
77,77,2,30.9,0,0,4.171930009,1,1,0,0,0,0
78,78,4,54.9,0,0,3.16583322366,2,1,1,0,0,0
79,79,4,54.9,0,0,3.16583322366,2,1,1,0,0,0
80,80,4,54.9,0,0,3.16583322366,2,1,1,0,0,0
81,81,4,54.9,0,0,3.16583322366,2,1,1,0,0,0
82,82,4,54.9,0,0,3.16583322366,2,1,1,0,0,0
83,83,4,54.9,0,0,3.16583322366,2,1,1,0,0,0
84,84,4,54.9,0,0,3.16583322366,2,1,1,0,0,0
85,85,4,54.9,0,0,3.16583322366,2,1,1,0,0,0
86,86,4,54.9,0,0,3.16583322366,2,1,1,0,0,0
87,87,4,54.9,0,0,3.16583322366,2,1,1,0,0,0
88,88,4,53.7,0,0,2.57730479377,2,1,1,0,0,0
89,89,5,73.3,0,0,3.79249258404,3,1,1,0,0,0
90,90,5,69.7,0,0,2.79517441316,3,1,1,0,0,0
91,91,5,69.0,0,0,2.60192236625,3,1,1,0,0,0
92,92,5,68.9,0,0,2.57623756669,3,1,1,0,0,0
93,93,5,68.6,0,0,2.5023988491,3,1,1,0,0,0
94,94,5,70.0,0,0,2.88444102037,3,1,1,0,0,0
95,95,5,69.3,0,0,2.68197688282,3,1,1,0,0,0
96,96,5,68.9,0,0,2.57623756669,3,1,1,0,0,0
97,97,2,28.1,0,0,3.32340187158,1,1,0,0,0,0
98,98,2,28.1,0,0,3.32340187158,1,1,0,0,0,0
99,99,2,28.1,0,0,3.32340187158,1,1,0,0,0,0
100,100,2,28.1,0,0,3.32340187158,1,1,0,0,0,0
101,101,2,28.1,0,0,3.32340187158,1,1,0,0,0,0
102,102,2,28.1,0,0,3.32340187158,1,1,0,0,0,0
103,103,2,28.1,0,0,3.32340187158,1,1,0,0,0,0
104,104,2,28.1,0,0,3.32340187158,1,1,0,0,0,0
105,105,2,28.1,0,0,3.32340187158,1,1,0,0,0,0
106,106,2,28.1,0,0,3.32340187158,1,1,0,0,0,0
107,107,2,28.1,0,0,3.32340187158,1,1,0,0,0,0
108,108,2,28.1,0,0,3.32340187158,1,1,0,0,0,0
109,109,1,16.4,0,0,,1,0,0,0,0,0
110,110,1,16.4,0,0,,1,0,0,0,0,0
111,111,1,16.4,0,0,,1,0,0,0,0,0
112,112,1,16.4,0,0,,1,0,0,0,0,0
113,113,1,16.4,0,0,,1,0,0,0,0,0
114,114,1,16.4,0,0,,1,0,0,0,0,0
115,115,1,16.4,0,0,,1,0,0,0,0,0
116,116,1,16.4,0,0,,1,0,0,0,0,0
117,117,1,16.4,0,0,,1,0,0,0,0,0
118,118,1,16.4,0,0,,1,0,0,0,0,0
119,119,1,16.4,0,0,,1,0,0,0,0,0
