,e_id,num_sat,sum_snr,num_sat_25,sum_snr_25,snr_std,elev_0_30,elev_30_60,elev_60_90,elev_0_30_25,elev_30_60_25,elev_60_90_25
1,1,12,219.0,0,0,3.08176454767,6,6,0,0,0,0
2,2,12,218.5,0,0,3.24442412129,6,6,0,0,0,0
3,3,12,218.8,1,25.3,4.0488681546,6,6,0,0,1,0
4,4,12,212.6,1,25.4,3.81118767777,6,6,0,0,1,0
5,5,12,223.5,0,0,3.05260693357,6,6,0,0,0,0
6,6,12,218.2,1,26.1,3.76583525284,6,6,0,0,1,0
7,7,12,219.4,1,27.2,4.0203648259,6,6,0,0,1,0
8,8,12,217.7,2,52.6,4.43015664269,6,6,0,0,2,0
9,9,12,216.6,1,27.8,4.39327999232,6,6,0,0,1,0
10,10,13,237.5,2,54.0,4.65392032151,6,6,1,0,2,0
11,11,13,240.2,1,27.9,4.20280736456,6,6,1,0,1,0
12,12,13,234.6,1,27.3,4.26958533986,6,6,1,0,1,0
13,13,12,224.8,1,27.6,3.99325188362,6,5,1,0,1,0
14,14,12,221.1,1,26.7,4.0066138503,6,5,1,0,1,0
15,15,12,226.2,1,27.8,4.48360650289,6,5,1,0,1,0
16,16,12,223.8,2,53.4,4.49979797526,6,5,1,0,2,0
17,17,12,215.7,2,52.2,4.59132086362,6,5,1,0,2,0
18,18,12,215.5,2,52.7,4.63729120252,6,5,1,0,2,0
19,19,12,215.9,2,52.5,4.64023085894,6,5,1,0,2,0
20,20,12,213.5,1,26.6,4.73160713295,6,5,1,0,1,0
21,21,12,215.1,2,52.9,4.98144283589,6,5,1,0,2,0
22,22,12,214.6,1,26.5,4.77794808247,6,5,1,0,1,0
23,23,11,196.1,2,51.9,5.25948493849,5,5,1,0,2,0
24,24,11,195.2,1,27.2,5.19025310295,5,5,1,0,1,0
25,25,11,194.0,1,27.0,5.26066017288,5,5,1,0,1,0
26,26,11,197.8,2,53.7,5.44275999504,5,5,1,0,2,0
27,27,11,193.5,1,28.3,5.14693200761,5,5,1,0,1,0
28,28,11,194.4,1,27.6,5.05610342242,5,5,1,0,1,0
29,29,12,206.7,1,27.9,5.1733802911,6,5,1,0,1,0
30,30,13,222.2,1,28.4,5.23823468013,6,6,1,0,1,0
31,31,13,219.6,1,27.6,4.7734441686,6,6,1,0,1,0
32,32,13,220.9,1,27.9,4.954873281,6,6,1,0,1,0
33,33,13,223.9,1,27.8,4.88213645961,6,6,1,0,1,0
34,34,13,217.8,1,28.3,4.89874395204,6,6,1,0,1,0
35,35,13,216.6,1,28.0,4.73841366942,6,6,1,0,1,0
36,36,13,213.6,1,27.5,4.54448101463,6,6,1,0,1,0
37,37,12,189.2,1,25.8,4.07460725008,5,6,1,0,1,0
38,38,12,191.9,1,27.6,4.5396151886,5,6,1,0,1,0
39,39,11,180.3,1,27.0,4.37000104015,4,6,1,0,1,0
40,40,11,182.2,1,27.0,4.29028500854,4,6,1,0,1,0
41,41,11,184.5,1,27.4,4.44186692936,4,6,1,0,1,0
42,42,11,172.6,1,27.0,4.76790405639,4,6,1,0,1,0
43,43,11,172.3,1,26.7,4.59766739277,4,6,1,0,1,0
44,44,12,188.6,1,26.2,4.31589732234,5,6,1,0,1,0
45,45,12,190.6,1,26.0,4.2720728061,5,6,1,0,1,0
46,46,12,192.7,1,25.9,4.24423851899,5,6,1,0,1,0
47,47,13,207.9,1,25.7,4.13530763436,5,7,1,0,1,0
48,48,13,207.6,1,26.2,4.17978959107,5,7,1,0,1,0
49,49,13,202.1,1,25.4,3.87311575363,5,7,1,0,1,0
50,50,12,187.4,1,25.1,3.59920024787,5,6,1,0,1,0
51,51,12,188.3,1,25.9,3.77056984681,5,6,1,0,1,0
52,52,13,201.0,1,25.3,3.4850964744,6,6,1,0,1,0
53,53,13,208.7,1,26.1,3.74424344486,6,6,1,0,1,0
54,54,13,214.7,1,25.1,3.18298763058,6,6,1,0,1,0
55,55,13,215.5,1,26.2,3.54216361521,6,6,1,0,1,0
56,56,13,212.3,1,25.5,3.28846078872,6,6,1,0,1,0
57,57,13,213.7,0,0,3.09045262638,6,6,1,0,0,0
58,58,13,209.8,0,0,3.12424349818,6,6,1,0,0,0
59,59,13,212.1,0,0,3.19448643599,6,6,1,0,0,0
60,60,13,216.2,1,25.9,3.45841597059,6,6,1,0,1,0
61,61,13,216.6,1,26.0,3.73575928506,6,6,1,0,1,0
62,62,13,212.8,1,26.1,4.07704644226,6,6,1,0,1,0
63,63,13,208.5,0,0,4.07850840004,6,6,1,0,0,0
64,64,13,209.1,0,0,3.95766053661,6,6,1,0,0,0
65,65,13,210.4,0,0,3.8155048058,6,6,1,0,0,0
66,66,13,207.9,0,0,3.79022020874,6,6,1,0,0,0
67,67,13,210.5,0,0,3.65820118329,6,6,1,0,0,0
68,68,13,208.5,0,0,3.19649246872,6,6,1,0,0,0
69,69,12,197.1,0,0,3.25998466254,6,5,1,0,0,0
70,70,10,170.4,0,0,3.67973428992,4,5,1,0,0,0
71,71,10,170.4,0,0,3.79918119833,4,5,1,0,0,0
72,72,10,172.7,1,25.4,4.01387870049,4,5,1,0,1,0
73,73,10,166.0,0,0,3.07787805693,4,5,1,0,0,0
74,74,10,165.3,0,0,2.68785333595,4,5,1,0,0,0
75,75,11,177.8,0,0,4.0294596976,5,5,1,0,0,0
76,76,11,191.4,0,0,3.50970084195,5,5,1,0,0,0
77,77,11,196.8,0,0,2.49417503213,5,5,1,0,0,0
78,78,11,189.1,0,0,2.43944852188,5,5,1,0,0,0
79,79,11,184.3,0,0,1.96589096156,5,5,1,0,0,0
80,80,11,193.1,0,0,2.70235587455,5,5,1,0,0,0
81,81,12,210.1,0,0,2.78256204156,6,5,1,0,0,0
82,82,11,183.6,0,0,2.45375408118,6,5,0,0,0,0
83,83,11,187.4,0,0,2.97700276361,6,5,0,0,0,0
84,84,13,217.4,0,0,2.42904434094,7,5,1,0,0,0
85,85,13,215.9,0,0,2.4588145987,7,5,1,0,0,0
86,86,14,229.5,0,0,2.93820046594,8,5,1,0,0,0
87,87,14,229.6,0,0,2.68929501772,8,5,1,0,0,0
88,88,15,247.8,0,0,3.27069236882,9,5,1,0,0,0
89,89,15,258.1,0,0,3.99364972115,9,5,1,0,0,0
90,90,15,249.1,0,0,3.15786244762,9,5,1,0,0,0
91,91,15,246.4,0,0,2.85743807999,9,5,1,0,0,0
92,92,16,257.9,0,0,2.8461011343,9,6,1,0,0,0
93,93,16,257.3,0,0,2.73963957483,9,6,1,0,0,0
94,94,16,253.0,0,0,2.82108135296,9,6,1,0,0,0
95,95,16,256.8,1,26.4,3.55602774642,9,6,1,0,1,0
96,96,16,252.3,0,0,2.8776654311,9,6,1,0,0,0
97,97,16,241.7,0,0,2.11422759734,9,6,1,0,0,0
98,98,16,241.0,0,0,1.93006908339,9,6,1,0,0,0
99,99,16,243.0,0,0,2.11435569382,9,6,1,0,0,0
100,100,16,241.2,0,0,2.07990384393,9,6,1,0,0,0
101,101,16,241.8,0,0,2.23871242756,9,6,1,0,0,0
102,102,16,238.6,0,0,2.25503141146,9,6,1,0,0,0
103,103,16,237.8,0,0,2.31772158236,9,6,1,0,0,0
104,104,16,233.3,0,0,2.10054556405,9,6,1,0,0,0
105,105,16,227.4,0,0,2.19176489007,9,6,1,0,0,0
106,106,16,221.2,0,0,1.77932571498,9,6,1,0,0,0
107,107,16,221.2,0,0,1.77932571498,9,6,1,0,0,0
108,108,16,220.0,0,0,1.74394189506,9,6,1,0,0,0
109,109,16,221.9,0,0,1.74689009385,9,6,1,0,0,0
110,110,14,193.1,0,0,1.86277885294,7,6,1,0,0,0
111,111,14,197.3,0,0,2.0458078283,7,6,1,0,0,0
112,112,13,184.5,0,0,2.148821979,7,5,1,0,0,0
113,113,12,168.1,0,0,2.60155839077,6,5,1,0,0,0
114,114,12,163.5,0,0,2.54919773476,6,5,1,0,0,0
115,115,11,146.7,0,0,2.32433763781,5,5,1,0,0,0
116,116,11,145.2,0,0,2.43885218904,5,5,1,0,0,0
117,117,10,132.4,0,0,2.56696967908,4,5,1,0,0,0
118,118,10,126.6,0,0,2.05599394725,4,5,1,0,0,0
119,119,9,110.9,0,0,1.86331544416,3,5,1,0,0,0
120,120,9,110.9,0,0,1.86331544416,3,5,1,0,0,0
121,121,9,107.3,0,0,1.63766432594,3,5,1,0,0,0
122,122,8,95.5,0,0,1.75005101966,2,5,1,0,0,0
123,123,7,84.1,0,0,1.87565861449,1,5,1,0,0,0
124,124,6,70.1,0,0,1.81704888945,0,5,1,0,0,0
125,125,5,58.4,0,0,2.03150190746,0,4,1,0,0,0
126,126,5,58.4,0,0,2.03150190746,0,4,1,0,0,0
127,127,5,59.4,0,0,2.15336945274,0,4,1,0,0,0
128,128,6,71.1,0,0,1.92743352674,0,5,1,0,0,0
129,129,6,71.1,0,0,1.92743352674,0,5,1,0,0,0
130,130,6,71.1,0,0,1.92743352674,0,5,1,0,0,0
131,131,6,71.1,0,0,1.92743352674,0,5,1,0,0,0
132,132,5,61.7,0,0,1.68611980594,0,4,1,0,0,0
133,133,5,59.2,0,0,2.34904235807,0,4,1,0,0,0
134,134,4,47.5,0,0,2.71093464817,0,3,1,0,0,0
135,135,3,36.8,0,0,3.1785741038,0,3,0,0,0,0
136,136,3,36.8,0,0,3.1785741038,0,3,0,0,0,0
137,137,3,36.8,0,0,3.1785741038,0,3,0,0,0,0
138,138,3,36.8,0,0,3.1785741038,0,3,0,0,0,0
139,139,3,36.8,0,0,3.1785741038,0,3,0,0,0,0
140,140,3,36.8,0,0,3.1785741038,0,3,0,0,0,0
141,141,3,36.8,0,0,3.1785741038,0,3,0,0,0,0
142,142,2,22.0,0,0,3.25269119346,0,2,0,0,0,0
143,143,2,22.0,0,0,3.25269119346,0,2,0,0,0,0
144,144,2,22.0,0,0,3.25269119346,0,2,0,0,0,0
145,145,2,20.8,0,0,4.10121933088,0,2,0,0,0,0
146,146,2,20.8,0,0,4.10121933088,0,2,0,0,0,0
147,147,2,20.8,0,0,4.10121933088,0,2,0,0,0,0
148,148,1,7.5,0,0,,0,1,0,0,0,0
149,149,1,7.5,0,0,,0,1,0,0,0,0
150,150,1,7.5,0,0,,0,1,0,0,0,0
151,151,1,7.5,0,0,,0,1,0,0,0,0
152,152,1,7.5,0,0,,0,1,0,0,0,0
