,e_id,num_sat,sum_snr,num_sat_25,sum_snr_25,snr_std,elev_0_30,elev_30_60,elev_60_90,elev_0_30_25,elev_30_60_25,elev_60_90_25
1,1,15,273.7,1,25.5,3.52458035327,7,7,1,0,1,0
2,2,15,274.0,0,0,3.17437657921,7,7,1,0,0,0
3,3,16,284.1,0,0,3.01992687549,7,7,2,0,0,0
4,4,18,318.1,0,0,3.08464995737,8,8,2,0,0,0
5,5,18,319.9,0,0,3.1852242613,8,8,2,0,0,0
6,6,18,301.5,0,0,2.48151993272,8,8,2,0,0,0
7,7,18,302.6,0,0,2.93556065171,8,8,2,0,0,0
8,8,18,292.2,0,0,2.98249796608,8,8,2,0,0,0
9,9,18,302.9,0,0,3.08560329797,8,8,2,0,0,0
10,10,18,294.0,0,0,3.30329603667,8,8,2,0,0,0
11,11,18,287.2,0,0,3.18419298525,8,8,2,0,0,0
12,12,18,296.6,0,0,3.37840121526,8,8,2,0,0,0
13,13,18,287.8,0,0,2.82923579141,8,8,2,0,0,0
14,14,18,287.1,0,0,2.74917099804,8,8,2,0,0,0
15,15,18,288.0,0,0,2.68919406252,8,8,2,0,0,0
16,16,18,293.0,0,0,2.81457457982,8,8,2,0,0,0
17,17,18,295.6,0,0,3.05644075116,8,8,2,0,0,0
18,18,18,295.8,0,0,3.11504886186,8,8,2,0,0,0
19,19,18,292.3,0,0,2.96670522116,8,8,2,0,0,0
20,20,18,298.5,0,0,3.0919725286,8,8,2,0,0,0
21,21,18,301.8,0,0,2.92192523156,8,8,2,0,0,0
22,22,18,323.0,0,0,3.81656177611,8,8,2,0,0,0
23,23,18,314.4,0,0,2.91850082385,8,8,2,0,0,0
24,24,17,316.1,0,0,2.62094224188,7,8,2,0,0,0
25,25,17,305.8,0,0,2.42148775367,7,8,2,0,0,0
26,26,17,300.9,0,0,3.1064449134,7,8,2,0,0,0
27,27,17,298.3,0,0,2.99042589924,7,8,2,0,0,0
28,28,17,299.6,0,0,2.98758460377,7,8,2,0,0,0
29,29,17,310.0,0,0,3.2592064173,7,8,2,0,0,0
30,30,17,312.7,0,0,3.31181041657,7,8,2,0,0,0
31,31,17,319.9,0,0,3.12034358968,7,8,2,0,0,0
32,32,17,320.2,0,0,2.94086321861,7,8,2,0,0,0
33,33,17,310.5,0,0,3.42197698277,7,8,2,0,0,0
34,34,17,313.2,1,25.4,3.29365477315,7,8,2,0,1,0
35,35,17,311.9,1,25.1,3.27301803521,7,8,2,0,1,0
36,36,17,310.8,1,25.5,3.61718732134,7,8,2,0,1,0
37,37,17,310.9,1,25.2,3.55085946514,7,8,2,0,1,0
38,38,17,307.2,0,0,3.71748650063,7,8,2,0,0,0
39,39,17,310.6,1,27.1,3.79551786748,7,8,2,0,1,0
40,40,17,313.9,1,25.3,3.74031101255,7,8,2,1,0,0
41,41,17,317.7,1,25.8,3.60899611266,7,8,2,0,1,0
42,42,17,305.8,1,25.8,3.80261133186,7,8,2,0,1,0
43,43,17,313.4,0,0,3.4545153742,7,8,2,0,0,0
44,44,17,305.7,0,0,3.71336021921,7,8,2,0,0,0
45,45,17,312.9,0,0,3.45967313995,7,8,2,0,0,0
46,46,17,292.4,0,0,2.69513450499,7,8,2,0,0,0
47,47,17,290.7,0,0,3.05081956202,7,8,2,0,0,0
48,48,17,311.1,0,0,3.73145414014,7,8,2,0,0,0
49,49,17,318.5,0,0,2.95506792994,7,8,2,0,0,0
50,50,17,313.3,0,0,3.00390676992,7,8,2,0,0,0
51,51,17,309.5,0,0,2.81124318324,7,8,2,0,0,0
52,52,17,305.9,0,0,2.97667402234,7,8,2,0,0,0
53,53,17,299.7,0,0,2.87679611414,7,8,2,0,0,0
54,54,17,294.8,1,26.6,3.50322330567,7,8,2,0,1,0
55,55,17,310.6,1,25.1,3.05956792413,7,8,2,0,1,0
56,56,17,291.2,0,0,3.12305233423,7,8,2,0,0,0
57,57,17,323.1,1,27.3,3.79250421691,7,8,2,0,1,0
58,58,17,307.4,1,26.6,3.36586454238,7,8,2,0,1,0
59,59,17,297.0,0,0,2.5672857033,7,8,2,0,0,0
60,60,17,292.7,0,0,2.55593312073,7,8,2,0,0,0
61,61,17,302.4,0,0,2.29588826844,7,8,2,0,0,0
62,62,17,303.4,0,0,2.44824366819,7,8,2,0,0,0
63,63,17,298.6,1,25.1,2.87009171815,7,8,2,0,1,0
64,64,17,290.2,1,25.9,3.0300092215,7,8,2,0,1,0
65,65,17,276.0,0,0,2.64290114658,7,8,2,0,0,0
66,66,17,264.8,0,0,2.52550227969,7,8,2,0,0,0
67,67,17,275.1,0,0,2.64060487723,7,8,2,0,0,0
68,68,17,285.3,0,0,3.39691685469,7,8,2,0,0,0
69,69,17,300.7,2,50.6,3.86844321933,7,8,2,0,2,0
70,70,17,304.4,0,0,2.90225571501,7,8,2,0,0,0
71,71,17,301.8,0,0,2.9238496984,7,8,2,0,0,0
72,72,17,315.5,0,0,2.13309013626,7,8,2,0,0,0
73,73,17,332.9,1,27.7,3.27990763858,7,8,2,0,1,0
74,74,17,334.6,1,27.9,3.36066126196,7,8,2,0,1,0
75,75,17,324.6,1,25.1,2.94055066872,7,8,2,0,1,0
76,76,17,327.9,1,27.5,3.51210092981,7,8,2,0,1,0
77,77,17,329.1,1,27.3,3.36713135019,7,8,2,0,1,0
78,78,17,321.1,1,27.4,3.79866462605,7,8,2,0,1,0
79,79,17,314.8,2,53.4,4.05342992016,7,8,2,0,2,0
80,80,17,317.0,2,53.0,3.81299056632,7,8,2,0,2,0
81,81,17,316.2,1,26.9,3.53906767384,7,8,2,0,1,0
82,82,17,316.7,1,26.9,3.52805979008,7,8,2,0,1,0
83,83,17,309.3,1,27.5,4.09106810446,7,8,2,0,1,0
84,84,17,309.4,1,27.0,3.66077177655,7,8,2,0,1,0
85,85,16,287.4,1,27.3,4.10087389061,6,8,2,0,1,0
86,86,16,297.1,1,27.7,3.7052608995,6,8,2,0,1,0
87,87,16,273.8,1,25.1,3.3931057553,6,8,2,0,1,0
88,88,17,303.6,0,0,3.11027708242,7,8,2,0,0,0
89,89,17,297.9,0,0,3.46636145904,7,8,2,0,0,0
90,90,17,304.2,1,26.3,3.7537432298,7,8,2,0,1,0
91,91,18,320.8,1,28.9,4.16364596387,8,8,2,0,1,0
92,92,18,309.3,1,25.6,3.26663165247,8,8,2,0,1,0
93,93,18,331.0,0,0,3.32369193888,8,8,2,0,0,0
94,94,18,327.6,0,0,3.19061122671,8,8,2,0,0,0
95,95,18,321.5,0,0,3.38215714125,8,8,2,0,0,0
96,96,18,319.6,0,0,3.28333084503,8,8,2,0,0,0
97,97,18,316.0,0,0,3.03493816629,8,8,2,0,0,0
98,98,18,320.2,0,0,2.99310755077,8,8,2,0,0,0
99,99,18,317.5,0,0,3.46735004577,8,8,2,0,0,0
100,100,18,310.7,0,0,3.646938908,8,8,2,0,0,0
101,101,18,312.6,0,0,3.25630609921,8,8,2,0,0,0
102,102,18,307.8,0,0,3.24055187747,8,8,2,0,0,0
103,103,18,313.3,1,25.2,3.52578272031,8,8,2,0,1,0
104,104,18,317.6,0,0,3.54885602483,8,8,2,0,0,0
105,105,18,318.6,1,25.3,3.26604635967,8,8,2,0,1,0
106,106,18,314.9,0,0,3.24770909705,8,8,2,0,0,0
107,107,18,322.0,0,0,3.34187141811,8,8,2,0,0,0
108,108,18,336.0,0,0,3.76407163775,8,8,2,0,0,0
109,109,18,310.2,1,25.7,3.49537509558,8,8,2,0,1,0
110,110,18,314.2,1,25.4,3.50817905208,8,7,3,0,1,0
111,111,18,309.0,0,0,3.38126325158,8,7,3,0,0,0
112,112,18,307.0,1,25.1,3.63159699472,8,7,3,0,1,0
113,113,18,309.3,0,0,3.22093336856,8,7,3,0,0,0
114,114,18,307.0,0,0,3.44831113347,8,7,3,0,0,0
115,115,18,310.1,0,0,3.1957334711,8,7,3,0,0,0
116,116,17,296.1,0,0,2.94856645129,7,7,3,0,0,0
117,117,17,293.7,0,0,3.14573707813,7,7,3,0,0,0
118,118,17,295.6,0,0,3.46930871229,7,7,3,0,0,0
119,119,17,296.6,1,25.6,3.37122337718,7,7,3,0,1,0
120,120,17,299.6,0,0,2.55673850143,7,7,3,0,0,0
121,121,17,308.2,0,0,2.83190852295,7,7,3,0,0,0
122,122,17,312.8,0,0,2.95296461205,7,7,3,0,0,0
123,123,17,313.9,0,0,3.2903155579,7,7,3,0,0,0
124,124,17,295.6,0,0,2.99204828523,7,7,3,0,0,0
125,125,17,310.5,1,25.3,3.2368853039,7,7,3,0,1,0
126,126,17,320.3,1,26.6,4.01233392546,7,7,3,0,1,0
127,127,17,294.4,1,26.2,3.97763046519,7,7,3,0,1,0
128,128,17,302.6,1,25.9,3.8322643437,7,7,3,0,1,0
129,129,17,318.4,1,26.4,3.7233662031,7,7,3,0,1,0
130,130,17,305.9,0,0,2.86257545495,7,7,3,0,0,0
131,131,17,312.1,0,0,3.45019181052,7,7,3,0,0,0
132,132,17,300.3,0,0,3.06694904923,7,7,3,0,0,0
133,133,17,302.5,0,0,2.99342416562,7,7,3,0,0,0
134,134,17,302.7,0,0,2.89643543607,7,7,3,0,0,0
135,135,17,299.8,0,0,3.45180046796,7,7,3,0,0,0
136,136,17,304.5,0,0,3.46426080733,7,7,3,0,0,0
137,137,17,309.1,0,0,3.52477575424,7,7,3,0,0,0
138,138,17,294.6,0,0,3.6022154131,7,7,3,0,0,0
139,139,17,298.6,0,0,3.64244786793,7,7,3,0,0,0
140,140,17,303.3,0,0,3.51675610889,7,7,3,0,0,0
141,141,17,295.2,0,0,3.5464667587,7,7,3,0,0,0
142,142,17,282.4,0,0,2.99225716495,7,7,3,0,0,0
143,143,17,282.2,0,0,3.26209288648,7,7,3,0,0,0
144,144,17,302.2,1,26.0,4.17081068435,7,7,3,1,0,0
145,145,17,287.8,0,0,3.10760452477,7,7,3,0,0,0
146,146,16,284.0,0,0,2.7911765739,6,7,3,0,0,0
147,147,16,281.6,0,0,2.95995495461,6,7,3,0,0,0
148,148,16,281.8,1,25.1,3.20850432445,6,7,3,0,1,0
149,149,16,276.7,1,26.8,3.47456831851,6,7,3,0,1,0
150,150,16,286.0,0,0,3.3309658259,6,7,3,0,0,0
151,151,16,283.4,1,25.4,3.65784544962,6,7,3,0,1,0
152,152,17,303.5,2,50.5,3.91521353936,7,7,3,0,2,0
153,153,17,308.8,1,25.2,3.67745516228,7,7,3,0,1,0
154,154,18,322.6,0,0,2.77033774869,8,7,3,0,0,0
155,155,18,316.9,0,0,2.60101161818,8,7,3,0,0,0
156,156,18,323.9,0,0,2.57052803507,8,7,3,0,0,0
157,157,18,327.2,0,0,2.70458337676,8,7,3,0,0,0
158,158,18,327.8,0,0,2.756145836,8,7,3,0,0,0
159,159,18,326.8,0,0,3.40487923639,8,7,3,0,0,0
160,160,18,317.8,0,0,3.65806477642,8,7,3,0,0,0
161,161,18,325.5,0,0,3.53773772845,8,7,3,0,0,0
162,162,18,331.0,0,0,3.21300462073,8,7,3,0,0,0
163,163,18,338.8,0,0,3.41201261213,8,7,3,0,0,0
164,164,18,334.4,0,0,2.82354711323,8,7,3,0,0,0
165,165,18,331.4,0,0,2.73966268617,8,7,3,0,0,0
166,166,18,333.3,0,0,2.64313761855,8,7,3,0,0,0
167,167,18,320.5,0,0,2.22670218358,8,7,3,0,0,0
168,168,18,343.9,0,0,3.10265014278,8,7,3,0,0,0
169,169,18,341.8,1,26.1,3.46696831267,8,7,3,0,1,0
170,170,18,340.0,1,28.0,4.06475364841,8,7,3,0,1,0
171,171,18,340.2,1,26.9,3.87799220337,8,7,3,0,1,0
172,172,18,342.3,1,25.9,3.78685807995,8,7,3,0,1,0
173,173,18,337.0,1,25.5,3.22007591353,8,7,3,0,1,0
174,174,18,342.4,1,26.2,3.1283439625,8,7,3,0,1,0
175,175,18,346.1,1,25.2,3.12199136215,8,7,3,0,1,0
176,176,18,327.4,0,0,3.48794375442,8,7,3,0,0,0
177,177,18,336.2,1,25.3,3.56247692344,8,7,3,0,1,0
178,178,18,337.7,2,50.8,3.90069961883,8,7,3,0,2,0
179,179,18,341.9,1,26.4,3.58156591159,8,7,3,0,1,0
180,180,18,344.5,0,0,3.49068321121,8,7,3,0,0,0
181,181,18,338.1,1,25.1,3.32570204884,8,7,3,0,1,0
182,182,18,331.9,0,0,3.1728886243,8,7,3,0,0,0
183,183,18,323.4,1,26.2,3.25341449593,8,7,3,0,1,0
184,184,18,317.5,0,0,3.2481920562,8,7,3,0,0,0
185,185,18,327.1,0,0,3.62731557776,8,7,3,0,0,0
186,186,18,336.4,0,0,3.3325293148,8,7,3,0,0,0
187,187,18,336.0,0,0,3.48610687967,8,7,3,0,0,0
188,188,18,327.4,0,0,3.65495455655,8,7,3,0,0,0
189,189,18,330.0,0,0,3.48289940069,8,7,3,0,0,0
190,190,18,329.6,0,0,3.48304952404,8,7,3,0,0,0
191,191,17,321.7,1,27.0,3.25490579967,7,7,3,0,1,0
192,192,17,322.2,1,26.6,3.15814772593,7,7,3,0,1,0
193,193,17,327.3,0,0,3.01560890349,7,7,3,0,0,0
194,194,17,323.1,1,25.3,3.07601011625,7,7,3,0,1,0
195,195,18,341.8,1,26.3,3.28398769233,8,7,3,0,1,0
196,196,18,339.9,1,26.1,3.09425463799,8,7,3,0,1,0
197,197,17,309.6,0,0,3.29561874937,7,7,3,0,0,0
198,198,17,305.5,0,0,3.30128094569,7,7,3,0,0,0
199,199,17,304.4,0,0,3.3740684989,7,7,3,0,0,0
200,200,17,297.9,0,0,2.91601813518,7,7,3,0,0,0
201,201,16,275.7,1,25.4,3.55841139649,6,7,3,0,1,0
202,202,16,274.9,1,25.5,3.56916773679,6,7,3,0,1,0
203,203,16,272.4,1,26.0,3.53826699577,6,7,3,0,1,0
204,204,16,277.1,0,0,3.69363754764,6,7,3,0,0,0
205,205,16,286.2,0,0,2.88672247829,6,7,3,0,0,0
206,206,16,289.3,0,0,3.09175651262,6,7,3,0,0,0
207,207,16,281.6,0,0,3.37243729865,6,7,3,0,0,0
208,208,16,286.6,0,0,3.40820089392,6,7,3,0,0,0
209,209,16,276.1,0,0,3.33326041587,6,7,3,0,0,0
210,210,16,290.3,0,0,2.96961697867,6,7,3,0,0,0
211,211,16,287.9,0,0,2.79200495463,6,7,3,0,0,0
212,212,16,289.1,0,0,3.14784979523,6,7,3,0,0,0
213,213,16,286.0,0,0,2.92745623366,6,7,3,0,0,0
214,214,16,292.6,0,0,2.84180107209,6,7,3,0,0,0
215,215,16,293.9,0,0,2.44396365221,6,7,3,0,0,0
216,216,16,289.2,0,0,3.19134245525,6,7,3,0,0,0
217,217,17,299.4,0,0,3.35035116684,7,7,3,0,0,0
218,218,17,293.4,1,26.5,3.75300859703,7,7,3,0,1,0
219,219,17,304.1,1,27.1,3.89613307539,7,7,3,0,1,0
220,220,17,295.2,1,26.4,3.85777480817,7,7,3,0,1,0
221,221,18,296.7,0,0,3.31808768455,8,7,3,0,0,0
222,222,18,301.1,0,0,2.94074931539,8,7,3,0,0,0
223,223,18,295.2,0,0,3.20624390838,8,7,3,0,0,0
224,224,18,294.9,0,0,3.13654924662,8,7,3,0,0,0
225,225,18,299.4,0,0,3.09002189217,8,7,3,0,0,0
226,226,18,298.9,0,0,2.87022692733,8,7,3,0,0,0
227,227,18,301.8,0,0,3.07800546573,8,7,3,0,0,0
228,228,18,299.3,0,0,2.99466300875,8,7,3,0,0,0
229,229,18,294.7,0,0,2.99741173751,8,7,3,0,0,0
230,230,18,289.9,0,0,2.77625906195,7,8,3,0,0,0
231,231,18,277.6,0,0,2.67374061735,7,8,3,0,0,0
232,232,18,270.3,0,0,2.67894843285,7,8,3,0,0,0
233,233,18,277.3,0,0,2.77837705954,7,8,3,0,0,0
234,234,18,281.5,0,0,2.80862932635,7,8,3,0,0,0
235,235,18,282.5,0,0,2.86468809969,7,8,3,0,0,0
236,236,18,282.6,0,0,2.78567765544,7,8,3,0,0,0
237,237,18,284.0,0,0,2.70871264312,7,8,3,0,0,0
238,238,18,287.3,0,0,2.55990323551,7,8,3,0,0,0
239,239,18,284.6,0,0,2.61171318326,7,8,3,0,0,0
240,240,18,271.1,0,0,2.79519311948,7,8,3,0,0,0
241,241,17,268.4,0,0,2.78430475005,6,8,3,0,0,0
242,242,16,258.5,0,0,2.57215052696,6,8,2,0,0,0
243,243,15,241.0,0,0,2.77814600734,5,8,2,0,0,0
244,244,15,245.7,0,0,2.79059645442,5,8,2,0,0,0
245,245,14,245.5,0,0,3.19413095027,4,8,2,0,0,0
246,246,15,257.3,0,0,3.25924326595,4,8,3,0,0,0
247,247,14,244.8,0,0,3.53572039072,4,7,3,0,0,0
248,248,14,244.1,0,0,3.4511106669,4,7,3,0,0,0
249,249,14,244.3,0,0,3.85601428341,4,7,3,0,0,0
250,250,14,244.8,0,0,3.48730822861,4,7,3,0,0,0
251,251,14,246.2,0,0,3.62933711745,4,7,3,0,0,0
252,252,14,245.5,0,0,3.98566800556,4,7,3,0,0,0
253,253,14,244.7,0,0,3.81438140391,4,7,3,0,0,0
254,254,14,249.4,0,0,3.12258698046,4,7,3,0,0,0
255,255,14,249.4,0,0,3.58583905917,5,6,3,0,0,0
256,256,14,231.3,0,0,2.66694252236,5,6,3,0,0,0
257,257,14,236.6,0,0,2.28944064381,5,6,3,0,0,0
258,258,14,236.5,0,0,2.46435021416,5,6,3,0,0,0
259,259,14,228.8,0,0,2.58299596048,5,6,3,0,0,0
260,260,14,223.2,0,0,2.51326152966,5,6,3,0,0,0
261,261,14,215.4,0,0,2.28468383366,5,6,3,0,0,0
262,262,14,227.6,0,0,2.8656357291,5,6,3,0,0,0
263,263,14,226.4,0,0,2.80999002775,5,6,3,0,0,0
264,264,14,224.1,0,0,2.62516352186,5,6,3,0,0,0
265,265,14,230.5,0,0,2.51292264501,5,6,3,0,0,0
266,266,14,211.9,0,0,2.99964283588,5,6,3,0,0,0
267,267,15,218.9,0,0,2.66524366795,6,6,3,0,0,0
268,268,15,226.0,0,0,3.47206539328,6,6,3,0,0,0
269,269,15,230.8,0,0,3.10319343964,6,6,3,0,0,0
270,270,15,232.0,0,0,3.5021761942,6,6,3,0,0,0
271,271,15,225.4,0,0,3.23451622938,6,6,3,0,0,0
272,272,15,224.1,0,0,3.26207646402,6,6,3,0,0,0
273,273,15,224.4,0,0,2.95919873325,6,6,3,0,0,0
274,274,15,222.8,0,0,2.81269232147,6,6,3,0,0,0
275,275,15,223.4,0,0,3.06255417834,6,6,3,0,0,0
276,276,14,213.6,0,0,3.01705773273,5,6,3,0,0,0
277,277,14,214.4,0,0,3.06766188661,5,6,3,0,0,0
278,278,14,209.9,0,0,2.98907350856,5,6,3,0,0,0
279,279,14,218.2,0,0,3.40471554055,5,6,3,0,0,0
280,280,14,218.1,0,0,3.34139044559,5,6,3,0,0,0
281,281,14,216.1,0,0,3.66072862501,5,6,3,0,0,0
282,282,14,227.2,0,0,2.81819051914,5,6,3,0,0,0
283,283,14,231.1,0,0,2.7187282903,5,6,3,0,0,0
284,284,14,230.7,0,0,2.78627917631,5,6,3,0,0,0
285,285,14,231.8,0,0,2.43206600547,5,6,3,0,0,0
286,286,15,243.5,0,0,2.8149262022,5,7,3,0,0,0
287,287,15,245.9,0,0,2.95017352193,5,7,3,0,0,0
288,288,15,252.3,0,0,3.4397259027,5,7,3,0,0,0
289,289,16,261.3,0,0,3.38481289488,6,7,3,0,0,0
290,290,17,267.8,0,0,3.41725724212,6,8,3,0,0,0
291,291,17,269.2,0,0,3.64930492979,6,8,3,0,0,0
292,292,17,274.8,0,0,3.53852744381,6,8,3,0,0,0
293,293,17,269.6,0,0,3.0783637747,6,8,3,0,0,0
294,294,17,274.1,0,0,3.08332803391,6,8,3,0,0,0
295,295,17,267.3,0,0,2.74055865923,6,8,3,0,0,0
296,296,17,269.1,0,0,2.9012421275,6,8,3,0,0,0
297,297,17,282.8,0,0,4.27623391205,6,8,3,0,0,0
298,298,17,283.9,0,0,4.13612137153,6,8,3,0,0,0
299,299,17,290.6,0,0,4.01753509447,6,8,3,0,0,0
300,300,17,291.8,0,0,3.43855732402,6,8,3,0,0,0
301,301,17,285.3,0,0,2.93773622329,6,8,3,0,0,0
302,302,17,285.7,0,0,2.94458625876,6,8,3,0,0,0
303,303,17,281.3,0,0,2.9868707804,6,8,3,0,0,0
304,304,17,278.7,0,0,3.55008284907,6,8,3,0,0,0
305,305,17,286.2,0,0,3.39465410176,6,8,3,0,0,0
306,306,17,280.9,0,0,2.88823679166,6,8,3,0,0,0
307,307,17,286.3,0,0,2.97112327738,6,8,3,0,0,0
308,308,17,283.8,0,0,3.29838418552,6,8,3,0,0,0
309,309,17,294.9,0,0,3.19552766516,6,8,3,0,0,0
310,310,17,282.7,0,0,3.14260336065,6,8,3,0,0,0
311,311,16,286.9,0,0,3.15165961572,6,7,3,0,0,0
312,312,16,285.8,0,0,3.40252357327,6,7,3,0,0,0
313,313,16,280.3,0,0,3.61279554731,6,7,3,0,0,0
314,314,16,280.7,0,0,3.683651947,6,7,3,0,0,0
315,315,16,279.6,0,0,3.37273380707,6,7,3,0,0,0
316,316,16,281.4,0,0,3.46523207496,6,7,3,0,0,0
317,317,16,279.9,0,0,3.41905810617,6,7,3,0,0,0
318,318,16,281.3,0,0,3.46183357004,6,7,3,0,0,0
319,319,16,287.1,0,0,3.28653185998,6,7,3,0,0,0
320,320,16,287.6,0,0,3.37253613769,6,7,3,0,0,0
321,321,16,280.2,0,0,3.32382811429,6,7,3,0,0,0
322,322,16,278.3,0,0,3.14228552702,6,7,3,0,0,0
323,323,16,282.8,0,0,3.16870110087,6,7,3,0,0,0
324,324,16,286.3,0,0,3.16195482785,6,7,3,0,0,0
325,325,16,275.9,0,0,2.62804585196,6,7,3,0,0,0
326,326,16,277.9,0,0,2.63102483201,6,7,3,0,0,0
327,327,16,273.3,0,0,3.12008947521,6,7,3,0,0,0
328,328,16,269.3,0,0,2.90303720266,6,7,3,0,0,0
329,329,16,271.7,0,0,2.79027328411,6,7,3,0,0,0
330,330,16,269.3,0,0,2.75117399183,6,7,3,0,0,0
331,331,17,280.0,0,0,2.76829476074,6,8,3,0,0,0
332,332,17,281.0,0,0,2.83499662828,6,8,3,0,0,0
333,333,16,258.7,0,0,2.63987846942,6,7,3,0,0,0
334,334,16,261.5,0,0,2.81755656554,6,7,3,0,0,0
335,335,16,255.4,0,0,2.71314700425,6,7,3,0,0,0
336,336,16,255.2,0,0,2.81377563664,6,7,3,0,0,0
337,337,16,257.7,0,0,2.68637767263,6,7,3,0,0,0
338,338,15,246.9,0,0,2.76141785527,5,7,3,0,0,0
339,339,15,247.4,0,0,2.68659813218,5,7,3,0,0,0
340,340,14,231.0,0,0,2.3703294156,4,7,3,0,0,0
341,341,14,230.4,0,0,2.34380173936,4,7,3,0,0,0
342,342,14,230.8,0,0,2.5422150072,4,7,3,0,0,0
343,343,14,218.0,0,0,3.29485112805,4,7,3,0,0,0
344,344,14,213.3,0,0,3.48857633357,4,7,3,0,0,0
345,345,14,219.5,0,0,3.18099611187,4,7,3,0,0,0
346,346,13,201.9,0,0,3.24997041407,4,6,3,0,0,0
347,347,14,209.9,0,0,3.27636390524,5,6,3,0,0,0
348,348,14,200.8,0,0,3.02749306947,5,6,3,0,0,0
349,349,14,202.9,0,0,3.18420725208,5,6,3,0,0,0
350,350,14,203.8,0,0,3.41393395586,5,6,3,0,0,0
351,351,14,200.0,0,0,2.99842449472,5,6,3,0,0,0
352,352,14,204.0,0,0,2.83587690181,5,6,3,0,0,0
353,353,15,236.9,1,25.2,4.33234787329,5,7,3,0,1,0
354,354,16,265.5,0,0,2.84100187727,6,7,3,0,0,0
355,355,16,280.5,0,0,2.39742048878,6,7,3,0,0,0
356,356,16,271.1,0,0,1.74851127153,6,7,3,0,0,0
357,357,16,275.6,0,0,2.20861947832,6,7,3,0,0,0
358,358,17,287.0,0,0,2.39510837284,6,8,3,0,0,0
359,359,17,280.9,0,0,2.61283596207,6,8,3,0,0,0
360,360,17,264.4,0,0,1.75254017324,6,8,3,0,0,0
361,361,17,265.4,0,0,2.11568025495,6,8,3,0,0,0
362,362,17,258.4,0,0,2.14825510589,6,8,3,0,0,0
363,363,17,255.9,0,0,2.50027939615,6,8,3,0,0,0
364,364,17,251.0,0,0,2.79618963423,6,8,3,0,0,0
365,365,17,258.4,0,0,2.8359301825,6,8,3,0,0,0
366,366,17,267.0,0,0,3.28223829654,6,8,3,0,0,0
367,367,17,280.8,0,0,3.62495436077,6,8,3,0,0,0
368,368,17,272.8,0,0,3.2835037778,6,8,3,0,0,0
369,369,17,265.4,0,0,3.08015469436,6,8,3,0,0,0
370,370,17,258.9,0,0,2.33606632662,6,8,3,0,0,0
371,371,17,260.4,0,0,2.46937119884,6,8,3,0,0,0
372,372,17,263.1,1,26.2,3.36833219334,6,8,3,1,0,0
