,e_id,num_sat,sum_snr,num_sat_25,sum_snr_25,num_sat_u20,sum_sat_u20,snr_std,elev_0_30,elev_30_60,elev_60_90,sum_elev_0_30,sum_elev_30_60,sum_elev_60_90,elev_0_30_25,elev_30_60_25,elev_60_90_25,sum_elev_0_30_25,sum_elev_30_60_25,sum_elev_60_90_25
1,1,9,148.5,0,0,6,82.2,4.41389850359,3,2,4,38.8,37.2,72.5,0,0,0,0,0,0
2,2,9,141.5,0,0,8,117.6,3.7512590479,3,2,4,38.5,33.3,69.7,0,0,0,0,0,0
3,3,9,145.8,0,0,8,123.3,3.41211078366,3,2,4,43.1,38.5,64.2,0,0,0,0,0,0
4,4,10,190.1,0,0,6,103.7,3.33448313503,4,2,4,75.3,37.5,77.3,0,0,0,0,0,0
5,5,10,181.1,0,0,8,139.8,2.69709720502,4,2,4,71.5,35.6,74.0,0,0,0,0,0,0
6,6,10,182.3,0,0,7,119.2,2.97472687822,4,2,4,73.8,36.7,71.8,0,0,0,0,0,0
7,7,10,175.0,0,0,9,154.9,2.00997512422,4,2,4,70.0,33.2,71.8,0,0,0,0,0,0
8,8,11,192.7,0,0,10,170.9,2.78166072044,5,2,4,87.7,33.2,71.8,0,0,0,0,0,0
9,9,11,187.9,0,0,10,166.1,2.97617814716,5,2,4,87.7,32.4,67.8,0,0,0,0,0,0
10,10,11,185.0,0,0,9,142.2,3.21894957457,5,2,4,82.7,34.5,67.8,0,0,0,0,0,0
11,11,11,181.8,0,0,9,137.4,3.4882921062,5,2,4,82.7,36.1,63.0,0,0,0,0,0,0
12,12,11,170.2,0,0,10,148.9,2.76734201323,5,2,4,74.4,34.8,61.0,0,0,0,0,0,0
13,13,11,183.2,0,0,9,140.1,3.26109295677,5,2,4,84.6,34.0,64.6,0,0,0,0,0,0
14,14,11,169.4,0,0,11,169.4,3.03413908712,5,2,4,81.4,31.9,56.1,0,0,0,0,0,0
15,15,12,182.2,0,0,12,182.2,2.87491765363,6,2,4,94.2,32.3,55.7,0,0,0,0,0,0
16,16,12,196.7,0,0,10,153.4,3.77370286765,6,2,4,99.1,32.3,65.3,0,0,0,0,0,0
17,17,12,208.5,0,0,10,163.4,3.28387935777,6,2,4,107.4,30.1,71.0,0,0,0,0,0,0
18,18,12,213.5,0,0,11,189.2,2.8137514051,6,2,4,103.8,37.5,72.2,0,0,0,0,0,0
19,19,12,210.3,0,0,11,189.2,2.23245686103,6,2,4,100.6,37.5,72.2,0,0,0,0,0,0
20,20,12,207.3,0,0,11,185.6,2.3242300778,6,2,4,101.2,36.5,69.6,0,0,0,0,0,0
21,21,12,204.9,0,0,10,163.0,2.52735039122,6,2,4,100.1,39.2,65.6,0,0,0,0,0,0
22,22,12,199.3,0,0,11,178.0,2.45670079332,6,2,4,99.4,39.2,60.7,0,0,0,0,0,0
23,23,12,195.4,0,0,11,174.1,2.57252381678,6,2,4,93.3,39.2,62.9,0,0,0,0,0,0
24,24,12,191.0,0,0,12,191.0,2.13789757954,6,2,4,94.1,32.5,64.4,0,0,0,0,0,0
25,25,12,199.2,0,0,10,155.6,3.01179499483,6,2,4,95.2,37.4,66.6,0,0,0,0,0,0
26,26,12,202.5,0,0,10,158.6,3.10750557668,6,2,4,97.7,40.3,64.5,0,0,0,0,0,0
27,27,12,207.4,0,0,9,143.3,3.16539049245,6,2,4,101.5,41.4,64.5,0,0,0,0,0,0
28,28,13,227.0,0,0,10,155.8,4.44307297216,7,2,4,116.2,46.3,64.5,0,0,0,0,0,0
29,29,13,221.0,1,25.2,11,173.3,3.98350766704,7,2,4,115.1,41.4,64.5,1,0,0,25.2,0,0
30,30,13,216.4,1,26.1,11,166.7,4.33889682304,7,2,4,115.3,42.1,59.0,1,0,0,26.1,0,0
31,31,13,223.6,1,25.9,10,152.4,4.32049379894,7,2,4,119.3,45.3,59.0,1,0,0,25.9,0,0
32,32,13,212.5,0,0,12,192.1,2.70573938897,7,2,4,112.2,38.0,62.3,0,0,0,0,0,0
33,33,13,220.1,0,0,11,176.7,3.13006512589,7,2,4,112.9,39.7,67.5,0,0,0,0,0,0
34,34,13,214.7,0,0,11,171.2,3.11069289008,7,2,4,110.6,38.1,66.0,0,0,0,0,0,0
35,35,13,208.8,0,0,11,165.5,3.15053922939,7,2,4,104.7,38.1,66.0,0,0,0,0,0,0
36,36,13,211.8,0,0,12,187.9,3.33378202108,7,2,4,116.1,34.6,61.1,0,0,0,0,0,0
37,37,13,212.0,0,0,12,190.9,2.75150308573,7,2,4,113.3,34.6,64.1,0,0,0,0,0,0
38,38,13,210.7,0,0,12,189.3,2.88197314886,7,2,4,113.8,32.8,64.1,0,0,0,0,0,0
39,39,13,213.7,0,0,11,169.2,3.41358522708,7,2,4,119.2,34.9,59.6,0,0,0,0,0,0
40,40,13,208.8,0,0,11,167.2,2.84327817303,7,2,4,112.6,36.6,59.6,0,0,0,0,0,0
41,41,13,212.6,0,0,11,168.4,3.57645433929,7,2,4,115.2,37.8,59.6,0,0,0,0,0,0
42,42,13,206.9,0,0,12,186.2,3.04435164248,7,2,4,113.4,35.3,58.2,0,0,0,0,0,0
43,43,13,202.7,0,0,12,178.9,3.24511467144,7,2,4,111.3,34.5,56.9,0,0,0,0,0,0
44,44,13,200.5,0,0,12,179.1,2.7976638606,7,2,4,108.9,34.7,56.9,0,0,0,0,0,0
45,45,13,197.7,0,0,12,177.3,2.38623187559,7,2,4,107.5,33.0,57.2,0,0,0,0,0,0
46,46,13,202.0,0,0,12,178.1,3.07829456614,7,2,4,110.5,34.3,57.2,0,0,0,0,0,0
47,47,13,207.4,0,0,12,183.6,3.24541096129,7,2,4,113.4,34.3,59.7,0,0,0,0,0,0
48,48,12,198.7,0,0,11,174.8,2.98768938794,6,2,4,101.3,34.8,62.6,0,0,0,0,0,0
49,49,12,199.1,0,0,11,175.1,3.09470466599,6,2,4,101.3,34.8,63.0,0,0,0,0,0,0
50,50,13,209.0,0,0,12,186.6,2.72676665856,7,2,4,110.9,34.8,63.3,0,0,0,0,0,0
51,51,13,214.0,0,0,11,168.3,3.24333636387,7,2,4,117.4,34.8,61.8,0,0,0,0,0,0
52,52,13,213.5,0,0,11,168.2,3.28764197315,7,2,4,115.3,34.8,63.4,0,0,0,0,0,0
53,53,12,196.4,0,0,11,175.2,2.54069902097,6,2,4,98.2,34.8,63.4,0,0,0,0,0,0
54,54,12,200.9,0,0,10,158.5,2.6616667141,6,2,4,104.0,34.8,62.1,0,0,0,0,0,0
55,55,12,191.4,0,0,12,191.4,2.42130693484,6,2,4,100.4,28.9,62.1,0,0,0,0,0,0
56,56,12,198.4,0,0,11,176.2,2.52454616383,6,2,4,102.9,33.4,62.1,0,0,0,0,0,0
57,57,12,198.6,0,0,9,133.5,3.55156815557,6,2,4,106.3,33.6,58.7,0,0,0,0,0,0
58,58,12,192.0,0,0,10,146.7,3.51800563336,6,2,4,101.7,31.6,58.7,0,0,0,0,0,0
59,59,12,194.2,0,0,10,148.6,3.59009580357,6,2,4,99.7,34.6,59.9,0,0,0,0,0,0
60,60,12,202.8,1,25.8,9,132.0,4.26124181644,6,2,4,104.2,38.7,59.9,1,0,0,25.8,0,0
61,61,12,203.0,1,25.5,9,132.9,4.16976854237,6,2,4,102.9,39.3,60.8,1,0,0,25.5,0,0
62,62,11,191.4,1,25.4,8,120.6,4.25182313837,6,2,3,104.9,40.1,46.4,1,0,0,25.4,0,0
63,63,11,190.9,0,0,7,103.2,3.88545071681,6,2,3,101.6,42.9,46.4,0,0,0,0,0,0
64,64,11,187.7,0,0,8,121.9,3.58922630306,6,2,3,101.4,39.9,46.4,0,0,0,0,0,0
65,65,11,186.0,1,25.1,8,118.3,4.16712239932,6,2,3,102.4,41.4,42.2,1,0,0,25.1,0,0
66,66,11,179.5,0,0,9,133.9,4.24518979124,6,2,3,99.6,41.0,38.9,0,0,0,0,0,0
67,67,11,184.1,0,0,7,100.6,3.85441895161,6,2,3,98.1,41.3,44.7,0,0,0,0,0,0
68,68,11,189.7,0,0,7,104.2,4.1774067641,6,2,3,95.0,44.1,50.6,0,0,0,0,0,0
69,69,10,168.6,0,0,7,105.1,4.13553704695,5,2,3,75.3,43.1,50.2,0,0,0,0,0,0
70,70,10,168.9,0,0,8,123.6,4.37783558901,5,2,3,80.4,40.5,48.0,0,0,0,0,0,0
71,71,10,164.2,0,0,7,101.8,3.85913058718,5,2,3,76.9,40.3,47.0,0,0,0,0,0,0
72,72,9,149.8,0,0,8,129.0,3.45438529666,4,2,3,62.4,40.3,47.1,0,0,0,0,0,0
73,73,10,169.7,0,0,7,103.1,4.32076382136,4,2,4,67.5,38.2,64.0,0,0,0,0,0,0
74,74,11,190.6,0,0,8,124.7,3.82441914782,5,2,4,85.1,39.0,66.5,0,0,0,0,0,0
75,75,11,178.5,0,0,9,136.8,3.22988882443,5,2,4,78.7,39.0,60.8,0,0,0,0,0,0
76,76,12,213.0,0,0,8,125.7,3.66816773682,6,2,4,106.5,39.0,67.5,0,0,0,0,0,0
77,77,12,211.1,0,0,9,147.1,2.96753902734,6,2,4,104.2,39.0,67.9,0,0,0,0,0,0
78,78,11,192.0,0,0,8,125.6,3.50153213219,5,2,4,90.3,36.9,64.8,0,0,0,0,0,0
79,79,11,198.5,0,0,8,132.4,3.27333580201,5,2,4,92.6,31.0,74.9,0,0,0,0,0,0
80,80,12,210.3,0,0,10,164.4,3.25104878183,6,2,4,108.4,30.3,71.6,0,0,0,0,0,0
81,81,12,212.5,0,0,9,145.9,3.18161146515,6,2,4,110.6,33.4,68.5,0,0,0,0,0,0
82,82,12,201.6,0,0,10,158.0,3.00937927759,6,2,4,99.7,33.4,68.5,0,0,0,0,0,0
83,83,12,206.8,0,0,10,163.8,2.5162502164,6,2,4,107.3,32.5,67.0,0,0,0,0,0,0
84,84,12,217.7,0,0,7,111.6,2.93860150205,6,2,4,106.2,42.3,69.2,0,0,0,0,0,0
85,85,12,217.8,0,0,9,151.5,2.77537876203,6,2,4,106.1,42.6,69.1,0,0,0,0,0,0
86,86,12,221.9,1,25.3,9,150.7,3.61397749486,6,2,4,106.4,45.9,69.6,1,0,0,25.3,0,0
87,87,12,213.8,0,0,9,145.9,3.2743724821,6,2,4,102.8,44.5,66.5,0,0,0,0,0,0
88,88,12,214.8,0,0,9,145.9,3.41174442185,6,2,4,101.7,44.6,68.5,0,0,0,0,0,0
89,89,12,222.9,1,25.6,8,130.3,3.8877722062,6,2,4,106.9,46.7,69.3,1,0,0,25.6,0,0
90,90,12,210.8,0,0,10,165.5,2.99828233655,6,2,4,103.7,39.1,68.0,0,0,0,0,0,0
91,91,12,212.8,0,0,9,146.7,3.32656889393,6,2,4,101.9,42.9,68.0,0,0,0,0,0,0
92,92,13,227.2,0,0,9,139.1,3.69394862041,6,2,5,102.7,44.1,80.4,0,0,0,0,0,0
93,93,13,221.9,1,25.2,10,150.8,4.37119064927,6,2,5,94.1,47.5,80.3,0,1,0,0,25.2,0
94,94,13,226.0,1,25.5,9,132.8,4.78118642073,6,2,5,93.0,49.5,83.5,0,1,0,0,25.5,0
95,95,13,220.0,0,0,10,153.3,4.01666400681,6,2,5,94.5,43.1,82.4,0,0,0,0,0,0
96,96,13,223.2,1,25.7,12,197.5,3.68519212873,6,2,5,95.4,45.4,82.4,0,1,0,0,25.7,0
97,97,13,226.8,0,0,11,179.6,3.79311116469,6,2,5,100.3,44.1,82.4,0,0,0,0,0,0
98,98,13,219.6,0,0,11,172.9,3.81301751427,6,2,5,99.5,43.6,76.5,0,0,0,0,0,0
99,99,14,231.2,0,0,12,184.0,3.76090356223,7,2,5,111.8,42.9,76.5,0,0,0,0,0,0
100,100,15,245.5,0,0,12,180.6,3.5973535246,8,2,5,123.6,44.1,77.8,0,0,0,0,0,0
101,101,15,242.2,0,0,12,176.9,3.88897097419,8,2,5,119.4,45.0,77.8,0,0,0,0,0,0
102,102,14,215.0,0,0,12,169.1,3.9644020377,7,2,5,101.6,42.8,70.6,0,0,0,0,0,0
103,103,14,208.6,0,0,13,187.6,3.05689636472,7,2,5,101.5,36.5,70.6,0,0,0,0,0,0
104,104,14,216.0,0,0,13,193.4,3.15117281498,7,2,5,98.3,40.5,77.2,0,0,0,0,0,0
105,105,13,204.2,0,0,12,181.6,3.36859553782,7,2,4,99.5,41.2,63.5,0,0,0,0,0,0
106,106,12,185.9,0,0,11,165.5,2.77241553141,6,2,4,88.7,34.4,62.8,0,0,0,0,0,0
107,107,13,203.6,0,0,12,181.2,2.96775405021,6,2,5,90.4,32.9,80.3,0,0,0,0,0,0
108,108,13,201.9,0,0,12,180.8,2.71305013327,6,2,5,89.1,32.9,79.9,0,0,0,0,0,0
109,109,13,205.2,0,0,12,182.4,2.89016901289,6,2,5,92.5,32.9,79.8,0,0,0,0,0,0
110,110,13,204.3,0,0,12,181.1,2.72850574303,6,2,5,93.9,33.6,76.8,0,0,0,0,0,0
111,111,14,215.2,0,0,13,193.3,2.65458343,7,2,5,103.9,34.9,76.4,0,0,0,0,0,0
112,112,14,229.3,0,0,11,163.7,3.3252365032,7,2,5,105.2,39.0,85.1,0,0,0,0,0,0
113,113,14,224.8,0,0,12,182.8,2.75449682288,7,2,5,106.1,33.2,85.5,0,0,0,0,0,0
114,114,14,223.8,0,0,12,182.0,2.70408726044,7,2,5,106.7,33.2,83.9,0,0,0,0,0,0
115,115,14,228.2,0,0,12,186.3,2.9961513775,7,2,5,109.3,33.2,85.7,0,0,0,0,0,0
116,116,14,222.1,0,0,13,201.8,2.36727923765,7,2,5,108.1,29.8,84.2,0,0,0,0,0,0
117,117,14,220.7,0,0,13,200.4,2.27041410755,7,2,5,108.1,29.8,82.8,0,0,0,0,0,0
118,118,15,229.7,0,0,15,229.7,1.74186544776,8,2,5,123.6,30.7,75.4,0,0,0,0,0,0
119,119,15,231.9,0,0,15,231.9,2.03041164018,8,2,5,122.6,33.9,75.4,0,0,0,0,0,0
120,120,15,241.0,0,0,14,219.9,2.5016185237,8,2,5,126.0,36.3,78.7,0,0,0,0,0,0
121,121,15,246.2,0,0,13,204.8,2.76350364229,8,2,5,126.4,39.0,80.8,0,0,0,0,0,0
122,122,15,244.3,0,0,13,202.9,2.81624538974,8,2,5,124.8,38.7,80.8,0,0,0,0,0,0
123,123,15,245.8,0,0,13,202.6,3.29975468064,8,2,5,131.3,38.1,76.4,0,0,0,0,0,0
124,124,14,221.2,0,0,12,178.6,3.24464055139,8,2,4,130.0,36.4,54.8,0,0,0,0,0,0
125,125,14,221.7,0,0,11,158.4,3.33526775372,8,2,4,129.6,37.3,54.8,0,0,0,0,0,0
126,126,13,217.8,0,0,9,130.9,4.12039953253,7,2,4,117.5,43.5,56.8,0,0,0,0,0,0
127,127,13,207.3,0,0,11,165.1,3.37604684619,7,2,4,109.7,40.0,57.6,0,0,0,0,0,0
128,128,13,210.7,0,0,10,148.5,3.38783646262,7,2,4,111.2,41.9,57.6,0,0,0,0,0,0
129,129,13,213.6,0,0,10,148.0,3.6643290917,7,2,4,110.8,45.3,57.5,0,0,0,0,0,0
130,130,13,212.9,0,0,10,150.0,3.55882795457,7,2,4,109.4,42.6,60.9,0,0,0,0,0,0
131,131,13,208.6,0,0,11,166.9,3.27684181914,7,2,4,108.5,39.9,60.2,0,0,0,0,0,0
132,132,13,205.9,0,0,11,160.9,3.5959557055,7,2,4,101.2,45.0,59.7,0,0,0,0,0,0
133,133,13,203.8,0,0,11,161.2,3.25144938096,7,2,4,101.5,42.6,59.7,0,0,0,0,0,0
134,134,13,208.0,0,0,11,165.4,3.15171910762,7,2,4,105.7,42.6,59.7,0,0,0,0,0,0
135,135,12,196.5,0,0,9,133.0,3.46964106082,6,2,4,98.4,41.9,56.2,0,0,0,0,0,0
136,136,12,192.7,0,0,11,171.1,3.03178865099,6,2,4,98.8,37.7,56.2,0,0,0,0,0,0
137,137,12,197.3,0,0,9,133.3,3.58569337363,6,2,4,100.1,41.0,56.2,0,0,0,0,0,0
138,138,11,181.3,0,0,10,159.7,2.90544942541,6,2,3,98.7,38.0,44.6,0,0,0,0,0,0
139,139,11,179.7,0,0,10,158.1,2.96049750119,6,2,3,98.7,37.6,43.4,0,0,0,0,0,0
140,140,11,189.6,0,0,9,144.3,3.56265988477,6,2,3,98.9,43.2,47.5,0,0,0,0,0,0
141,141,11,184.5,0,0,9,141.8,3.21499328431,6,2,3,93.3,42.7,48.5,0,0,0,0,0,0
142,142,11,180.6,0,0,11,180.6,2.71507575652,6,2,3,93.3,38.8,48.5,0,0,0,0,0,0
143,143,11,182.9,0,0,10,161.8,3.00202961647,6,2,3,93.3,41.1,48.5,0,0,0,0,0,0
144,144,11,184.1,0,0,10,163.0,2.39719533091,6,2,3,95.6,39.6,48.9,0,0,0,0,0,0
145,145,12,209.0,0,0,9,146.3,2.85078404952,6,2,4,99.8,39.6,69.6,0,0,0,0,0,0
146,146,12,210.2,0,0,8,125.7,3.26909310008,6,2,4,105.0,39.6,65.6,0,0,0,0,0,0
147,147,12,204.4,0,0,10,163.0,2.85062459929,6,2,4,100.7,39.6,64.1,0,0,0,0,0,0
148,148,12,202.4,0,0,10,159.4,2.89994775293,6,2,4,99.2,36.2,67.0,0,0,0,0,0,0
149,149,13,224.2,0,0,9,136.7,3.75646451348,7,2,4,112.7,42.6,68.9,0,0,0,0,0,0
150,150,13,221.4,0,0,10,155.5,3.56356203243,7,2,4,112.8,39.9,68.7,0,0,0,0,0,0
151,151,13,225.0,0,0,9,135.4,4.13429992834,7,2,4,112.3,42.4,70.3,0,0,0,0,0,0
152,152,13,223.1,0,0,10,156.2,3.84676020861,7,2,4,111.8,40.2,71.1,0,0,0,0,0,0
153,153,14,237.0,0,0,11,170.6,3.76183845632,8,2,4,127.4,41.0,68.6,0,0,0,0,0,0
154,154,14,249.5,0,0,9,138.7,4.00579936735,8,2,4,129.2,43.6,76.7,0,0,0,0,0,0
155,155,14,244.1,0,0,10,157.9,3.61207529159,8,2,4,129.0,40.4,74.7,0,0,0,0,0,0
156,156,13,225.6,0,0,10,162.2,3.16954659865,7,2,4,114.0,40.4,71.2,0,0,0,0,0,0
157,157,13,224.4,0,0,10,161.9,3.09799356077,7,2,4,112.8,40.4,71.2,0,0,0,0,0,0
158,158,13,224.8,0,0,10,162.3,3.05817525617,7,2,4,113.2,40.4,71.2,0,0,0,0,0,0
159,159,13,211.2,0,0,12,190.9,2.43571186878,7,2,4,110.0,30.0,71.2,0,0,0,0,0,0
160,160,13,217.9,0,0,10,151.4,3.50179441181,7,2,4,112.4,38.7,66.8,0,0,0,0,0,0
161,161,13,219.3,0,0,10,155.9,3.04532007496,7,2,4,111.4,36.8,71.1,0,0,0,0,0,0
162,162,13,220.5,0,0,10,157.9,2.9536808848,7,2,4,113.6,37.0,69.9,0,0,0,0,0,0
163,163,13,217.5,0,0,11,175.7,2.59627445114,7,2,4,114.1,33.4,70.0,0,0,0,0,0,0
164,164,13,214.4,0,0,12,192.5,2.73753585622,7,2,4,110.9,37.3,66.2,0,0,0,0,0,0
165,165,13,221.3,0,0,11,179.4,2.64926211304,7,2,4,113.2,36.1,72.0,0,0,0,0,0,0
166,166,13,216.4,0,0,12,195.8,2.27435536091,7,2,4,112.6,33.9,69.9,0,0,0,0,0,0
167,167,13,204.8,0,0,13,204.8,2.49085506892,7,2,4,106.6,33.2,65.0,0,0,0,0,0,0
168,168,12,204.6,0,0,10,161.1,3.44976942576,6,2,4,105.7,33.9,65.0,0,0,0,0,0,0
169,169,13,220.1,0,0,10,153.4,3.81037719379,7,2,4,116.5,38.6,65.0,0,0,0,0,0,0
170,170,13,216.2,0,0,10,149.1,4.03100165703,7,2,4,112.9,39.2,64.1,0,0,0,0,0,0
171,171,13,214.6,0,0,12,191.7,3.5994123452,7,2,4,113.2,34.1,67.3,0,0,0,0,0,0
172,172,14,227.6,0,0,13,206.5,3.15124255974,8,2,4,127.4,32.9,67.3,0,0,0,0,0,0
173,173,14,228.7,0,0,12,183.4,3.64197899349,8,2,4,125.6,41.0,62.1,0,0,0,0,0,0
174,174,14,227.4,0,0,12,183.0,3.78452604201,8,2,4,127.3,41.9,58.2,0,0,0,0,0,0
175,175,14,226.7,0,0,11,162.8,3.74339711733,8,2,4,125.4,43.1,58.2,0,0,0,0,0,0
176,176,14,227.0,0,0,12,183.6,3.36425946655,8,2,4,125.0,36.7,65.3,0,0,0,0,0,0
177,177,14,230.1,0,0,12,183.2,3.78064038997,8,2,4,131.6,38.5,60.0,0,0,0,0,0,0
178,178,14,229.0,0,0,12,186.9,3.08013842988,8,2,4,129.3,34.3,65.4,0,0,0,0,0,0
179,179,14,245.1,0,0,10,159.9,3.24214181005,8,2,4,131.5,39.6,74.0,0,0,0,0,0,0
180,180,13,232.2,1,25.1,10,164.5,3.39129730869,7,2,4,122.7,40.8,68.7,1,0,0,25.1,0,0
181,181,13,226.2,1,25.1,10,158.5,3.61501498383,7,2,4,116.7,40.8,68.7,1,0,0,25.1,0,0
182,182,13,214.9,1,25.1,11,168.8,3.44441204837,7,2,4,113.8,32.7,68.4,1,0,0,25.1,0,0
183,183,13,210.5,0,0,12,189.0,2.65187403499,7,2,4,111.2,35.4,63.9,0,0,0,0,0,0
184,184,14,235.1,0,0,13,213.5,2.70454440517,8,2,4,128.7,37.3,69.1,0,0,0,0,0,0
185,185,14,240.4,0,0,12,197.1,3.08804856763,8,2,4,131.7,39.0,69.7,0,0,0,0,0,0
186,186,14,233.8,0,0,12,189.7,3.1070639121,8,2,4,131.1,34.7,68.0,0,0,0,0,0,0
187,187,14,228.9,0,0,14,228.9,2.61938043173,8,2,4,125.4,36.8,66.7,0,0,0,0,0,0
188,188,14,230.3,0,0,12,189.4,2.77592673368,8,2,4,124.9,37.7,67.7,0,0,0,0,0,0
189,189,14,231.9,0,0,12,190.6,2.85781173489,8,2,4,126.1,37.2,68.6,0,0,0,0,0,0
190,190,14,235.5,0,0,11,169.2,3.72975119224,8,2,4,124.1,41.4,70.0,0,0,0,0,0,0
191,191,14,240.5,1,25.4,10,147.8,4.42148227346,8,2,4,120.7,46.5,73.3,0,0,1,0,0,25.4
192,192,14,232.1,0,0,11,164.5,3.94660098574,8,2,4,117.7,41.2,73.2,0,0,0,0,0,0
193,193,14,232.9,0,0,11,167.7,3.47532115679,8,2,4,121.6,39.6,71.7,0,0,0,0,0,0
194,194,14,236.1,0,0,11,170.8,3.3797148589,8,2,4,124.7,40.0,71.4,0,0,0,0,0,0
195,195,14,231.7,0,0,12,188.1,3.09236031337,8,2,4,125.1,40.0,66.6,0,0,0,0,0,0
196,196,14,234.7,0,0,11,168.3,3.51428013043,8,2,4,124.0,39.5,71.2,0,0,0,0,0,0
197,197,14,240.9,0,0,11,173.4,3.59175643463,8,2,4,124.9,43.0,73.0,0,0,0,0,0,0
198,198,14,223.5,0,0,12,180.7,3.0578039236,8,2,4,114.0,39.7,69.8,0,0,0,0,0,0
199,199,14,223.8,1,26.8,13,197.0,3.81975777381,8,2,4,112.6,45.0,66.2,0,1,0,0,26.8,0
200,200,15,239.1,1,26.5,14,212.6,3.82600126951,9,2,4,126.6,46.3,66.2,0,1,0,0,26.5,0
201,201,14,216.7,0,0,13,191.9,3.45658314423,9,2,3,126.5,42.1,48.1,0,0,0,0,0,0
202,202,14,220.0,0,0,13,198.9,2.48591637425,9,2,3,133.4,38.4,48.2,0,0,0,0,0,0
203,203,14,214.2,0,0,14,214.2,2.46451742819,9,2,3,134.3,36.0,43.9,0,0,0,0,0,0
204,204,15,230.4,0,0,14,209.7,2.93350107745,10,2,3,145.7,40.5,44.2,0,0,0,0,0,0
205,205,15,232.1,0,0,13,190.5,3.08532625426,10,2,3,148.3,37.4,46.4,0,0,0,0,0,0
206,206,15,233.1,0,0,13,191.5,3.13797022657,10,2,3,148.3,38.4,46.4,0,0,0,0,0,0
207,207,15,238.2,0,0,13,194.0,3.38973239567,10,2,3,148.7,41.0,48.5,0,0,0,0,0,0
208,208,15,233.6,0,0,15,233.6,2.38850421414,10,2,3,148.8,36.8,48.0,0,0,0,0,0,0
209,209,15,232.6,0,0,13,191.7,2.774750096,10,2,3,143.7,39.2,49.7,0,0,0,0,0,0
210,210,15,232.8,0,0,14,211.9,2.6322722395,10,2,3,144.4,37.7,50.7,0,0,0,0,0,0
211,211,15,250.5,0,0,13,205.9,3.39873926205,10,2,3,151.9,39.1,59.5,0,0,0,0,0,0
212,212,15,248.9,0,0,13,206.2,3.11114739208,10,2,3,153.5,37.8,57.6,0,0,0,0,0,0
213,213,15,243.3,0,0,15,243.3,2.64661508886,10,2,3,152.4,37.9,53.0,0,0,0,0,0,0
214,214,15,250.7,0,0,12,184.4,3.57768214404,10,2,3,155.4,40.7,54.6,0,0,0,0,0,0
215,215,15,250.2,0,0,12,185.5,3.42786897566,10,2,3,155.6,39.7,54.9,0,0,0,0,0,0
216,216,15,252.7,0,0,11,166.1,3.74811698755,10,2,3,156.4,42.4,53.9,0,0,0,0,0,0
217,217,15,253.1,0,0,12,186.0,3.82164262863,10,2,3,158.2,41.0,53.9,0,0,0,0,0,0
218,218,15,248.9,0,0,13,205.5,3.45594036545,10,2,3,154.0,41.0,53.9,0,0,0,0,0,0
219,219,14,229.9,0,0,12,184.4,3.70201163017,9,2,3,144.7,41.1,44.1,0,0,0,0,0,0
220,220,14,224.7,0,0,12,178.6,3.78615900353,9,2,3,143.7,41.6,39.4,0,0,0,0,0,0
221,221,14,214.2,0,0,13,193.3,2.70469676958,9,2,3,136.1,38.7,39.4,0,0,0,0,0,0
222,222,14,216.5,0,0,13,195.6,2.64970452427,9,2,3,136.1,38.7,41.7,0,0,0,0,0,0
223,223,13,196.9,0,0,13,196.9,1.74385367535,8,2,3,118.3,31.9,46.7,0,0,0,0,0,0
224,224,12,193.7,0,0,11,171.8,2.50724707175,7,2,3,105.1,37.4,51.2,0,0,0,0,0,0
225,225,12,195.6,0,0,10,152.9,2.74259333147,7,2,3,105.1,36.4,54.1,0,0,0,0,0,0
226,226,12,191.4,0,0,11,170.5,2.46779253585,7,2,3,105.1,36.4,49.9,0,0,0,0,0,0
227,227,12,193.0,0,0,10,151.7,2.57711372499,7,2,3,104.5,36.4,52.1,0,0,0,0,0,0
228,228,12,196.5,0,0,11,175.6,2.41100695674,7,2,3,105.7,36.4,54.4,0,0,0,0,0,0
229,229,11,174.7,0,0,10,153.8,2.4391876442,6,2,3,90.8,34.2,49.7,0,0,0,0,0,0
230,230,11,176.5,0,0,10,155.6,2.50573886763,6,2,3,91.3,34.2,51.0,0,0,0,0,0,0
231,231,11,174.1,0,0,11,174.1,2.30177796891,6,2,3,92.0,31.1,51.0,0,0,0,0,0,0
232,232,11,172.3,0,0,11,172.3,2.113893435,6,2,3,90.7,31.1,50.5,0,0,0,0,0,0
233,233,11,174.6,0,0,11,174.6,2.33284843446,6,2,3,90.7,30.5,53.4,0,0,0,0,0,0
234,234,11,169.9,0,0,11,169.9,2.30710365453,6,2,3,89.7,30.5,49.7,0,0,0,0,0,0
235,235,11,174.4,0,0,10,153.9,2.44186962648,6,2,3,89.7,30.5,54.2,0,0,0,0,0,0
236,236,11,176.3,0,0,10,155.8,2.52985806285,6,2,3,86.5,34.3,55.5,0,0,0,0,0,0
237,237,11,178.2,0,0,10,156.1,2.87158492822,6,2,3,87.3,40.0,50.9,0,0,0,0,0,0
238,238,11,183.7,0,0,10,160.6,2.90275730987,6,2,3,91.8,41.0,50.9,0,0,0,0,0,0
239,239,11,182.6,0,0,9,139.5,3.24592051659,5,2,4,79.3,36.9,66.4,0,0,0,0,0,0
240,240,12,196.2,0,0,10,155.3,2.74871870977,6,2,4,97.2,34.5,64.5,0,0,0,0,0,0
241,241,13,208.8,0,0,11,168.2,2.89065692117,7,2,4,111.5,34.5,62.8,0,0,0,0,0,0
242,242,12,192.0,0,0,11,171.0,2.56515106768,6,2,4,98.6,33.6,59.8,0,0,0,0,0,0
243,243,12,197.3,0,0,10,154.5,2.6827592083,6,2,4,96.9,37.2,63.2,0,0,0,0,0,0
244,244,13,215.0,0,0,10,151.8,2.80848074634,7,2,4,108.8,39.6,66.6,0,0,0,0,0,0
245,245,13,224.4,0,0,8,121.3,3.17556778691,7,2,4,111.5,41.7,71.2,0,0,0,0,0,0
246,246,13,220.3,0,0,10,159.4,2.6728933713,7,2,4,111.5,40.3,68.5,0,0,0,0,0,0
247,247,13,224.0,0,0,10,159.5,3.00953612577,7,2,4,110.3,42.3,71.4,0,0,0,0,0,0
248,248,13,218.9,0,0,10,154.3,3.2566696848,7,2,4,107.2,43.6,68.1,0,0,0,0,0,0
249,249,13,216.8,0,0,10,152.6,3.18829992476,7,2,4,105.5,42.6,68.7,0,0,0,0,0,0
250,250,13,215.9,0,0,10,151.2,3.31900123995,7,2,4,109.1,39.7,67.1,0,0,0,0,0,0
251,251,13,210.3,0,0,10,147.2,3.46197290721,7,2,4,103.8,42.4,64.1,0,0,0,0,0,0
252,252,13,212.6,0,0,10,148.9,3.69044156902,7,2,4,104.1,42.2,66.3,0,0,0,0,0,0
253,253,13,212.2,0,0,9,126.3,3.98437653972,7,2,4,104.6,43.1,64.5,0,0,0,0,0,0
254,254,13,203.4,0,0,13,203.4,3.06039632091,7,2,4,103.8,37.6,62.0,0,0,0,0,0,0
255,255,14,216.1,0,0,12,174.8,3.24312459564,8,2,4,116.5,38.6,61.0,0,0,0,0,0,0
256,256,14,222.7,0,0,11,158.5,3.6858282204,8,2,4,121.0,40.7,61.0,0,0,0,0,0,0
257,257,15,227.8,0,0,13,186.7,3.14139792965,8,2,5,119.0,37.0,71.8,0,0,0,0,0,0
258,258,15,231.7,0,0,13,187.6,3.32756166985,8,2,5,120.2,38.1,73.4,0,0,0,0,0,0
259,259,15,230.5,0,0,12,169.1,3.22637936541,8,2,5,119.5,37.4,73.6,0,0,0,0,0,0
260,260,15,230.8,0,0,15,230.8,2.84476126708,8,2,5,117.4,35.9,77.5,0,0,0,0,0,0
261,261,15,244.4,0,0,13,201.8,3.16712277417,8,2,5,119.8,38.3,86.3,0,0,0,0,0,0
262,262,15,239.9,0,0,13,197.8,3.13652825969,8,2,5,117.6,38.6,83.7,0,0,0,0,0,0
263,263,15,233.6,0,0,13,192.2,2.90995008957,8,2,5,117.6,37.9,78.1,0,0,0,0,0,0
264,264,15,232.3,0,0,14,209.5,2.78230805182,8,2,5,113.4,39.7,79.2,0,0,0,0,0,0
265,265,15,233.0,0,0,14,209.9,2.82682726408,8,2,5,113.8,40.0,79.2,0,0,0,0,0,0
266,266,14,215.3,0,0,13,192.7,2.7423119307,8,2,4,114.3,39.5,61.5,0,0,0,0,0,0
267,267,14,216.8,0,0,13,193.4,2.85329961296,8,2,4,115.0,40.3,61.5,0,0,0,0,0,0
268,268,14,213.7,0,0,13,191.4,2.60313631632,8,2,4,115.0,39.2,59.5,0,0,0,0,0,0
269,269,14,211.3,0,0,13,187.9,2.81027353876,8,2,4,115.0,40.3,56.0,0,0,0,0,0,0
270,270,14,207.9,0,0,13,185.5,2.57943046785,8,2,4,112.3,39.3,56.3,0,0,0,0,0,0
271,271,13,192.6,0,0,12,172.5,2.42413082494,7,2,4,99.6,37.0,56.0,0,0,0,0,0,0
272,272,13,198.4,0,0,12,176.7,2.98036308234,7,2,4,99.6,38.6,60.2,0,0,0,0,0,0
273,273,13,197.6,0,0,12,175.1,3.06403872909,7,2,4,102.1,35.2,60.3,0,0,0,0,0,0
274,274,13,200.9,0,0,13,200.9,2.94946757473,7,2,4,100.0,37.7,63.2,0,0,0,0,0,0
275,275,13,206.8,0,0,11,165.6,3.4778972427,7,2,4,100.7,41.2,64.9,0,0,0,0,0,0
276,276,14,216.9,0,0,12,174.6,3.40756269443,7,2,5,95.6,40.7,80.6,0,0,0,0,0,0
277,277,14,216.1,0,0,12,172.8,3.35481448366,7,2,5,96.9,40.2,79.0,0,0,0,0,0,0
278,278,13,204.5,0,0,12,183.1,3.07798218952,7,2,4,102.1,39.6,62.8,0,0,0,0,0,0
279,279,13,205.8,0,0,12,182.2,3.45431725415,7,2,4,101.4,41.8,62.6,0,0,0,0,0,0
280,280,13,206.3,0,0,11,162.8,3.4410232527,7,2,4,102.6,41.6,62.1,0,0,0,0,0,0
283,283,1,18.5,0,0,1,18.5,,0,0,1,0,0,18.5,0,0,0,0,0,0
284,284,1,17.4,0,0,1,17.4,,0,0,1,0,0,17.4,0,0,0,0,0,0
285,285,1,17.4,0,0,1,17.4,,0,0,1,0,0,17.4,0,0,0,0,0,0
286,286,1,17.4,0,0,1,17.4,,0,0,1,0,0,17.4,0,0,0,0,0,0
287,287,2,40.3,1,25.8,1,14.5,7.99030662741,1,0,1,25.8,0,14.5,1,0,0,25.8,0,0
288,288,2,39.6,1,25.1,1,14.5,7.49533188058,1,0,1,25.1,0,14.5,1,0,0,25.1,0,0
289,289,2,38.6,0,0,1,14.5,6.78822509939,1,0,1,24.1,0,14.5,0,0,0,0,0,0
290,290,3,52.6,0,0,2,27.7,6.38461692926,2,0,1,38.5,0,14.1,0,0,0,0,0,0
291,291,3,56.5,0,0,2,31.7,5.42432791536,2,0,1,39.0,0,17.5,0,0,0,0,0,0
292,292,3,55.8,0,0,2,32.0,4.74657771452,2,0,1,38.3,0,17.5,0,0,0,0,0,0
293,293,3,55.5,0,0,2,31.4,4.95176736126,2,0,1,38.8,0,16.7,0,0,0,0,0,0
294,294,3,55.7,0,0,2,31.9,4.59383645043,2,0,1,39.0,0,16.7,0,0,0,0,0,0
295,295,3,54.2,0,0,2,31.0,4.46355613086,2,0,1,38.3,0,15.9,0,0,0,0,0,0
296,296,3,51.8,0,0,2,31.0,3.0859898466,2,0,1,35.9,0,15.9,0,0,0,0,0,0
297,297,3,51.2,0,0,3,51.2,1.78978583449,2,0,1,32.6,0,18.6,0,0,0,0,0,0
298,298,3,55.0,0,0,2,31.9,4.21465696508,2,0,1,38.2,0,16.8,0,0,0,0,0,0
299,299,5,82.9,0,0,5,82.9,1.8593009439,3,0,2,50.7,0,32.2,0,0,0,0,0,0
300,300,5,86.7,0,0,4,64.8,2.94329747053,3,0,2,51.9,0,34.8,0,0,0,0,0,0
301,301,5,87.3,0,0,4,65.4,2.77722883465,3,0,2,52.7,0,34.6,0,0,0,0,0,0
