,e_id,num_sat,sum_snr,num_sat_25,sum_snr_25,snr_std,elev_0_30,elev_30_60,elev_60_90,elev_0_30_25,elev_30_60_25,elev_60_90_25
1,1,9,148.5,0,0,4.41389850359,3,2,4,0,0,0
2,2,9,141.5,0,0,3.7512590479,3,2,4,0,0,0
3,3,9,145.8,0,0,3.41211078366,3,2,4,0,0,0
4,4,10,190.1,0,0,3.33448313503,4,2,4,0,0,0
5,5,10,181.1,0,0,2.69709720502,4,2,4,0,0,0
6,6,10,182.3,0,0,2.97472687822,4,2,4,0,0,0
7,7,10,175.0,0,0,2.00997512422,4,2,4,0,0,0
8,8,11,192.7,0,0,2.78166072044,5,2,4,0,0,0
9,9,11,187.9,0,0,2.97617814716,5,2,4,0,0,0
10,10,11,185.0,0,0,3.21894957457,5,2,4,0,0,0
11,11,11,181.8,0,0,3.4882921062,5,2,4,0,0,0
12,12,11,170.2,0,0,2.76734201323,5,2,4,0,0,0
13,13,11,183.2,0,0,3.26109295677,5,2,4,0,0,0
14,14,11,169.4,0,0,3.03413908712,5,2,4,0,0,0
15,15,12,182.2,0,0,2.87491765363,6,2,4,0,0,0
16,16,12,196.7,0,0,3.77370286765,6,2,4,0,0,0
17,17,12,208.5,0,0,3.28387935777,6,2,4,0,0,0
18,18,12,213.5,0,0,2.8137514051,6,2,4,0,0,0
19,19,12,210.3,0,0,2.23245686103,6,2,4,0,0,0
20,20,12,207.3,0,0,2.3242300778,6,2,4,0,0,0
21,21,12,204.9,0,0,2.52735039122,6,2,4,0,0,0
22,22,12,199.3,0,0,2.45670079332,6,2,4,0,0,0
23,23,12,195.4,0,0,2.57252381678,6,2,4,0,0,0
24,24,12,191.0,0,0,2.13789757954,6,2,4,0,0,0
25,25,12,199.2,0,0,3.01179499483,6,2,4,0,0,0
26,26,12,202.5,0,0,3.10750557668,6,2,4,0,0,0
27,27,12,207.4,0,0,3.16539049245,6,2,4,0,0,0
28,28,13,227.0,0,0,4.44307297216,7,2,4,0,0,0
29,29,13,221.0,1,25.2,3.98350766704,7,2,4,1,0,0
30,30,13,216.4,1,26.1,4.33889682304,7,2,4,1,0,0
31,31,13,223.6,1,25.9,4.32049379894,7,2,4,1,0,0
32,32,13,212.5,0,0,2.70573938897,7,2,4,0,0,0
33,33,13,220.1,0,0,3.13006512589,7,2,4,0,0,0
34,34,13,214.7,0,0,3.11069289008,7,2,4,0,0,0
35,35,13,208.8,0,0,3.15053922939,7,2,4,0,0,0
36,36,13,211.8,0,0,3.33378202108,7,2,4,0,0,0
37,37,13,212.0,0,0,2.75150308573,7,2,4,0,0,0
38,38,13,210.7,0,0,2.88197314886,7,2,4,0,0,0
39,39,13,213.7,0,0,3.41358522708,7,2,4,0,0,0
40,40,13,208.8,0,0,2.84327817303,7,2,4,0,0,0
41,41,13,212.6,0,0,3.57645433929,7,2,4,0,0,0
42,42,13,206.9,0,0,3.04435164248,7,2,4,0,0,0
43,43,13,202.7,0,0,3.24511467144,7,2,4,0,0,0
44,44,13,200.5,0,0,2.7976638606,7,2,4,0,0,0
45,45,13,197.7,0,0,2.38623187559,7,2,4,0,0,0
46,46,13,202.0,0,0,3.07829456614,7,2,4,0,0,0
47,47,13,207.4,0,0,3.24541096129,7,2,4,0,0,0
48,48,12,198.7,0,0,2.98768938794,6,2,4,0,0,0
49,49,12,199.1,0,0,3.09470466599,6,2,4,0,0,0
50,50,13,209.0,0,0,2.72676665856,7,2,4,0,0,0
51,51,13,214.0,0,0,3.24333636387,7,2,4,0,0,0
52,52,13,213.5,0,0,3.28764197315,7,2,4,0,0,0
53,53,12,196.4,0,0,2.54069902097,6,2,4,0,0,0
54,54,12,200.9,0,0,2.6616667141,6,2,4,0,0,0
55,55,12,191.4,0,0,2.42130693484,6,2,4,0,0,0
56,56,12,198.4,0,0,2.52454616383,6,2,4,0,0,0
57,57,12,198.6,0,0,3.55156815557,6,2,4,0,0,0
58,58,12,192.0,0,0,3.51800563336,6,2,4,0,0,0
59,59,12,194.2,0,0,3.59009580357,6,2,4,0,0,0
60,60,12,202.8,1,25.8,4.26124181644,6,2,4,1,0,0
61,61,12,203.0,1,25.5,4.16976854237,6,2,4,1,0,0
62,62,11,191.4,1,25.4,4.25182313837,6,2,3,1,0,0
63,63,11,190.9,0,0,3.88545071681,6,2,3,0,0,0
64,64,11,187.7,0,0,3.58922630306,6,2,3,0,0,0
65,65,11,186.0,1,25.1,4.16712239932,6,2,3,1,0,0
66,66,11,179.5,0,0,4.24518979124,6,2,3,0,0,0
67,67,11,184.1,0,0,3.85441895161,6,2,3,0,0,0
68,68,11,189.7,0,0,4.1774067641,6,2,3,0,0,0
69,69,10,168.6,0,0,4.13553704695,5,2,3,0,0,0
70,70,10,168.9,0,0,4.37783558901,5,2,3,0,0,0
71,71,10,164.2,0,0,3.85913058718,5,2,3,0,0,0
72,72,9,149.8,0,0,3.45438529666,4,2,3,0,0,0
73,73,10,169.7,0,0,4.32076382136,4,2,4,0,0,0
74,74,11,190.6,0,0,3.82441914782,5,2,4,0,0,0
75,75,11,178.5,0,0,3.22988882443,5,2,4,0,0,0
76,76,12,213.0,0,0,3.66816773682,6,2,4,0,0,0
77,77,12,211.1,0,0,2.96753902734,6,2,4,0,0,0
78,78,11,192.0,0,0,3.50153213219,5,2,4,0,0,0
79,79,11,198.5,0,0,3.27333580201,5,2,4,0,0,0
80,80,12,210.3,0,0,3.25104878183,6,2,4,0,0,0
81,81,12,212.5,0,0,3.18161146515,6,2,4,0,0,0
82,82,12,201.6,0,0,3.00937927759,6,2,4,0,0,0
83,83,12,206.8,0,0,2.5162502164,6,2,4,0,0,0
84,84,12,217.7,0,0,2.93860150205,6,2,4,0,0,0
85,85,12,217.8,0,0,2.77537876203,6,2,4,0,0,0
86,86,12,221.9,1,25.3,3.61397749486,6,2,4,1,0,0
87,87,12,213.8,0,0,3.2743724821,6,2,4,0,0,0
88,88,12,214.8,0,0,3.41174442185,6,2,4,0,0,0
89,89,12,222.9,1,25.6,3.8877722062,6,2,4,1,0,0
90,90,12,210.8,0,0,2.99828233655,6,2,4,0,0,0
91,91,12,212.8,0,0,3.32656889393,6,2,4,0,0,0
92,92,13,227.2,0,0,3.69394862041,6,2,5,0,0,0
93,93,13,221.9,1,25.2,4.37119064927,6,2,5,0,1,0
94,94,13,226.0,1,25.5,4.78118642073,6,2,5,0,1,0
95,95,13,220.0,0,0,4.01666400681,6,2,5,0,0,0
96,96,13,223.2,1,25.7,3.68519212873,6,2,5,0,1,0
97,97,13,226.8,0,0,3.79311116469,6,2,5,0,0,0
98,98,13,219.6,0,0,3.81301751427,6,2,5,0,0,0
99,99,14,231.2,0,0,3.76090356223,7,2,5,0,0,0
100,100,15,245.5,0,0,3.5973535246,8,2,5,0,0,0
101,101,15,242.2,0,0,3.88897097419,8,2,5,0,0,0
102,102,14,215.0,0,0,3.9644020377,7,2,5,0,0,0
103,103,14,208.6,0,0,3.05689636472,7,2,5,0,0,0
104,104,14,216.0,0,0,3.15117281498,7,2,5,0,0,0
105,105,13,204.2,0,0,3.36859553782,7,2,4,0,0,0
106,106,12,185.9,0,0,2.77241553141,6,2,4,0,0,0
107,107,13,203.6,0,0,2.96775405021,6,2,5,0,0,0
108,108,13,201.9,0,0,2.71305013327,6,2,5,0,0,0
109,109,13,205.2,0,0,2.89016901289,6,2,5,0,0,0
110,110,13,204.3,0,0,2.72850574303,6,2,5,0,0,0
111,111,14,215.2,0,0,2.65458343,7,2,5,0,0,0
112,112,14,229.3,0,0,3.3252365032,7,2,5,0,0,0
113,113,14,224.8,0,0,2.75449682288,7,2,5,0,0,0
114,114,14,223.8,0,0,2.70408726044,7,2,5,0,0,0
115,115,14,228.2,0,0,2.9961513775,7,2,5,0,0,0
116,116,14,222.1,0,0,2.36727923765,7,2,5,0,0,0
117,117,14,220.7,0,0,2.27041410755,7,2,5,0,0,0
118,118,15,229.7,0,0,1.74186544776,8,2,5,0,0,0
119,119,15,231.9,0,0,2.03041164018,8,2,5,0,0,0
120,120,15,241.0,0,0,2.5016185237,8,2,5,0,0,0
121,121,15,246.2,0,0,2.76350364229,8,2,5,0,0,0
122,122,15,244.3,0,0,2.81624538974,8,2,5,0,0,0
123,123,15,245.8,0,0,3.29975468064,8,2,5,0,0,0
124,124,14,221.2,0,0,3.24464055139,8,2,4,0,0,0
125,125,14,221.7,0,0,3.33526775372,8,2,4,0,0,0
126,126,13,217.8,0,0,4.12039953253,7,2,4,0,0,0
127,127,13,207.3,0,0,3.37604684619,7,2,4,0,0,0
128,128,13,210.7,0,0,3.38783646262,7,2,4,0,0,0
129,129,13,213.6,0,0,3.6643290917,7,2,4,0,0,0
130,130,13,212.9,0,0,3.55882795457,7,2,4,0,0,0
131,131,13,208.6,0,0,3.27684181914,7,2,4,0,0,0
132,132,13,205.9,0,0,3.5959557055,7,2,4,0,0,0
133,133,13,203.8,0,0,3.25144938096,7,2,4,0,0,0
134,134,13,208.0,0,0,3.15171910762,7,2,4,0,0,0
135,135,12,196.5,0,0,3.46964106082,6,2,4,0,0,0
136,136,12,192.7,0,0,3.03178865099,6,2,4,0,0,0
137,137,12,197.3,0,0,3.58569337363,6,2,4,0,0,0
138,138,11,181.3,0,0,2.90544942541,6,2,3,0,0,0
139,139,11,179.7,0,0,2.96049750119,6,2,3,0,0,0
140,140,11,189.6,0,0,3.56265988477,6,2,3,0,0,0
141,141,11,184.5,0,0,3.21499328431,6,2,3,0,0,0
142,142,11,180.6,0,0,2.71507575652,6,2,3,0,0,0
143,143,11,182.9,0,0,3.00202961647,6,2,3,0,0,0
144,144,11,184.1,0,0,2.39719533091,6,2,3,0,0,0
145,145,12,209.0,0,0,2.85078404952,6,2,4,0,0,0
146,146,12,210.2,0,0,3.26909310008,6,2,4,0,0,0
147,147,12,204.4,0,0,2.85062459929,6,2,4,0,0,0
148,148,12,202.4,0,0,2.89994775293,6,2,4,0,0,0
149,149,13,224.2,0,0,3.75646451348,7,2,4,0,0,0
150,150,13,221.4,0,0,3.56356203243,7,2,4,0,0,0
151,151,13,225.0,0,0,4.13429992834,7,2,4,0,0,0
152,152,13,223.1,0,0,3.84676020861,7,2,4,0,0,0
153,153,14,237.0,0,0,3.76183845632,8,2,4,0,0,0
154,154,14,249.5,0,0,4.00579936735,8,2,4,0,0,0
155,155,14,244.1,0,0,3.61207529159,8,2,4,0,0,0
156,156,13,225.6,0,0,3.16954659865,7,2,4,0,0,0
157,157,13,224.4,0,0,3.09799356077,7,2,4,0,0,0
158,158,13,224.8,0,0,3.05817525617,7,2,4,0,0,0
159,159,13,211.2,0,0,2.43571186878,7,2,4,0,0,0
160,160,13,217.9,0,0,3.50179441181,7,2,4,0,0,0
161,161,13,219.3,0,0,3.04532007496,7,2,4,0,0,0
162,162,13,220.5,0,0,2.9536808848,7,2,4,0,0,0
163,163,13,217.5,0,0,2.59627445114,7,2,4,0,0,0
164,164,13,214.4,0,0,2.73753585622,7,2,4,0,0,0
165,165,13,221.3,0,0,2.64926211304,7,2,4,0,0,0
166,166,13,216.4,0,0,2.27435536091,7,2,4,0,0,0
167,167,13,204.8,0,0,2.49085506892,7,2,4,0,0,0
168,168,12,204.6,0,0,3.44976942576,6,2,4,0,0,0
169,169,13,220.1,0,0,3.81037719379,7,2,4,0,0,0
170,170,13,216.2,0,0,4.03100165703,7,2,4,0,0,0
171,171,13,214.6,0,0,3.5994123452,7,2,4,0,0,0
172,172,14,227.6,0,0,3.15124255974,8,2,4,0,0,0
173,173,14,228.7,0,0,3.64197899349,8,2,4,0,0,0
174,174,14,227.4,0,0,3.78452604201,8,2,4,0,0,0
175,175,14,226.7,0,0,3.74339711733,8,2,4,0,0,0
176,176,14,227.0,0,0,3.36425946655,8,2,4,0,0,0
177,177,14,230.1,0,0,3.78064038997,8,2,4,0,0,0
178,178,14,229.0,0,0,3.08013842988,8,2,4,0,0,0
179,179,14,245.1,0,0,3.24214181005,8,2,4,0,0,0
180,180,13,232.2,1,25.1,3.39129730869,7,2,4,1,0,0
181,181,13,226.2,1,25.1,3.61501498383,7,2,4,1,0,0
182,182,13,214.9,1,25.1,3.44441204837,7,2,4,1,0,0
183,183,13,210.5,0,0,2.65187403499,7,2,4,0,0,0
184,184,14,235.1,0,0,2.70454440517,8,2,4,0,0,0
185,185,14,240.4,0,0,3.08804856763,8,2,4,0,0,0
186,186,14,233.8,0,0,3.1070639121,8,2,4,0,0,0
187,187,14,228.9,0,0,2.61938043173,8,2,4,0,0,0
188,188,14,230.3,0,0,2.77592673368,8,2,4,0,0,0
189,189,14,231.9,0,0,2.85781173489,8,2,4,0,0,0
190,190,14,235.5,0,0,3.72975119224,8,2,4,0,0,0
191,191,14,240.5,1,25.4,4.42148227346,8,2,4,0,0,1
192,192,14,232.1,0,0,3.94660098574,8,2,4,0,0,0
193,193,14,232.9,0,0,3.47532115679,8,2,4,0,0,0
194,194,14,236.1,0,0,3.3797148589,8,2,4,0,0,0
195,195,14,231.7,0,0,3.09236031337,8,2,4,0,0,0
196,196,14,234.7,0,0,3.51428013043,8,2,4,0,0,0
197,197,14,240.9,0,0,3.59175643463,8,2,4,0,0,0
198,198,14,223.5,0,0,3.0578039236,8,2,4,0,0,0
199,199,14,223.8,1,26.8,3.81975777381,8,2,4,0,1,0
200,200,15,239.1,1,26.5,3.82600126951,9,2,4,0,1,0
201,201,14,216.7,0,0,3.45658314423,9,2,3,0,0,0
202,202,14,220.0,0,0,2.48591637425,9,2,3,0,0,0
203,203,14,214.2,0,0,2.46451742819,9,2,3,0,0,0
204,204,15,230.4,0,0,2.93350107745,10,2,3,0,0,0
205,205,15,232.1,0,0,3.08532625426,10,2,3,0,0,0
206,206,15,233.1,0,0,3.13797022657,10,2,3,0,0,0
207,207,15,238.2,0,0,3.38973239567,10,2,3,0,0,0
208,208,15,233.6,0,0,2.38850421414,10,2,3,0,0,0
209,209,15,232.6,0,0,2.774750096,10,2,3,0,0,0
210,210,15,232.8,0,0,2.6322722395,10,2,3,0,0,0
211,211,15,250.5,0,0,3.39873926205,10,2,3,0,0,0
212,212,15,248.9,0,0,3.11114739208,10,2,3,0,0,0
213,213,15,243.3,0,0,2.64661508886,10,2,3,0,0,0
214,214,15,250.7,0,0,3.57768214404,10,2,3,0,0,0
215,215,15,250.2,0,0,3.42786897566,10,2,3,0,0,0
216,216,15,252.7,0,0,3.74811698755,10,2,3,0,0,0
217,217,15,253.1,0,0,3.82164262863,10,2,3,0,0,0
218,218,15,248.9,0,0,3.45594036545,10,2,3,0,0,0
219,219,14,229.9,0,0,3.70201163017,9,2,3,0,0,0
220,220,14,224.7,0,0,3.78615900353,9,2,3,0,0,0
221,221,14,214.2,0,0,2.70469676958,9,2,3,0,0,0
222,222,14,216.5,0,0,2.64970452427,9,2,3,0,0,0
223,223,13,196.9,0,0,1.74385367535,8,2,3,0,0,0
224,224,12,193.7,0,0,2.50724707175,7,2,3,0,0,0
225,225,12,195.6,0,0,2.74259333147,7,2,3,0,0,0
226,226,12,191.4,0,0,2.46779253585,7,2,3,0,0,0
227,227,12,193.0,0,0,2.57711372499,7,2,3,0,0,0
228,228,12,196.5,0,0,2.41100695674,7,2,3,0,0,0
229,229,11,174.7,0,0,2.4391876442,6,2,3,0,0,0
230,230,11,176.5,0,0,2.50573886763,6,2,3,0,0,0
231,231,11,174.1,0,0,2.30177796891,6,2,3,0,0,0
232,232,11,172.3,0,0,2.113893435,6,2,3,0,0,0
233,233,11,174.6,0,0,2.33284843446,6,2,3,0,0,0
234,234,11,169.9,0,0,2.30710365453,6,2,3,0,0,0
235,235,11,174.4,0,0,2.44186962648,6,2,3,0,0,0
236,236,11,176.3,0,0,2.52985806285,6,2,3,0,0,0
237,237,11,178.2,0,0,2.87158492822,6,2,3,0,0,0
238,238,11,183.7,0,0,2.90275730987,6,2,3,0,0,0
239,239,11,182.6,0,0,3.24592051659,5,2,4,0,0,0
240,240,12,196.2,0,0,2.74871870977,6,2,4,0,0,0
241,241,13,208.8,0,0,2.89065692117,7,2,4,0,0,0
242,242,12,192.0,0,0,2.56515106768,6,2,4,0,0,0
243,243,12,197.3,0,0,2.6827592083,6,2,4,0,0,0
244,244,13,215.0,0,0,2.80848074634,7,2,4,0,0,0
245,245,13,224.4,0,0,3.17556778691,7,2,4,0,0,0
246,246,13,220.3,0,0,2.6728933713,7,2,4,0,0,0
247,247,13,224.0,0,0,3.00953612577,7,2,4,0,0,0
248,248,13,218.9,0,0,3.2566696848,7,2,4,0,0,0
249,249,13,216.8,0,0,3.18829992476,7,2,4,0,0,0
250,250,13,215.9,0,0,3.31900123995,7,2,4,0,0,0
251,251,13,210.3,0,0,3.46197290721,7,2,4,0,0,0
252,252,13,212.6,0,0,3.69044156902,7,2,4,0,0,0
253,253,13,212.2,0,0,3.98437653972,7,2,4,0,0,0
254,254,13,203.4,0,0,3.06039632091,7,2,4,0,0,0
255,255,14,216.1,0,0,3.24312459564,8,2,4,0,0,0
256,256,14,222.7,0,0,3.6858282204,8,2,4,0,0,0
257,257,15,227.8,0,0,3.14139792965,8,2,5,0,0,0
258,258,15,231.7,0,0,3.32756166985,8,2,5,0,0,0
259,259,15,230.5,0,0,3.22637936541,8,2,5,0,0,0
260,260,15,230.8,0,0,2.84476126708,8,2,5,0,0,0
261,261,15,244.4,0,0,3.16712277417,8,2,5,0,0,0
262,262,15,239.9,0,0,3.13652825969,8,2,5,0,0,0
263,263,15,233.6,0,0,2.90995008957,8,2,5,0,0,0
264,264,15,232.3,0,0,2.78230805182,8,2,5,0,0,0
265,265,15,233.0,0,0,2.82682726408,8,2,5,0,0,0
266,266,14,215.3,0,0,2.7423119307,8,2,4,0,0,0
267,267,14,216.8,0,0,2.85329961296,8,2,4,0,0,0
268,268,14,213.7,0,0,2.60313631632,8,2,4,0,0,0
269,269,14,211.3,0,0,2.81027353876,8,2,4,0,0,0
270,270,14,207.9,0,0,2.57943046785,8,2,4,0,0,0
271,271,13,192.6,0,0,2.42413082494,7,2,4,0,0,0
272,272,13,198.4,0,0,2.98036308234,7,2,4,0,0,0
273,273,13,197.6,0,0,3.06403872909,7,2,4,0,0,0
274,274,13,200.9,0,0,2.94946757473,7,2,4,0,0,0
275,275,13,206.8,0,0,3.4778972427,7,2,4,0,0,0
276,276,14,216.9,0,0,3.40756269443,7,2,5,0,0,0
277,277,14,216.1,0,0,3.35481448366,7,2,5,0,0,0
278,278,13,204.5,0,0,3.07798218952,7,2,4,0,0,0
279,279,13,205.8,0,0,3.45431725415,7,2,4,0,0,0
280,280,13,206.3,0,0,3.4410232527,7,2,4,0,0,0
283,283,1,18.5,0,0,,0,0,1,0,0,0
284,284,1,17.4,0,0,,0,0,1,0,0,0
285,285,1,17.4,0,0,,0,0,1,0,0,0
286,286,1,17.4,0,0,,0,0,1,0,0,0
287,287,2,40.3,1,25.8,7.99030662741,1,0,1,1,0,0
288,288,2,39.6,1,25.1,7.49533188058,1,0,1,1,0,0
289,289,2,38.6,0,0,6.78822509939,1,0,1,0,0,0
290,290,3,52.6,0,0,6.38461692926,2,0,1,0,0,0
291,291,3,56.5,0,0,5.42432791536,2,0,1,0,0,0
292,292,3,55.8,0,0,4.74657771452,2,0,1,0,0,0
293,293,3,55.5,0,0,4.95176736126,2,0,1,0,0,0
294,294,3,55.7,0,0,4.59383645043,2,0,1,0,0,0
295,295,3,54.2,0,0,4.46355613086,2,0,1,0,0,0
296,296,3,51.8,0,0,3.0859898466,2,0,1,0,0,0
297,297,3,51.2,0,0,1.78978583449,2,0,1,0,0,0
298,298,3,55.0,0,0,4.21465696508,2,0,1,0,0,0
299,299,5,82.9,0,0,1.8593009439,3,0,2,0,0,0
300,300,5,86.7,0,0,2.94329747053,3,0,2,0,0,0
301,301,5,87.3,0,0,2.77722883465,3,0,2,0,0,0
