,e_id,num_sat,sum_snr,num_sat_25,sum_snr_25,num_sat_u20,sum_sat_u20,snr_std,elev_0_30,elev_30_60,elev_60_90,sum_elev_0_30,sum_elev_30_60,sum_elev_60_90,elev_0_30_25,elev_30_60_25,elev_60_90_25,sum_elev_0_30_25,sum_elev_30_60_25,sum_elev_60_90_25
1,1,18,404.4,7,205.9,8,134.3,6.20853302745,9,6,3,212.0,139.4,53.0,5,2,0,144.7,61.2,0
2,2,18,407.1,6,182.6,8,135.9,6.49373000761,9,6,3,216.2,138.5,52.4,4,2,0,126.0,56.6,0
3,3,18,408.0,8,229.8,7,113.4,6.24056935562,9,6,3,210.0,147.3,50.7,5,3,0,147.3,82.5,0
4,4,18,426.4,9,262.8,7,117.8,6.51251183934,9,6,3,209.6,166.3,50.5,4,5,0,119.4,143.4,0
5,5,18,436.9,8,249.8,7,117.0,7.33154389932,9,6,3,219.3,168.1,49.5,4,4,0,128.2,121.6,0
6,6,18,409.0,6,180.6,7,116.5,6.23581265571,9,6,3,207.7,152.5,48.8,3,3,0,96.4,84.2,0
7,7,18,392.6,5,139.1,7,117.5,5.01537505358,9,6,3,198.6,140.4,53.6,3,2,0,84.7,54.4,0
8,8,18,403.1,7,200.6,8,136.4,5.82342856584,9,6,3,209.0,144.3,49.8,4,3,0,115.5,85.1,0
9,9,18,428.1,8,232.6,5,81.2,6.1354562609,9,6,3,216.0,155.5,56.6,4,4,0,120.9,111.7,0
10,10,18,432.6,11,312.5,6,99.5,6.24857630844,9,6,3,215.8,159.8,57.0,5,5,1,146.5,140.1,25.9
11,11,18,435.0,10,284.0,5,80.8,6.07134058265,9,6,3,219.3,160.7,55.0,5,5,0,146.1,137.9,0
12,12,18,447.5,9,267.1,4,66.1,6.21754054732,9,6,3,225.5,163.2,58.8,4,4,1,122.7,117.5,26.9
13,13,18,441.1,9,264.4,6,106.6,6.09555983263,9,6,3,220.1,161.6,59.4,4,4,1,121.1,116.3,27.0
14,14,18,428.9,9,264.1,5,79.3,6.65580733208,9,6,3,223.6,149.7,55.6,5,3,1,147.1,91.4,25.6
15,15,18,422.1,8,236.8,8,140.3,6.52111953579,9,6,3,225.1,146.7,50.3,5,3,0,146.8,90.0,0
16,16,18,420.0,9,257.3,6,100.2,6.15371719322,9,6,3,225.6,144.6,49.8,6,3,0,170.9,86.4,0
17,17,19,449.1,9,265.3,7,117.8,6.52628961511,10,6,3,254.7,146.2,48.2,6,3,0,178.5,86.8,0
18,18,19,455.3,9,265.7,5,82.7,6.09209054853,10,6,3,252.0,152.0,51.3,6,3,0,177.2,88.5,0
19,19,19,444.4,8,238.6,7,116.1,6.42312616314,10,6,3,231.2,157.9,55.3,4,4,0,118.3,120.3,0
20,20,19,449.6,9,271.5,8,133.0,6.91602089566,10,6,3,240.6,153.7,55.3,5,4,0,155.2,116.3,0
21,21,19,446.7,10,289.5,7,111.7,6.79386117812,10,6,3,243.5,146.9,56.3,7,3,0,201.4,88.1,0
22,22,19,454.0,7,220.2,6,96.6,6.9068785106,10,6,3,249.5,151.7,52.8,5,2,0,153.9,66.3,0
23,23,19,443.2,8,238.2,6,95.9,6.62820925249,10,6,3,244.4,149.8,49.0,5,3,0,148.1,90.1,0
24,24,18,424.7,7,213.9,5,79.5,6.6601953886,10,6,2,239.9,151.4,33.4,3,4,0,98.8,115.1,0
25,25,18,410.6,6,188.2,7,115.3,6.98147876539,10,6,2,228.9,148.6,33.1,3,3,0,98.9,89.3,0
26,26,19,449.4,8,239.9,6,99.0,6.46910335716,10,6,3,248.9,149.1,51.4,5,3,0,152.7,87.2,0
27,27,19,441.4,7,221.8,8,134.3,7.13318166751,10,6,3,241.7,150.6,49.1,4,3,0,132.8,89.0,0
28,28,19,427.5,7,209.3,8,131.3,6.73036238087,10,6,3,233.6,145.8,48.1,4,3,0,125.1,84.2,0
29,29,19,435.7,7,216.0,9,153.6,7.1908161051,10,6,3,244.4,143.7,47.6,4,3,0,133.2,82.8,0
30,30,19,436.5,7,215.0,8,135.0,6.81002872447,10,6,3,241.8,147.0,47.7,4,3,0,128.4,86.6,0
31,31,19,430.5,7,210.9,8,133.3,6.8393725987,10,6,3,241.7,141.6,47.2,4,3,0,127.6,83.3,0
32,32,19,431.6,6,179.5,8,143.7,5.83545324888,10,6,3,243.3,134.3,54.0,4,2,0,127.5,52.0,0
33,33,19,419.6,7,193.5,9,159.1,5.1271893056,10,6,3,234.0,131.0,54.6,5,2,0,142.5,51.0,0
34,34,19,422.7,7,202.3,11,195.5,5.86471259323,10,6,3,233.5,140.2,49.0,5,2,0,145.0,57.3,0
35,35,19,431.0,5,154.3,8,146.6,5.97525110192,10,6,3,231.9,142.2,56.9,3,2,0,89.0,65.3,0
36,36,19,440.9,6,180.1,7,128.8,5.91912847228,10,6,3,231.3,152.6,57.0,3,3,0,88.0,92.1,0
37,37,19,440.6,5,157.8,7,126.0,6.1111823494,10,6,3,239.5,144.8,56.3,3,2,0,93.1,64.7,0
38,38,19,442.2,7,203.7,6,105.0,5.58448665752,10,6,3,244.8,146.6,50.8,3,4,0,98.4,105.3,0
39,39,19,432.4,6,176.7,8,140.5,5.727256061,10,6,3,239.7,139.0,53.7,4,2,0,124.4,52.3,0
40,40,19,433.4,6,177.6,8,140.6,6.01811106733,10,6,3,241.3,135.7,56.4,4,2,0,124.8,52.8,0
41,41,19,427.1,6,172.6,7,126.9,5.15758114574,10,6,3,237.8,127.1,62.2,4,2,0,121.0,51.6,0
42,42,19,437.1,5,151.5,5,86.6,5.28177933868,10,6,3,235.6,137.4,64.1,4,1,0,123.4,28.1,0
43,43,19,444.0,6,179.4,5,86.4,5.39506488804,10,6,3,238.9,144.5,60.6,4,2,0,122.0,57.4,0
44,44,19,446.1,7,204.8,5,83.0,5.71242106168,10,6,3,239.0,149.7,57.4,4,3,0,122.1,82.7,0
45,45,19,433.9,7,204.7,7,116.6,6.16875735067,10,6,3,236.4,147.0,50.5,4,3,0,123.9,80.8,0
46,46,19,439.0,5,162.0,7,116.3,6.7403819282,10,6,3,240.4,145.7,52.9,3,2,0,101.1,60.9,0
47,47,19,455.6,7,218.3,6,98.9,7.01835521625,10,6,3,245.6,156.7,53.3,4,3,0,132.2,86.1,0
48,48,19,440.0,6,188.7,6,96.4,6.77678355281,10,6,3,234.4,153.1,52.5,4,2,0,128.0,60.7,0
49,49,18,438.4,7,215.3,4,71.0,6.39983659922,10,5,3,252.3,130.3,55.8,3,4,0,106.4,108.9,0
50,50,19,449.7,6,186.5,5,88.1,5.84114264236,10,6,3,246.0,146.0,57.7,4,2,0,124.3,62.2,0
51,51,19,447.8,6,182.7,5,89.3,5.67871783568,10,6,3,244.0,144.4,59.4,5,1,0,151.5,31.2,0
52,52,19,434.1,3,97.8,7,127.9,5.25456081483,10,6,3,230.6,142.4,61.1,2,1,0,69.1,28.7,0
53,53,19,447.8,6,182.9,5,90.7,5.4719540113,10,6,3,233.6,154.0,60.2,3,3,0,94.2,88.7,0
54,54,20,460.9,6,183.2,7,125.2,6.23787033496,10,6,4,232.9,149.0,79.0,4,2,0,118.4,64.8,0
55,55,20,463.5,5,157.3,5,89.0,6.09347148486,10,6,4,230.6,153.2,79.7,3,2,0,91.8,65.5,0
56,56,20,462.2,7,210.8,7,123.4,6.10003451241,10,6,4,238.8,150.3,73.1,4,3,0,121.6,89.2,0
57,57,20,468.4,7,212.5,7,127.4,5.63332191424,10,6,4,241.9,149.8,76.7,4,3,0,122.0,90.5,0
58,58,20,455.0,7,203.0,7,114.6,6.04809669931,10,6,4,229.8,148.1,77.1,4,3,0,120.8,82.2,0
59,59,20,449.9,6,183.0,7,112.3,6.40390300397,10,6,4,238.5,148.9,62.5,4,2,0,124.5,58.5,0
60,60,20,460.2,7,207.7,7,115.9,6.50246107255,10,6,4,244.6,146.9,68.7,4,3,0,128.2,79.5,0
61,61,20,441.9,6,177.6,9,150.2,6.27312353994,10,6,4,236.0,141.2,64.7,3,3,0,95.9,81.7,0
62,62,20,437.4,5,152.8,9,147.9,6.60702178308,10,6,4,231.9,142.9,62.6,3,2,0,95.2,57.6,0
63,63,20,450.2,6,181.2,8,132.8,6.32695985862,10,6,4,233.9,149.5,66.8,3,3,0,98.4,82.8,0
64,64,20,455.6,5,166.9,7,111.3,7.63065838368,10,6,4,231.1,154.6,69.9,3,2,0,95.7,71.2,0
65,65,20,456.5,7,216.5,9,152.8,7.52650579444,10,6,4,223.1,164.9,68.5,3,3,1,92.2,99.1,25.2
66,66,20,456.4,5,167.7,8,133.0,7.71086724592,10,6,4,224.3,163.8,68.3,2,2,1,68.9,73.8,25.0
67,67,20,458.9,7,218.3,7,114.4,7.17667823762,10,6,4,245.0,150.7,63.2,4,3,0,125.3,93.0,0
68,68,20,463.5,7,224.4,8,135.1,7.43773274735,10,6,4,257.7,142.9,62.9,4,3,0,137.4,87.0,0
69,69,20,462.3,7,213.7,5,78.2,6.83991959017,10,6,4,254.6,144.8,62.9,4,3,0,133.0,80.7,0
70,70,20,431.3,5,151.4,9,145.9,6.28618158721,10,6,4,236.8,132.2,62.3,4,1,0,125.0,26.4,0
71,71,20,431.1,7,191.1,8,132.3,5.24248585069,10,6,4,226.8,144.6,59.7,3,4,0,85.8,105.3,0
72,72,20,415.9,5,142.2,11,185.8,5.40160551181,10,6,4,216.9,139.5,59.5,2,3,0,60.0,82.2,0
73,73,20,409.0,4,112.5,10,166.1,4.97356168047,10,6,4,207.4,142.1,59.5,1,3,0,29.4,83.1,0
74,74,20,414.8,4,113.9,10,165.7,5.17101232072,10,6,4,209.9,145.4,59.5,1,3,0,29.5,84.4,0
75,75,20,413.1,5,136.4,10,164.5,5.16093371805,10,6,4,209.1,144.5,59.5,2,3,0,54.0,82.4,0
76,76,20,423.1,5,138.2,8,124.6,5.4759257809,10,6,4,217.5,149.2,56.4,3,2,0,81.2,57.0,0
77,77,20,434.9,8,216.0,8,129.1,5.48456926294,10,6,4,223.8,150.3,60.8,4,4,0,108.0,108.0,0
78,78,20,436.0,7,188.2,6,90.2,5.31710249547,10,6,4,223.8,152.0,60.2,3,4,0,80.1,108.1,0
79,79,20,429.5,7,186.4,7,108.7,5.25185430912,10,6,4,219.1,150.0,60.4,4,3,0,105.0,81.4,0
80,80,20,435.8,8,213.8,7,107.6,5.41964263728,10,6,4,224.0,152.2,59.6,5,3,0,132.7,81.1,0
81,81,20,438.4,7,194.2,7,108.0,5.79170005039,10,6,4,229.9,150.4,58.1,5,2,0,138.7,55.5,0
82,82,19,430.3,7,215.6,8,132.0,7.10870893271,10,6,3,241.9,146.7,41.7,4,3,0,129.1,86.5,0
83,83,19,456.9,8,241.7,6,105.8,6.40792637815,10,6,3,247.8,157.1,52.0,4,4,0,129.4,112.3,0
84,84,19,454.7,8,237.0,6,108.7,5.90978967774,10,6,3,249.1,148.3,57.3,4,4,0,130.9,106.1,0
85,85,19,463.4,9,267.7,5,87.7,6.29778574287,10,6,3,258.4,147.2,57.8,4,5,0,135.2,132.5,0
86,86,19,465.8,8,245.1,5,89.4,6.31174066129,10,6,3,254.2,153.7,57.9,5,3,0,155.6,89.5,0
87,87,19,471.4,10,290.3,5,92.6,5.29254136989,10,6,3,251.1,163.5,56.8,5,5,0,146.8,143.5,0
88,88,19,458.7,9,266.0,5,88.3,6.00687715035,10,6,3,236.9,167.2,54.6,4,5,0,119.9,146.1,0
89,89,19,428.0,6,177.2,9,163.9,5.42338988961,10,6,3,229.5,147.7,50.8,3,3,0,90.0,87.2,0
90,90,18,418.5,7,206.2,6,105.6,5.68416272483,9,6,3,219.6,146.0,52.9,4,3,0,120.7,85.5,0
91,91,18,416.0,5,151.0,5,87.1,5.27043796471,9,6,3,211.6,149.2,55.2,3,2,0,91.5,59.5,0
92,92,18,420.0,7,206.2,5,83.2,5.71633366663,9,6,3,218.4,151.6,50.0,4,3,0,120.1,86.1,0
93,93,18,423.4,6,187.3,6,103.9,6.40381830542,9,6,3,224.9,148.5,50.0,4,2,0,126.3,61.0,0
94,94,18,406.9,5,163.9,8,132.3,7.11348944092,9,6,3,213.7,141.4,51.8,3,2,0,101.9,62.0,0
95,95,18,410.1,6,188.3,7,113.4,6.99724735794,9,6,3,211.6,146.7,51.8,3,3,0,96.2,92.1,0
96,96,18,423.0,5,164.7,7,114.8,7.13269192645,9,6,3,216.5,158.8,47.7,2,3,0,69.8,94.9,0
97,97,18,433.6,8,238.1,5,81.0,6.63332840674,9,6,3,222.4,162.5,48.7,5,3,0,142.1,96.0,0
98,98,18,442.1,7,217.3,4,66.0,6.47739407377,9,6,3,230.1,160.3,51.7,4,3,0,122.1,95.2,0
99,99,18,441.4,8,248.3,6,104.1,6.97006671886,9,6,3,233.5,156.4,51.5,5,3,0,154.9,93.4,0
100,100,18,440.0,7,227.6,6,100.8,7.47342131448,9,6,3,238.2,151.9,49.9,4,3,0,136.0,91.6,0
101,101,18,442.7,8,253.4,7,120.6,7.47509372141,9,6,3,236.3,156.4,50.0,4,4,0,134.1,119.3,0
102,102,18,425.8,8,228.8,5,82.0,5.66737019854,9,6,3,224.9,148.5,52.4,6,2,0,168.6,60.2,0
103,103,18,428.8,6,191.2,6,100.1,6.74201536944,9,6,3,223.1,145.6,60.1,4,2,0,131.2,60.0,0
104,104,18,424.3,5,161.3,6,104.7,6.30301566997,9,6,3,231.8,136.3,56.2,4,1,0,133.1,28.2,0
105,105,18,425.4,6,177.9,6,110.6,5.49288309596,9,6,3,225.0,140.8,59.6,4,1,1,126.5,26.1,25.3
106,106,18,427.5,6,183.3,5,92.6,5.81997068923,9,6,3,222.5,144.0,61.0,3,3,0,103.5,79.8,0
107,107,18,432.0,5,160.4,4,73.3,5.89057073036,9,6,3,225.4,146.5,60.1,3,2,0,104.7,55.7,0
108,108,18,422.8,5,161.8,6,107.2,6.3558115036,9,6,3,229.8,135.8,57.2,3,2,0,104.6,57.2,0
109,109,18,423.3,6,186.6,5,82.8,6.73317074158,9,6,3,228.2,138.9,56.2,4,2,0,129.6,57.0,0
110,110,18,425.6,6,188.5,5,84.0,6.61052834252,9,6,3,219.9,146.6,59.1,3,3,0,104.1,84.4,0
111,111,18,442.4,8,241.9,6,112.2,6.15319673547,9,6,3,229.7,148.5,64.2,4,3,1,131.8,84.6,25.5
112,112,18,427.6,7,203.7,6,110.0,5.32587714093,9,6,3,220.0,152.1,55.5,4,3,0,117.1,86.6,0
113,113,18,440.8,7,215.6,6,110.8,5.76560683903,9,6,3,227.2,154.7,58.9,4,3,0,125.9,89.7,0
114,114,18,428.0,8,236.8,7,126.6,5.9606114526,9,6,3,217.4,153.0,57.6,4,4,0,124.6,112.2,0
115,115,18,414.7,8,223.0,7,123.6,5.23148150076,9,6,3,207.0,149.9,57.8,4,4,0,117.1,105.9,0
116,116,18,420.3,7,199.1,6,109.0,4.97644451391,9,6,3,213.5,149.0,57.8,3,4,0,91.7,107.4,0
117,117,15,364.9,6,179.5,4,70.5,5.72556505841,5,7,3,133.4,173.7,57.8,3,3,0,95.7,83.8,0
118,118,10,282.6,9,261.3,0,0,4.02414932349,5,5,0,146.0,136.6,0,5,4,0,146.0,115.3,0
119,119,11,302.2,6,186.7,0,0,4.78248699091,5,4,2,142.6,114.8,44.8,3,3,0,95.4,91.3,0
120,120,9,250.6,5,159.1,0,0,5.49593283963,4,4,1,108.5,118.3,23.8,2,3,0,64.5,94.6,0
121,121,6,176.8,4,128.6,0,0,4.5710684382,4,2,0,116.2,60.6,0,2,2,0,68.0,60.6,0
122,122,12,287.9,4,122.7,4,78.0,5.56898200806,6,3,3,148.0,76.2,63.7,2,2,0,66.1,56.6,0
123,123,13,307.1,5,147.0,2,33.2,5.66673831026,6,4,3,154.6,93.8,58.7,3,2,0,90.8,56.2,0
124,124,13,309.5,4,125.4,3,53.8,6.16853055685,6,4,3,159.6,90.4,59.5,3,1,0,95.5,29.9,0
125,125,15,355.3,7,202.8,5,86.0,5.9608085102,6,6,3,156.7,141.2,57.4,4,3,0,117.8,85.0,0
126,126,15,366.9,7,211.3,5,88.6,6.36831442153,6,6,3,158.9,154.1,53.9,3,4,0,91.9,119.4,0
127,127,17,413.0,8,245.5,6,103.7,6.91849609636,8,6,3,196.7,162.3,54.0,4,4,0,122.3,123.2,0
128,128,18,407.2,4,124.5,5,81.0,5.84612043863,9,6,3,196.7,154.4,56.1,1,3,0,36.4,88.1,0
129,129,18,411.7,6,180.2,7,120.1,5.99625427742,9,6,3,191.4,164.2,56.1,2,4,0,60.7,119.5,0
130,130,18,416.8,6,189.4,7,117.9,6.81453655774,9,6,3,196.4,166.7,53.7,2,4,0,68.6,120.8,0
131,131,18,427.7,8,239.8,7,120.5,6.48057176934,9,6,3,201.1,170.5,56.1,3,5,0,93.6,146.2,0
132,132,18,432.8,8,248.1,8,137.8,7.00657021258,9,6,3,208.7,169.7,54.4,3,5,0,97.3,150.8,0
133,133,18,427.9,8,247.9,8,137.0,7.23811850394,9,6,3,202.6,171.1,54.2,3,5,0,98.1,149.8,0
134,134,18,428.7,8,246.8,8,140.2,7.02836689256,9,6,3,205.5,169.0,54.2,3,5,0,97.9,148.9,0
135,135,18,429.2,8,246.2,9,161.1,6.85086703162,9,6,3,209.3,165.7,54.2,3,5,0,97.7,148.5,0
136,136,18,431.8,8,250.6,9,160.2,7.28090887094,9,6,3,206.7,171.6,53.5,3,5,0,98.0,152.6,0
137,137,18,437.4,7,223.3,8,145.6,6.94101196216,9,6,3,208.8,171.3,57.3,3,4,0,97.3,126.0,0
138,138,18,426.8,7,217.5,7,121.4,6.72002178646,9,6,3,211.9,164.1,50.8,3,4,0,95.4,122.1,0
139,139,18,401.2,5,154.7,8,134.8,6.4452343442,9,6,3,206.3,142.6,52.3,3,2,0,96.7,58.0,0
140,140,17,376.9,5,148.3,6,93.7,6.486405467,8,6,3,192.8,135.3,48.8,3,2,0,97.4,50.9,0
141,141,17,398.7,5,158.7,7,128.0,6.31734889482,8,6,3,198.0,139.6,61.1,3,2,0,100.4,58.3,0
142,142,17,412.2,5,164.4,4,67.5,6.70374127326,8,6,3,208.7,143.5,60.0,3,2,0,103.8,60.6,0
143,143,17,413.7,5,165.9,4,67.8,6.88385258925,8,6,3,208.8,145.5,59.4,3,2,0,104.9,61.0,0
144,144,17,393.8,4,129.3,6,105.1,6.08799445389,8,6,3,187.8,152.0,54.0,2,2,0,69.5,59.8,0
145,145,17,394.6,6,179.1,7,125.7,5.85884826064,8,6,3,187.9,151.9,54.8,3,3,0,93.8,85.3,0
146,146,18,423.1,7,210.6,7,125.1,5.97804534474,9,6,3,212.0,152.2,58.9,3,4,0,98.1,112.5,0
147,147,18,428.5,6,186.2,5,86.1,6.14850266059,9,6,3,215.0,157.3,56.2,3,3,0,94.7,91.5,0
148,148,18,427.4,6,187.7,6,104.5,6.29221949266,9,6,3,210.4,160.8,56.2,3,3,0,94.1,93.6,0
149,149,18,411.9,6,183.8,8,135.6,6.62768258674,9,6,3,212.3,149.5,50.1,4,2,0,118.7,65.1,0
150,150,18,425.6,8,239.7,7,119.5,6.63043093464,9,6,3,218.4,153.1,54.1,5,3,0,146.2,93.5,0
151,151,18,407.5,7,200.4,8,142.9,5.51747372806,9,6,3,205.2,148.2,54.1,3,4,0,91.1,109.3,0
152,152,18,416.6,4,127.3,6,106.6,5.67214268283,9,6,3,205.2,158.0,53.4,1,3,0,36.6,90.7,0
153,153,18,428.2,7,217.2,6,99.7,6.94193470989,9,6,3,218.8,161.4,48.0,4,3,0,122.8,94.4,0
154,154,18,408.1,6,179.8,8,137.9,6.5983781925,9,6,3,214.2,143.9,50.0,3,3,0,97.4,82.4,0
155,155,18,390.7,4,126.1,9,155.5,6.5387957357,9,6,3,199.6,140.1,51.0,2,2,0,66.3,59.8,0
156,156,18,391.5,4,127.5,10,171.8,6.75445386829,9,6,3,205.3,132.3,53.9,3,1,0,98.4,29.1,0
157,157,18,399.7,6,183.7,10,171.4,7.29620950923,9,6,3,213.3,132.6,53.8,3,3,0,107.3,76.4,0
158,158,18,404.7,4,134.9,8,132.7,7.23474053358,9,6,3,216.5,138.7,49.5,3,1,0,106.8,28.1,0
159,159,18,400.7,6,181.7,10,175.3,6.8087434177,9,6,3,209.5,137.9,53.3,3,3,0,101.4,80.3,0
160,160,18,385.9,4,121.5,9,151.6,6.29445497233,9,6,3,196.9,131.9,57.1,3,1,0,93.4,28.1,0
161,161,18,394.4,5,150.6,9,155.6,6.05580799378,9,6,3,195.6,150.1,48.7,2,3,0,65.4,85.2,0
162,162,18,389.5,3,92.7,8,140.0,5.39838089985,9,6,3,198.0,135.7,55.8,2,1,0,64.9,27.8,0
163,163,18,438.0,6,188.5,5,85.6,6.42385260984,9,6,3,220.0,158.6,59.4,3,3,0,101.6,86.9,0
164,164,18,433.4,8,236.0,5,88.2,5.87402613261,9,6,3,212.9,159.3,61.2,3,5,0,97.7,138.3,0
165,165,18,430.7,7,213.8,6,103.2,6.53477625123,9,6,3,222.6,152.7,55.4,4,3,0,124.9,88.9,0
166,166,18,449.7,8,253.7,7,126.0,6.99186502091,9,6,3,224.2,167.4,58.1,4,4,0,129.2,124.5,0
167,167,18,435.3,8,244.3,6,101.3,6.81980248118,9,6,3,216.3,161.0,58.0,4,4,0,123.5,120.8,0
168,168,18,430.6,7,220.0,8,143.3,6.81922503408,9,6,3,217.0,158.4,55.2,3,4,0,99.2,120.8,0
169,169,18,442.9,7,216.7,4,73.3,6.19767244946,9,6,3,225.1,160.4,57.4,4,3,0,120.4,96.3,0
170,170,18,443.5,7,216.5,5,90.7,6.24567039579,9,6,3,224.5,161.9,57.1,4,3,0,119.9,96.6,0
171,171,18,448.8,8,244.0,2,34.7,6.12391647079,9,6,3,228.5,163.4,56.9,4,4,0,121.8,122.2,0
172,172,18,443.6,8,244.8,6,111.0,6.40810352988,9,6,3,230.3,161.6,51.7,4,4,0,122.6,122.2,0
173,173,18,456.1,9,286.9,8,148.3,7.38720188123,9,6,3,238.8,164.9,52.4,5,4,0,158.7,128.2,0
174,174,18,432.1,7,214.7,5,89.8,6.54428104371,9,6,3,231.8,146.1,54.2,4,3,0,129.7,85.0,0
175,175,18,414.7,4,128.2,5,82.6,6.18719159791,9,6,3,217.6,143.6,53.5,3,1,0,100.9,27.3,0
176,176,18,420.2,6,186.9,7,119.5,6.87726195707,9,6,3,220.2,145.4,54.6,4,2,0,128.9,58.0,0
177,177,18,401.8,5,153.1,8,138.5,6.16122176153,9,6,3,200.8,152.1,48.9,2,3,0,66.9,86.2,0
178,178,18,425.9,7,220.2,7,119.1,7.15386681855,9,6,3,209.9,164.8,51.2,3,4,0,100.4,119.8,0
179,179,18,413.4,7,220.3,8,129.7,7.64222018865,9,6,3,202.0,159.9,51.5,3,4,0,98.9,121.4,0
180,180,18,392.2,6,178.5,10,169.1,6.81105406794,9,6,3,195.4,144.0,52.8,3,3,0,92.0,86.5,0
181,181,18,389.7,6,169.1,10,172.5,5.7877405934,9,6,3,195.0,136.3,58.4,3,3,0,90.6,78.5,0
182,182,18,412.1,7,198.8,6,100.2,5.73928384774,9,6,3,205.6,144.8,61.7,4,3,0,115.9,82.9,0
183,183,18,414.8,6,181.3,6,96.1,6.63725866713,9,6,3,206.0,154.0,54.8,3,3,0,92.2,89.1,0
184,184,18,419.4,7,216.3,8,137.6,7.04356193313,9,6,3,212.3,150.2,56.9,4,3,0,122.7,93.6,0
185,185,18,423.3,7,217.1,9,160.9,7.00153344548,9,6,3,216.5,144.9,61.9,3,3,1,104.7,87.1,25.3
186,186,18,434.7,8,246.7,5,81.8,7.46200178158,9,6,3,220.9,148.9,64.9,4,4,0,135.8,110.9,0
187,187,18,467.8,7,236.8,3,53.4,7.21402954126,9,6,3,238.7,162.2,66.9,4,3,0,140.7,96.1,0
188,188,18,454.7,7,225.3,5,91.9,6.70488310982,9,6,3,233.8,154.9,66.0,4,3,0,135.7,89.6,0
189,189,18,449.0,8,250.9,5,90.6,6.70673254558,9,6,3,224.3,162.7,62.0,4,4,0,127.2,123.7,0
190,190,18,448.0,7,220.8,5,91.2,6.25458785861,9,6,3,219.5,167.5,61.0,3,4,0,97.6,123.2,0
191,191,18,424.1,6,182.9,6,105.4,5.97870130388,9,6,3,205.8,156.7,61.6,3,3,0,94.9,88.0,0
192,192,18,429.7,6,180.1,5,90.4,5.48117694055,9,6,3,213.8,153.9,62.0,3,3,0,97.4,82.7,0
193,193,18,421.0,4,131.2,6,105.6,5.93839836685,9,6,3,209.1,152.1,59.8,3,1,0,98.5,32.7,0
194,194,18,410.9,6,183.7,6,95.9,6.78161923711,9,6,3,213.1,146.8,51.0,4,2,0,127.1,56.6,0
195,195,18,432.1,8,242.3,7,122.9,6.85989814898,9,6,3,215.8,159.7,56.6,4,4,0,129.0,113.3,0
196,196,18,441.6,8,244.5,5,89.1,6.54235071982,9,6,3,223.7,159.1,58.8,4,4,0,130.6,113.9,0
197,197,18,449.5,8,250.2,4,67.4,6.9605447349,9,6,3,231.2,163.0,55.3,4,4,0,134.3,115.9,0
198,198,18,442.3,8,245.8,4,65.4,6.83974591509,9,6,3,229.1,159.6,53.6,4,4,0,132.5,113.3,0
199,199,18,440.0,8,249.3,4,59.1,7.62405035338,9,6,3,223.7,160.7,55.6,4,4,0,134.3,115.0,0
200,200,18,442.2,9,276.8,5,77.9,7.69224208117,9,6,3,223.7,165.5,53.0,4,5,0,133.2,143.6,0
201,201,18,426.2,8,248.0,6,89.2,8.17791542226,9,6,3,215.5,159.5,51.2,4,4,0,132.0,116.0,0
202,202,18,409.0,5,152.4,5,73.1,6.96263604202,9,6,3,206.5,148.4,54.1,3,2,0,96.9,55.5,0
203,203,18,415.5,7,200.6,5,76.4,6.73875970435,9,6,3,201.9,154.2,59.4,3,4,0,95.2,105.4,0
204,204,18,413.4,6,179.7,6,95.0,7.01628358136,9,6,3,202.2,153.9,57.3,3,3,0,96.0,83.7,0
205,205,18,429.3,8,242.0,6,95.3,7.65807916325,9,6,3,209.3,161.4,58.6,4,4,0,127.4,114.6,0
206,206,18,424.5,7,215.1,6,91.6,7.6978415615,9,6,3,208.6,162.9,53.0,3,4,0,100.5,114.6,0
207,207,18,427.8,6,208.1,8,130.8,8.85955781661,9,6,3,212.6,161.3,53.9,3,3,0,111.2,96.9,0
208,208,18,439.0,8,260.9,8,133.8,8.64930387467,9,6,3,218.7,169.4,50.9,4,4,0,133.4,127.5,0
209,209,18,444.1,7,230.1,4,60.3,8.00211777524,9,6,3,223.7,160.2,60.2,3,3,1,109.6,94.9,25.6
210,210,18,425.3,7,218.6,6,99.1,7.48534297659,9,6,3,216.8,152.2,56.3,4,3,0,129.9,88.7,0
211,211,18,421.7,7,216.3,7,118.6,7.02539976301,9,6,3,224.5,144.7,52.5,4,3,0,131.9,84.4,0
212,212,19,449.2,7,216.4,7,116.9,6.69695750069,10,6,3,243.6,148.9,56.7,5,2,0,155.9,60.5,0
213,213,19,442.2,7,219.5,7,114.7,6.94732899156,10,6,3,239.9,148.4,53.9,5,2,0,156.6,62.9,0
214,214,19,454.5,7,223.9,7,116.5,7.10200120055,10,6,3,248.6,152.0,53.9,5,2,0,160.9,63.0,0
215,215,19,453.0,7,221.3,7,116.3,7.16638106326,10,6,3,249.4,152.9,50.7,5,2,0,159.0,62.3,0
216,216,19,450.2,7,221.3,7,115.7,7.33571731585,10,6,3,251.7,148.5,50.0,5,2,0,161.6,59.7,0
217,217,19,440.4,7,222.2,7,106.0,7.89631270822,10,6,3,246.6,148.1,45.7,5,2,0,162.3,59.9,0
218,218,19,445.1,8,246.4,6,91.4,7.37389103566,10,6,3,245.4,154.0,45.7,5,3,0,158.4,88.0,0
219,219,19,435.9,7,214.8,8,130.1,7.11003326992,10,6,3,237.9,152.3,45.7,4,3,0,127.4,87.4,0
220,220,19,441.5,8,242.1,7,112.3,7.05936812771,10,6,3,246.3,149.5,45.7,5,3,0,155.5,86.6,0
221,221,19,443.5,8,240.7,7,112.5,6.94840635522,10,6,3,247.0,150.8,45.7,5,3,0,155.8,84.9,0
222,222,19,444.1,8,244.5,6,89.2,7.37999112505,10,6,3,250.0,152.3,41.8,5,3,0,157.8,86.7,0
223,223,19,441.0,7,218.5,7,109.3,7.49117219257,10,6,3,247.2,149.7,44.1,4,3,0,131.8,86.7,0
224,224,19,441.5,7,218.9,5,71.0,7.4979412379,10,6,3,247.0,148.1,46.4,4,3,0,132.1,86.8,0
225,225,19,440.4,7,218.7,8,131.5,7.40799710128,10,6,3,244.3,146.6,49.5,4,3,0,131.4,87.3,0
226,226,19,442.8,6,192.8,7,113.4,7.26479132408,10,6,3,247.2,144.5,51.1,4,2,0,131.2,61.6,0
227,227,19,446.1,7,218.1,9,157.7,6.93265853666,10,6,3,249.1,147.2,49.8,4,3,0,131.6,86.5,0
228,228,19,443.6,7,218.1,8,135.7,6.98946575776,10,6,3,249.0,144.3,50.3,4,3,0,132.3,85.8,0
229,229,19,433.0,7,215.4,9,150.3,7.27804115411,10,6,3,248.2,139.6,45.2,4,3,0,130.5,84.9,0
230,230,19,433.4,7,214.9,8,127.8,7.26902826586,10,6,3,246.0,145.3,42.1,4,3,0,128.8,86.1,0
231,231,19,435.9,7,215.7,6,89.7,7.32395732355,10,6,3,249.5,144.3,42.1,4,3,0,130.5,85.2,0
232,232,19,434.5,6,191.0,8,128.5,7.36553932789,10,6,3,249.1,144.5,40.9,4,2,0,131.0,60.0,0
233,233,19,432.7,6,192.5,9,148.3,7.45183363753,10,6,3,246.0,143.7,43.0,4,2,0,131.9,60.6,0
234,234,19,434.5,6,192.7,9,150.8,7.34764154388,10,6,3,246.4,141.9,46.2,4,2,0,132.0,60.7,0
235,235,19,432.9,6,190.1,9,151.0,7.16366318132,10,6,3,244.0,142.4,46.5,4,2,0,129.9,60.2,0
236,236,19,429.0,7,215.3,10,168.3,7.2369099412,10,6,3,246.5,139.5,43.0,5,2,0,154.8,60.5,0
237,237,19,428.3,7,217.3,10,167.3,7.42498154053,10,6,3,245.1,137.3,45.9,5,2,0,155.5,61.8,0
238,238,19,425.9,7,218.3,8,124.4,7.72436715552,10,6,3,242.6,134.6,48.7,5,2,0,157.3,61.0,0
239,239,19,424.2,7,215.7,8,122.7,7.60276573252,10,6,3,241.8,133.2,49.2,5,2,0,155.8,59.9,0
240,240,19,428.1,6,182.0,7,109.1,6.75919559905,10,6,3,238.9,138.7,50.5,4,2,0,123.8,58.2,0
241,241,19,436.6,6,188.0,6,91.1,7.18552394652,10,6,3,229.5,155.3,51.8,4,2,0,123.0,65.0,0
242,242,19,430.9,7,207.2,6,93.6,6.66929772643,10,6,3,227.1,155.7,48.1,3,4,0,93.8,113.4,0
243,243,19,439.7,7,212.3,7,113.5,6.97322783456,10,6,3,231.8,156.7,51.2,4,3,0,119.0,93.3,0
244,244,19,420.6,3,87.3,6,102.0,4.41011596299,10,6,3,227.7,134.7,58.2,2,1,0,59.6,27.7,0
245,245,19,409.9,4,114.9,8,139.6,4.69560575967,10,6,3,213.5,139.5,56.9,2,2,0,57.4,57.5,0
246,246,19,411.3,5,147.5,10,176.4,5.62221471002,10,6,3,214.0,141.5,55.8,3,2,0,87.9,59.6,0
247,247,19,406.0,3,93.8,10,177.4,5.18427672354,10,6,3,206.7,141.8,57.5,1,2,0,34.1,59.7,0
248,248,19,400.4,4,121.0,9,145.4,5.8794219392,10,6,3,210.4,131.7,58.3,2,2,0,61.1,59.9,0
249,249,19,409.3,5,146.0,9,154.8,5.51898901667,10,6,3,208.3,139.3,61.7,2,2,1,60.0,59.7,26.3
