,e_id,num_sat,sum_snr,num_sat_25,sum_snr_25,num_sat_u20,sum_sat_u20,snr_std,elev_0_30,elev_30_60,elev_60_90,sum_elev_0_30,sum_elev_30_60,sum_elev_60_90,elev_0_30_25,elev_30_60_25,elev_60_90_25,sum_elev_0_30_25,sum_elev_30_60_25,sum_elev_60_90_25
1,1,19,421.3,4,121.3,7,122.5,5.57104040804,10,7,2,239.5,147.7,34.1,3,1,0,95.6,25.7,0
2,2,19,420.0,6,179.7,8,133.2,6.64692691602,10,7,2,236.1,148.6,35.3,4,2,0,122.1,57.6,0
3,3,19,439.8,8,239.1,8,135.5,7.40918112292,10,7,2,252.3,156.1,31.4,5,3,0,155.8,83.3,0
4,4,18,428.4,7,217.2,6,101.4,7.37874531021,10,7,1,235.0,176.7,16.7,4,3,0,126.6,90.6,0
5,5,19,451.3,7,220.5,5,80.2,7.3322247966,11,7,1,280.7,153.9,16.7,6,1,0,190.4,30.1,0
6,6,19,444.9,8,247.3,8,134.6,7.40287205211,11,7,1,273.3,154.9,16.7,6,2,0,185.2,62.1,0
7,7,20,466.5,8,250.2,9,148.7,7.45956644712,11,7,2,266.9,164.2,35.4,6,2,0,187.7,62.5,0
8,8,20,462.5,9,266.5,9,151.3,6.90620430445,11,7,2,259.6,167.7,35.2,6,3,0,179.1,87.4,0
9,9,20,475.6,8,251.6,8,136.8,7.72798060366,11,7,2,280.8,159.3,35.5,6,2,0,196.2,55.4,0
10,10,20,472.4,6,199.1,8,137.4,7.53801593329,11,7,2,277.1,161.7,33.6,5,1,0,168.4,30.7,0
11,11,19,473.1,7,227.4,6,107.6,7.38910609539,10,7,2,265.3,170.7,37.1,4,3,0,142.4,85.0,0
12,12,20,464.4,7,198.6,5,89.4,4.42880523273,11,7,2,262.9,162.8,38.7,5,2,0,140.5,58.1,0
13,13,22,482.3,4,109.2,7,121.9,3.78001408642,12,8,2,267.9,176.8,37.6,2,2,0,56.0,53.2,0
14,14,22,499.2,8,224.6,7,122.3,4.76024300009,12,8,2,282.1,180.6,36.5,6,2,0,165.1,59.5,0
15,15,22,493.6,7,195.5,8,140.5,4.69797782785,12,8,2,280.3,177.6,35.7,4,3,0,112.2,83.3,0
16,16,21,458.0,3,89.9,7,121.0,4.74751564104,11,8,2,253.0,167.9,37.1,3,0,0,89.9,0,0
17,17,22,483.7,5,145.6,8,140.5,4.77366739865,12,8,2,284.3,161.7,37.7,5,0,0,145.6,0,0
18,18,22,470.8,4,109.6,9,156.5,4.18386925044,12,8,2,266.7,169.4,34.7,3,1,0,84.4,25.2,0
19,19,22,471.8,4,112.4,8,132.3,4.68896650941,12,8,2,267.0,170.1,34.7,3,1,0,85.9,26.5,0
20,20,22,467.9,5,140.1,9,145.8,5.17874652637,12,8,2,272.7,165.6,29.6,3,2,0,88.2,51.9,0
21,21,22,468.2,6,165.2,9,153.8,4.89962451075,12,8,2,273.7,159.7,34.8,5,1,0,139.3,25.9,0
22,22,22,472.1,6,168.2,11,196.0,4.97466525229,12,8,2,278.0,158.6,35.5,5,1,0,142.9,25.3,0
23,23,22,468.8,5,138.2,9,156.6,4.67505121855,12,8,2,274.4,159.9,34.5,5,0,0,138.2,0,0
24,24,22,467.4,5,141.7,9,150.4,5.09366808356,12,8,2,268.6,163.2,35.6,4,1,0,114.8,26.9,0
25,25,20,433.7,5,142.5,7,117.7,5.13258681061,11,7,2,254.0,143.4,36.3,4,1,0,114.7,27.8,0
26,26,20,431.1,4,114.5,8,132.8,5.04469236452,11,7,2,251.0,146.8,33.3,3,1,0,88.4,26.1,0
27,27,21,448.9,5,141.5,10,169.6,5.20316295746,12,7,2,269.6,146.0,33.3,4,1,0,114.9,26.6,0
28,28,21,447.7,4,113.4,11,192.8,4.97168171222,12,7,2,263.9,151.7,32.1,3,1,0,86.8,26.6,0
29,29,21,461.0,7,193.6,9,154.4,5.16629645371,12,7,2,268.7,156.2,36.1,5,2,0,133.9,59.7,0
30,30,22,507.8,7,209.9,9,164.0,5.62322025717,12,8,2,289.3,184.3,34.2,5,2,0,147.7,62.2,0
31,31,21,475.2,5,147.4,7,124.3,5.07051702069,12,7,2,285.7,151.0,38.5,5,0,0,147.4,0,0
32,32,21,464.2,4,123.7,7,116.8,5.54062056005,12,7,2,274.2,151.5,38.5,3,1,0,97.4,26.3,0
33,33,20,439.4,5,152.0,9,155.0,6.14389727162,11,7,2,254.6,150.7,34.1,4,1,0,125.3,26.7,0
34,34,20,446.3,5,151.7,8,141.8,5.71712800553,11,7,2,254.7,154.4,37.2,4,1,0,123.5,28.2,0
35,35,21,468.7,8,225.0,6,90.4,6.10259117487,12,7,2,284.3,150.7,33.7,6,2,0,171.7,53.3,0
36,36,20,449.7,8,226.1,6,94.1,5.91788324532,11,7,2,257.1,158.9,33.7,5,3,0,146.5,79.6,0
37,37,21,462.6,8,230.1,10,166.0,6.1494831374,11,8,2,250.9,183.3,28.4,5,3,0,147.8,82.3,0
38,38,22,483.9,5,143.1,7,115.8,5.01051059776,12,8,2,285.2,166.8,31.9,4,1,0,116.8,26.3,0
39,39,21,473.0,5,148.4,7,118.2,5.56892312408,12,7,2,287.9,153.3,31.8,4,1,0,122.7,25.7,0
40,40,20,444.2,6,174.8,8,135.8,5.79372618941,11,7,2,264.0,149.0,31.2,5,1,0,147.6,27.2,0
41,41,20,445.7,4,122.8,7,118.6,5.89292841151,11,7,2,254.7,157.6,33.4,2,2,0,67.9,54.9,0
42,42,20,410.3,4,112.2,13,230.3,4.94073028908,11,7,2,231.2,146.4,32.7,3,1,0,86.4,25.8,0
43,43,20,442.2,5,150.9,10,173.6,5.89021490091,11,7,2,250.9,154.9,36.4,3,2,0,92.9,58.0,0
44,44,20,438.8,7,205.4,11,186.3,6.36548257566,11,7,2,252.4,146.7,39.7,4,2,1,117.5,60.9,27.0
45,45,20,437.7,5,148.0,8,128.7,6.10084334119,11,7,2,252.4,148.9,36.4,3,2,0,87.1,60.9,0
46,46,20,448.2,6,173.6,7,116.1,5.65963547273,11,7,2,256.2,149.9,42.1,4,2,0,113.4,60.2,0
47,47,21,452.8,3,91.5,8,130.3,5.20014193945,12,7,2,262.9,149.0,40.9,2,1,0,61.9,29.6,0
48,48,21,466.3,5,144.8,6,100.3,5.04791800552,12,7,2,288.9,139.9,37.5,4,1,0,117.5,27.3,0
49,49,21,459.3,6,171.3,9,157.3,5.21758017256,12,7,2,280.4,141.8,37.1,5,1,0,140.5,30.8,0
50,50,21,467.6,6,182.9,9,155.6,5.96953376181,12,7,2,289.1,136.1,42.4,5,1,0,153.2,29.7,0
51,51,21,464.3,5,145.6,7,114.8,5.5272872878,12,7,2,283.9,138.5,41.9,3,2,0,93.9,51.7,0
52,52,22,487.2,7,199.3,8,134.4,5.64781687892,12,8,2,269.0,178.6,39.6,6,1,0,168.8,30.5,0
53,53,20,459.2,7,203.3,5,80.2,5.93343780708,11,7,2,252.1,164.4,42.7,4,3,0,120.8,82.5,0
54,54,21,469.3,5,145.8,6,105.2,4.61677582817,12,7,2,275.8,153.7,39.8,3,2,0,92.4,53.4,0
55,55,20,438.3,3,95.0,9,164.0,4.83869001411,11,7,2,255.4,140.7,42.2,3,0,0,95.0,0,0
56,56,20,443.2,3,102.3,8,137.9,5.9556607305,11,7,2,267.7,141.1,34.4,3,0,0,102.3,0,0
57,57,19,432.8,6,187.7,8,138.8,6.76843810535,10,7,2,243.2,155.2,34.4,4,2,0,131.6,56.1,0
58,58,20,444.9,5,159.5,10,172.4,6.81897314387,11,7,2,264.1,150.4,30.4,3,2,0,106.1,53.4,0
59,59,19,436.4,5,163.5,6,100.4,7.17418618161,10,7,2,253.4,149.5,33.5,4,1,0,136.4,27.1,0
60,60,19,422.1,3,107.3,7,118.7,6.70308910196,10,7,2,245.6,142.3,34.2,3,0,0,107.3,0,0
61,61,20,458.0,4,134.8,8,143.1,6.51807204301,11,7,2,273.2,150.6,34.2,3,1,0,108.9,25.9,0
62,62,19,452.9,6,190.2,8,142.6,6.63100549827,10,7,2,258.2,159.9,34.8,4,2,0,134.6,55.6,0
63,63,19,436.2,6,194.2,9,153.5,7.59080699776,10,7,2,253.1,154.9,28.2,4,2,0,138.0,56.2,0
64,64,19,420.7,6,177.8,8,133.2,6.41286171078,10,7,2,239.4,148.0,33.3,5,1,0,150.0,27.8,0
65,65,20,452.2,5,154.8,7,114.5,6.32512949732,11,7,2,272.3,145.3,34.6,4,1,0,129.1,25.7,0
66,66,19,442.5,5,161.5,7,123.6,6.66599119385,10,7,2,253.3,155.8,33.4,4,1,0,132.5,29.0,0
67,67,19,426.1,4,129.5,9,159.2,6.17691419771,10,7,2,235.0,157.6,33.5,3,1,0,100.2,29.3,0
68,68,19,430.6,5,149.4,5,85.6,5.15290754238,10,7,2,249.2,149.2,32.2,4,1,0,120.9,28.5,0
69,69,21,456.3,4,115.7,8,139.3,4.66488401326,11,8,2,259.7,165.2,31.4,4,0,0,115.7,0,0
70,70,21,453.9,3,87.7,10,181.9,4.39138767524,11,8,2,261.2,160.6,32.1,3,0,0,87.7,0,0
71,71,22,455.2,4,110.8,13,231.5,4.39468391961,12,8,2,262.6,160.8,31.8,3,1,0,85.5,25.3,0
72,72,22,460.4,3,93.8,11,191.4,5.19195181376,12,8,2,275.2,153.4,31.8,3,0,0,93.8,0,0
73,73,22,479.5,7,197.3,10,172.2,5.2360906239,12,8,2,282.8,166.9,29.8,5,2,0,142.6,54.7,0
74,74,22,476.2,7,199.2,11,187.8,5.57107557989,12,8,2,268.4,177.7,30.1,4,3,0,115.1,84.1,0
75,75,22,476.2,6,173.7,10,166.4,5.64688934789,12,8,2,280.9,167.2,28.1,5,1,0,142.9,30.8,0
76,76,22,481.6,4,116.2,10,182.5,4.21775262781,12,8,2,268.4,176.5,36.7,2,2,0,58.1,58.1,0
77,77,22,476.5,5,141.1,10,179.4,4.4312375022,12,8,2,257.9,183.3,35.3,3,2,0,82.0,59.1,0
78,78,22,478.4,6,172.9,11,194.9,5.06629640935,12,8,2,253.9,189.2,35.3,3,3,0,85.4,87.5,0
79,79,22,477.7,4,119.2,10,174.4,4.9162796091,12,8,2,256.2,186.2,35.3,2,2,0,57.6,61.6,0
80,80,22,478.1,5,145.5,9,153.1,5.04167265929,12,8,2,253.7,189.1,35.3,2,3,0,58.2,87.3,0
81,81,21,454.0,5,145.0,9,153.4,5.28796927446,12,7,2,267.3,151.4,35.3,3,2,0,88.0,57.0,0
82,82,21,472.9,7,199.2,8,142.6,5.10290300198,12,7,2,290.2,147.8,34.9,6,1,0,171.8,27.4,0
83,83,22,504.5,9,253.5,8,143.4,5.16723987883,12,8,2,287.0,172.8,44.7,5,3,1,149.1,79.1,25.3
84,84,22,492.7,7,198.5,8,143.4,5.10121155289,12,8,2,283.0,169.8,39.9,6,1,0,172.6,25.9,0
85,85,21,475.4,4,124.4,8,145.4,5.07212738311,12,7,2,281.0,151.5,42.9,4,0,0,124.4,0,0
86,86,22,484.6,5,150.6,11,200.4,5.14857186099,12,8,2,278.1,164.3,42.2,5,0,0,150.6,0,0
87,87,21,470.9,5,151.8,9,160.3,5.43340636819,11,8,2,263.8,164.3,42.8,5,0,0,151.8,0,0
88,88,21,460.5,5,148.0,9,154.8,5.36042375724,11,8,2,260.7,156.4,43.4,4,1,0,122.9,25.1,0
89,89,22,487.3,4,121.3,7,123.2,4.72548813301,12,8,2,284.2,163.2,39.9,4,0,0,121.3,0,0
90,90,22,486.0,4,110.8,6,103.7,4.02100545243,12,8,2,283.9,162.2,39.9,4,0,0,110.8,0,0
91,91,22,479.6,5,135.1,8,138.0,4.18330013267,12,8,2,287.2,155.4,37.0,5,0,0,135.1,0,0
92,92,22,474.2,5,135.6,9,156.6,4.20042257202,12,8,2,286.0,151.2,37.0,5,0,0,135.6,0,0
93,93,22,468.4,5,142.4,9,147.4,5.11374516479,12,8,2,286.2,151.3,30.9,5,0,0,142.4,0,0
94,94,22,480.3,5,142.0,8,132.4,4.9595877674,12,8,2,289.0,158.0,33.3,5,0,0,142.0,0,0
95,95,22,472.9,5,140.5,10,168.6,5.00042638875,12,8,2,285.1,151.0,36.8,5,0,0,140.5,0,0
96,96,22,468.0,7,193.5,10,160.6,5.82034050863,12,8,2,281.3,152.2,34.5,7,0,0,193.5,0,0
97,97,21,469.2,6,174.4,7,118.9,5.60870496894,12,7,2,287.0,144.0,38.2,6,0,0,174.4,0,0
98,98,22,504.9,6,180.0,9,160.8,5.47311611424,12,8,2,289.9,172.0,43.0,5,1,0,154.3,25.7,0
99,99,21,476.7,8,222.7,9,163.5,4.87626906559,11,8,2,253.1,181.5,42.1,5,3,0,143.4,79.3,0
100,100,20,462.1,8,235.4,9,156.7,6.10198199035,11,7,2,262.8,164.1,35.2,5,3,0,152.9,82.5,0
101,101,22,507.4,9,257.6,8,138.2,5.57242748288,12,8,2,283.2,189.4,34.8,5,4,0,150.0,107.6,0
102,102,21,464.7,7,195.1,8,136.8,5.13323902202,11,8,2,246.7,182.1,35.9,4,3,0,117.0,78.1,0
103,103,20,444.9,5,148.7,8,140.3,5.42571605752,11,7,2,261.9,147.1,35.9,4,1,0,122.3,26.4,0
104,104,21,485.0,7,201.5,7,123.2,5.0284665844,12,7,2,287.5,163.4,34.1,5,2,0,144.3,57.2,0
105,105,20,441.6,6,160.1,6,101.0,4.24482347287,11,7,2,255.6,147.2,38.8,5,1,0,132.9,27.2,0
106,106,20,445.3,6,165.0,8,139.9,4.60357698454,11,7,2,257.0,148.6,39.7,4,2,0,110.8,54.2,0
107,107,20,429.7,6,168.7,10,166.8,5.48800366349,11,7,2,248.6,143.5,37.6,4,2,0,114.4,54.3,0
108,108,20,439.2,7,198.4,9,153.2,5.61008490413,11,7,2,252.0,148.0,39.2,4,2,1,116.2,56.0,26.2
109,109,20,428.2,8,225.1,10,159.8,6.29811166353,11,7,2,247.3,142.5,38.4,4,3,1,119.4,80.3,25.4
110,110,20,443.4,6,181.0,10,173.9,6.37817825831,11,7,2,263.8,146.6,33.0,5,1,0,150.7,30.3,0
111,111,21,463.4,8,220.3,8,136.1,5.21395563208,12,7,2,276.2,149.5,37.7,7,1,0,191.9,28.4,0
112,112,21,457.5,5,144.5,9,156.0,5.22515891761,12,7,2,271.5,154.2,31.8,4,1,0,116.3,28.2,0
113,113,21,467.2,5,147.9,8,141.7,5.02360617959,12,7,2,278.0,152.6,36.6,4,1,0,117.0,30.9,0
114,114,21,468.9,6,177.8,8,137.0,5.73438251751,11,8,2,264.8,167.4,36.7,5,1,0,146.8,31.0,0
115,115,20,460.4,7,202.0,6,101.2,5.57027826953,11,7,2,266.1,155.5,38.8,5,2,0,146.9,55.1,0
116,116,21,474.4,6,178.0,8,137.5,5.51379223057,11,8,2,262.5,170.7,41.2,5,1,0,147.7,30.3,0
117,117,20,444.2,5,151.8,8,130.7,5.90779146551,11,7,2,256.5,144.9,42.8,4,1,0,120.4,31.4,0
118,118,20,451.3,5,143.3,7,123.7,5.02292376589,11,7,2,255.6,152.5,43.2,3,2,0,91.4,51.9,0
119,119,22,504.8,7,201.6,7,128.2,4.69170770745,12,8,2,286.7,172.2,45.9,5,1,1,146.5,27.8,27.3
120,120,22,499.7,6,177.1,8,144.1,5.03731745074,12,8,2,286.2,168.0,45.5,4,1,1,124.0,26.2,26.9
121,121,22,482.4,4,119.7,9,162.0,4.67120682053,12,8,2,276.5,162.4,43.5,4,0,0,119.7,0,0
122,122,21,473.5,6,171.1,9,166.5,4.46145929575,11,8,2,255.8,177.2,40.5,4,2,0,119.1,52.0,0
123,123,21,473.6,4,117.0,7,130.6,4.22417081184,11,8,2,269.6,166.1,37.9,4,0,0,117.0,0,0
124,124,20,438.2,5,144.2,9,162.2,4.7029553978,11,7,2,256.8,144.1,37.3,5,0,0,144.2,0,0
125,125,21,462.0,6,180.5,9,150.8,6.24195482201,12,7,2,282.9,140.0,39.1,5,0,1,154.2,0,26.3
126,126,20,426.2,4,119.7,10,174.2,5.24142407326,11,7,2,257.2,137.2,31.8,4,0,0,119.7,0,0
127,127,21,487.0,7,203.0,5,90.2,4.82792965586,12,7,2,295.0,152.1,39.9,6,1,0,177.1,25.9,0
128,128,22,522.1,6,180.4,5,87.6,5.07509196385,12,8,2,302.5,178.2,41.4,6,0,0,180.4,0,0
129,129,22,489.7,5,148.6,9,160.2,5.11185914283,12,8,2,276.0,172.8,40.9,5,0,0,148.6,0,0
130,130,21,461.4,3,99.1,9,157.1,5.50283044052,12,7,2,281.8,138.7,40.9,3,0,0,99.1,0,0
131,131,20,433.7,3,96.2,10,182.9,5.0490515003,11,7,2,255.6,144.8,33.3,3,0,0,96.2,0,0
132,132,21,472.9,5,145.1,7,128.0,4.66128941899,11,8,2,261.3,174.5,37.1,4,1,0,119.8,25.3,0
133,133,20,440.9,5,142.7,8,140.6,5.07859025197,11,7,2,247.9,155.5,37.5,3,2,0,89.1,53.6,0
134,134,22,464.0,2,60.3,10,178.8,4.27928666629,12,8,2,255.6,173.0,35.4,1,1,0,33.1,27.2,0
135,135,22,468.9,3,85.8,11,200.2,4.14582928169,12,8,2,264.0,169.6,35.3,2,1,0,60.4,25.4,0
136,136,22,478.2,6,165.0,9,155.4,4.62019845529,12,8,2,274.4,164.8,39.0,4,1,1,114.7,25.0,25.3
137,137,22,449.9,3,81.3,10,167.0,4.13599184857,12,8,2,257.3,160.1,32.5,3,0,0,81.3,0,0
138,138,22,463.6,5,143.5,10,166.9,5.27917578507,12,8,2,260.0,168.5,35.1,3,2,0,90.1,53.4,0
139,139,22,473.7,5,146.5,10,167.4,5.54379845401,12,8,2,263.5,174.2,36.0,4,1,0,116.5,30.0,0
140,140,22,472.6,4,118.1,8,136.5,4.76531479634,12,8,2,259.3,177.7,35.6,3,1,0,88.9,29.2,0
141,141,22,496.2,6,178.0,8,132.3,5.67187944602,12,8,2,282.3,182.5,31.4,4,2,0,120.5,57.5,0
142,142,21,446.5,5,145.4,11,186.6,5.36912247862,11,8,2,241.2,170.0,35.3,4,1,0,117.3,28.1,0
143,143,20,419.8,4,117.2,10,164.2,5.52362390579,10,8,2,218.5,166.1,35.2,3,1,0,90.9,26.3,0
144,144,20,428.5,6,172.1,11,189.0,5.66400221157,10,8,2,227.0,165.9,35.6,4,2,0,121.2,50.9,0
145,145,20,419.8,5,139.8,9,156.4,4.55584067001,11,7,2,239.1,145.1,35.6,4,1,0,108.7,31.1,0
146,146,20,440.0,6,178.9,12,215.0,5.76048243594,11,7,2,263.2,141.7,35.1,5,1,0,152.7,26.2,0
147,147,22,475.2,6,172.8,12,212.7,5.10601885733,12,8,2,274.2,160.9,40.1,5,1,0,146.6,26.2,0
148,148,22,472.0,5,138.6,9,157.6,4.23609515527,12,8,2,274.5,159.9,37.6,5,0,0,138.6,0,0
149,149,22,463.3,4,112.5,10,173.0,4.46581289896,12,8,2,267.1,162.0,34.2,3,1,0,86.6,25.9,0
150,150,22,463.8,5,139.3,11,192.2,4.59530157191,12,8,2,269.1,162.1,32.6,4,1,0,113.3,26.0,0
151,151,22,475.9,5,139.1,8,135.7,4.52405068849,12,8,2,275.9,164.1,35.9,5,0,0,139.1,0,0
152,152,22,476.0,5,143.7,7,110.5,5.11920245412,12,8,2,284.1,157.8,34.1,5,0,0,143.7,0,0
153,153,22,456.3,5,137.0,9,144.5,4.9849926294,12,8,2,257.4,164.8,34.1,4,1,0,111.3,25.7,0
154,154,22,453.8,6,163.4,10,158.9,5.38783301419,12,8,2,258.2,160.5,35.1,5,1,0,137.7,25.7,0
155,155,22,467.2,6,171.3,11,181.9,5.77701071609,12,8,2,271.0,163.2,33.0,4,2,0,116.0,55.3,0
156,156,22,486.5,7,201.7,11,187.5,5.78818957258,12,8,2,284.5,168.0,34.0,4,3,0,120.7,81.0,0
157,157,20,465.4,7,203.2,6,99.9,5.68285510155,11,7,2,272.5,155.1,37.8,5,2,0,148.5,54.7,0
158,158,20,455.4,8,226.7,7,115.4,5.84772560376,11,7,2,272.8,147.2,35.4,6,2,0,171.9,54.8,0
159,159,20,457.3,6,179.5,7,114.3,6.21172702488,11,7,2,273.0,147.1,37.2,5,1,0,150.2,29.3,0
160,160,20,452.9,6,177.3,7,114.0,6.05922306988,11,7,2,271.9,144.6,36.4,5,1,0,148.0,29.3,0
161,161,20,445.4,7,204.1,7,106.8,6.42192789548,11,7,2,272.1,137.2,36.1,6,1,0,174.2,29.9,0
162,162,20,450.1,7,204.9,7,109.7,6.29866109415,11,7,2,272.9,139.7,37.5,6,1,0,175.5,29.4,0
163,163,20,448.8,7,205.2,7,111.0,6.2523595546,11,7,2,276.1,137.5,35.2,6,1,0,177.0,28.2,0
164,164,20,447.9,7,205.3,7,113.4,6.25219750841,11,7,2,276.5,135.9,35.5,6,1,0,176.7,28.6,0
165,165,20,445.8,7,206.8,8,129.0,6.65035812253,11,7,2,279.9,131.4,34.5,6,1,0,178.7,28.1,0
166,166,20,448.7,7,204.9,8,133.0,6.30891391103,11,7,2,278.3,136.3,34.1,6,1,0,177.4,27.5,0
167,167,20,440.3,7,209.7,9,146.2,6.86626191108,11,7,2,278.7,126.8,34.8,6,1,0,182.3,27.4,0
168,168,20,439.6,7,206.6,11,187.1,6.62066938896,11,7,2,276.3,128.5,34.8,6,1,0,178.1,28.5,0
169,169,20,437.9,6,181.3,11,185.6,6.67015939208,11,7,2,276.8,128.6,32.5,5,1,0,152.8,28.5,0
170,170,20,434.1,5,157.3,11,186.3,6.78795178781,11,7,2,270.5,129.9,33.7,4,1,0,130.6,26.7,0
171,171,20,440.4,5,147.3,10,176.0,5.45446220032,11,7,2,267.1,133.5,39.8,5,0,0,147.3,0,0
172,172,20,460.9,6,182.8,7,122.6,5.94726606805,11,7,2,275.6,145.5,39.8,5,1,0,157.7,25.1,0
173,173,20,460.8,7,212.8,7,115.7,6.45244955526,11,7,2,278.4,141.2,41.2,5,1,1,158.9,28.1,25.8
174,174,20,436.6,4,119.2,6,96.9,5.13830813851,11,7,2,259.5,139.5,37.6,4,0,0,119.2,0,0
175,175,21,447.5,4,120.8,10,170.4,5.3347825412,12,7,2,279.1,133.7,34.7,4,0,0,120.8,0,0
176,176,21,459.9,5,151.0,10,172.9,5.57216295526,12,7,2,283.6,138.5,37.8,5,0,0,151.0,0,0
177,177,21,453.0,7,201.5,11,187.4,5.87776682569,12,7,2,288.6,130.0,34.4,7,0,0,201.5,0,0
178,178,21,443.3,6,174.6,12,202.3,5.94154060509,12,7,2,281.3,127.6,34.4,6,0,0,174.6,0,0
179,179,21,441.7,4,121.7,11,182.4,5.72445048309,12,7,2,275.5,135.6,30.6,4,0,0,121.7,0,0
180,180,21,437.5,5,151.3,12,201.1,5.98225152709,12,7,2,265.1,138.0,34.4,4,1,0,123.6,27.7,0
181,181,20,416.3,5,152.3,13,220.9,6.35521128888,11,7,2,239.0,139.9,37.4,4,1,0,123.9,28.4,0
182,182,20,450.0,4,133.8,8,131.0,7.28379600281,11,7,2,269.7,143.1,37.2,4,0,0,133.8,0,0
183,183,20,435.6,4,122.3,8,131.9,5.73140930588,11,7,2,257.3,141.1,37.2,4,0,0,122.3,0,0
184,184,20,424.4,6,169.0,10,167.4,5.56120017338,11,7,2,249.0,141.6,33.8,4,2,0,118.3,50.7,0
185,185,20,414.1,4,117.1,9,145.0,5.6785353004,11,7,2,237.1,140.6,36.4,3,1,0,89.0,28.1,0
186,186,20,419.2,4,114.2,9,146.0,5.60924049648,11,7,2,237.5,143.8,37.9,2,2,0,61.4,52.8,0
187,187,20,426.3,5,153.2,10,164.4,6.63501675721,11,7,2,252.9,139.5,33.9,4,1,0,124.0,29.2,0
188,188,20,410.0,5,143.8,10,155.0,6.20152782534,10,8,2,216.8,160.2,33.0,4,1,0,115.1,28.7,0
189,189,22,446.8,4,110.9,11,179.7,5.13168579847,12,8,2,250.1,163.7,33.0,3,1,0,84.7,26.2,0
190,190,22,451.7,5,140.0,10,160.6,5.24471492381,12,8,2,250.3,169.3,32.1,3,2,0,83.3,56.7,0
191,191,22,440.4,2,58.4,11,177.7,4.84449971506,12,8,2,247.2,161.1,32.1,1,1,0,30.6,27.8,0
192,192,21,393.5,2,56.4,15,247.0,4.50638171824,12,7,2,232.8,128.6,32.1,2,0,0,56.4,0,0
193,193,20,408.0,4,120.0,10,156.1,6.18206233686,10,8,2,230.9,143.3,33.8,3,1,0,94.1,25.9,0
194,194,20,497.9,11,327.2,5,78.9,6.45066092085,10,8,2,247.7,202.0,48.2,7,3,1,199.5,94.5,33.2
195,195,20,457.4,7,204.2,6,98.1,5.84313362215,10,8,2,232.1,182.3,43.0,4,2,1,118.9,57.3,28.0
196,196,21,494.3,7,209.1,6,108.7,5.53014251086,11,8,2,277.7,173.5,43.1,5,1,1,157.0,26.6,25.5
197,197,19,447.7,7,201.2,5,91.6,4.71348072923,9,8,2,229.8,166.6,51.3,4,2,1,121.6,50.2,29.4
198,198,19,454.3,8,224.0,4,74.2,4.18235642469,9,8,2,226.7,182.3,45.3,5,2,1,143.9,54.2,25.9
199,199,20,485.2,8,237.0,5,86.6,5.32959957023,10,8,2,244.6,192.6,48.0,5,2,1,148.0,61.3,27.7
200,200,20,456.2,8,226.5,9,162.3,5.40807388613,10,8,2,240.8,170.6,44.8,6,1,1,168.7,31.5,26.3
201,201,20,452.0,7,203.5,9,158.1,5.79900172897,10,8,2,239.3,169.5,43.2,6,1,0,170.5,33.0,0
202,202,21,472.9,6,177.8,9,157.1,5.71643411994,11,8,2,256.2,171.9,44.8,5,1,0,145.0,32.8,0
203,203,21,466.4,7,205.9,11,191.4,5.9552417887,11,8,2,255.5,166.7,44.2,5,1,1,147.1,32.9,25.9
204,204,21,465.7,7,206.1,11,192.5,5.87706599945,11,8,2,258.0,162.3,45.4,5,1,1,146.2,32.8,27.1
