,e_id,num_sat,sum_snr,num_sat_25,sum_snr_25,snr_std,elev_0_30,elev_30_60,elev_60_90,elev_0_30_25,elev_30_60_25,elev_60_90_25
1,1,18,380.6,5,143.8,5.59939305768,8,7,3,3,2,0
2,2,18,384.8,3,96.8,5.80502374272,8,7,3,1,2,0
3,3,18,386.7,3,94.6,5.61586513161,8,7,3,1,2,0
4,4,18,386.5,4,123.9,6.27186111374,8,7,3,2,2,0
5,5,19,409.0,5,149.2,5.83636512692,9,7,3,3,2,0
6,6,19,421.6,6,181.5,6.52677347009,9,7,3,4,2,0
7,7,19,430.4,6,179.3,6.24031413214,9,7,3,4,2,0
8,8,19,419.2,6,178.6,6.18117307514,9,7,3,4,2,0
9,9,19,402.5,3,92.4,5.59962926927,9,7,3,2,1,0
10,10,19,405.4,5,150.0,6.07903597313,9,7,3,4,1,0
11,11,19,406.0,3,97.8,6.08651082601,9,7,3,2,1,0
12,12,19,418.2,5,150.5,6.1978396538,9,7,3,3,2,0
13,13,19,451.2,8,234.0,5.89532474094,9,7,3,3,5,0
14,14,19,431.3,5,148.3,5.35007788105,9,7,3,3,2,0
15,15,19,431.7,5,148.1,5.18058115009,9,7,3,3,2,0
16,16,19,439.0,6,170.3,4.89029352496,9,7,3,4,2,0
17,17,19,426.3,5,147.9,5.29477840543,9,7,3,3,2,0
18,18,19,429.9,4,121.4,5.13904899387,9,7,3,3,1,0
19,19,19,437.1,8,222.4,5.08750907007,9,7,3,5,2,1
20,20,19,428.9,7,198.2,5.30365095479,9,7,3,4,2,1
21,21,19,430.4,5,145.8,5.14072718819,9,7,3,3,2,0
22,22,19,432.1,5,144.4,4.83003517234,9,7,3,3,2,0
23,23,19,429.3,5,144.1,5.11484480966,9,7,3,3,2,0
24,24,18,411.4,4,119.2,4.91542855797,9,6,3,2,2,0
25,25,16,389.1,6,171.2,4.05022118738,7,6,3,4,2,0
26,26,17,404.9,6,175.7,4.78960270979,7,7,3,4,2,0
27,27,17,408.6,7,201.8,5.0366086279,7,7,3,4,3,0
28,28,17,416.0,6,181.0,5.1937179248,7,7,3,4,2,0
29,29,17,404.6,6,175.8,5.13346861294,7,7,3,4,2,0
30,30,17,407.7,6,175.5,4.98337677862,7,7,3,4,2,0
31,31,17,412.4,6,178.5,5.18628706585,7,7,3,4,2,0
32,32,19,435.9,6,179.2,5.840501861,9,7,3,4,2,0
33,33,19,435.9,6,175.8,5.51596831325,9,7,3,4,2,0
34,34,19,436.1,6,178.1,5.68148732689,9,7,3,4,2,0
35,35,19,433.8,6,174.6,5.72393149967,9,7,3,3,3,0
36,36,19,433.7,6,174.0,5.73941945431,9,7,3,5,1,0
37,37,19,424.5,5,145.4,5.12307587615,9,7,3,3,2,0
38,38,19,429.6,4,120.7,5.01341475298,9,7,3,3,1,0
39,39,19,443.2,6,178.4,5.5004890798,9,7,3,4,2,0
40,40,19,454.2,8,236.7,6.02628259139,9,7,3,4,3,1
41,41,19,453.1,9,267.1,6.46772915851,9,7,3,5,3,1
42,42,19,469.7,9,269.8,6.35693662662,9,7,3,5,3,1
43,43,19,479.4,12,341.6,5.57146027453,9,7,3,6,4,2
44,44,19,464.8,9,258.3,5.59773868295,9,7,3,3,4,2
45,45,19,457.2,7,209.1,5.61082391715,9,7,3,2,3,2
46,46,19,458.4,8,233.7,5.49472900002,9,7,3,3,3,2
47,47,19,445.9,9,242.3,4.76177518621,9,7,3,4,3,2
48,48,19,434.9,7,195.4,4.97793963814,9,7,3,3,4,0
49,49,19,430.7,7,188.6,4.43546973982,9,7,3,3,3,1
50,50,19,432.5,8,211.8,4.66681077472,9,7,3,2,4,2
51,51,19,428.1,9,241.5,5.17687729037,9,7,3,3,4,2
52,52,19,429.0,6,169.5,5.44095364878,9,7,3,2,4,0
53,53,19,418.0,5,142.2,5.41817927598,9,7,3,1,3,1
54,54,19,430.5,6,169.5,5.29636309068,9,7,3,2,2,2
55,55,17,402.7,6,169.1,3.94839878193,7,7,3,3,3,0
56,56,12,322.3,8,229.6,3.85874645998,5,5,2,3,3,2
57,57,10,276.4,7,210.2,5.03679792461,4,4,2,3,2,2
58,58,13,338.7,6,178.5,4.70949667951,5,6,2,3,2,1
59,59,12,327.9,9,256.4,3.54583622654,3,6,3,3,6,0
60,60,11,295.3,8,223.9,2.33082115846,2,6,3,2,5,1
61,61,11,291.8,9,243.4,1.56274816211,2,7,2,2,6,1
62,62,14,371.3,8,234.8,4.2961840978,5,7,2,2,6,0
63,63,12,327.0,8,234.3,3.83630977989,3,6,3,3,5,0
64,64,10,268.1,7,199.7,3.94361650153,3,6,1,2,4,1
65,65,12,329.7,7,207.7,3.49860361755,4,6,2,2,3,2
