,e_id,num_sat,sum_snr,num_sat_25,sum_snr_25,snr_std,elev_0_30,elev_30_60,elev_60_90,elev_0_30_25,elev_30_60_25,elev_60_90_25
1,1,19,421.3,3,96.3,5.57104040804,10,7,2,2,1,0
2,2,19,420.0,6,179.7,6.64692691602,10,7,2,4,2,0
3,3,19,439.8,8,239.1,7.40918112292,10,7,2,5,3,0
4,4,18,428.4,7,217.2,7.37874531021,10,7,1,4,3,0
5,5,19,451.3,7,220.5,7.3322247966,11,7,1,6,1,0
6,6,19,444.9,8,247.3,7.40287205211,11,7,1,6,2,0
7,7,20,466.5,8,250.2,7.45956644712,11,7,2,6,2,0
8,8,20,462.5,9,266.5,6.90620430445,11,7,2,6,3,0
9,9,20,475.6,8,251.6,7.72798060366,11,7,2,6,2,0
10,10,20,472.4,6,199.1,7.53801593329,11,7,2,5,1,0
11,11,19,473.1,7,227.4,7.38910609539,10,7,2,4,3,0
12,12,20,464.4,7,198.6,4.42880523273,11,7,2,5,2,0
13,13,22,482.3,4,109.2,3.78001408642,11,9,2,2,2,0
14,14,22,499.2,8,224.6,4.76024300009,11,9,2,6,2,0
15,15,22,493.6,7,195.5,4.69797782785,11,9,2,4,3,0
16,16,21,458.0,3,89.9,4.74751564104,11,8,2,3,0,0
17,17,22,483.7,5,145.6,4.77366739865,11,9,2,5,0,0
18,18,22,470.8,4,109.6,4.18386925044,11,9,2,3,1,0
19,19,22,471.8,4,112.4,4.68896650941,11,9,2,2,2,0
20,20,22,467.9,5,140.1,5.17874652637,11,9,2,3,2,0
21,21,22,468.2,6,165.2,4.89962451075,11,9,2,5,1,0
22,22,22,472.1,6,168.2,4.97466525229,11,9,2,5,1,0
23,23,22,468.8,5,138.2,4.67505121855,11,9,2,5,0,0
24,24,22,467.4,5,141.7,5.09366808356,11,9,2,4,1,0
25,25,20,433.7,4,117.5,5.13258681061,11,7,2,3,1,0
26,26,20,431.1,4,114.5,5.04469236452,11,7,2,3,1,0
27,27,21,448.9,4,116.5,5.20316295746,11,8,2,3,1,0
28,28,21,447.7,4,113.4,4.97168171222,11,8,2,3,1,0
29,29,21,461.0,7,193.6,5.16629645371,11,8,2,5,2,0
30,30,22,507.8,6,184.9,5.62322025717,11,9,2,3,3,0
31,31,21,475.2,5,147.4,5.07051702069,11,8,2,4,1,0
32,32,21,464.2,4,123.7,5.54062056005,11,8,2,3,1,0
33,33,20,439.4,5,152.0,6.14389727162,11,7,2,4,1,0
34,34,20,446.3,5,151.7,5.71712800553,11,7,2,4,1,0
35,35,21,468.7,8,225.0,6.10259117487,11,8,2,5,3,0
36,36,20,449.7,8,226.1,5.91788324532,11,7,2,5,3,0
37,37,21,462.6,8,230.1,6.1494831374,11,8,2,5,3,0
38,38,22,483.9,5,143.1,5.01051059776,11,9,2,4,1,0
39,39,21,473.0,5,148.4,5.56892312408,11,8,2,4,1,0
40,40,20,444.2,6,174.8,5.79372618941,11,7,2,5,1,0
41,41,20,445.7,4,122.8,5.89292841151,11,7,2,2,2,0
42,42,20,410.3,4,112.2,4.94073028908,11,7,2,3,1,0
43,43,20,442.2,5,150.9,5.89021490091,11,7,2,3,2,0
44,44,20,438.8,7,205.4,6.36548257566,11,7,2,4,2,1
45,45,20,437.7,5,148.0,6.10084334119,11,7,2,3,2,0
46,46,20,448.2,6,173.6,5.65963547273,11,7,2,4,2,0
47,47,21,452.8,3,91.5,5.20014193945,11,8,2,2,1,0
48,48,21,466.3,5,144.8,5.04791800552,11,8,2,4,1,0
49,49,21,459.3,6,171.3,5.21758017256,11,8,2,5,1,0
50,50,21,467.6,6,182.9,5.96953376181,11,8,2,5,1,0
51,51,21,464.3,5,145.6,5.5272872878,11,8,2,3,2,0
52,52,22,487.2,7,199.3,5.64781687892,11,9,2,6,1,0
53,53,20,459.2,7,203.3,5.93343780708,11,7,2,4,3,0
54,54,21,469.3,5,145.8,4.61677582817,11,8,2,3,2,0
55,55,20,438.3,3,95.0,4.83869001411,10,8,2,3,0,0
56,56,20,443.2,3,102.3,5.9556607305,10,8,2,3,0,0
57,57,19,432.8,6,187.7,6.76843810535,10,7,2,4,2,0
58,58,20,444.9,5,159.5,6.81897314387,10,8,2,3,2,0
59,59,19,436.4,5,163.5,7.17418618161,10,7,2,4,1,0
60,60,19,422.1,3,107.3,6.70308910196,10,7,2,3,0,0
61,61,20,458.0,4,134.8,6.51807204301,10,8,2,3,1,0
62,62,19,452.9,6,190.2,6.63100549827,10,7,2,4,2,0
63,63,19,436.2,6,194.2,7.59080699776,10,7,2,4,2,0
64,64,19,420.7,6,177.8,6.41286171078,10,7,2,5,1,0
65,65,20,452.2,5,154.8,6.32512949732,10,8,2,4,1,0
66,66,19,442.5,5,161.5,6.66599119385,10,7,2,4,1,0
67,67,19,426.1,4,129.5,6.17691419771,10,7,2,3,1,0
68,68,19,430.6,5,149.4,5.15290754238,10,7,2,4,1,0
69,69,21,456.3,4,115.7,4.66488401326,10,9,2,4,0,0
70,70,21,453.9,3,87.7,4.39138767524,10,9,2,3,0,0
71,71,22,455.2,4,110.8,4.39468391961,11,9,2,3,1,0
72,72,22,460.4,3,93.8,5.19195181376,11,9,2,3,0,0
73,73,22,479.5,7,197.3,5.2360906239,11,9,2,5,2,0
74,74,22,476.2,7,199.2,5.57107557989,11,9,2,4,3,0
75,75,22,476.2,6,173.7,5.64688934789,11,9,2,5,1,0
76,76,22,481.6,4,116.2,4.21775262781,11,9,2,2,2,0
77,77,22,476.5,5,141.1,4.4312375022,11,9,2,2,3,0
78,78,22,478.4,6,172.9,5.06629640935,11,9,2,2,4,0
79,79,22,477.7,4,119.2,4.9162796091,11,9,2,2,2,0
80,80,22,478.1,5,145.5,5.04167265929,11,9,2,2,3,0
81,81,21,454.0,5,145.0,5.28796927446,11,8,2,3,2,0
82,82,21,472.9,6,174.2,5.10290300198,11,8,2,5,1,0
83,83,22,504.5,9,253.5,5.16723987883,11,9,2,5,3,1
84,84,22,492.7,6,173.5,5.10121155289,11,9,2,5,1,0
85,85,21,475.4,4,124.4,5.07212738311,11,8,2,4,0,0
86,86,22,484.6,5,150.6,5.14857186099,11,9,2,5,0,0
87,87,21,470.9,5,151.8,5.43340636819,11,8,2,5,0,0
88,88,21,460.5,5,148.0,5.36042375724,11,8,2,4,1,0
89,89,22,487.3,4,121.3,4.72548813301,11,9,2,4,0,0
90,90,22,486.0,3,85.8,4.02100545243,11,9,2,3,0,0
91,91,22,479.6,5,135.1,4.18330013267,11,9,2,5,0,0
92,92,22,474.2,5,135.6,4.20042257202,11,9,2,5,0,0
93,93,22,468.4,5,142.4,5.11374516479,11,9,2,5,0,0
94,94,22,480.3,5,142.0,4.9595877674,11,9,2,5,0,0
95,95,22,472.9,5,140.5,5.00042638875,11,9,2,5,0,0
96,96,22,468.0,7,193.5,5.82034050863,11,9,2,6,1,0
97,97,21,469.2,6,174.4,5.60870496894,11,8,2,5,1,0
98,98,22,504.9,6,180.0,5.47311611424,11,9,2,5,1,0
99,99,21,476.7,8,222.7,4.87626906559,11,8,2,5,3,0
100,100,20,462.1,8,235.4,6.10198199035,11,7,2,5,3,0
101,101,22,507.4,8,232.6,5.57242748288,11,9,2,5,3,0
102,102,21,464.7,7,195.1,5.13323902202,11,8,2,4,3,0
103,103,20,444.9,5,148.7,5.42571605752,11,7,2,4,1,0
104,104,21,485.0,7,201.5,5.0284665844,11,8,2,5,2,0
105,105,20,441.6,6,160.1,4.24482347287,11,7,2,5,1,0
106,106,20,445.3,6,165.0,4.60357698454,11,7,2,4,2,0
107,107,20,429.7,6,168.7,5.48800366349,11,7,2,4,2,0
108,108,20,439.2,7,198.4,5.61008490413,11,7,2,4,2,1
109,109,20,428.2,8,225.1,6.29811166353,11,7,2,4,3,1
110,110,20,443.4,6,181.0,6.37817825831,11,7,2,5,1,0
111,111,21,463.4,8,220.3,5.21395563208,11,8,2,7,1,0
112,112,21,457.5,5,144.5,5.22515891761,11,8,2,4,1,0
113,113,21,467.2,5,147.9,5.02360617959,11,8,2,4,1,0
114,114,21,468.9,6,177.8,5.73438251751,10,9,2,5,1,0
115,115,20,460.4,6,177.0,5.57027826953,10,8,2,5,1,0
116,116,21,474.4,6,178.0,5.51379223057,10,9,2,4,2,0
117,117,20,444.2,5,151.8,5.90779146551,10,8,2,4,1,0
118,118,20,451.3,5,143.3,5.02292376589,10,8,2,3,2,0
119,119,22,504.8,6,176.6,4.69170770745,11,9,2,4,1,1
120,120,22,499.7,6,177.1,5.03731745074,11,9,2,4,1,1
121,121,22,482.4,4,119.7,4.67120682053,11,9,2,4,0,0
122,122,21,473.5,6,171.1,4.46145929575,11,8,2,4,2,0
123,123,21,473.6,4,117.0,4.22417081184,10,9,2,4,0,0
124,124,20,438.2,5,144.2,4.7029553978,10,8,2,5,0,0
125,125,21,462.0,6,180.5,6.24195482201,11,8,2,5,0,1
126,126,20,426.2,4,119.7,5.24142407326,10,8,2,4,0,0
127,127,21,487.0,7,203.0,4.82792965586,11,8,2,6,1,0
128,128,22,522.1,6,180.4,5.07509196385,11,9,2,6,0,0
129,129,22,489.7,4,123.6,5.11185914283,11,9,2,4,0,0
130,130,21,461.4,3,99.1,5.50283044052,11,8,2,3,0,0
131,131,20,433.7,3,96.2,5.0490515003,10,8,2,3,0,0
132,132,21,472.9,5,145.1,4.66128941899,10,9,2,4,1,0
133,133,20,440.9,5,142.7,5.07859025197,10,8,2,3,2,0
134,134,22,464.0,2,60.3,4.27928666629,11,9,2,1,1,0
135,135,22,468.9,3,85.8,4.14582928169,11,9,2,2,1,0
136,136,22,478.2,5,140.0,4.62019845529,11,9,2,4,0,1
137,137,22,449.9,3,81.3,4.13599184857,11,9,2,3,0,0
138,138,22,463.6,5,143.5,5.27917578507,11,9,2,3,2,0
139,139,22,473.7,4,121.5,5.54379845401,11,9,2,3,1,0
140,140,22,472.6,4,118.1,4.76531479634,11,9,2,3,1,0
141,141,22,496.2,6,178.0,5.67187944602,11,9,2,4,2,0
142,142,21,446.5,5,145.4,5.36912247862,11,8,2,4,1,0
143,143,20,419.8,4,117.2,5.52362390579,10,8,2,3,1,0
144,144,20,428.5,6,172.1,5.66400221157,10,8,2,4,2,0
145,145,20,419.8,5,139.8,4.55584067001,10,8,2,4,1,0
146,146,20,440.0,6,178.9,5.76048243594,10,8,2,4,2,0
147,147,22,475.2,6,172.8,5.10601885733,11,9,2,4,2,0
148,148,22,472.0,5,138.6,4.23609515527,11,9,2,4,1,0
149,149,22,463.3,3,87.5,4.46581289896,11,9,2,2,1,0
150,150,22,463.8,5,139.3,4.59530157191,11,9,2,3,2,0
151,151,22,475.9,5,139.1,4.52405068849,11,9,2,4,1,0
152,152,22,476.0,5,143.7,5.11920245412,11,9,2,4,1,0
153,153,22,456.3,5,137.0,4.9849926294,11,9,2,3,2,0
154,154,22,453.8,6,163.4,5.38783301419,11,9,2,4,2,0
155,155,22,467.2,6,171.3,5.77701071609,11,9,2,3,3,0
156,156,22,486.5,7,201.7,5.78818957258,11,9,2,4,3,0
157,157,20,465.4,6,178.2,5.68285510155,10,8,2,5,1,0
158,158,20,455.4,7,201.7,5.84772560376,10,8,2,6,1,0
159,159,20,457.3,6,179.5,6.21172702488,10,8,2,5,1,0
160,160,20,452.9,5,152.3,6.05922306988,10,8,2,4,1,0
161,161,20,445.4,7,204.1,6.42192789548,10,8,2,5,2,0
162,162,20,450.1,7,204.9,6.29866109415,10,8,2,5,2,0
163,163,20,448.8,7,205.2,6.2523595546,10,8,2,5,2,0
164,164,20,447.9,7,205.3,6.25219750841,10,8,2,5,2,0
165,165,20,445.8,7,206.8,6.65035812253,10,8,2,5,2,0
166,166,20,448.7,7,204.9,6.30891391103,10,8,2,5,2,0
167,167,20,440.3,7,209.7,6.86626191108,10,8,2,5,2,0
168,168,20,439.6,7,206.6,6.62066938896,10,8,2,5,2,0
169,169,20,437.9,6,181.3,6.67015939208,10,8,2,5,1,0
170,170,20,434.1,5,157.3,6.78795178781,10,8,2,4,1,0
171,171,20,440.4,5,147.3,5.45446220032,10,8,2,5,0,0
172,172,20,460.9,6,182.8,5.94726606805,10,8,2,5,1,0
173,173,20,460.8,7,212.8,6.45244955526,10,8,2,5,1,1
174,174,20,436.6,4,119.2,5.13830813851,10,8,2,4,0,0
175,175,21,447.5,4,120.8,5.3347825412,11,8,2,4,0,0
176,176,21,459.9,5,151.0,5.57216295526,11,8,2,5,0,0
177,177,21,453.0,7,201.5,5.87776682569,11,8,2,6,1,0
178,178,21,443.3,6,174.6,5.94154060509,11,8,2,5,1,0
179,179,21,441.7,4,121.7,5.72445048309,11,8,2,4,0,0
180,180,21,437.5,5,151.3,5.98225152709,11,8,2,4,1,0
181,181,20,416.3,5,152.3,6.35521128888,10,8,2,4,1,0
182,182,20,450.0,4,133.8,7.28379600281,10,8,2,3,1,0
183,183,20,435.6,4,122.3,5.73140930588,10,8,2,4,0,0
184,184,20,424.4,5,144.0,5.56120017338,10,8,2,4,1,0
185,185,20,414.1,4,117.1,5.6785353004,10,8,2,3,1,0
186,186,20,419.2,4,114.2,5.60924049648,10,8,2,2,2,0
187,187,20,426.3,5,153.2,6.63501675721,10,8,2,4,1,0
188,188,20,410.0,5,143.8,6.20152782534,10,8,2,4,1,0
189,189,22,446.8,4,110.9,5.13168579847,11,9,2,3,1,0
190,190,22,451.7,5,140.0,5.24471492381,11,9,2,3,2,0
191,191,22,440.4,2,58.4,4.84449971506,11,9,2,1,1,0
192,192,21,393.5,2,56.4,4.50638171824,11,8,2,2,0,0
193,193,20,408.0,4,120.0,6.18206233686,10,8,2,3,1,0
194,194,20,497.9,11,327.2,6.45066092085,10,8,2,7,3,1
195,195,20,457.4,6,179.2,5.84313362215,10,8,2,3,2,1
196,196,21,494.3,7,209.1,5.53014251086,11,8,2,5,1,1
197,197,19,447.7,7,201.2,4.71348072923,9,8,2,4,2,1
198,198,19,454.3,8,224.0,4.18235642469,9,8,2,5,2,1
199,199,20,485.2,8,237.0,5.32959957023,10,8,2,5,2,1
200,200,20,456.2,8,226.5,5.40807388613,10,8,2,6,1,1
201,201,20,452.0,6,178.5,5.79900172897,10,8,2,5,1,0
202,202,21,472.9,6,177.8,5.71643411994,11,8,2,5,1,0
203,203,21,466.4,7,205.9,5.9552417887,11,8,2,5,1,1
204,204,21,465.7,7,206.1,5.87706599945,11,8,2,5,1,1
