,e_id,num_sat,sum_snr,num_sat_25,sum_snr_25,snr_std,elev_0_30,elev_30_60,elev_60_90,elev_0_30_25,elev_30_60_25,elev_60_90_25
1,1,17,370.0,3,89.7,4.90203289163,12,2,3,3,0,0
2,2,17,376.6,5,148.3,5.63239709705,12,2,3,4,1,0
3,3,17,392.9,5,156.5,6.2393792112,12,2,3,5,0,0
4,4,17,389.7,5,155.1,6.27888618823,12,2,3,5,0,0
5,5,17,374.9,5,155.9,6.75149220979,12,2,3,4,0,1
6,6,17,372.6,4,130.5,6.70524377765,12,2,3,4,0,0
7,7,18,399.8,5,157.9,6.56460104866,12,2,4,5,0,0
8,8,18,402.5,5,157.5,6.57715644698,12,2,4,5,0,0
9,9,19,399.6,4,130.7,6.77413812735,13,2,4,4,0,0
10,10,19,401.5,5,152.0,6.36623494449,13,2,4,5,0,0
11,11,19,433.2,6,180.2,6.21986066296,13,2,4,6,0,0
12,12,19,420.6,5,154.2,6.30636455639,13,2,4,5,0,0
13,13,19,414.5,5,154.0,6.32299710562,13,2,4,5,0,0
14,14,19,416.2,4,129.5,6.56983626417,13,2,4,4,0,0
15,15,19,406.9,4,129.8,6.7600347762,13,2,4,4,0,0
16,16,19,412.1,4,128.4,6.36875138093,13,2,4,4,0,0
17,17,20,450.1,6,194.5,7.53493442852,14,2,4,6,0,0
18,18,20,450.8,6,198.2,7.7289203985,14,2,4,6,0,0
19,19,20,451.3,6,196.0,7.66037480188,14,2,4,6,0,0
20,20,20,449.8,6,194.6,7.53440529557,14,2,4,6,0,0
21,21,20,457.3,6,196.3,7.57456095653,14,2,4,6,0,0
22,22,20,456.1,6,196.1,7.5881122401,14,2,4,6,0,0
23,23,20,458.4,7,222.0,7.57764023816,14,2,4,7,0,0
24,24,20,448.4,6,196.7,7.69720386689,14,2,4,6,0,0
25,25,20,457.6,6,198.5,7.70608781897,14,2,4,6,0,0
26,26,20,460.1,6,198.2,7.59365905837,14,2,4,6,0,0
27,27,20,459.9,6,200.0,7.71290613534,14,2,4,6,0,0
28,28,20,455.3,6,198.3,7.81410836076,14,2,4,6,0,0
29,29,20,457.4,6,197.7,7.71397228547,14,2,4,6,0,0
30,30,20,458.6,6,195.5,7.42074616762,14,2,4,6,0,0
31,31,20,452.1,6,190.5,7.08515683443,14,2,4,6,0,0
32,32,20,454.0,7,218.8,7.34130348386,14,2,4,7,0,0
33,33,20,462.9,7,223.6,7.44555501448,14,2,4,7,0,0
34,34,20,446.1,6,195.2,7.40543719169,14,2,4,6,0,0
35,35,20,448.0,6,197.3,7.77391048383,14,2,4,6,0,0
36,36,20,441.7,7,221.3,7.82837450359,14,2,4,7,0,0
37,37,20,446.2,7,219.4,7.61853004194,14,2,4,7,0,0
38,38,20,441.8,6,192.2,7.62854059299,14,2,4,6,0,0
39,39,20,439.8,7,221.8,8.07392815112,14,2,4,7,0,0
40,40,20,439.0,8,243.8,7.78409309189,14,2,4,8,0,0
41,41,20,455.7,8,243.2,7.35035086882,14,2,4,7,1,0
42,42,20,454.6,6,192.6,7.18017006103,14,2,4,6,0,0
43,43,20,461.0,5,162.4,6.57311109549,14,2,4,5,0,0
44,44,20,445.1,3,100.5,5.66275690715,14,2,4,3,0,0
45,45,20,455.1,6,185.0,6.35911902207,14,2,4,4,1,1
46,46,20,455.8,7,208.7,6.32379799271,14,2,4,5,2,0
47,47,20,479.7,8,241.2,6.57004966736,14,2,4,6,2,0
48,48,20,474.7,8,253.7,7.53345346124,14,2,4,6,2,0
49,49,20,478.2,8,244.4,6.58234480697,14,2,4,6,2,0
50,50,20,511.8,12,349.2,5.65479768357,14,2,4,7,2,3
51,51,20,512.9,12,349.1,5.30138760386,14,2,4,7,2,3
52,52,19,498.7,12,347.4,4.61812473017,13,2,4,7,2,3
53,53,19,503.0,12,350.1,4.4697554128,13,2,4,7,2,3
54,54,19,508.5,12,360.6,5.06690904314,13,2,4,7,2,3
55,55,19,492.7,9,280.3,5.82018066077,13,2,4,6,1,2
56,56,19,491.3,12,344.7,4.34681438776,13,2,4,8,1,3
57,57,18,459.5,12,333.2,3.64268898021,12,2,4,8,1,3
58,58,18,454.9,10,280.6,3.78756565551,12,2,4,7,1,2
59,59,18,456.1,10,284.8,4.22027862042,12,2,4,8,1,1
60,60,19,479.3,11,314.3,4.87292315935,13,2,4,8,2,1
61,61,19,482.4,11,323.5,5.8403666872,13,2,4,7,2,2
62,62,20,486.3,9,267.4,6.46889521195,14,2,4,7,1,1
63,63,20,474.5,8,232.9,5.58634378123,14,2,4,6,1,1
64,64,20,494.7,11,317.9,5.77328466209,14,2,4,7,2,2
65,65,20,479.7,8,232.6,5.40148858625,14,2,4,6,1,1
66,66,20,483.9,11,310.7,5.47525293816,14,2,4,7,2,2
67,67,20,488.6,11,312.7,5.60902468302,14,2,4,8,2,1
68,68,20,497.9,11,316.0,5.54412681179,14,2,4,8,2,1
69,69,20,486.8,8,232.9,5.33778980478,14,2,4,6,2,0
70,70,19,471.8,10,286.8,5.40031404761,13,2,4,7,1,2
71,71,19,469.5,8,238.0,5.40235491212,13,2,4,5,2,1
72,72,19,456.1,5,150.7,4.87994463587,13,2,4,4,0,1
73,73,19,470.2,10,289.4,5.48405450385,13,2,4,6,1,3
74,74,19,456.2,7,201.0,5.07202509817,13,2,4,5,1,1
75,75,21,498.7,10,292.8,6.29512661093,15,2,4,6,1,3
76,76,20,450.6,6,176.2,5.64177090525,14,2,4,4,1,1
77,77,21,473.0,5,149.9,5.46121824888,15,2,4,4,1,0
78,78,21,458.1,7,202.5,5.80304107467,15,2,4,4,1,2
79,79,21,478.5,7,207.9,5.83577635917,15,2,4,4,1,2
80,80,21,473.6,7,203.7,5.60460694854,15,2,4,4,1,2
81,81,21,476.2,7,202.6,5.52656355812,15,2,4,4,1,2
82,82,21,477.4,6,179.9,5.68017018524,15,2,4,3,1,2
83,83,21,482.8,6,180.1,5.54697257627,15,2,4,3,1,2
84,84,21,483.1,8,231.9,5.71432202369,15,2,4,4,1,3
85,85,21,472.8,6,176.9,5.62105734843,15,2,4,3,1,2
86,86,21,475.0,9,255.4,6.06173399677,15,2,4,5,2,2
87,87,21,471.9,6,177.8,5.85910768438,15,2,4,3,2,1
88,88,21,497.2,7,213.4,5.87808682837,15,2,4,4,2,1
89,89,21,478.0,5,154.8,5.55179936511,15,2,4,3,1,1
90,90,21,483.1,5,150.6,5.13297927041,15,2,4,3,1,1
91,91,21,483.3,6,179.1,5.49347665093,15,2,4,4,1,1
92,92,21,495.6,8,235.4,5.61114961483,15,2,4,7,1,0
93,93,20,466.3,6,182.9,5.69859400942,14,2,4,6,0,0
94,94,20,471.0,6,180.2,5.4674635705,14,2,4,6,0,0
95,95,20,459.0,7,201.6,5.2197499436,14,2,4,5,1,1
96,96,20,448.8,4,123.3,5.24548929031,14,2,4,3,0,1
97,97,21,473.0,7,201.8,5.5828222936,15,2,4,5,1,1
98,98,21,476.4,7,205.5,5.7934692296,15,2,4,5,1,1
99,99,21,466.1,4,120.7,5.31784507018,15,2,4,3,0,1
100,100,21,469.8,6,169.5,5.12124426845,15,2,4,4,1,1
101,101,21,462.1,7,198.5,5.21320210528,15,2,4,6,1,0
102,102,21,478.6,6,178.2,5.34227524206,15,2,4,4,2,0
103,103,21,509.2,11,318.5,5.87653120877,15,2,4,7,2,2
104,104,21,525.2,11,331.5,6.12216503877,15,2,4,8,1,2
105,105,21,514.7,10,298.5,6.11783497341,15,2,4,8,1,1
106,106,20,500.3,10,295.5,5.88828229801,14,2,4,5,2,3
107,107,20,492.5,9,270.5,5.99358209386,14,2,4,5,2,2
108,108,20,483.7,8,235.0,5.59654733789,14,2,4,7,1,0
109,109,21,514.7,8,243.0,5.65914346539,15,2,4,6,2,0
110,110,21,496.8,8,245.4,6.36133409188,15,2,4,5,2,1
111,111,21,509.5,8,248.1,6.60874240612,15,2,4,5,2,1
112,112,21,480.4,7,218.2,7.02345390544,15,2,4,4,2,1
113,113,21,493.3,7,208.6,5.99098529141,15,2,4,5,2,0
114,114,21,508.3,8,239.6,5.81433368414,15,2,4,6,2,0
115,115,21,507.1,8,238.4,5.56242923979,15,2,4,5,2,1
116,116,21,523.8,10,294.6,5.74043303493,15,2,4,7,2,1
117,117,21,508.7,7,215.5,5.38979635626,15,2,4,5,2,0
118,118,21,505.3,6,188.2,5.53113697087,15,2,4,4,2,0
119,119,21,475.1,5,144.7,4.52060889283,15,2,4,2,1,2
