,e_id,num_sat,sum_snr,num_sat_25,sum_snr_25,snr_std,elev_0_30,elev_30_60,elev_60_90,elev_0_30_25,elev_30_60_25,elev_60_90_25
1,1,18,404.4,7,205.9,6.20853302745,9,6,3,5,2,0
2,2,18,407.1,6,182.6,6.49373000761,9,6,3,4,2,0
3,3,18,408.0,8,229.8,6.24056935562,9,6,3,5,3,0
4,4,18,426.4,8,237.8,6.51251183934,9,6,3,3,5,0
5,5,18,436.9,8,249.8,7.33154389932,9,6,3,4,4,0
6,6,18,409.0,6,180.6,6.23581265571,9,6,3,3,3,0
7,7,18,392.6,5,139.1,5.01537505358,9,6,3,3,2,0
8,8,18,403.1,7,200.6,5.82342856584,9,6,3,4,3,0
9,9,18,428.1,7,207.6,6.1354562609,9,6,3,4,3,0
10,10,18,432.6,11,312.5,6.24857630844,9,6,3,5,5,1
11,11,18,435.0,8,234.0,6.07134058265,9,6,3,5,3,0
12,12,18,447.5,8,242.1,6.21754054732,9,6,3,4,3,1
13,13,18,441.1,8,239.4,6.09555983263,9,6,3,4,3,1
14,14,18,428.9,9,264.1,6.65580733208,9,6,3,5,3,1
15,15,18,422.1,8,236.8,6.52111953579,9,6,3,5,3,0
16,16,18,420.0,9,257.3,6.15371719322,9,6,3,6,3,0
17,17,19,449.1,9,265.3,6.52628961511,10,6,3,6,3,0
18,18,19,455.3,9,265.7,6.09209054853,10,6,3,6,3,0
19,19,19,444.4,8,238.6,6.42312616314,10,6,3,4,4,0
20,20,19,449.6,9,271.5,6.91602089566,10,6,3,5,4,0
21,21,19,446.7,10,289.5,6.79386117812,10,6,3,7,3,0
22,22,19,454.0,7,220.2,6.9068785106,10,6,3,5,2,0
23,23,19,443.2,8,238.2,6.62820925249,10,6,3,5,3,0
24,24,18,424.7,7,213.9,6.6601953886,10,6,2,3,4,0
25,25,18,410.6,6,188.2,6.98147876539,10,6,2,3,3,0
26,26,19,449.4,8,239.9,6.46910335716,10,6,3,5,3,0
27,27,19,441.4,7,221.8,7.13318166751,10,6,3,4,3,0
28,28,19,427.5,6,184.3,6.73036238087,10,6,3,4,2,0
29,29,19,435.7,7,216.0,7.1908161051,10,6,3,4,3,0
30,30,19,436.5,7,215.0,6.81002872447,10,6,3,4,3,0
31,31,19,430.5,6,185.9,6.8393725987,10,6,3,4,2,0
32,32,19,431.6,6,179.5,5.83545324888,10,6,3,4,2,0
33,33,19,419.6,7,193.5,5.1271893056,10,6,3,5,2,0
34,34,19,422.7,7,202.3,5.86471259323,10,6,3,5,2,0
35,35,19,431.0,5,154.3,5.97525110192,10,6,3,3,2,0
36,36,19,440.9,6,180.1,5.91912847228,10,6,3,3,3,0
37,37,19,440.6,5,157.8,6.1111823494,10,6,3,3,2,0
38,38,19,442.2,7,203.7,5.58448665752,10,6,3,3,4,0
39,39,19,432.4,6,176.7,5.727256061,10,6,3,4,2,0
40,40,19,433.4,6,177.6,6.01811106733,10,6,3,4,2,0
41,41,19,427.1,6,172.6,5.15758114574,10,6,3,4,2,0
42,42,19,437.1,5,151.5,5.28177933868,10,6,3,4,1,0
43,43,19,444.0,6,179.4,5.39506488804,10,6,3,4,2,0
44,44,19,446.1,7,204.8,5.71242106168,10,6,3,4,3,0
45,45,19,433.9,7,204.7,6.16875735067,10,6,3,4,3,0
46,46,19,439.0,5,162.0,6.7403819282,10,6,3,3,2,0
47,47,19,455.6,7,218.3,7.01835521625,10,6,3,4,3,0
48,48,19,440.0,6,188.7,6.77678355281,10,6,3,4,2,0
49,49,18,438.4,7,215.3,6.39983659922,10,5,3,3,4,0
50,50,19,449.7,6,186.5,5.84114264236,10,6,3,4,2,0
51,51,19,447.8,6,182.7,5.67871783568,10,6,3,5,1,0
52,52,19,434.1,3,97.8,5.25456081483,10,6,3,2,1,0
53,53,19,447.8,6,182.9,5.4719540113,10,6,3,3,3,0
54,54,20,460.9,6,183.2,6.23787033496,10,6,4,4,2,0
55,55,20,463.5,5,157.3,6.09347148486,10,6,4,3,2,0
56,56,20,462.2,7,210.8,6.10003451241,10,6,4,4,3,0
57,57,20,468.4,7,212.5,5.63332191424,10,6,4,4,3,0
58,58,20,455.0,7,203.0,6.04809669931,10,6,4,4,3,0
59,59,20,449.9,6,183.0,6.40390300397,10,6,4,4,2,0
60,60,20,460.2,7,207.7,6.50246107255,10,6,4,4,3,0
61,61,20,441.9,6,177.6,6.27312353994,10,6,4,3,3,0
62,62,20,437.4,5,152.8,6.60702178308,10,6,4,3,2,0
63,63,20,450.2,6,181.2,6.32695985862,10,6,4,3,3,0
64,64,20,455.6,5,166.9,7.63065838368,10,6,4,3,2,0
65,65,20,456.5,7,216.5,7.52650579444,10,6,4,3,3,1
66,66,20,456.4,4,142.7,7.71086724592,10,6,4,2,2,0
67,67,20,458.9,7,218.3,7.17667823762,10,6,4,4,3,0
68,68,20,463.5,7,224.4,7.43773274735,10,6,4,4,3,0
69,69,20,462.3,7,213.7,6.83991959017,10,6,4,4,3,0
70,70,20,431.3,5,151.4,6.28618158721,10,6,4,4,1,0
71,71,20,431.1,7,191.1,5.24248585069,10,6,4,3,4,0
72,72,20,415.9,5,142.2,5.40160551181,10,6,4,2,3,0
73,73,20,409.0,4,112.5,4.97356168047,10,6,4,1,3,0
74,74,20,414.8,4,113.9,5.17101232072,10,6,4,1,3,0
75,75,20,413.1,4,111.4,5.16093371805,10,6,4,2,2,0
76,76,20,423.1,4,113.2,5.4759257809,10,6,4,2,2,0
77,77,20,434.9,8,216.0,5.48456926294,10,6,4,4,4,0
78,78,20,436.0,6,163.2,5.31710249547,10,6,4,3,3,0
79,79,20,429.5,5,136.4,5.25185430912,10,6,4,3,2,0
80,80,20,435.8,8,213.8,5.41964263728,10,6,4,5,3,0
81,81,20,438.4,7,194.2,5.79170005039,10,6,4,5,2,0
82,82,19,430.3,7,215.6,7.10870893271,10,6,3,4,3,0
83,83,19,456.9,8,241.7,6.40792637815,10,6,3,4,4,0
84,84,19,454.7,7,212.0,5.90978967774,10,6,3,4,3,0
85,85,19,463.4,9,267.7,6.29778574287,10,6,3,4,5,0
86,86,19,465.8,7,220.1,6.31174066129,10,6,3,4,3,0
87,87,19,471.4,10,290.3,5.29254136989,10,6,3,5,5,0
88,88,19,458.7,9,266.0,6.00687715035,10,6,3,4,5,0
89,89,19,428.0,6,177.2,5.42338988961,10,6,3,3,3,0
90,90,18,418.5,7,206.2,5.68416272483,9,6,3,4,3,0
91,91,18,416.0,5,151.0,5.27043796471,9,6,3,3,2,0
92,92,18,420.0,7,206.2,5.71633366663,9,6,3,4,3,0
93,93,18,423.4,6,187.3,6.40381830542,9,6,3,4,2,0
94,94,18,406.9,5,163.9,7.11348944092,9,6,3,3,2,0
95,95,18,410.1,6,188.3,6.99724735794,9,6,3,3,3,0
96,96,18,423.0,5,164.7,7.13269192645,9,6,3,2,3,0
97,97,18,433.6,7,213.1,6.63332840674,9,6,3,4,3,0
98,98,18,442.1,7,217.3,6.47739407377,9,6,3,4,3,0
99,99,18,441.4,8,248.3,6.97006671886,9,6,3,5,3,0
100,100,18,440.0,7,227.6,7.47342131448,9,6,3,4,3,0
101,101,18,442.7,8,253.4,7.47509372141,9,6,3,4,4,0
102,102,18,425.8,8,228.8,5.66737019854,9,6,3,6,2,0
103,103,18,428.8,6,191.2,6.74201536944,9,6,3,4,2,0
104,104,18,424.3,5,161.3,6.30301566997,9,6,3,4,1,0
105,105,18,425.4,6,177.9,5.49288309596,9,6,3,4,1,1
106,106,18,427.5,6,183.3,5.81997068923,9,6,3,3,3,0
107,107,18,432.0,5,160.4,5.89057073036,9,6,3,3,2,0
108,108,18,422.8,5,161.8,6.3558115036,9,6,3,3,2,0
109,109,18,423.3,5,161.6,6.73317074158,9,6,3,3,2,0
110,110,18,425.6,6,188.5,6.61052834252,9,6,3,3,3,0
111,111,18,442.4,8,241.9,6.15319673547,9,6,3,4,3,1
112,112,18,427.6,7,203.7,5.32587714093,9,6,3,4,3,0
113,113,18,440.8,7,215.6,5.76560683903,9,6,3,4,3,0
114,114,18,428.0,8,236.8,5.9606114526,9,6,3,4,4,0
115,115,18,414.7,8,223.0,5.23148150076,9,6,3,4,4,0
116,116,18,420.3,7,199.1,4.97644451391,9,6,3,3,4,0
117,117,15,364.9,6,179.5,5.72556505841,5,7,3,3,3,0
118,118,10,282.6,9,261.3,4.02414932349,5,5,0,5,4,0
119,119,11,302.2,6,186.7,4.78248699091,5,4,2,3,3,0
120,120,9,250.6,5,159.1,5.49593283963,4,4,1,2,3,0
121,121,6,176.8,4,128.6,4.5710684382,4,2,0,2,2,0
122,122,12,287.9,4,122.7,5.56898200806,6,3,3,2,2,0
123,123,13,307.1,5,147.0,5.66673831026,6,4,3,3,2,0
124,124,13,309.5,4,125.4,6.16853055685,6,4,3,3,1,0
125,125,15,355.3,6,177.8,5.9608085102,6,6,3,3,3,0
126,126,15,366.9,7,211.3,6.36831442153,6,6,3,3,4,0
127,127,17,413.0,8,245.5,6.91849609636,8,6,3,4,4,0
128,128,18,407.2,4,124.5,5.84612043863,9,6,3,1,3,0
129,129,18,411.7,6,180.2,5.99625427742,9,6,3,2,4,0
130,130,18,416.8,6,189.4,6.81453655774,9,6,3,2,4,0
131,131,18,427.7,8,239.8,6.48057176934,9,6,3,3,5,0
132,132,18,432.8,8,248.1,7.00657021258,9,6,3,3,5,0
133,133,18,427.9,8,247.9,7.23811850394,9,6,3,3,5,0
134,134,18,428.7,8,246.8,7.02836689256,9,6,3,3,5,0
135,135,18,429.2,8,246.2,6.85086703162,9,6,3,3,5,0
136,136,18,431.8,8,250.6,7.28090887094,9,6,3,3,5,0
137,137,18,437.4,7,223.3,6.94101196216,9,6,3,3,4,0
138,138,18,426.8,7,217.5,6.72002178646,9,6,3,3,4,0
139,139,18,401.2,5,154.7,6.4452343442,9,6,3,3,2,0
140,140,17,376.9,5,148.3,6.486405467,8,6,3,3,2,0
141,141,17,398.7,5,158.7,6.31734889482,8,6,3,3,2,0
142,142,17,412.2,5,164.4,6.70374127326,8,6,3,3,2,0
143,143,17,413.7,5,165.9,6.88385258925,8,6,3,3,2,0
144,144,17,393.8,4,129.3,6.08799445389,8,6,3,2,2,0
145,145,17,394.6,6,179.1,5.85884826064,8,6,3,3,3,0
146,146,18,423.1,7,210.6,5.97804534474,9,6,3,3,4,0
147,147,18,428.5,6,186.2,6.14850266059,9,6,3,3,3,0
148,148,18,427.4,6,187.7,6.29221949266,9,6,3,3,3,0
149,149,18,411.9,6,183.8,6.62768258674,9,6,3,4,2,0
150,150,18,425.6,7,214.7,6.63043093464,9,6,3,4,3,0
151,151,18,407.5,7,200.4,5.51747372806,9,6,3,3,4,0
152,152,18,416.6,4,127.3,5.67214268283,9,6,3,1,3,0
153,153,18,428.2,7,217.2,6.94193470989,9,6,3,4,3,0
154,154,18,408.1,6,179.8,6.5983781925,9,6,3,3,3,0
155,155,18,390.7,4,126.1,6.5387957357,9,6,3,2,2,0
156,156,18,391.5,4,127.5,6.75445386829,9,6,3,3,1,0
157,157,18,399.7,5,158.7,7.29620950923,9,6,3,3,2,0
158,158,18,404.7,4,134.9,7.23474053358,9,6,3,3,1,0
159,159,18,400.7,5,156.7,6.8087434177,9,6,3,3,2,0
160,160,18,385.9,4,121.5,6.29445497233,9,6,3,3,1,0
161,161,18,394.4,5,150.6,6.05580799378,9,6,3,2,3,0
162,162,18,389.5,3,92.7,5.39838089985,9,6,3,2,1,0
163,163,18,438.0,6,188.5,6.42385260984,9,6,3,3,3,0
164,164,18,433.4,8,236.0,5.87402613261,9,6,3,3,5,0
165,165,18,430.7,7,213.8,6.53477625123,9,6,3,4,3,0
166,166,18,449.7,8,253.7,6.99186502091,9,6,3,4,4,0
167,167,18,435.3,8,244.3,6.81980248118,9,6,3,4,4,0
168,168,18,430.6,7,220.0,6.81922503408,9,6,3,3,4,0
169,169,18,442.9,7,216.7,6.19767244946,9,6,3,4,3,0
170,170,18,443.5,7,216.5,6.24567039579,9,6,3,4,3,0
171,171,18,448.8,8,244.0,6.12391647079,9,6,3,4,4,0
172,172,18,443.6,8,244.8,6.40810352988,9,6,3,4,4,0
173,173,18,456.1,9,286.9,7.38720188123,9,6,3,5,4,0
174,174,18,432.1,7,214.7,6.54428104371,9,6,3,4,3,0
175,175,18,414.7,4,128.2,6.18719159791,9,6,3,3,1,0
176,176,18,420.2,6,186.9,6.87726195707,9,6,3,4,2,0
177,177,18,401.8,5,153.1,6.16122176153,9,6,3,2,3,0
178,178,18,425.9,7,220.2,7.15386681855,9,6,3,3,4,0
179,179,18,413.4,7,220.3,7.64222018865,9,6,3,3,4,0
180,180,18,392.2,6,178.5,6.81105406794,9,6,3,3,3,0
181,181,18,389.7,6,169.1,5.7877405934,9,6,3,3,3,0
182,182,18,412.1,7,198.8,5.73928384774,9,6,3,4,3,0
183,183,18,414.8,6,181.3,6.63725866713,9,6,3,3,3,0
184,184,18,419.4,7,216.3,7.04356193313,9,6,3,4,3,0
185,185,18,423.3,7,217.1,7.00153344548,9,6,3,3,3,1
186,186,18,434.7,8,246.7,7.46200178158,9,6,3,4,4,0
187,187,18,467.8,7,236.8,7.21402954126,9,6,3,4,3,0
188,188,18,454.7,7,225.3,6.70488310982,9,6,3,4,3,0
189,189,18,449.0,8,250.9,6.70673254558,9,6,3,4,4,0
190,190,18,448.0,7,220.8,6.25458785861,9,6,3,3,4,0
191,191,18,424.1,6,182.9,5.97870130388,9,6,3,3,3,0
192,192,18,429.7,5,155.1,5.48117694055,9,6,3,3,2,0
193,193,18,421.0,4,131.2,5.93839836685,9,6,3,3,1,0
194,194,18,410.9,6,183.7,6.78161923711,9,6,3,4,2,0
195,195,18,432.1,8,242.3,6.85989814898,9,6,3,4,4,0
196,196,18,441.6,8,244.5,6.54235071982,9,6,3,4,4,0
197,197,18,449.5,8,250.2,6.9605447349,9,6,3,4,4,0
198,198,18,442.3,8,245.8,6.83974591509,9,6,3,4,4,0
199,199,18,440.0,8,249.3,7.62405035338,9,6,3,4,4,0
200,200,18,442.2,9,276.8,7.69224208117,9,6,3,4,5,0
201,201,18,426.2,8,248.0,8.17791542226,9,6,3,4,4,0
202,202,18,409.0,5,152.4,6.96263604202,9,6,3,3,2,0
203,203,18,415.5,7,200.6,6.73875970435,9,6,3,3,4,0
204,204,18,413.4,4,129.7,7.01628358136,9,6,3,2,2,0
205,205,18,429.3,8,242.0,7.65807916325,9,6,3,4,4,0
206,206,18,424.5,7,215.1,7.6978415615,9,6,3,3,4,0
207,207,18,427.8,6,208.1,8.85955781661,9,6,3,3,3,0
208,208,18,439.0,8,260.9,8.64930387467,9,6,3,4,4,0
209,209,18,444.1,7,230.1,8.00211777524,9,6,3,3,3,1
210,210,18,425.3,7,218.6,7.48534297659,9,6,3,4,3,0
211,211,18,421.7,7,216.3,7.02539976301,9,6,3,4,3,0
212,212,19,449.2,7,216.4,6.69695750069,10,6,3,5,2,0
213,213,19,442.2,7,219.5,6.94732899156,10,6,3,5,2,0
214,214,19,454.5,7,223.9,7.10200120055,10,6,3,5,2,0
215,215,19,453.0,7,221.3,7.16638106326,10,6,3,5,2,0
216,216,19,450.2,6,196.3,7.33571731585,10,6,3,5,1,0
217,217,19,440.4,7,222.2,7.89631270822,10,6,3,5,2,0
218,218,19,445.1,8,246.4,7.37389103566,10,6,3,5,3,0
219,219,19,435.9,7,214.8,7.11003326992,10,6,3,4,3,0
220,220,19,441.5,8,242.1,7.05936812771,10,6,3,5,3,0
221,221,19,443.5,8,240.7,6.94840635522,10,6,3,5,3,0
222,222,19,444.1,8,244.5,7.37999112505,10,6,3,5,3,0
223,223,19,441.0,7,218.5,7.49117219257,10,6,3,4,3,0
224,224,19,441.5,7,218.9,7.4979412379,10,6,3,4,3,0
225,225,19,440.4,7,218.7,7.40799710128,10,6,3,4,3,0
226,226,19,442.8,6,192.8,7.26479132408,10,6,3,4,2,0
227,227,19,446.1,7,218.1,6.93265853666,10,6,3,4,3,0
228,228,19,443.6,7,218.1,6.98946575776,10,6,3,4,3,0
229,229,19,433.0,7,215.4,7.27804115411,10,6,3,4,3,0
230,230,19,433.4,7,214.9,7.26902826586,10,6,3,4,3,0
231,231,19,435.9,7,215.7,7.32395732355,10,6,3,4,3,0
232,232,19,434.5,6,191.0,7.36553932789,10,6,3,4,2,0
233,233,19,432.7,6,192.5,7.45183363753,10,6,3,4,2,0
234,234,19,434.5,6,192.7,7.34764154388,10,6,3,4,2,0
235,235,19,432.9,6,190.1,7.16366318132,10,6,3,4,2,0
236,236,19,429.0,6,190.3,7.2369099412,10,6,3,4,2,0
237,237,19,428.3,6,192.3,7.42498154053,10,6,3,4,2,0
238,238,19,425.9,7,218.3,7.72436715552,10,6,3,5,2,0
239,239,19,424.2,7,215.7,7.60276573252,10,6,3,5,2,0
240,240,19,428.1,6,182.0,6.75919559905,10,6,3,4,2,0
241,241,19,436.6,6,188.0,7.18552394652,10,6,3,4,2,0
242,242,19,430.9,7,207.2,6.66929772643,10,6,3,3,4,0
243,243,19,439.7,7,212.3,6.97322783456,10,6,3,4,3,0
244,244,19,420.6,3,87.3,4.41011596299,10,6,3,2,1,0
245,245,19,409.9,4,114.9,4.69560575967,10,6,3,2,2,0
246,246,19,411.3,5,147.5,5.62221471002,10,6,3,3,2,0
247,247,19,406.0,3,93.8,5.18427672354,10,6,3,1,2,0
248,248,19,400.4,4,121.0,5.8794219392,10,6,3,2,2,0
249,249,19,409.3,5,146.0,5.51898901667,10,6,3,2,2,1
