,e_id,num_sat,sum_snr,num_sat_25,sum_snr_25,snr_std,elev_0_30,elev_30_60,elev_60_90,elev_0_30_25,elev_30_60_25,elev_60_90_25
1,1,6,92.9,0,0,2.39868019266,1,3,2,0,0,0
2,2,6,99.0,0,0,4.24311206545,1,3,2,0,0,0
3,3,6,103.1,0,0,4.73430741151,1,3,2,0,0,0
4,4,7,118.7,0,0,4.71764670956,1,4,2,0,0,0
5,5,7,115.0,0,0,3.6818085618,1,4,2,0,0,0
6,6,7,115.0,0,0,3.60772979666,1,4,2,0,0,0
7,7,7,116.3,0,0,3.75163456439,1,4,2,0,0,0
8,8,7,117.9,0,0,3.48035301986,1,4,2,0,0,0
9,9,7,119.2,0,0,3.77169912449,1,4,2,0,0,0
10,10,7,118.8,0,0,3.56731191315,1,4,2,0,0,0
11,11,7,111.6,0,0,4.9108238083,1,4,2,0,0,0
12,12,7,112.5,0,0,4.9815373416,1,4,2,0,0,0
13,13,6,99.2,0,0,5.0472434721,1,4,1,0,0,0
14,14,6,98.8,0,0,4.95930102602,1,4,1,0,0,0
15,15,6,98.7,0,0,5.15121344928,1,4,1,0,0,0
16,16,6,98.0,0,0,4.7706044341,1,4,1,0,0,0
17,17,6,94.5,0,0,4.12637855752,1,4,1,0,0,0
18,18,6,97.6,0,0,4.9697753135,1,4,1,0,0,0
19,19,6,97.3,0,0,4.91015953577,1,4,1,0,0,0
20,20,6,97.5,0,0,4.86569625028,1,4,1,0,0,0
21,21,5,83.7,0,0,5.23430988765,0,4,1,0,0,0
22,22,5,82.6,0,0,5.0449975223,0,4,1,0,0,0
23,23,5,82.7,0,0,5.0147781606,0,4,1,0,0,0
24,24,6,95.6,0,0,4.41301106578,1,4,1,0,0,0
25,25,6,92.4,0,0,3.89615194776,1,4,1,0,0,0
26,26,5,80.8,0,0,2.20522107735,1,4,0,0,0,0
27,27,5,77.8,0,0,1.91911437908,1,4,0,0,0,0
32,32,1,16.2,0,0,,0,1,0,0,0,0
33,33,1,16.2,0,0,,0,1,0,0,0,0
34,34,1,20.7,0,0,,0,1,0,0,0,0
35,35,1,19.6,0,0,,0,1,0,0,0,0
36,36,2,33.9,0,0,3.32340187158,1,1,0,0,0,0
37,37,2,33.1,0,0,3.46482322781,1,1,0,0,0,0
38,38,2,32.0,0,0,3.53553390593,1,1,0,0,0,0
39,39,2,32.1,0,0,3.18198051534,1,1,0,0,0,0
40,40,3,44.9,0,0,2.82193786844,1,2,0,0,0,0
41,41,3,44.6,0,0,2.74286954362,1,2,0,0,0,0
42,42,3,43.9,0,0,2.62741951986,1,2,0,0,0,0
43,43,3,50.4,0,0,6.52763356815,1,2,0,0,0,0
44,44,6,107.1,2,52.5,6.64943606631,1,4,1,0,2,0
45,45,6,119.5,2,53.2,5.83315237815,1,4,1,0,2,0
46,46,7,133.7,2,53.4,6.03434613967,2,4,1,0,2,0
47,47,7,129.0,1,27.5,5.63640378424,2,4,1,0,1,0
48,48,7,123.9,1,25.4,4.58802789878,2,4,1,0,1,0
49,49,8,133.8,0,0,3.22833437815,3,4,1,0,0,0
50,50,8,133.3,0,0,3.35130571569,3,4,1,0,0,0
51,51,8,131.4,0,0,3.05695927353,3,4,1,0,0,0
52,52,8,131.9,0,0,3.1710464699,3,4,1,0,0,0
53,53,8,128.3,0,0,2.99043116815,3,4,1,0,0,0
54,54,8,126.4,0,0,2.61643159393,3,4,1,0,0,0
55,55,8,126.8,0,0,3.01946068978,3,4,1,0,0,0
56,56,8,124.2,0,0,3.31436268384,3,4,1,0,0,0
57,57,9,144.2,0,0,3.923256867,3,5,1,0,0,0
58,58,9,145.4,0,0,4.09576339377,3,5,1,0,0,0
59,59,9,147.0,0,0,4.41786147361,3,5,1,0,0,0
60,60,9,307.3,9,307.3,3.82397408173,4,4,1,4,4,1
61,61,17,500.3,10,338.0,5.93124825668,8,7,2,5,4,1
62,62,17,501.7,12,392.4,6.43155136349,8,7,2,5,6,1
63,63,17,482.2,10,340.4,7.57264329482,8,7,2,5,4,1
64,64,17,492.8,10,340.2,6.85427625218,8,7,2,5,4,1
65,65,18,509.9,10,334.7,6.49568232666,9,7,2,5,4,1
66,66,18,505.6,11,355.5,6.42796179286,9,7,2,5,4,2
67,67,17,508.8,13,426.0,6.66799864145,8,7,2,5,6,2
68,68,18,522.2,12,401.2,7.1155082402,9,7,2,5,5,2
69,69,17,530.0,14,465.4,6.09174948309,8,7,2,6,6,2
70,70,18,563.2,16,514.0,4.74154217763,9,7,2,8,6,2
71,71,18,570.2,16,524.8,4.66987284819,9,7,2,8,6,2
72,72,18,562.0,16,517.5,4.47628464053,9,7,2,8,6,2
