,e_id,num_sat,sum_snr,num_sat_25,sum_snr_25,snr_std,elev_0_30,elev_30_60,elev_60_90,elev_0_30_25,elev_30_60_25,elev_60_90_25
1,1,19,577.4,16,510.8,5.15901527392,10,7,2,7,7,2
2,2,19,585.7,17,543.5,5.34237172729,10,7,2,8,7,2
3,3,19,616.8,17,569.8,5.14751401987,10,7,2,9,6,2
4,4,19,620.5,18,595.9,4.66539456346,10,7,2,9,7,2
5,5,19,611.9,18,587.7,4.83200828782,10,7,2,9,7,2
6,6,19,620.5,18,595.7,4.87582651563,10,7,2,9,7,2
7,7,19,618.2,19,618.2,4.69055913823,10,7,2,10,7,2
8,8,19,611.2,19,611.2,4.839197894,10,7,2,10,7,2
9,9,19,614.9,17,566.7,5.02485052584,10,7,2,9,6,2
10,10,19,614.0,18,589.9,5.04218461889,10,7,2,10,6,2
11,11,19,617.5,18,596.6,5.44028185544,10,7,2,10,6,2
12,12,19,623.7,18,603.7,5.32831452455,10,7,2,10,6,2
13,13,19,625.8,18,605.6,5.16034134598,10,7,2,10,6,2
14,14,19,627.6,19,627.6,4.49308760846,10,7,2,10,7,2
15,15,19,624.2,18,599.2,4.8333756804,10,7,2,9,7,2
16,16,19,628.9,19,628.9,4.20475920833,10,7,2,10,7,2
17,17,19,626.0,18,601.2,4.4375128696,10,7,2,9,7,2
18,18,19,621.7,17,573.8,4.63496121851,10,7,2,8,7,2
19,19,19,622.0,18,598.0,4.61027964039,10,7,2,9,7,2
20,20,19,623.0,19,623.0,4.31546247513,10,7,2,10,7,2
21,21,19,622.8,19,622.8,4.23196552015,10,7,2,10,7,2
22,22,19,626.9,19,626.9,4.30225698961,10,7,2,10,7,2
23,23,19,620.9,18,596.6,4.55150511704,10,7,2,10,6,2
24,24,19,619.5,18,596.0,4.59474019145,10,7,2,10,6,2
25,25,19,617.8,18,594.4,4.56560366678,10,7,2,10,6,2
26,26,17,553.6,16,530.2,4.67064518783,9,6,2,9,5,2
27,27,15,506.1,15,506.1,3.90837927681,8,5,2,8,5,2
28,28,16,535.9,16,535.9,4.49228505329,9,5,2,9,5,2
29,29,15,510.9,15,510.9,4.05459175327,8,5,2,8,5,2
30,30,17,557.0,15,508.5,4.90330770711,9,6,2,8,5,2
31,31,17,554.9,16,530.0,4.52231395741,9,6,2,8,6,2
32,32,16,518.0,16,518.0,4.18146704718,9,5,2,9,5,2
33,33,17,545.8,16,522.5,4.83612326511,9,6,2,8,6,2
34,34,17,549.9,17,549.9,4.45703343703,9,6,2,9,6,2
35,35,16,531.5,16,531.5,4.31280554473,8,6,2,8,6,2
36,36,16,533.8,16,533.8,4.10298671701,8,6,2,8,6,2
37,37,17,556.9,16,533.4,4.62156072441,9,6,2,8,6,2
38,38,15,506.3,15,506.3,3.87553990094,8,5,2,8,5,2
39,39,17,550.8,15,502.7,4.93621818805,9,6,2,8,5,2
40,40,16,533.0,16,533.0,4.18471424751,9,5,2,9,5,2
41,41,17,557.1,16,532.9,4.65775760236,9,6,2,8,6,2
42,42,15,506.9,15,506.9,3.63228905919,8,5,2,8,5,2
43,43,16,533.3,16,533.3,4.09124573531,8,6,2,8,6,2
44,44,14,480.9,14,480.9,3.62931440866,7,5,2,7,5,2
45,45,17,552.4,16,528.7,4.67633277636,9,6,2,8,6,2
46,46,17,557.7,17,557.7,4.52043562451,9,6,2,9,6,2
47,47,15,503.7,15,503.7,3.92067778397,7,6,2,7,6,2
48,48,17,552.7,17,552.7,4.57942168196,9,6,2,9,6,2
49,49,15,504.9,15,504.9,4.1225512212,8,5,2,8,5,2
50,50,15,505.9,15,505.9,4.0104268862,7,6,2,7,6,2
51,51,17,546.8,15,499.6,5.05654788078,9,6,2,8,5,2
52,52,16,529.0,16,529.0,4.27128005794,9,5,2,9,5,2
53,53,15,502.8,15,502.8,4.10595386516,8,5,2,8,5,2
54,54,17,552.1,17,552.1,4.69874044449,9,6,2,9,6,2
55,55,16,527.0,15,502.6,4.61835107659,9,5,2,8,5,2
56,56,15,502.4,15,502.4,4.2239904401,8,5,2,8,5,2
57,57,14,476.4,14,476.4,3.82550722055,7,5,2,7,5,2
58,58,17,560.3,17,560.3,4.23778521511,9,6,2,9,6,2
59,59,15,505.6,15,505.6,3.86402208413,8,5,2,8,5,2
60,60,15,502.8,15,502.8,4.07557182666,8,5,2,8,5,2
61,61,17,546.6,15,500.0,5.16564585108,9,6,2,8,5,2
62,62,16,530.8,16,530.8,4.2141824039,9,5,2,9,5,2
63,63,17,554.1,15,507.1,4.98001889909,9,6,2,8,5,2
64,64,15,511.2,15,511.2,4.18248046704,8,5,2,8,5,2
65,65,14,483.2,14,483.2,3.82016051674,7,5,2,7,5,2
66,66,15,509.5,15,509.5,4.15531787793,8,5,2,8,5,2
67,67,15,515.5,15,515.5,3.92076280236,8,5,2,8,5,2
68,68,16,532.4,15,507.4,4.2748099373,9,5,2,8,5,2
69,69,16,533.9,16,533.9,4.20788446451,8,6,2,8,6,2
70,70,15,509.5,15,509.5,3.70167272356,8,5,2,8,5,2
71,71,14,483.0,14,483.0,3.45765594231,7,5,2,7,5,2
72,72,16,533.6,15,508.6,4.35629812264,9,5,2,8,5,2
73,73,15,505.3,15,505.3,4.08916105029,8,5,2,8,5,2
74,74,16,532.5,16,532.5,3.98484106751,9,5,2,9,5,2
75,75,15,505.8,15,505.8,4.0601196323,8,5,2,8,5,2
76,76,17,553.4,15,504.9,4.71833096114,9,6,2,8,5,2
77,77,16,528.9,15,504.2,4.51072333446,8,6,2,8,5,2
78,78,16,534.7,16,534.7,4.21856511941,9,5,2,9,5,2
79,79,17,556.4,17,556.4,4.40067675277,9,6,2,9,6,2
80,80,17,558.9,16,533.9,4.3459074731,9,6,2,9,5,2
81,81,16,536.8,16,536.8,4.28734572123,8,6,2,8,6,2
82,82,16,532.6,16,532.6,4.17242934831,9,5,2,9,5,2
83,83,15,507.3,15,507.3,3.84971241969,8,5,2,8,5,2
84,84,15,508.3,15,508.3,3.63453016548,8,5,2,8,5,2
85,85,16,538.2,16,538.2,4.15609993463,8,6,2,8,6,2
86,86,16,537.4,16,537.4,3.95337408636,8,6,2,8,6,2
87,87,16,534.0,16,534.0,4.36798962148,8,6,2,8,6,2
88,88,17,564.2,17,564.2,4.4913642628,9,6,2,9,6,2
89,89,16,534.5,16,534.5,4.43177447531,8,6,2,8,6,2
90,90,16,536.4,16,536.4,4.0568460656,8,6,2,8,6,2
91,91,16,536.9,16,536.9,4.22720849576,8,6,2,8,6,2
92,92,17,560.5,17,560.5,4.65816013919,9,6,2,9,6,2
93,93,17,559.8,17,559.8,4.73534115797,9,6,2,9,6,2
94,94,16,536.6,16,536.6,4.21439991774,9,5,2,9,5,2
95,95,16,533.3,16,533.3,4.15495186494,8,6,2,8,6,2
96,96,16,534.1,16,534.1,4.18604327896,9,5,2,9,5,2
97,97,15,502.3,15,502.3,4.08846227933,8,5,2,8,5,2
98,98,16,532.2,16,532.2,4.22861285372,9,5,2,9,5,2
99,99,16,535.0,16,535.0,4.1161268202,8,6,2,8,6,2
100,100,16,540.9,16,540.9,3.97332249719,9,5,2,9,5,2
101,101,15,512.3,15,512.3,3.87203650121,8,5,2,8,5,2
102,102,15,506.7,15,506.7,4.06960861579,8,5,2,8,5,2
103,103,15,503.5,15,503.5,3.99082280572,8,5,2,8,5,2
104,104,16,530.6,16,530.6,4.22024880783,9,5,2,9,5,2
105,105,15,511.6,15,511.6,3.82836531073,8,5,2,8,5,2
106,106,16,542.4,16,542.4,3.84222157959,9,5,2,9,5,2
107,107,15,509.9,15,509.9,4.07035741966,8,5,2,8,5,2
108,108,16,535.7,16,535.7,4.27788401744,9,5,2,9,5,2
109,109,15,512.8,15,512.8,3.88419262923,8,5,2,8,5,2
110,110,16,539.7,16,539.7,4.06148064134,9,5,2,9,5,2
111,111,16,537.1,16,537.1,4.2126347654,8,6,2,8,6,2
112,112,17,544.6,16,519.6,4.32853052093,9,6,2,9,5,2
113,113,17,550.6,16,526.5,4.46974305091,9,6,2,8,6,2
114,114,15,502.9,15,502.9,3.89275272905,8,5,2,8,5,2
115,115,16,535.6,16,535.6,4.16565321008,9,5,2,9,5,2
116,116,16,534.7,16,534.7,3.98651372338,9,5,2,9,5,2
117,117,15,506.7,15,506.7,4.17307697372,7,6,2,7,6,2
118,118,17,560.9,17,560.9,4.33264794731,9,6,2,9,6,2
119,119,16,533.5,16,533.5,4.20205802752,9,5,2,9,5,2
120,120,16,536.0,16,536.0,4.37934546099,9,5,2,9,5,2
121,121,14,484.3,14,484.3,3.55061517654,7,5,2,7,5,2
122,122,16,531.5,16,531.5,4.13041059299,9,5,2,9,5,2
123,123,14,483.2,14,483.2,3.38204697753,7,5,2,7,5,2
124,124,15,511.0,15,511.0,3.31482959413,8,5,2,8,5,2
125,125,16,530.7,16,530.7,4.29103231558,9,5,2,9,5,2
126,126,16,532.1,16,532.1,4.42341779623,9,5,2,9,5,2
127,127,15,506.3,15,506.3,3.82788017925,8,5,2,8,5,2
128,128,16,527.5,16,527.5,4.48905613687,9,5,2,9,5,2
129,129,15,504.0,15,504.0,4.01550566109,8,5,2,8,5,2
130,130,15,501.6,15,501.6,4.48804761879,8,5,2,8,5,2
131,131,15,506.1,15,506.1,4.27347299378,8,5,2,8,5,2
132,132,16,529.8,16,529.8,4.7030309376,8,6,2,8,6,2
133,133,14,478.1,14,478.1,3.70254590165,7,5,2,7,5,2
134,134,14,482.4,14,482.4,3.46914183264,7,5,2,7,5,2
135,135,15,509.7,15,509.7,3.7652926276,8,5,2,8,5,2
136,136,16,540.7,16,540.7,4.23374833924,9,5,2,9,5,2
137,137,15,511.6,15,511.6,3.75413422902,8,5,2,8,5,2
138,138,16,537.6,16,537.6,4.11728065597,9,5,2,9,5,2
139,139,15,504.6,15,504.6,4.07129323083,8,5,2,8,5,2
140,140,17,562.3,17,562.3,4.43614830283,9,6,2,9,6,2
141,141,16,532.1,16,532.1,4.45839563819,8,6,2,8,6,2
142,142,16,534.9,16,534.9,3.94659663508,9,5,2,9,5,2
143,143,16,538.0,16,538.0,4.20515556589,8,6,2,8,6,2
144,144,15,506.1,15,506.1,3.92806750015,7,6,2,7,6,2
145,145,15,510.6,15,510.6,3.87865956227,7,6,2,7,6,2
146,146,16,536.2,16,536.2,4.16939244175,8,6,2,8,6,2
147,147,17,562.9,17,562.9,4.59712985907,9,6,2,9,6,2
148,148,17,560.7,17,560.7,4.84229223794,9,6,2,9,6,2
149,149,17,559.9,17,559.9,4.69160702431,9,6,2,9,6,2
150,150,17,560.6,16,535.7,4.66201799275,9,6,2,9,5,2
151,151,17,562.4,16,538.3,4.78620874155,9,6,2,9,5,2
152,152,17,562.2,16,537.6,4.70860445168,9,6,2,9,5,2
153,153,17,557.6,16,533.7,4.75815090135,9,6,2,9,5,2
154,154,17,560.6,16,535.8,4.8286293878,9,6,2,9,5,2
155,155,18,595.8,17,571.5,4.62092427729,9,7,2,9,6,2
156,156,18,591.4,16,542.3,4.78271670549,9,7,2,8,6,2
157,157,19,624.9,18,600.5,4.68008721866,10,7,2,10,6,2
158,158,19,625.6,18,601.2,4.58437468234,10,7,2,10,6,2
159,159,19,621.3,18,597.3,4.75686638217,10,7,2,10,6,2
160,160,19,621.2,17,572.3,4.82855783441,10,7,2,9,6,2
161,161,19,622.1,17,573.7,4.86772999679,10,7,2,9,6,2
162,162,19,624.5,17,575.2,4.7843555971,10,7,2,9,6,2
163,163,19,622.3,18,598.5,4.74521611978,10,7,2,10,6,2
164,164,19,623.6,17,573.9,4.78963915915,10,7,2,9,6,2
165,165,19,624.8,18,599.9,4.75304150085,10,7,2,9,7,2
166,166,19,625.4,19,625.4,4.60111860287,10,7,2,10,7,2
167,167,19,626.0,19,626.0,4.5929134328,10,7,2,10,7,2
168,168,19,629.0,19,629.0,4.42749912908,10,7,2,10,7,2
169,169,19,629.2,19,629.2,4.31937021617,10,7,2,10,7,2
170,170,19,630.4,19,630.4,4.40234520169,10,7,2,10,7,2
171,171,19,629.3,19,629.3,4.37220754658,10,7,2,10,7,2
172,172,19,627.7,19,627.7,4.36287501111,10,7,2,10,7,2
173,173,19,630.0,19,630.0,4.19580687373,10,7,2,10,7,2
174,174,19,629.9,19,629.9,4.29306526351,10,7,2,10,7,2
175,175,19,629.9,19,629.9,4.39802587293,10,7,2,10,7,2
176,176,19,627.1,19,627.1,4.44515637573,10,7,2,10,7,2
177,177,19,623.6,18,598.6,4.5114150216,10,7,2,10,6,2
178,178,19,626.6,18,601.8,4.60501887406,10,7,2,10,6,2
179,179,19,624.8,18,600.0,4.53483592229,10,7,2,10,6,2
180,180,19,625.2,18,601.2,4.5459962463,10,7,2,10,6,2
181,181,19,626.3,18,601.5,4.45984684918,10,7,2,10,6,2
182,182,19,626.8,18,601.9,4.45955836588,10,7,2,10,6,2
183,183,19,627.7,18,603.5,4.5454752259,10,7,2,10,6,2
184,184,19,623.2,18,599.4,4.59383645043,10,7,2,10,6,2
185,185,19,626.5,19,626.5,4.48501729283,10,7,2,10,7,2
186,186,19,625.9,18,600.9,4.51039734508,10,7,2,10,6,2
187,187,19,625.9,19,625.9,4.47205095746,10,7,2,10,7,2
188,188,19,625.9,18,601.1,4.59822620263,10,7,2,10,6,2
189,189,17,570.3,17,570.3,4.06111401697,8,7,2,8,7,2
190,190,17,562.4,17,562.4,4.33621887336,9,6,2,9,6,2
191,191,16,530.6,16,530.6,4.49664689889,9,5,2,9,5,2
192,192,16,533.2,16,533.2,4.59238500128,9,5,2,9,5,2
193,193,16,529.9,15,504.9,4.43925200156,8,6,2,8,5,2
194,194,16,536.2,16,536.2,4.34202333788,9,5,2,9,5,2
195,195,15,507.3,15,507.3,4.13835716197,7,6,2,7,6,2
196,196,17,560.5,17,560.5,4.38146161484,9,6,2,9,6,2
197,197,17,565.0,17,565.0,4.49151160197,9,6,2,9,6,2
198,198,16,539.4,16,539.4,3.94831187556,9,5,2,9,5,2
199,199,16,536.0,16,536.0,4.49473766383,9,5,2,9,5,2
200,200,16,538.7,16,538.7,4.2246449555,9,5,2,9,5,2
201,201,16,534.7,16,534.7,3.99252948225,9,5,2,9,5,2
202,202,16,533.2,16,533.2,4.1510641206,9,5,2,9,5,2
203,203,15,510.4,15,510.4,3.67490848606,8,5,2,8,5,2
204,204,16,538.1,16,538.1,4.31257367087,9,5,2,9,5,2
205,205,16,534.3,16,534.3,4.10763009532,8,6,2,8,6,2
206,206,15,512.6,15,512.6,3.89128452289,8,5,2,8,5,2
207,207,16,537.8,16,537.8,4.10266173762,9,5,2,9,5,2
208,208,16,539.8,16,539.8,3.9774154087,9,5,2,9,5,2
209,209,15,509.8,15,509.8,4.03517864123,8,5,2,8,5,2
210,210,17,564.6,17,564.6,4.2970749285,9,6,2,9,6,2
211,211,15,509.1,15,509.1,3.60868001194,8,5,2,8,5,2
212,212,15,513.2,15,513.2,3.7597239007,8,5,2,8,5,2
213,213,16,539.3,16,539.3,4.09576508929,8,6,2,8,6,2
214,214,17,567.1,17,567.1,4.33893115057,9,6,2,9,6,2
215,215,15,511.7,15,511.7,3.8999755799,8,5,2,8,5,2
216,216,16,539.1,16,539.1,4.06881944385,9,5,2,9,5,2
217,217,15,507.4,15,507.4,4.12058710565,8,5,2,8,5,2
218,218,16,537.0,16,537.0,4.07167041888,9,5,2,9,5,2
219,219,16,540.2,16,540.2,4.10558562611,9,5,2,9,5,2
220,220,16,537.9,16,537.9,4.27679299632,9,5,2,9,5,2
221,221,16,534.5,16,534.5,4.29068273511,9,5,2,9,5,2
222,222,15,510.9,15,510.9,3.90380766505,8,5,2,8,5,2
223,223,17,559.8,17,559.8,4.71934379786,9,6,2,9,6,2
224,224,17,562.2,17,562.2,4.72794414967,9,6,2,9,6,2
225,225,16,542.6,16,542.6,4.30610032396,9,5,2,9,5,2
226,226,16,534.8,16,534.8,4.38018264459,9,5,2,9,5,2
227,227,15,518.2,15,518.2,3.66330581904,8,5,2,8,5,2
228,228,17,567.5,17,567.5,4.41463974948,9,6,2,9,6,2
229,229,16,539.2,16,539.2,4.38147615917,9,5,2,9,5,2
230,230,16,542.8,16,542.8,4.25542790641,9,5,2,9,5,2
231,231,16,542.2,16,542.2,4.469284059,8,6,2,8,6,2
232,232,16,537.9,16,537.9,4.38835105706,9,5,2,9,5,2
233,233,15,512.1,15,512.1,4.2543758985,8,5,2,8,5,2
234,234,15,517.0,15,517.0,3.42379627787,8,5,2,8,5,2
235,235,15,510.3,15,510.3,3.89875437984,8,5,2,8,5,2
236,236,15,509.4,15,509.4,3.95849899403,8,5,2,8,5,2
237,237,16,537.5,16,537.5,4.32164609842,8,6,2,8,6,2
238,238,14,481.2,14,481.2,3.9139648541,7,5,2,7,5,2
239,239,15,507.7,15,507.7,4.1396802269,8,5,2,8,5,2
240,240,15,514.9,15,514.9,3.98397982401,8,5,2,8,5,2
241,241,15,512.3,15,512.3,3.92462312416,8,5,2,8,5,2
242,242,15,512.9,15,512.9,3.79331492171,8,5,2,8,5,2
243,243,14,490.1,14,490.1,3.25587381293,7,5,2,7,5,2
244,244,15,511.6,15,511.6,3.90667316756,8,5,2,8,5,2
245,245,15,512.2,15,512.2,3.82564031366,8,5,2,8,5,2
246,246,17,559.2,17,559.2,4.56432779665,9,6,2,9,6,2
247,247,15,514.7,15,514.7,3.91149709495,8,5,2,8,5,2
248,248,15,513.5,15,513.5,3.88875056443,8,5,2,8,5,2
249,249,15,516.1,15,516.1,4.03422264891,8,5,2,8,5,2
250,250,16,540.5,16,540.5,4.10320504809,9,5,2,9,5,2
251,251,15,509.2,15,509.2,4.05354636032,8,5,2,8,5,2
252,252,16,542.5,16,542.5,3.98337691747,9,5,2,9,5,2
253,253,16,540.0,16,540.0,4.36027522067,8,6,2,8,6,2
254,254,16,537.0,16,537.0,4.49308728308,9,5,2,9,5,2
255,255,16,540.9,16,540.9,4.38519763903,9,5,2,9,5,2
256,256,16,536.5,16,536.5,4.46329007945,9,5,2,9,5,2
257,257,15,506.6,15,506.6,4.2158657248,8,5,2,8,5,2
258,258,14,483.7,14,483.7,3.69963615675,7,5,2,7,5,2
259,259,16,538.6,16,538.6,4.35137909174,8,6,2,8,6,2
260,260,17,566.3,17,566.3,4.55492622785,9,6,2,9,6,2
261,261,16,539.8,16,539.8,4.45538999415,9,5,2,9,5,2
262,262,16,541.6,16,541.6,4.17260909584,9,5,2,9,5,2
263,263,15,511.9,15,511.9,3.87067116119,8,6,1,8,6,1
264,264,15,510.5,15,510.5,3.87992390696,8,6,1,8,6,1
265,265,15,509.3,15,509.3,3.94839328383,8,6,1,8,6,1
266,266,16,541.2,16,541.2,4.21497330952,9,6,1,9,6,1
267,267,15,511.6,15,511.6,4.00329626088,8,6,1,8,6,1
268,268,15,518.6,15,518.6,3.73658871674,8,6,1,8,6,1
269,269,15,512.4,15,512.4,4.19315769183,8,6,1,8,6,1
270,270,16,538.7,16,538.7,4.22132976679,9,6,1,9,6,1
271,271,14,489.7,14,489.7,3.53296096593,7,6,1,7,6,1
272,272,16,539.8,16,539.8,4.10899419972,8,7,1,8,7,1
273,273,16,541.8,16,541.8,4.31228864216,8,7,1,8,7,1
274,274,16,540.7,16,540.7,4.3457977787,8,7,1,8,7,1
275,275,15,509.9,15,509.9,4.19173790529,8,6,1,8,6,1
276,276,16,542.0,16,542.0,4.12674205639,9,6,1,9,6,1
277,277,16,538.5,16,538.5,4.35965881693,8,7,1,8,7,1
278,278,15,514.2,15,514.2,3.78119406688,8,6,1,8,6,1
279,279,15,513.0,15,513.0,3.72692903072,8,6,1,8,6,1
280,280,16,537.7,16,537.7,4.22555223215,9,6,1,9,6,1
281,281,14,477.2,14,477.2,4.04262997847,7,6,1,7,6,1
282,282,15,508.3,15,508.3,3.6207470947,8,6,1,8,6,1
283,283,14,481.2,14,481.2,3.6862381432,7,6,1,7,6,1
284,284,15,514.3,15,514.3,3.88658253605,8,6,1,8,6,1
285,285,14,480.9,14,480.9,3.8007590335,7,6,1,7,6,1
286,286,15,508.7,15,508.7,3.92498710947,8,6,1,8,6,1
287,287,15,510.0,15,510.0,4.13987577453,7,7,1,7,7,1
288,288,16,536.4,16,536.4,4.05520241994,9,6,1,9,6,1
289,289,14,485.1,14,485.1,3.32004402195,7,6,1,7,6,1
290,290,16,537.5,16,537.5,4.37012108909,8,7,1,8,7,1
291,291,16,538.4,16,538.4,4.05692823041,8,7,1,8,7,1
292,292,16,537.2,16,537.2,4.31516704968,8,7,1,8,7,1
293,293,15,511.0,15,511.0,3.96136099748,8,6,1,8,6,1
294,294,15,510.4,15,510.4,3.89752057938,7,7,1,7,7,1
295,295,15,516.2,15,516.2,4.12152306568,8,6,1,8,6,1
296,296,15,516.4,15,516.4,3.97302811228,8,6,1,8,6,1
297,297,15,511.1,15,511.1,4.13633147792,8,6,1,8,6,1
298,298,16,543.0,16,543.0,4.0639676836,9,6,1,9,6,1
299,299,15,518.8,15,518.8,3.89135794636,8,6,1,8,6,1
300,300,15,518.7,15,518.7,3.87670699729,8,6,1,8,6,1
301,301,15,527.2,15,527.2,3.9364354192,8,6,1,8,6,1
302,302,16,555.0,16,555.0,4.54442882366,9,6,1,9,6,1
303,303,15,525.2,15,525.2,4.09788563367,8,6,1,8,6,1
304,304,16,551.4,16,551.4,4.49011878091,8,7,1,8,7,1
305,305,15,519.8,15,519.8,4.72393097002,7,7,1,7,7,1
306,306,17,579.5,17,579.5,4.57778362761,9,7,1,9,7,1
307,307,16,553.5,16,553.5,4.70524087233,8,7,1,8,7,1
308,308,15,523.4,15,523.4,4.04906808796,7,7,1,7,7,1
309,309,15,527.5,15,527.5,4.079332345,8,6,1,8,6,1
310,310,16,552.7,16,552.7,4.36821378445,9,6,1,9,6,1
311,311,16,549.8,16,549.8,4.56199883092,8,7,1,8,7,1
312,312,15,526.4,15,526.4,3.99275534413,8,6,1,8,6,1
313,313,15,522.6,15,522.6,4.12688052373,8,6,1,8,6,1
314,314,16,549.1,16,549.1,4.59582691145,9,6,1,9,6,1
315,315,15,525.9,15,525.9,4.10831908623,8,6,1,8,6,1
316,316,16,552.9,16,552.9,4.3366605816,9,6,1,9,6,1
317,317,16,551.1,16,551.1,4.61966358804,9,6,1,9,6,1
318,318,16,548.3,16,548.3,4.78827996258,9,6,1,9,6,1
319,319,15,521.8,15,521.8,4.31009888297,8,6,1,8,6,1
320,320,15,522.7,15,522.7,4.00283233057,8,6,1,8,6,1
321,321,15,520.1,15,520.1,4.11625118397,8,6,1,8,6,1
322,322,15,519.2,15,519.2,4.10519995453,8,6,1,8,6,1
323,323,15,521.7,15,521.7,4.26450466057,7,7,1,7,7,1
324,324,17,575.4,17,575.4,4.40682959267,9,7,1,9,7,1
325,325,15,517.9,15,517.9,4.14891839032,8,6,1,8,6,1
326,326,15,493.1,15,493.1,3.72222411751,8,6,1,8,6,1
327,327,14,492.6,14,492.6,3.46295941531,7,6,1,7,6,1
328,328,16,548.4,16,548.4,4.28649040591,9,6,1,9,6,1
329,329,15,518.8,15,518.8,4.08339261376,8,6,1,8,6,1
330,330,16,549.3,16,549.3,4.35900887053,9,6,1,9,6,1
331,331,15,521.8,15,521.8,4.30976742274,8,6,1,8,6,1
332,332,15,520.3,15,520.3,3.95327471249,8,6,1,8,6,1
333,333,14,495.3,14,495.3,3.61475152278,7,6,1,7,6,1
334,334,15,523.7,15,523.7,3.96067574802,8,6,1,8,6,1
335,335,16,548.7,16,548.7,4.20546767118,9,6,1,9,6,1
336,336,16,549.1,16,549.1,4.52787201674,9,6,1,9,6,1
337,337,15,520.4,15,520.4,4.31367703054,8,6,1,8,6,1
338,338,16,545.6,16,545.6,4.452265341,9,6,1,9,6,1
339,339,15,515.6,15,515.6,3.91124143001,8,6,1,8,6,1
340,340,15,520.0,15,520.0,3.93367633694,8,6,1,8,6,1
341,341,16,542.9,16,542.9,4.45087538206,8,7,1,8,7,1
342,342,16,547.5,16,547.5,4.05367631498,9,6,1,9,6,1
343,343,15,516.6,15,516.6,4.41342108962,8,6,1,8,6,1
344,344,15,518.1,15,518.1,4.07076686352,8,6,1,8,6,1
345,345,16,543.3,16,543.3,4.6340721833,9,6,1,9,6,1
346,346,16,544.9,16,544.9,4.30936480238,9,6,1,9,6,1
347,347,16,544.7,16,544.7,4.53210308062,9,6,1,9,6,1
348,348,14,492.3,14,492.3,3.27428374854,7,6,1,7,6,1
349,349,15,516.7,15,516.7,4.17951922503,8,6,1,8,6,1
350,350,16,546.4,16,546.4,4.4530139606,9,6,1,9,6,1
351,351,15,516.5,15,516.5,4.24880935703,8,6,1,8,6,1
352,352,15,520.3,15,520.3,3.96698278052,8,6,1,8,6,1
353,353,16,538.3,16,538.3,4.533426776,8,7,1,8,7,1
354,354,15,522.6,15,522.6,3.98654881176,8,6,1,8,6,1
355,355,16,552.3,16,552.3,4.57270434207,9,6,1,9,6,1
356,356,15,513.6,15,513.6,3.65079247757,8,6,1,8,6,1
357,357,15,510.9,15,510.9,4.30594273733,8,6,1,8,6,1
358,358,14,503.3,14,503.3,2.91646519451,7,6,1,7,6,1
359,359,14,497.2,14,497.2,3.10405619072,7,6,1,7,6,1
360,360,15,519.5,15,519.5,4.1599565016,8,6,1,8,6,1
361,361,16,543.3,16,543.3,4.79805081952,9,6,1,9,6,1
362,362,15,520.0,15,520.0,3.56504190852,8,6,1,8,6,1
363,363,16,549.3,16,549.3,4.78465864334,9,6,1,9,6,1
364,364,15,518.9,15,518.9,4.27625782108,8,6,1,8,6,1
365,365,16,545.4,16,545.4,4.5674026171,8,7,1,8,7,1
366,366,16,549.9,16,549.9,4.28247883824,9,6,1,9,6,1
367,367,15,521.7,15,521.7,4.18162647782,7,7,1,7,7,1
368,368,15,525.3,15,525.3,3.83874979648,8,6,1,8,6,1
369,369,14,495.7,14,495.7,3.62373888636,7,6,1,7,6,1
370,370,16,550.9,16,550.9,4.39465110485,8,7,1,8,7,1
371,371,15,524.4,15,524.4,4.31141342419,8,6,1,8,6,1
372,372,17,586.0,17,586.0,4.71391089037,9,7,1,9,7,1
373,373,16,553.5,16,553.5,4.82195931823,8,7,1,8,7,1
374,374,16,554.1,16,554.1,4.4128175051,9,6,1,9,6,1
375,375,15,523.1,15,523.1,3.99722522806,8,6,1,8,6,1
376,376,15,526.0,15,526.0,4.12114177429,8,6,1,8,6,1
377,377,15,525.6,15,525.6,4.02772534175,8,6,1,8,6,1
378,378,16,552.7,16,552.7,3.9986612343,9,6,1,9,6,1
379,379,15,525.3,15,525.3,4.23424812013,8,6,1,8,6,1
380,380,16,548.4,16,548.4,4.67525400379,9,6,1,9,6,1
381,381,14,488.2,14,488.2,3.69311804294,7,6,1,7,6,1
382,382,14,484.4,14,484.4,3.89792844391,8,5,1,8,5,1
383,383,16,546.3,16,546.3,4.52592071664,8,7,1,8,7,1
384,384,15,520.5,15,520.5,4.47516958976,8,6,1,8,6,1
385,385,16,546.9,16,546.9,4.45544142968,8,7,1,8,7,1
386,386,15,508.0,15,508.0,4.68274441307,8,6,1,8,6,1
387,387,15,520.3,15,520.3,3.87406517142,8,6,1,8,6,1
388,388,16,550.8,16,550.8,4.08027776832,9,6,1,9,6,1
389,389,15,482.2,14,458.3,4.01263480711,8,6,1,7,6,1
390,390,15,507.0,15,507.0,4.07763937311,8,6,1,8,6,1
391,391,15,504.1,15,504.1,3.67218632166,8,6,1,8,6,1
392,392,15,517.7,15,517.7,3.96428099528,8,6,1,8,6,1
393,393,14,494.8,14,494.8,3.62994263267,7,6,1,7,6,1
394,394,15,520.2,15,520.2,4.1002090539,8,6,1,8,6,1
395,395,15,518.9,15,518.9,4.19735744532,8,6,1,8,6,1
396,396,15,519.7,15,519.7,4.02117016847,8,6,1,8,6,1
397,397,14,495.5,14,495.5,3.31510860379,7,6,1,7,6,1
398,398,15,527.0,15,527.0,4.19091988993,8,6,1,8,6,1
399,399,16,553.3,16,553.3,4.31265096354,8,7,1,8,7,1
400,400,15,514.4,15,514.4,3.8023426363,8,6,1,8,6,1
401,401,14,495.5,14,495.5,3.34743628324,7,6,1,7,6,1
402,402,15,525.6,15,525.6,3.6765278651,8,6,1,8,6,1
403,403,15,512.8,15,512.8,4.39185393113,7,7,1,7,7,1
404,404,16,548.8,16,548.8,4.26708331299,9,6,1,9,6,1
405,405,14,499.0,14,499.0,3.08413166578,7,6,1,7,6,1
406,406,15,523.5,15,523.5,3.6893669608,8,6,1,8,6,1
407,407,14,495.7,14,495.7,3.24854151551,7,6,1,7,6,1
408,408,15,522.0,15,522.0,3.69497728584,8,6,1,8,6,1
409,409,15,523.0,15,523.0,3.95919664771,7,7,1,7,7,1
410,410,17,578.0,17,578.0,4.50194402453,9,7,1,9,7,1
411,411,14,483.5,14,483.5,3.50222064561,7,6,1,7,6,1
412,412,14,489.4,14,489.4,3.55045268743,7,6,1,7,6,1
413,413,15,515.5,15,515.5,3.94672860312,8,6,1,8,6,1
414,414,15,517.8,15,517.8,3.97783142644,8,6,1,8,6,1
415,415,15,520.5,15,520.5,3.96250281658,8,6,1,8,6,1
416,416,16,554.7,16,554.7,4.22354018173,9,6,1,9,6,1
417,417,14,495.6,14,495.6,3.33743337588,7,6,1,7,6,1
418,418,16,546.6,16,546.6,4.43469277403,9,6,1,9,6,1
419,419,15,523.6,15,523.6,3.88650902237,8,6,1,8,6,1
420,420,15,524.4,15,524.4,3.58504831607,8,6,1,8,6,1
421,421,15,520.2,15,520.2,3.94193571014,8,6,1,8,6,1
422,422,15,525.3,15,525.3,3.55732644391,8,6,1,8,6,1
423,423,14,495.6,14,495.6,3.39184542463,7,6,1,7,6,1
424,424,15,523.1,15,523.1,3.89293621589,8,6,1,8,6,1
425,425,14,496.4,14,496.4,3.27336906794,7,6,1,7,6,1
426,426,15,524.5,15,524.5,3.58900437182,8,6,1,8,6,1
427,427,14,496.4,14,496.4,3.29888426027,7,6,1,7,6,1
428,428,15,524.3,15,524.3,3.90839146063,8,6,1,8,6,1
429,429,16,550.6,16,550.6,4.35887982552,8,7,1,8,7,1
430,430,16,552.5,16,552.5,3.93102509956,9,6,1,9,6,1
431,431,14,498.2,14,498.2,3.53833014567,7,6,1,7,6,1
432,432,16,553.4,16,553.4,4.37978309965,9,6,1,9,6,1
433,433,15,516.1,15,516.1,3.79143144221,8,6,1,8,6,1
434,434,16,554.8,16,554.8,3.93200542556,9,6,1,9,6,1
435,435,14,488.0,14,488.0,3.42068690486,7,6,1,7,6,1
436,436,16,541.5,16,541.5,4.05741604966,9,6,1,9,6,1
437,437,15,512.9,15,512.9,3.95031041577,8,6,1,8,6,1
438,438,16,538.4,16,538.4,4.48716688643,9,6,1,9,6,1
439,439,15,514.7,15,514.7,4.25774364569,7,7,1,7,7,1
440,440,14,489.0,14,489.0,3.60990700316,7,6,1,7,6,1
441,441,15,519.1,15,519.1,4.02323016398,8,6,1,8,6,1
442,442,15,516.7,15,516.7,4.16925253093,8,6,1,8,6,1
443,443,15,516.9,15,516.9,4.15774664246,8,6,1,8,6,1
444,444,16,548.2,16,548.2,4.35030650261,9,6,1,9,6,1
445,445,14,498.9,14,498.9,3.47642768522,7,6,1,7,6,1
446,446,16,548.4,16,548.4,4.22003159546,9,6,1,9,6,1
447,447,15,520.0,15,520.0,4.22723595385,7,7,1,7,7,1
448,448,15,521.5,15,521.5,4.00618569334,8,6,1,8,6,1
449,449,16,502.7,14,455.6,4.77287038025,9,6,1,7,6,1
450,450,14,465.9,14,465.9,4.37812368863,7,6,1,7,6,1
451,451,15,500.1,15,500.1,4.0535346128,8,6,1,8,6,1
452,452,16,543.9,16,543.9,4.66782872436,9,6,1,9,6,1
453,453,14,492.7,14,492.7,3.37125046093,7,6,1,7,6,1
454,454,14,484.9,14,484.9,3.55021280898,7,6,1,7,6,1
455,455,14,490.5,14,490.5,3.39923229859,7,6,1,7,6,1
456,456,16,547.9,16,547.9,4.28905098283,9,6,1,9,6,1
457,457,15,517.6,15,517.6,4.14168127812,8,6,1,8,6,1
458,458,16,547.5,16,547.5,4.5266939739,9,6,1,9,6,1
459,459,14,488.8,14,488.8,3.49325881418,7,6,1,7,6,1
460,460,16,548.0,16,548.0,4.3694393233,9,6,1,9,6,1
461,461,16,545.5,16,545.5,4.50695296181,8,7,1,8,7,1
462,462,14,492.9,14,492.9,3.3924042497,7,6,1,7,6,1
463,463,15,518.9,15,518.9,3.72663514766,8,6,1,8,6,1
464,464,15,517.4,15,517.4,3.92909780023,8,6,1,8,6,1
465,465,15,518.2,15,518.2,3.76029380818,8,6,1,8,6,1
466,466,15,519.1,15,519.1,3.56960715459,8,6,1,8,6,1
467,467,15,514.2,15,514.2,4.03665349375,8,6,1,8,6,1
468,468,15,520.7,15,520.7,3.46881343786,8,6,1,8,6,1
469,469,15,521.8,15,521.8,3.58107459265,8,6,1,8,6,1
470,470,15,516.9,15,516.9,3.82805433608,8,6,1,8,6,1
471,471,16,547.3,16,547.3,4.21101234859,8,7,1,8,7,1
472,472,16,544.4,16,544.4,4.12237795453,8,7,1,8,7,1
473,473,15,517.4,15,517.4,3.94162161456,8,6,1,8,6,1
474,474,16,543.3,16,543.3,4.47466479191,9,6,1,9,6,1
475,475,14,493.4,14,493.4,3.13067067912,7,6,1,7,6,1
476,476,16,547.5,16,547.5,4.07647212673,9,6,1,9,6,1
477,477,15,515.3,15,515.3,3.83589562398,8,6,1,8,6,1
478,478,16,548.9,16,548.9,3.95381145226,9,6,1,9,6,1
479,479,15,506.3,15,506.3,3.93098800134,8,6,1,8,6,1
480,480,15,517.1,15,517.1,3.91543952407,8,6,1,8,6,1
481,481,14,492.1,14,492.1,3.36948980388,7,6,1,7,6,1
482,482,15,517.0,15,517.0,3.92695204719,8,6,1,8,6,1
483,483,15,518.5,15,518.5,4.00297508409,8,6,1,8,6,1
484,484,15,518.2,15,518.2,3.94314353687,8,6,1,8,6,1
485,485,15,521.5,15,521.5,3.56744539785,8,6,1,8,6,1
486,486,16,546.8,16,546.8,4.04202919336,9,6,1,9,6,1
487,487,15,516.2,15,516.2,3.77451352905,8,6,1,8,6,1
488,488,16,546.0,16,546.0,4.10260080112,9,6,1,9,6,1
489,489,15,518.8,15,518.8,4.4745098162,8,6,1,8,6,1
490,490,16,547.3,16,547.3,4.03558649187,9,6,1,9,6,1
491,491,15,516.2,15,516.2,4.13553704695,8,6,1,8,6,1
492,492,15,519.6,15,519.6,4.01119860961,8,6,1,8,6,1
493,493,15,518.5,15,518.5,3.87329071364,7,7,1,7,7,1
494,494,15,518.9,15,518.9,3.96204612843,7,7,1,7,7,1
495,495,15,514.7,15,514.7,4.22929691331,7,7,1,7,7,1
496,496,14,490.4,14,490.4,3.56185530122,7,6,1,7,6,1
497,497,16,540.6,16,540.6,4.50508971424,8,7,1,8,7,1
498,498,15,516.5,15,516.5,4.16801882822,8,6,1,8,6,1
499,499,14,491.4,14,491.4,3.29591822154,7,6,1,7,6,1
500,500,15,522.2,15,522.2,3.92953408119,8,6,1,8,6,1
501,501,14,490.1,14,490.1,3.22358240417,7,6,1,7,6,1
502,502,15,522.1,15,522.1,3.83414484164,8,6,1,8,6,1
503,503,14,495.5,14,495.5,3.50043168452,7,6,1,7,6,1
504,504,16,543.0,16,543.0,4.50834411582,8,7,1,8,7,1
505,505,14,496.3,14,496.3,3.49213401805,6,7,1,6,7,1
506,506,16,546.3,16,546.3,4.26489058086,8,7,1,8,7,1
507,507,14,494.9,14,494.9,3.30401853226,6,7,1,6,7,1
508,508,15,521.1,15,521.1,3.60947166692,7,7,1,7,7,1
509,509,14,489.6,14,489.6,3.37899133139,6,7,1,6,7,1
510,510,15,518.3,15,518.3,4.03871738244,7,7,1,7,7,1
511,511,15,518.8,15,518.8,3.85780593948,7,7,1,7,7,1
512,512,14,492.7,14,492.7,3.31348394053,6,7,1,6,7,1
513,513,14,488.6,14,488.6,3.47142178808,6,7,1,6,7,1
514,514,16,541.8,16,541.8,4.40709654988,8,7,1,8,7,1
515,515,14,493.2,14,493.2,3.27283188866,6,7,1,6,7,1
516,516,15,520.1,15,520.1,3.99400741588,7,7,1,7,7,1
517,517,14,495.1,14,495.1,3.54934601622,6,7,1,6,7,1
518,518,16,547.3,16,547.3,4.61323729428,8,7,1,8,7,1
519,519,14,492.3,14,492.3,3.32232706741,6,7,1,6,7,1
520,520,14,493.7,14,493.7,3.71972024235,6,7,1,6,7,1
521,521,15,522.1,15,522.1,4.20245959727,7,7,1,7,7,1
522,522,14,491.0,14,491.0,4.07306888106,6,7,1,6,7,1
523,523,14,493.1,14,493.1,3.40591760401,6,7,1,6,7,1
524,524,15,523.1,15,523.1,4.18764623057,7,7,1,7,7,1
525,525,16,547.2,16,547.2,4.48805822897,7,8,1,7,8,1
526,526,15,519.9,15,519.9,4.16752753012,7,7,1,7,7,1
527,527,15,521.4,15,521.4,4.28415685987,6,8,1,6,8,1
528,528,16,547.7,16,547.7,4.63734388776,7,8,1,7,8,1
529,529,15,522.0,15,522.0,3.93210230938,7,7,1,7,7,1
530,530,14,494.4,14,494.4,3.53702550889,6,7,1,6,7,1
531,531,15,513.0,15,513.0,4.21527833346,7,7,1,7,7,1
532,532,16,545.9,16,545.9,4.47678735256,7,8,1,7,8,1
533,533,14,492.2,14,492.2,3.58130064163,6,7,1,6,7,1
534,534,15,523.9,15,523.9,3.97734058074,7,7,1,7,7,1
535,535,15,521.6,15,521.6,4.06947990125,7,7,1,7,7,1
536,536,15,523.5,15,523.5,4.06711550997,7,7,1,7,7,1
537,537,14,492.9,14,492.9,3.48346959791,6,7,1,6,7,1
538,538,16,550.0,16,550.0,4.49496014072,8,7,1,8,7,1
539,539,15,524.0,15,524.0,3.85980507773,7,7,1,7,7,1
540,540,15,526.2,15,526.2,3.85249455363,7,7,1,7,7,1
541,541,15,527.0,15,527.0,4.00832467082,7,7,1,7,7,1
542,542,15,524.4,15,524.4,3.6163912557,7,7,1,7,7,1
543,543,14,493.3,14,493.3,3.30933577878,6,7,1,6,7,1
544,544,15,520.5,15,520.5,3.61366454289,7,7,1,7,7,1
545,545,14,494.9,14,494.9,3.52196404996,6,7,1,6,7,1
546,546,15,523.9,15,523.9,3.79331492171,7,7,1,7,7,1
547,547,14,496.4,14,496.4,3.3070354574,6,7,1,6,7,1
548,548,15,524.2,15,524.2,4.16496727249,7,7,1,7,7,1
549,549,14,471.1,14,471.1,3.75822175626,6,7,1,6,7,1
550,550,15,504.9,15,504.9,4.1851437934,7,7,1,7,7,1
551,551,14,472.7,14,472.7,4.40429984707,6,7,1,6,7,1
552,552,14,498.7,14,498.7,3.54317948729,6,7,1,6,7,1
553,553,14,500.0,14,500.0,3.38568414694,6,7,1,6,7,1
554,554,15,517.3,15,517.3,4.13398228393,7,7,1,7,7,1
555,555,14,490.6,14,490.6,4.08763883052,6,7,1,6,7,1
556,556,14,494.2,14,494.2,3.88012688135,6,7,1,6,7,1
557,557,15,520.2,15,520.2,4.44926960298,7,7,1,7,7,1
558,558,15,519.3,15,519.3,4.33905848905,7,7,1,7,7,1
559,559,14,494.5,14,494.5,3.69285767424,6,7,1,6,7,1
560,560,14,496.6,14,496.6,3.69665723665,6,7,1,6,7,1
561,561,15,522.0,15,522.0,4.09215276911,7,7,1,7,7,1
562,562,15,521.7,15,521.7,4.10421386243,7,7,1,7,7,1
563,563,15,521.9,15,521.9,4.22263740649,7,7,1,7,7,1
564,564,15,522.6,15,522.6,4.22066345496,7,7,1,7,7,1
565,565,15,528.2,15,528.2,4.13519159457,7,7,1,7,7,1
566,566,15,528.6,15,528.6,4.03162498256,7,7,1,7,7,1
567,567,14,482.9,14,482.9,3.70477120351,6,7,1,6,7,1
568,568,15,521.9,15,521.9,3.89642082405,7,7,1,7,7,1
569,569,14,494.4,14,494.4,3.47581913818,6,7,1,6,7,1
570,570,15,520.8,15,520.8,4.08747214932,7,7,1,7,7,1
571,571,14,494.3,14,494.3,3.873075559,6,7,1,6,7,1
572,572,15,527.2,15,527.2,3.83310144226,7,7,1,7,7,1
573,573,14,497.7,14,497.7,3.3165668069,6,7,1,6,7,1
574,574,15,524.8,15,524.8,4.00925120666,7,7,1,7,7,1
575,575,14,496.2,14,496.2,3.43818249968,6,7,1,6,7,1
576,576,16,547.0,16,547.0,4.56141425437,8,7,1,8,7,1
577,577,14,493.2,14,493.2,3.60308170906,6,7,1,6,7,1
578,578,15,528.2,15,528.2,3.53510288124,7,7,1,7,7,1
579,579,15,521.4,15,521.4,4.03339630018,7,7,1,7,7,1
580,580,15,520.3,15,520.3,4.26461632283,7,7,1,7,7,1
581,581,15,523.4,15,523.4,4.28726797234,7,7,1,7,7,1
582,582,15,524.4,15,524.4,4.34096763407,7,7,1,7,7,1
583,583,14,500.3,14,500.3,3.59242946355,6,7,1,6,7,1
584,584,14,497.0,14,497.0,3.8616457233,6,7,1,6,7,1
585,585,14,498.1,14,498.1,3.71590729607,6,7,1,6,7,1
586,586,15,525.9,15,525.9,3.84165143061,7,7,1,7,7,1
587,587,14,497.9,14,497.9,3.617182742,6,7,1,6,7,1
588,588,16,550.1,15,525.1,4.70279615406,8,7,1,7,7,1
589,589,14,501.1,14,501.1,3.54671338343,6,7,1,6,7,1
590,590,15,525.3,15,525.3,3.82439537705,7,7,1,7,7,1
591,591,15,518.7,15,518.7,4.39255864259,7,7,1,7,7,1
592,592,15,525.7,15,525.7,4.02897836513,7,7,1,7,7,1
593,593,14,493.9,14,493.9,3.63279476467,6,7,1,6,7,1
594,594,15,520.0,15,520.0,4.4690469848,7,7,1,7,7,1
595,595,15,520.2,15,520.2,4.28639042285,7,7,1,7,7,1
596,596,15,518.5,15,518.5,3.90085460722,7,7,1,7,7,1
597,597,15,517.5,15,517.5,4.14522100048,7,7,1,7,7,1
598,598,16,552.8,16,552.8,4.73638399344,8,7,1,8,7,1
599,599,14,498.2,14,498.2,3.39611931086,6,7,1,6,7,1
600,600,15,529.6,15,529.6,3.61454732725,7,7,1,7,7,1
601,601,15,522.1,15,522.1,4.09205967466,7,7,1,7,7,1
602,602,15,524.0,15,524.0,4.15772373621,7,7,1,7,7,1
603,603,15,522.4,15,522.4,4.09363035994,7,7,1,7,7,1
604,604,15,522.2,15,522.2,3.94911683918,7,7,1,7,7,1
605,605,16,547.0,15,522.0,4.53370709244,8,7,1,7,7,1
606,606,16,552.3,16,552.3,4.27367425837,8,7,1,8,7,1
607,607,15,519.7,15,519.7,3.98835208839,7,7,1,7,7,1
608,608,14,492.6,14,492.6,3.98204762612,6,7,1,6,7,1
609,609,15,511.3,15,511.3,4.48598876928,7,7,1,7,7,1
610,610,14,494.7,14,494.7,3.7614659873,6,7,1,6,7,1
611,611,15,517.7,15,517.7,4.53838653939,7,7,1,7,7,1
612,612,15,518.9,15,518.9,4.22906046078,7,7,1,7,7,1
613,613,15,515.6,15,515.6,4.74137814002,7,7,1,7,7,1
614,614,15,519.7,15,519.7,4.19299869965,7,7,1,7,7,1
615,615,15,517.3,15,517.3,4.76128234027,7,7,1,7,7,1
616,616,15,522.8,15,522.8,4.19572344633,7,7,1,7,7,1
617,617,14,493.6,14,493.6,3.71332616515,6,7,1,6,7,1
618,618,15,520.6,15,520.6,3.88540615025,7,7,1,7,7,1
619,619,15,517.8,15,517.8,4.42818892357,7,7,1,7,7,1
620,620,15,518.8,15,518.8,4.20507629737,7,7,1,7,7,1
621,621,15,520.9,15,520.9,4.28710136284,7,7,1,7,7,1
622,622,16,548.3,16,548.3,4.65757000305,8,7,1,8,7,1
623,623,15,522.2,15,522.2,4.23419188894,7,7,1,7,7,1
624,624,15,522.6,15,522.6,3.84833915939,7,7,1,7,7,1
625,625,14,500.4,14,500.4,3.79122758396,6,7,1,6,7,1
626,626,15,520.8,15,520.8,4.43076903999,7,7,1,7,7,1
627,627,15,518.7,15,518.7,3.91356614867,6,8,1,6,8,1
628,628,16,537.9,16,537.9,4.62849417558,7,8,1,7,8,1
629,629,15,502.7,15,502.7,4.90857364599,7,7,1,7,7,1
630,630,15,499.7,15,499.7,4.70438498587,6,8,1,6,8,1
631,631,16,528.6,16,528.6,5.05356309944,7,8,1,7,8,1
632,632,15,505.1,15,505.1,4.46213700671,7,7,1,7,7,1
633,633,15,509.2,15,509.2,4.47387123301,7,7,1,7,7,1
634,634,15,523.1,15,523.1,4.0775459473,7,7,1,7,7,1
635,635,14,498.8,14,498.8,3.44303724849,6,7,1,6,7,1
636,636,15,520.3,15,520.3,3.83757115647,7,7,1,7,7,1
637,637,14,490.6,14,490.6,3.37541206276,6,7,1,6,7,1
638,638,15,526.9,15,526.9,3.64485286136,7,7,1,7,7,1
639,639,15,522.4,15,522.4,3.88871382826,7,7,1,7,7,1
640,640,16,545.7,16,545.7,4.62478377873,8,7,1,8,7,1
641,641,14,495.0,14,495.0,3.09682574103,6,7,1,6,7,1
642,642,16,548.9,16,548.9,4.23453559044,8,7,1,8,7,1
643,643,14,494.3,14,494.3,3.19698518697,6,7,1,6,7,1
644,644,16,551.9,16,551.9,4.09136794565,8,7,1,8,7,1
645,645,15,525.0,15,525.0,3.58130064163,7,7,1,7,7,1
646,646,15,523.9,15,523.9,3.93073360413,7,7,1,7,7,1
647,647,14,491.1,14,491.1,3.27253808144,6,7,1,6,7,1
648,648,15,523.2,15,523.2,3.69134121967,7,7,1,7,7,1
649,649,15,525.4,15,525.4,3.96889093301,7,7,1,7,7,1
650,650,15,524.5,15,524.5,3.92440471676,7,7,1,7,7,1
651,651,15,521.6,15,521.6,4.0829727732,7,7,1,7,7,1
652,652,15,522.1,15,522.1,3.99615291189,7,7,1,7,7,1
653,653,15,523.3,15,523.3,3.93951894574,7,7,1,7,7,1
654,654,15,519.4,15,519.4,3.64935741245,7,7,1,7,7,1
655,655,16,551.3,16,551.3,4.28485219504,8,7,1,8,7,1
656,656,16,551.4,16,551.4,3.95,8,7,1,8,7,1
657,657,15,521.3,15,521.3,4.1548365391,7,7,1,7,7,1
658,658,15,520.4,15,520.4,3.84307664447,7,7,1,7,7,1
659,659,15,513.4,15,513.4,4.1830383125,7,7,1,7,7,1
660,660,14,496.7,14,496.7,3.44700060731,6,7,1,6,7,1
661,661,15,519.1,15,519.1,4.04783304756,7,7,1,7,7,1
662,662,14,489.8,14,489.8,3.73936587443,6,7,1,6,7,1
663,663,14,485.4,14,485.4,3.94918269469,6,7,1,6,7,1
664,664,14,493.1,14,493.1,3.27747054706,6,7,1,6,7,1
665,665,14,493.6,14,493.6,2.96925639117,6,7,1,6,7,1
666,666,14,493.4,14,493.4,3.15051016277,6,7,1,6,7,1
667,667,14,500.5,14,500.5,3.40152680651,6,7,1,6,7,1
668,668,14,494.0,14,494.0,3.28278895098,6,7,1,6,7,1
669,669,14,497.4,14,497.4,3.41544648989,6,7,1,6,7,1
670,670,15,523.7,15,523.7,4.00532978251,7,7,1,7,7,1
671,671,15,522.7,15,522.7,4.19350972451,7,7,1,7,7,1
672,672,14,478.7,14,478.7,3.50789533343,6,7,1,6,7,1
673,673,14,481.5,14,481.5,4.35615643671,6,7,1,6,7,1
674,674,13,466.1,13,466.1,3.06773950019,5,7,1,5,7,1
675,675,14,497.6,14,497.6,3.77638701686,6,7,1,6,7,1
676,676,15,523.7,15,523.7,4.02720510433,7,7,1,7,7,1
677,677,14,502.2,14,502.2,3.32760680264,6,7,1,6,7,1
678,678,14,501.6,14,501.6,3.67348683059,6,7,1,6,7,1
679,679,15,522.7,15,522.7,4.22642480906,7,7,1,7,7,1
680,680,15,526.6,14,501.6,4.44899132495,7,7,1,6,7,1
681,681,14,496.8,14,496.8,3.75722015547,6,7,1,6,7,1
682,682,15,524.1,15,524.1,3.79902243065,7,7,1,7,7,1
683,683,15,525.5,15,525.5,3.75398201279,7,7,1,7,7,1
684,684,14,500.9,14,500.9,3.39120549735,6,7,1,6,7,1
685,685,15,519.3,15,519.3,4.31065126004,7,7,1,7,7,1
686,686,15,520.8,15,520.8,4.46449485224,7,7,1,7,7,1
687,687,14,475.1,14,475.1,3.58857313467,6,7,1,6,7,1
688,688,14,492.5,14,492.5,4.1139871305,6,7,1,6,7,1
689,689,14,495.9,14,495.9,3.52555038179,6,7,1,6,7,1
690,690,15,523.3,15,523.3,4.01370271991,7,7,1,7,7,1
691,691,14,495.6,14,495.6,3.5643534315,6,7,1,6,7,1
692,692,14,502.5,14,502.5,3.46531478994,6,7,1,6,7,1
693,693,14,500.8,14,500.8,3.0748179612,6,7,1,6,7,1
694,694,14,496.8,14,496.8,3.3759003683,6,7,1,6,7,1
695,695,15,523.6,15,523.6,4.07929732511,7,7,1,7,7,1
696,696,14,501.5,14,501.5,3.25013102018,6,7,1,6,7,1
697,697,15,514.6,15,514.6,3.97248872455,7,7,1,7,7,1
698,698,14,502.5,14,502.5,2.88403144273,6,7,1,6,7,1
699,699,14,495.3,14,495.3,3.26005629291,6,7,1,6,7,1
700,700,14,494.8,14,494.8,3.15855718905,6,7,1,6,7,1
701,701,14,485.3,14,485.3,3.90376684811,6,7,1,6,7,1
702,702,15,521.8,15,521.8,3.96626248441,7,7,1,7,7,1
703,703,15,519.3,15,519.3,4.03080991507,7,7,1,7,7,1
704,704,15,527.6,15,527.6,4.19599582368,7,7,1,7,7,1
705,705,15,524.5,15,524.5,4.08248290464,7,7,1,7,7,1
706,706,15,527.8,15,527.8,3.83552318403,7,7,1,7,7,1
707,707,15,521.4,15,521.4,3.95308198029,7,7,1,7,7,1
708,708,16,547.9,16,547.9,4.15274507605,8,7,1,8,7,1
709,709,15,492.9,14,468.9,4.45882752045,7,7,1,6,7,1
710,710,15,502.9,15,502.9,4.05365208646,7,7,1,7,7,1
711,711,15,497.1,14,473.2,4.25269662349,7,7,1,6,7,1
712,712,15,520.6,15,520.6,3.62441456685,7,7,1,7,7,1
713,713,14,488.9,14,488.9,3.80226219535,6,7,1,6,7,1
714,714,14,494.4,14,494.4,3.55827467761,6,7,1,6,7,1
715,715,14,496.2,14,496.2,3.70087604717,6,7,1,6,7,1
716,716,14,496.3,14,496.3,3.80399587479,6,7,1,6,7,1
717,717,15,517.2,15,517.2,4.6582032097,7,7,1,7,7,1
718,718,14,495.5,14,495.5,3.7349625239,6,7,1,6,7,1
719,719,14,490.9,14,490.9,3.67959177143,6,7,1,6,7,1
720,720,14,490.9,14,490.9,3.57267560646,6,7,1,6,7,1
721,721,15,517.0,15,517.0,4.01188709901,7,7,1,7,7,1
722,722,14,487.3,14,487.3,3.93553129748,6,7,1,6,7,1
723,723,14,484.6,14,484.6,3.88802048563,6,7,1,6,7,1
724,724,14,482.4,14,482.4,3.92403134264,6,7,1,6,7,1
725,725,14,495.1,14,495.1,3.10126702218,6,7,1,6,7,1
726,726,14,484.0,14,484.0,3.54084487341,6,7,1,6,7,1
727,727,14,492.2,14,492.2,3.48749729213,6,7,1,6,7,1
728,728,14,488.3,14,488.3,2.82384859352,6,7,1,6,7,1
729,729,14,495.5,14,495.5,3.0080569465,6,7,1,6,7,1
730,730,15,514.5,15,514.5,4.30481458038,6,8,1,6,8,1
731,731,15,519.0,15,519.0,3.75556729593,6,8,1,6,8,1
732,732,15,513.2,15,513.2,3.90052499519,6,8,1,6,8,1
733,733,15,521.4,15,521.4,3.88987697198,6,8,1,6,8,1
734,734,15,518.9,15,518.9,3.95175669195,6,8,1,6,8,1
735,735,15,520.1,15,520.1,3.88632523208,6,8,1,6,8,1
736,736,15,520.7,15,520.7,3.83552318403,6,8,1,6,8,1
737,737,15,520.2,15,520.2,3.77041111817,6,8,1,6,8,1
738,738,15,518.0,15,518.0,3.98329846568,6,8,1,6,8,1
739,739,15,515.7,15,515.7,3.73940407781,6,8,1,6,8,1
740,740,15,519.2,15,519.2,3.73150040039,6,8,1,6,8,1
741,741,14,493.9,14,493.9,3.15111178705,6,7,1,6,7,1
742,742,14,493.3,14,493.3,2.22835128527,6,7,1,6,7,1
743,743,18,584.6,15,521.5,6.04624876953,8,9,1,6,8,1
744,744,16,528.9,14,488.7,5.99755158377,7,8,1,6,7,1
745,745,15,513.2,14,492.8,5.19242121705,7,7,1,6,7,1
746,746,15,518.3,14,497.9,5.15251210114,7,7,1,6,7,1
747,747,15,514.1,14,493.7,5.09347855689,7,7,1,6,7,1
748,748,15,515.5,14,495.1,5.08297812967,7,7,1,6,7,1
749,749,15,516.4,14,496.0,5.34702409445,7,7,1,6,7,1
750,750,15,516.3,14,495.9,5.1815882838,7,7,1,6,7,1
751,751,15,515.3,14,494.9,5.18209371182,7,7,1,6,7,1
752,752,15,513.9,14,493.5,5.15970652543,7,7,1,6,7,1
753,753,16,545.4,15,525.0,5.2516505342,8,7,1,7,7,1
754,754,15,517.9,14,497.5,5.06239168021,7,7,1,6,7,1
755,755,15,514.5,14,494.1,5.16250216188,7,7,1,6,7,1
756,756,15,517.0,14,496.6,5.10373346072,7,7,1,6,7,1
757,757,15,515.6,14,495.2,5.16782168349,7,7,1,6,7,1
758,758,15,514.0,14,493.6,5.26126908464,7,7,1,6,7,1
759,759,16,539.8,15,519.4,5.49592273114,8,7,1,7,7,1
760,760,15,515.2,14,494.8,5.31088729023,7,7,1,6,7,1
761,761,15,513.9,14,493.5,5.02362987718,7,7,1,6,7,1
762,762,15,516.2,14,495.8,5.18043940037,7,7,1,6,7,1
763,763,15,514.9,14,494.5,5.1134928888,7,7,1,6,7,1
764,764,15,516.8,14,496.4,5.04647920643,7,7,1,6,7,1
765,765,15,520.9,14,500.5,5.05632089096,7,7,1,6,7,1
766,766,15,519.0,14,498.6,5.03530393465,7,7,1,6,7,1
767,767,15,516.9,14,496.5,5.01494908107,7,7,1,6,7,1
768,768,15,501.8,14,481.4,5.0512893215,7,7,1,6,7,1
769,769,15,520.7,14,500.3,5.01880274093,7,7,1,6,7,1
770,770,15,518.5,14,498.1,5.02929513191,7,7,1,6,7,1
771,771,15,517.2,14,496.8,5.41468901626,7,7,1,6,7,1
772,772,15,517.6,14,497.2,5.25064168414,7,7,1,6,7,1
773,773,17,562.1,15,517.2,5.35793117449,8,8,1,6,8,1
774,774,17,566.4,15,519.6,4.98839093473,8,8,1,6,8,1
775,775,16,541.8,15,519.9,5.08761568255,8,7,1,7,7,1
776,776,16,543.1,15,521.2,4.61287600093,8,7,1,7,7,1
777,777,16,541.9,15,520.0,4.8660344909,8,7,1,7,7,1
778,778,15,511.6,14,489.7,4.54068381676,7,7,1,6,7,1
779,779,16,538.0,15,515.3,4.87408110998,8,7,1,7,7,1
780,780,14,491.8,14,491.8,3.34236870669,6,7,1,6,7,1
781,781,14,494.5,14,494.5,3.09694106435,6,7,1,6,7,1
782,782,15,519.3,15,519.3,3.72696736158,7,7,1,7,7,1
783,783,14,488.3,14,488.3,3.45858543148,6,7,1,6,7,1
784,784,14,492.6,14,492.6,3.22009487267,6,7,1,6,7,1
785,785,15,518.3,15,518.3,3.79433161189,7,7,1,7,7,1
786,786,14,483.9,14,483.9,3.82795529731,6,7,1,6,7,1
787,787,15,521.6,15,521.6,3.32876353421,7,7,1,7,7,1
788,788,14,491.1,14,491.1,3.38325709508,6,7,1,6,7,1
789,789,15,521.2,15,521.2,3.76295223512,7,7,1,7,7,1
790,790,15,520.3,15,520.3,3.81348484547,7,7,1,7,7,1
791,791,15,521.5,15,521.5,3.67027960528,7,7,1,7,7,1
792,792,15,523.8,15,523.8,3.85045451863,7,7,1,7,7,1
793,793,15,518.9,15,518.9,3.83582113889,7,7,1,7,7,1
794,794,14,495.0,14,495.0,3.08388224002,6,7,1,6,7,1
795,795,15,518.4,15,518.4,3.75210417157,7,7,1,7,7,1
796,796,15,523.7,15,523.7,3.91587732674,7,7,1,7,7,1
797,797,14,496.7,14,496.7,3.08599281405,6,7,1,6,7,1
798,798,14,501.3,14,501.3,3.1342927765,6,7,1,6,7,1
799,799,14,502.8,14,502.8,3.38318401302,6,7,1,6,7,1
800,800,15,521.4,15,521.4,4.0642693949,7,7,1,7,7,1
801,801,15,524.6,15,524.6,4.01327558889,7,7,1,7,7,1
802,802,14,500.2,14,500.2,2.99086521349,6,7,1,6,7,1
803,803,14,498.4,14,498.4,3.0166206258,6,7,1,6,7,1
804,804,14,496.6,14,496.6,3.01672990847,6,7,1,6,7,1
805,805,14,494.1,14,494.1,3.09278671595,6,7,1,6,7,1
806,806,14,493.4,14,493.4,2.93197604296,6,7,1,6,7,1
807,807,14,485.3,14,485.3,3.71951343858,6,7,1,6,7,1
808,808,13,460.4,13,460.4,2.95348555491,6,6,1,6,6,1
809,809,16,509.2,12,422.5,6.70328277786,7,8,1,6,5,1
810,810,17,518.1,13,441.8,7.49153934547,8,8,1,6,6,1
811,811,16,508.8,13,451.9,7.07794697164,7,8,1,6,6,1
812,812,15,497.6,14,479.5,5.56551456569,7,7,1,6,7,1
813,813,16,521.4,14,485.0,6.40665019075,8,7,1,6,7,1
814,814,16,536.9,14,498.1,6.21310107756,8,7,1,6,7,1
815,815,17,555.1,14,493.2,6.43536300909,8,8,1,6,7,1
816,816,17,556.4,14,495.2,6.64621741161,8,8,1,6,7,1
817,817,17,556.6,14,493.5,6.36759951076,8,8,1,6,7,1
818,818,16,532.0,14,490.9,5.9679142085,8,7,1,6,7,1
819,819,17,566.0,15,523.7,5.58966351718,8,8,1,6,8,1
820,820,17,569.7,15,526.6,5.50430312948,8,8,1,6,8,1
821,821,17,566.1,15,525.2,5.7493477891,8,8,1,6,8,1
822,822,17,566.6,15,523.2,5.37816938022,8,8,1,6,8,1
823,823,17,567.3,15,522.9,5.21761016964,8,8,1,6,8,1
824,824,17,566.7,15,525.1,5.60880347941,8,8,1,6,8,1
825,825,18,592.2,16,550.2,5.41989798037,9,8,1,7,8,1
826,826,18,592.1,16,550.7,5.42146845988,9,8,1,7,8,1
827,827,18,589.0,16,548.7,5.61746808735,9,8,1,7,8,1
828,828,18,594.9,16,553.0,5.47413705259,9,8,1,7,8,1
829,829,18,594.9,16,549.9,5.01998945394,9,8,1,7,8,1
830,830,18,591.0,16,547.1,5.29550308669,9,8,1,7,8,1
831,831,18,591.9,16,547.1,5.17530902743,9,8,1,7,8,1
832,832,19,614.4,16,549.8,5.90227927032,9,9,1,7,8,1
833,833,18,594.4,16,550.4,5.28722717895,9,8,1,7,8,1
834,834,18,590.9,16,547.3,5.29448165052,9,8,1,7,8,1
835,835,18,598.5,16,553.5,5.17883134671,9,8,1,7,8,1
836,836,18,595.5,16,552.4,5.41243122494,9,8,1,7,8,1
837,837,18,596.0,16,552.1,5.29571290417,9,8,1,7,8,1
838,838,18,596.5,16,551.8,5.1816575691,9,8,1,7,8,1
839,839,18,593.1,16,549.4,5.33206173566,9,8,1,7,8,1
840,840,18,591.9,16,549.1,5.40732074572,9,8,1,7,8,1
841,841,18,592.1,16,548.1,5.30521078167,9,8,1,7,8,1
842,842,18,592.3,16,549.8,5.4613586138,9,8,1,7,8,1
843,843,18,593.2,16,549.5,5.33536725923,9,8,1,7,8,1
844,844,18,591.4,16,547.4,5.22057267787,9,8,1,7,8,1
845,845,19,613.7,16,547.9,5.55057554573,9,9,1,7,8,1
846,846,18,588.0,16,545.3,5.2548017257,9,8,1,7,8,1
847,847,18,588.0,16,547.9,5.87797484133,9,8,1,7,8,1
848,848,18,592.8,17,576.8,5.72456009098,9,8,1,8,8,1
849,849,18,592.8,16,552.3,5.8384123547,9,8,1,7,8,1
850,850,18,593.8,16,553.2,5.87456019769,9,8,1,7,8,1
851,851,19,612.7,16,551.9,6.3798614075,10,8,1,7,8,1
852,852,19,607.3,16,549.0,6.62832394822,10,8,1,7,8,1
853,853,19,607.8,16,549.5,6.6354179921,10,8,1,7,8,1
854,854,19,605.2,16,548.8,6.761029542,10,8,1,7,8,1
855,855,19,605.0,16,547.4,6.64891935994,10,8,1,7,8,1
856,856,19,607.2,16,548.0,6.50908047692,10,8,1,7,8,1
857,857,19,606.4,16,549.2,6.75830872646,10,8,1,7,8,1
858,858,18,589.8,16,548.7,5.68662000303,9,8,1,7,8,1
859,859,18,581.5,16,541.8,5.66864152439,9,8,1,7,8,1
860,860,18,591.2,16,550.3,5.697390757,9,8,1,7,8,1
861,861,16,536.3,15,518.6,5.54258889569,7,8,1,6,8,1
862,862,16,542.3,15,524.6,5.77563488574,7,8,1,6,8,1
863,863,16,539.4,15,521.7,5.85193700126,8,7,1,7,7,1
864,864,16,531.2,15,513.5,5.87593964117,8,7,1,7,7,1
865,865,15,510.8,14,493.1,5.77084626954,7,7,1,6,7,1
866,866,15,497.1,14,479.4,5.64532676519,7,7,1,6,7,1
867,867,15,489.1,14,471.4,5.55150773171,7,7,1,6,7,1
868,868,16,518.6,15,500.9,5.8059595819,8,7,1,7,7,1
869,869,15,495.9,14,478.2,5.65619761223,7,7,1,6,7,1
870,870,15,512.7,14,495.0,5.78658547233,7,7,1,6,7,1
871,871,15,513.9,14,496.2,5.50192174219,7,7,1,6,7,1
872,872,15,511.4,14,493.7,5.67191913436,7,7,1,6,7,1
873,873,15,514.9,14,497.2,5.61941362811,7,7,1,6,7,1
874,874,15,508.9,14,491.2,5.84067836895,7,7,1,6,7,1
875,875,15,509.0,14,491.3,5.80365238039,7,7,1,6,7,1
876,876,15,512.6,14,494.9,5.57871806404,7,7,1,6,7,1
877,877,15,512.4,14,494.7,5.60571137323,7,7,1,6,7,1
878,878,15,512.7,14,495.0,5.58495427785,7,7,1,6,7,1
879,879,15,508.2,14,490.5,5.79374046462,7,7,1,6,7,1
880,880,15,510.5,14,492.8,5.57797539649,7,7,1,6,7,1
881,881,15,509.2,14,491.5,5.65254262215,7,7,1,6,7,1
882,882,15,512.6,14,494.9,5.55305149917,7,7,1,6,7,1
883,883,15,508.1,14,490.4,5.54184944203,7,7,1,6,7,1
884,884,15,508.4,14,490.7,5.63616722183,7,7,1,6,7,1
885,885,15,510.4,14,492.7,5.51044030736,7,7,1,6,7,1
886,886,15,509.7,14,492.0,5.58597734127,7,7,1,6,7,1
887,887,16,537.7,15,520.0,5.68805400232,8,7,1,7,7,1
888,888,17,556.1,14,492.6,6.39187788848,9,7,1,6,7,1
889,889,17,545.8,14,487.1,6.7887287643,9,7,1,6,7,1
890,890,17,552.3,14,489.7,6.40584521677,9,7,1,6,7,1
891,891,17,553.5,14,490.5,6.42738854663,9,7,1,6,7,1
892,892,17,551.3,14,488.2,6.33351844415,9,7,1,6,7,1
893,893,17,549.6,14,488.1,6.52914281375,9,7,1,6,7,1
894,894,17,551.5,14,489.7,6.50721319225,9,7,1,6,7,1
895,895,17,550.0,14,488.8,6.59688540592,9,7,1,6,7,1
896,896,17,547.2,14,487.3,6.7057701229,9,7,1,6,7,1
897,897,18,580.0,15,519.2,6.49891896491,9,8,1,6,8,1
898,898,19,608.9,16,547.2,6.23479202371,10,8,1,7,8,1
899,899,19,607.0,16,545.9,6.2152472393,10,8,1,7,8,1
900,900,19,610.0,16,548.7,6.28741897975,10,8,1,7,8,1
901,901,19,606.6,16,548.5,6.60394176107,10,8,1,7,8,1
902,902,19,607.3,16,549.1,6.39663197197,10,8,1,7,8,1
903,903,19,605.8,16,548.9,6.65400991532,10,8,1,7,8,1
904,904,19,608.1,16,548.8,6.42153267307,10,8,1,7,8,1
905,905,19,609.3,16,546.9,5.99008928069,10,8,1,7,8,1
906,906,19,605.8,16,547.6,6.47819103333,10,8,1,7,8,1
907,907,19,609.3,16,549.3,6.29409358328,10,8,1,7,8,1
908,908,19,605.8,16,546.9,6.40644321132,10,8,1,7,8,1
909,909,19,608.6,16,548.5,6.37608837172,10,8,1,7,8,1
910,910,19,606.5,16,548.9,6.55672504188,10,8,1,7,8,1
911,911,19,607.1,16,549.6,6.5708420246,10,8,1,7,8,1
912,912,19,606.3,16,545.4,6.2002593796,10,8,1,7,8,1
913,913,19,609.7,16,549.9,6.38869615778,10,8,1,7,8,1
914,914,19,606.6,16,545.8,6.23519064177,10,8,1,7,8,1
915,915,19,609.6,16,551.4,6.32844224802,10,8,1,7,8,1
916,916,19,616.9,16,554.9,6.19435698677,10,8,1,7,8,1
917,917,19,608.2,16,554.3,6.96506319161,10,8,1,7,8,1
918,918,19,607.3,16,553.4,6.9371952807,10,8,1,7,8,1
919,919,19,609.9,16,555.6,6.92780228099,10,8,1,7,8,1
920,920,19,611.3,16,553.2,6.62586196533,10,8,1,7,8,1
921,921,19,609.7,16,551.0,6.66657456077,10,8,1,7,8,1
922,922,20,633.3,16,549.7,6.4302963016,10,9,1,7,8,1
923,923,20,635.3,16,551.9,6.49487854917,10,9,1,7,8,1
924,924,19,614.5,16,551.8,6.14593956197,10,8,1,7,8,1
925,925,19,611.5,16,548.5,6.00714973621,10,8,1,7,8,1
926,926,19,612.1,16,548.7,6.03216039776,10,8,1,7,8,1
927,927,19,615.6,16,552.6,6.09079451121,10,8,1,7,8,1
928,928,19,616.9,16,554.1,6.06584725525,10,8,1,7,8,1
929,929,19,615.6,16,551.7,5.93660958236,10,8,1,7,8,1
930,930,19,617.0,16,551.9,5.81930141906,10,8,1,7,8,1
931,931,19,618.0,16,552.6,5.81357053274,10,8,1,7,8,1
932,932,19,617.0,16,552.9,5.95742693388,10,8,1,7,8,1
933,933,19,618.8,16,555.3,6.02117122527,10,8,1,7,8,1
934,934,19,618.5,16,553.9,5.89768018622,10,8,1,7,8,1
935,935,19,616.0,16,552.2,5.94844320879,10,8,1,7,8,1
936,936,19,622.6,16,556.8,5.83724179839,10,8,1,7,8,1
937,937,19,619.7,16,555.5,5.88125677781,10,8,1,7,8,1
938,938,19,619.3,16,555.8,6.01853375317,10,8,1,7,8,1
939,939,19,617.7,16,552.6,5.83646532461,10,8,1,7,8,1
940,940,19,614.5,16,552.0,6.02082642809,10,8,1,7,8,1
941,941,18,593.4,16,552.2,5.60178542966,9,8,1,7,8,1
942,942,18,590.5,16,551.8,6.01336474493,9,8,1,7,8,1
943,943,18,585.9,16,548.9,6.19594269521,9,8,1,7,8,1
944,944,18,590.5,16,552.3,6.09208476074,9,8,1,7,8,1
945,945,18,594.5,16,553.1,5.65433779922,9,8,1,7,8,1
946,946,18,595.6,16,552.6,5.49907894843,9,8,1,7,8,1
947,947,18,594.2,16,550.3,5.33466895041,9,8,1,7,8,1
948,948,18,585.9,16,548.1,6.16071519912,9,8,1,7,8,1
949,949,18,593.5,16,552.6,5.62314602708,9,8,1,7,8,1
950,950,18,591.3,16,552.3,5.93298357638,9,8,1,7,8,1
951,951,18,591.8,16,552.7,5.90020493717,9,8,1,7,8,1
952,952,18,591.9,16,553.8,6.04057359957,9,8,1,7,8,1
953,953,17,573.6,16,555.4,5.41122199964,8,8,1,7,8,1
954,954,17,574.1,16,554.2,5.12064018286,8,8,1,7,8,1
955,955,17,575.5,16,553.0,4.60096696998,8,8,1,7,8,1
956,956,18,594.7,16,553.1,5.62872244296,9,8,1,7,8,1
957,957,18,590.8,16,549.1,5.50150306259,9,8,1,7,8,1
958,958,18,591.7,16,550.4,5.61896008335,9,8,1,7,8,1
959,959,18,596.6,16,553.8,5.41134127357,9,8,1,7,8,1
960,960,18,590.9,16,550.2,5.6389199587,9,8,1,7,8,1
961,961,18,590.3,16,548.5,5.49721557563,9,8,1,7,8,1
962,962,18,590.2,16,549.8,5.6891939767,9,8,1,7,8,1
963,963,18,591.8,16,550.1,5.54919766914,9,8,1,7,8,1
964,964,17,574.3,16,552.7,4.64559405433,8,8,1,7,8,1
965,965,18,592.8,16,550.0,5.37641910131,9,8,1,7,8,1
966,966,18,592.2,16,550.2,5.49609487032,9,8,1,7,8,1
967,967,18,592.1,16,551.1,5.50908044235,9,8,1,7,8,1
968,968,18,591.8,16,550.0,5.4664275414,9,8,1,7,8,1
969,969,18,592.0,16,550.4,5.47710624422,9,8,1,7,8,1
970,970,18,590.8,16,551.0,5.63545035056,9,8,1,7,8,1
971,971,18,590.0,16,551.0,5.78156864075,9,8,1,7,8,1
972,972,18,591.6,16,551.7,5.61594369001,9,8,1,7,8,1
973,973,18,592.2,16,554.0,5.94227130273,9,8,1,7,8,1
974,974,18,585.7,16,547.6,5.83318487206,9,8,1,7,8,1
975,975,17,570.1,16,549.5,4.68013637308,8,8,1,7,8,1
976,976,17,570.3,16,549.7,4.74369550655,8,8,1,7,8,1
977,977,17,572.8,16,552.8,4.85276603962,8,8,1,7,8,1
978,978,17,571.7,16,550.6,4.64606886328,8,8,1,7,8,1
979,979,17,571.4,16,551.1,4.82647417285,8,8,1,7,8,1
980,980,17,573.3,16,552.8,4.75191138014,8,8,1,7,8,1
981,981,17,570.1,16,549.4,4.74024540194,8,8,1,7,8,1
982,982,17,572.0,16,549.8,4.53171016933,8,8,1,7,8,1
983,983,17,570.4,16,549.2,4.69149731523,8,8,1,7,8,1
984,984,17,570.1,16,549.0,4.81507284167,8,8,1,7,8,1
985,985,17,568.6,16,546.0,4.45843549452,8,8,1,7,8,1
986,986,17,571.7,16,549.0,4.56409420174,8,8,1,7,8,1
987,987,17,572.0,16,549.1,4.55331165843,8,8,1,7,8,1
988,988,17,572.6,16,549.9,4.66305094521,8,8,1,7,8,1
989,989,18,589.9,16,549.2,5.79399339637,9,8,1,7,8,1
990,990,17,570.2,16,549.7,4.86004871677,8,8,1,7,8,1
991,991,18,591.9,16,551.4,5.75890614614,9,8,1,7,8,1
992,992,18,591.3,16,551.0,5.73495474109,9,8,1,7,8,1
993,993,18,594.3,16,551.8,5.46564134335,9,8,1,7,8,1
994,994,18,589.8,16,549.6,5.76694434331,9,8,1,7,8,1
995,995,18,592.5,16,552.0,5.76237798135,9,8,1,7,8,1
996,996,18,592.5,16,549.8,5.45821022163,9,8,1,7,8,1
997,997,18,589.0,16,547.2,5.35235578211,9,8,1,7,8,1
998,998,18,587.6,16,549.0,5.96265063662,9,8,1,7,8,1
999,999,18,586.3,16,546.4,5.72864890709,9,8,1,7,8,1
1000,1000,18,590.5,16,550.0,5.76719650745,9,8,1,7,8,1
1001,1001,18,587.1,16,544.9,5.46607182321,9,8,1,7,8,1
1002,1002,18,596.8,16,553.4,5.29041555381,9,8,1,7,8,1
1003,1003,18,595.4,16,552.6,5.38347750672,9,8,1,7,8,1
1004,1004,18,591.1,16,549.1,5.52056464385,9,8,1,7,8,1
1005,1005,18,591.9,16,548.4,5.47800414492,9,8,1,7,8,1
1006,1006,19,615.0,16,550.0,5.87112071751,10,8,1,7,8,1
1007,1007,19,610.1,16,549.2,6.44635079688,10,8,1,7,8,1
1008,1008,19,610.1,16,549.7,6.51663637988,10,8,1,7,8,1
1009,1009,19,613.0,16,551.0,6.35594302176,10,8,1,7,8,1
1010,1010,19,611.1,16,548.5,6.15712870729,10,8,1,7,8,1
1011,1011,19,611.3,16,549.3,6.29354538001,10,8,1,7,8,1
1012,1012,19,612.3,16,550.7,6.36595476869,10,8,1,7,8,1
1013,1013,19,609.9,16,550.6,6.7571361455,10,8,1,7,8,1
1014,1014,19,609.5,16,550.6,6.76704259607,10,8,1,7,8,1
1015,1015,19,611.0,16,550.0,6.35909810075,10,8,1,7,8,1
1016,1016,19,611.4,16,550.1,6.33355955275,10,8,1,7,8,1
1017,1017,19,611.8,16,551.8,6.53324829877,10,8,1,7,8,1
1018,1018,19,610.9,16,549.3,6.35683083349,10,8,1,7,8,1
1019,1019,19,611.1,16,549.4,6.40929971268,10,8,1,7,8,1
1020,1020,19,608.9,16,547.7,6.3979483188,10,8,1,7,8,1
1021,1021,19,609.2,16,547.4,6.34973407372,10,8,1,7,8,1
1022,1022,19,608.0,16,547.4,6.46658075544,10,8,1,7,8,1
1023,1023,19,605.3,16,545.6,6.55653328025,10,8,1,7,8,1
1024,1024,19,603.2,16,545.4,6.96182993353,10,8,1,7,8,1
1025,1025,19,601.5,16,544.9,7.04622166598,10,8,1,7,8,1
1026,1026,19,593.4,15,507.4,6.12200517547,10,8,1,7,7,1
1027,1027,19,583.5,15,499.4,6.02963926845,10,8,1,7,7,1
1028,1028,19,591.8,15,506.6,6.12611608163,10,8,1,7,7,1
1029,1029,19,600.9,15,514.9,6.38477721749,10,8,1,7,7,1
1030,1030,19,607.6,16,544.7,6.11142636082,10,8,1,7,8,1
1031,1031,19,609.7,16,544.9,5.98682764602,10,8,1,7,8,1
1032,1032,19,611.5,16,545.3,5.75309222727,10,8,1,7,8,1
1033,1033,19,611.0,16,545.4,5.82821830879,10,8,1,7,8,1
1034,1034,19,610.0,16,545.4,5.83204497051,10,8,1,7,8,1
1035,1035,19,607.0,16,542.8,5.92249651011,10,8,1,7,8,1
1036,1036,19,607.5,16,546.7,6.35390012383,10,8,1,7,8,1
1037,1037,19,607.0,16,543.4,5.99113868059,10,8,1,7,8,1
1038,1038,19,606.1,16,544.2,6.15440221847,10,8,1,7,8,1
1039,1039,19,606.5,16,544.2,6.07824709265,10,8,1,7,8,1
1040,1040,19,608.9,16,545.9,6.02682599541,10,8,1,7,8,1
1041,1041,19,602.3,16,543.9,6.55498114244,10,8,1,7,8,1
1042,1042,19,607.2,16,544.7,6.0774003753,10,8,1,7,8,1
1043,1043,19,607.0,16,545.0,6.25338738614,10,8,1,7,8,1
1044,1044,19,609.5,16,546.0,6.07431559449,10,8,1,7,8,1
1045,1045,19,609.0,16,545.0,6.01778553041,10,8,1,7,8,1
1046,1046,19,604.7,16,540.6,5.87072228239,10,8,1,7,8,1
1047,1047,19,605.5,16,544.6,6.41699589039,10,8,1,7,8,1
1048,1048,19,606.5,16,545.1,6.37238651853,10,8,1,7,8,1
1049,1049,19,608.0,16,546.3,6.2524661801,10,8,1,7,8,1
1050,1050,19,611.3,16,547.8,6.15781726347,10,8,1,7,8,1
1051,1051,19,611.4,16,547.2,6.08528087066,10,8,1,7,8,1
1052,1052,19,607.8,16,545.5,6.26071479207,10,8,1,7,8,1
1053,1053,20,621.6,16,543.4,6.91456129445,10,9,1,7,8,1
1054,1054,20,630.0,16,546.9,6.55462873813,10,9,1,7,8,1
1055,1055,20,630.0,16,543.3,6.12784842467,10,9,1,7,8,1
1056,1056,19,604.3,16,540.7,6.19636754561,10,8,1,7,8,1
1057,1057,19,604.6,16,541.8,6.27610804271,10,8,1,7,8,1
1058,1058,20,630.2,16,546.2,6.65692358218,10,9,1,7,8,1
1059,1059,20,635.2,16,548.5,6.278819869,10,9,1,7,8,1
1060,1060,20,624.5,16,541.5,6.38145957566,10,9,1,7,8,1
1061,1061,19,600.5,16,536.7,5.92231877301,10,8,1,7,8,1
1062,1062,19,605.0,16,542.5,6.08680866843,10,8,1,7,8,1
1063,1063,19,610.6,16,545.5,5.98258681753,10,8,1,7,8,1
1064,1064,19,609.0,16,543.9,5.90831508423,10,8,1,7,8,1
1065,1065,19,595.8,16,533.4,6.34921830617,10,8,1,7,8,1
1066,1066,20,621.5,15,513.8,6.78619923079,10,9,1,7,7,1
1067,1067,19,603.4,15,513.0,6.25382689856,10,8,1,7,7,1
1068,1068,19,599.2,15,512.1,6.41969283847,10,8,1,7,7,1
1069,1069,20,623.8,16,537.4,6.38005939586,10,9,1,7,8,1
1070,1070,19,608.8,16,542.6,5.89154910675,10,8,1,7,8,1
1071,1071,19,603.5,15,513.5,6.13489205975,10,8,1,7,7,1
1072,1072,18,584.4,16,543.4,5.88007602992,9,8,1,7,8,1
1073,1073,18,584.1,16,544.3,5.90436030305,9,8,1,7,8,1
1074,1074,19,606.1,16,544.5,6.10163912404,10,8,1,7,8,1
1075,1075,19,613.7,16,548.7,5.89623231866,10,8,1,7,8,1
1076,1076,19,616.7,16,548.9,5.62398788815,10,8,1,7,8,1
1077,1077,19,614.7,16,546.8,5.64548673436,10,8,1,7,8,1
1078,1078,20,632.3,16,547.8,6.28266411812,10,9,1,7,8,1
1079,1079,20,633.0,16,548.9,6.2822640907,10,9,1,7,8,1
1080,1080,20,634.4,16,551.1,6.40563896316,10,9,1,7,8,1
1081,1081,20,634.1,16,548.7,6.1976629721,10,9,1,7,8,1
1082,1082,20,633.8,16,549.1,6.22506816703,10,9,1,7,8,1
1083,1083,19,616.8,16,550.7,5.65667850385,10,8,1,7,8,1
1084,1084,20,636.2,16,548.8,6.05613216848,10,9,1,7,8,1
1085,1085,20,636.0,16,546.6,5.77818037284,10,9,1,7,8,1
1086,1086,20,634.5,16,547.4,5.97511285954,10,9,1,7,8,1
1087,1087,20,639.8,16,549.7,5.82814405775,10,9,1,7,8,1
1088,1088,19,620.5,16,550.8,5.33305372074,10,8,1,7,8,1
1089,1089,19,619.7,16,548.5,5.20205762259,10,8,1,7,8,1
1090,1090,19,618.1,16,549.7,5.48179336345,10,8,1,7,8,1
1091,1091,19,617.1,16,549.3,5.46896079377,10,8,1,7,8,1
1092,1092,19,616.3,16,550.0,5.65677671532,10,8,1,7,8,1
1093,1093,19,617.8,16,551.4,5.71802832742,10,8,1,7,8,1
1094,1094,19,610.1,16,546.4,5.92029416845,10,8,1,7,8,1
1095,1095,19,615.2,16,549.0,5.74761582913,10,8,1,7,8,1
1096,1096,19,617.1,16,549.3,5.55093375002,10,8,1,7,8,1
1097,1097,20,634.1,16,547.0,6.04217414687,10,9,1,7,8,1
1098,1098,20,634.8,16,547.3,5.96307938816,10,9,1,7,8,1
1099,1099,20,639.2,17,575.0,6.02262401284,10,9,1,8,8,1
1100,1100,20,634.8,16,545.6,6.04399658644,10,9,1,7,8,1
1101,1101,19,607.6,16,542.7,5.95730913784,10,8,1,7,8,1
1102,1102,20,632.2,16,545.5,6.29468447435,10,9,1,7,8,1
1103,1103,20,628.7,16,545.4,6.49398709739,10,9,1,7,8,1
1104,1104,19,608.8,16,546.0,6.08169528535,10,8,1,7,8,1
1105,1105,18,586.9,16,542.8,5.28888648597,9,8,1,7,8,1
1106,1106,20,625.7,16,540.3,6.14356959498,10,9,1,7,8,1
1107,1107,19,608.7,16,543.7,5.8783227508,10,8,1,7,8,1
1108,1108,19,608.5,16,542.8,5.63844364906,10,8,1,7,8,1
1109,1109,19,604.6,16,535.0,5.30760240361,10,8,1,7,8,1
1110,1110,20,624.2,17,558.7,5.92078408748,10,9,1,8,8,1
1111,1111,20,611.0,16,523.3,5.44981892505,10,9,1,7,8,1
1112,1112,20,595.6,17,527.6,4.72959328395,10,9,1,7,9,1
1113,1113,20,595.9,14,455.7,5.56686390028,10,9,1,6,7,1
1114,1114,21,613.9,16,505.0,5.55772735327,11,9,1,7,8,1
1115,1115,21,650.3,19,610.3,4.82921663765,11,9,1,9,9,1
1116,1116,21,679.8,19,641.6,5.3509945671,11,9,1,9,9,1
1117,1117,21,666.5,19,626.5,5.16202249031,11,9,1,9,9,1
1118,1118,21,682.2,19,642.0,6.09157497814,11,9,1,9,9,1
1119,1119,20,649.6,18,608.4,5.73535664013,10,9,1,8,9,1
1120,1120,21,670.4,18,608.8,6.76120586596,11,9,1,9,8,1
1121,1121,21,674.7,18,606.8,6.36130040614,11,9,1,10,7,1
