,e_id,num_sat,sum_snr,num_sat_25,sum_snr_25,snr_std,elev_0_30,elev_30_60,elev_60_90,elev_0_30_25,elev_30_60_25,elev_60_90_25
1,1,11,180.8,0,0,3.69682910811,5,4,2,0,0,0
2,2,11,183.6,0,0,3.72892867871,5,4,2,0,0,0
3,3,11,186.1,0,0,3.82094705062,5,4,2,0,0,0
4,4,13,208.2,0,0,3.62556803684,6,5,2,0,0,0
5,5,13,209.8,0,0,3.15397591978,6,5,2,0,0,0
6,6,13,212.3,0,0,3.64928865566,6,5,2,0,0,0
7,7,13,210.9,0,0,3.27494372627,6,5,2,0,0,0
8,8,13,207.4,1,25.7,3.71070868896,6,5,2,0,1,0
9,9,13,208.8,1,26.2,4.02937928668,6,5,2,0,1,0
10,10,12,192.8,0,0,3.60613954586,6,5,1,0,0,0
11,11,12,194.6,0,0,3.78917917073,6,5,1,0,0,0
12,12,13,211.6,0,0,3.70341145571,7,5,1,0,0,0
13,13,13,214.3,1,25.9,3.57557598014,7,5,1,0,1,0
14,14,12,200.6,1,25.9,3.67295603848,6,5,1,0,1,0
15,15,12,199.8,1,25.4,3.45029642995,6,5,1,0,1,0
16,16,12,197.0,0,0,2.95075747851,6,5,1,0,0,0
17,17,12,204.8,0,0,3.44682550481,6,5,1,0,0,0
18,18,12,202.4,0,0,3.4814660792,6,5,1,0,0,0
19,19,12,206.2,0,0,3.30257016534,6,5,1,0,0,0
20,20,12,204.5,0,0,3.37543487658,6,5,1,0,0,0
21,21,12,207.3,0,0,3.31611081074,6,5,1,0,0,0
22,22,12,204.2,0,0,3.25906660741,6,5,1,0,0,0
23,23,13,215.5,0,0,3.28840230866,7,5,1,0,0,0
24,24,13,218.9,0,0,3.82764907429,7,5,1,0,0,0
25,25,14,231.0,0,0,4.11563622523,8,5,1,0,0,0
26,26,14,230.8,0,0,4.01475301335,8,5,1,0,0,0
27,27,14,232.6,0,0,4.03806068131,8,5,1,0,0,0
28,28,14,229.4,0,0,3.92131397579,8,5,1,0,0,0
29,29,14,229.6,0,0,3.99364880394,8,5,1,0,0,0
30,30,14,227.5,0,0,3.85461761049,8,5,1,0,0,0
31,31,14,228.7,0,0,3.79465355525,8,5,1,0,0,0
32,32,14,236.6,0,0,3.75643038412,8,5,1,0,0,0
33,33,14,240.8,0,0,3.82542104269,8,5,1,0,0,0
34,34,14,232.9,0,0,3.75553072002,8,5,1,0,0,0
35,35,14,236.0,0,0,3.90989165416,8,5,1,0,0,0
36,36,14,228.3,0,0,3.48633911712,8,5,1,0,0,0
37,37,14,233.0,1,25.3,4.03517501016,8,5,1,0,1,0
38,38,13,214.7,0,0,3.80719628989,7,5,1,0,0,0
39,39,13,213.3,0,0,3.54811253543,7,5,1,0,0,0
40,40,13,216.6,0,0,3.71293649769,7,5,1,0,0,0
41,41,12,200.8,0,0,4.12472221287,7,5,0,0,0,0
42,42,12,193.1,0,0,3.72935732541,7,5,0,0,0,0
43,43,11,183.9,0,0,3.98266699131,6,5,0,0,0,0
44,44,10,177.0,0,0,3.83347825813,5,5,0,0,0,0
45,45,10,177.4,1,25.4,3.77835943235,5,5,0,0,1,0
46,46,10,178.4,1,25.4,4.27088333304,5,5,0,0,1,0
47,47,10,176.9,1,26.6,4.46329474716,5,5,0,0,1,0
48,48,9,167.1,1,25.6,3.74499666221,4,5,0,0,1,0
49,49,10,177.2,1,25.1,3.89438342003,5,5,0,0,1,0
50,50,10,175.1,0,0,3.48758114203,5,5,0,0,0,0
51,51,10,174.0,1,25.7,3.94799527186,5,5,0,0,1,0
52,52,10,175.1,0,0,3.71467061498,5,5,0,0,0,0
53,53,10,169.2,0,0,3.82355274,5,5,0,0,0,0
54,54,10,174.5,1,26.4,4.31515417518,5,5,0,0,1,0
55,55,10,176.9,1,26.1,4.0509121058,5,5,0,0,1,0
56,56,11,188.0,0,0,3.51410146281,5,5,1,0,0,0
57,57,12,202.5,1,25.4,3.71584445315,6,5,1,0,1,0
58,58,12,201.8,0,0,3.57690402782,6,5,1,0,0,0
59,59,12,203.0,0,0,3.80736925003,6,5,1,0,0,0
60,60,12,199.2,0,0,3.84873060537,6,5,1,0,0,0
61,61,12,200.5,0,0,3.95461946988,6,5,1,0,0,0
62,62,13,214.7,0,0,3.73426613804,6,5,2,0,0,0
63,63,13,217.3,0,0,3.73805790794,6,5,2,0,0,0
64,64,13,213.6,0,0,4.35572125971,6,5,2,0,0,0
65,65,13,208.7,0,0,4.00304371377,6,5,2,0,0,0
66,66,13,208.9,1,26.1,4.27889873203,6,5,2,0,1,0
67,67,13,209.1,1,25.9,4.32778737807,6,5,2,0,1,0
68,68,13,208.9,1,26.0,4.43158824339,6,5,2,0,1,0
69,69,12,194.6,1,26.7,4.36615773116,5,5,2,0,1,0
70,70,12,190.7,1,26.9,4.4172098008,5,5,2,0,1,0
71,71,12,197.8,1,27.2,4.52504813301,5,5,2,0,1,0
72,72,12,197.3,1,26.9,4.41844446781,5,5,2,0,1,0
73,73,12,201.7,1,28.0,4.59930001262,5,5,2,0,1,0
74,74,12,197.6,1,27.2,4.4934969847,5,5,2,0,1,0
75,75,12,197.3,1,27.6,4.40133416412,5,5,2,0,1,0
76,76,12,198.0,1,27.1,4.38965726556,5,5,2,0,1,0
77,77,12,193.6,0,0,3.5813489925,5,5,2,0,0,0
78,78,12,194.0,0,0,3.76764535422,5,5,2,0,0,0
79,79,12,200.5,1,26.5,3.964033376,5,5,2,0,1,0
80,80,12,206.3,1,26.8,4.10242906611,5,5,2,0,1,0
81,81,12,205.9,1,27.3,4.17491607609,5,5,2,0,1,0
82,82,12,201.0,1,26.8,4.36338067433,5,5,2,0,1,0
83,83,12,199.0,1,26.9,4.34737817192,5,5,2,0,1,0
84,84,12,202.3,1,27.3,4.26176624361,5,5,2,0,1,0
85,85,12,199.6,1,26.9,4.05671908036,5,5,2,0,1,0
86,86,13,215.0,1,26.7,4.07278333607,6,5,2,0,1,0
87,87,13,212.9,1,26.8,3.92601448591,6,5,2,0,1,0
88,88,13,210.1,1,26.2,4.16323961628,6,5,2,0,1,0
89,89,13,212.3,1,26.7,4.36355829864,6,5,2,0,1,0
90,90,12,199.3,1,26.1,4.28919537556,5,5,2,0,1,0
91,91,12,199.1,1,25.8,4.22814344242,5,5,2,0,1,0
92,92,12,200.3,0,0,4.15527229899,5,5,2,0,0,0
93,93,12,199.6,0,0,4.07081259106,5,5,2,0,0,0
94,94,12,200.1,1,26.5,4.28891276751,5,5,2,0,1,0
95,95,12,199.4,1,26.2,4.37260757097,5,5,2,0,1,0
96,96,12,196.2,1,26.1,4.42749672758,5,5,2,0,1,0
97,97,13,214.2,1,26.2,4.44712525986,6,5,2,0,1,0
98,98,13,214.1,1,26.3,4.38717536603,6,5,2,0,1,0
99,99,13,213.1,1,26.1,4.29912036322,6,5,2,0,1,0
100,100,13,210.4,1,26.2,4.4521242409,6,5,2,0,1,0
101,101,12,198.5,0,0,4.14607335227,5,5,2,0,0,0
102,102,12,197.1,1,25.3,4.03217175861,5,5,2,0,1,0
103,103,12,199.4,1,25.8,4.48691700864,5,5,2,0,1,0
104,104,12,198.3,1,25.5,4.31638000686,5,5,2,0,1,0
105,105,12,196.2,1,25.8,4.45390533434,5,5,2,0,1,0
106,106,12,197.7,1,25.9,4.69934715002,5,5,2,0,1,0
107,107,12,199.5,1,26.2,4.83098427765,5,5,2,0,1,0
108,108,12,197.3,1,26.7,4.78927937896,5,5,2,0,1,0
109,109,12,197.5,1,27.3,4.93898376248,5,5,2,0,1,0
110,110,12,198.8,1,28.0,5.20547497323,5,5,2,0,1,0
111,111,12,196.2,1,26.5,4.83199563516,5,5,2,0,1,0
112,112,12,199.2,1,26.9,4.92193605662,5,5,2,0,1,0
113,113,12,202.5,1,27.8,5.22496193984,5,5,2,0,1,0
114,114,12,198.7,1,26.6,4.70250577948,5,5,2,0,1,0
115,115,12,200.8,1,26.2,4.89179895025,5,5,2,0,1,0
116,116,12,204.1,1,26.4,4.96596751231,5,5,2,0,1,0
117,117,12,203.3,1,26.8,4.92017337709,5,5,2,0,1,0
118,118,11,186.8,1,27.2,5.1648462091,5,5,1,0,1,0
119,119,11,188.8,1,26.6,5.01642755899,5,5,1,0,1,0
120,120,11,179.5,0,0,4.38447674913,5,5,1,0,0,0
121,121,11,189.0,2,52.5,5.47189513456,5,5,1,0,1,1
122,122,12,194.8,1,26.4,5.19043409173,6,5,1,0,1,0
123,123,12,201.9,1,27.3,5.42454438807,6,5,1,0,1,0
124,124,12,207.1,2,53.5,5.84410477371,6,5,1,0,1,1
125,125,12,211.6,2,53.4,5.63775153978,6,5,1,0,1,1
126,126,12,211.8,2,53.1,5.65613102587,6,5,1,0,1,1
127,127,12,211.6,2,53.2,5.58786564121,6,5,1,0,1,1
128,128,12,213.0,1,27.9,5.52687648101,6,5,1,0,1,0
129,129,12,212.6,1,27.5,5.41862668501,6,5,1,0,1,0
130,130,11,201.6,1,27.3,5.35930796075,6,4,1,0,1,0
131,131,11,201.4,1,26.8,5.28988743651,6,4,1,0,1,0
132,132,11,200.9,1,27.5,5.38929916172,6,4,1,0,1,0
133,133,11,201.2,1,26.8,5.26658419575,6,4,1,0,1,0
134,134,12,214.9,1,27.4,5.09803140854,7,4,1,0,1,0
135,135,12,213.2,1,27.3,5.0408032068,7,4,1,0,1,0
136,136,12,206.7,1,26.8,4.80948400181,7,4,1,0,1,0
137,137,12,210.5,1,26.9,5.03775894139,7,4,1,0,1,0
138,138,12,214.4,1,27.1,5.04062285714,6,4,2,0,1,0
139,139,13,224.5,1,27.3,4.74682079842,7,4,2,0,1,0
140,140,13,221.9,1,26.9,4.52315977597,7,4,2,0,1,0
141,141,12,213.1,1,26.9,4.17034080433,6,4,2,0,1,0
142,142,12,218.5,1,27.5,4.05562646956,6,4,2,0,1,0
143,143,12,216.4,1,27.0,3.71050923565,6,4,2,0,1,0
144,144,12,217.9,1,27.1,3.79604060073,6,4,2,0,1,0
145,145,12,210.3,0,0,3.14183646354,6,4,2,0,0,0
146,146,12,211.9,1,26.0,3.50284516392,6,4,2,0,1,0
147,147,13,228.2,1,27.5,3.78849472848,6,5,2,0,1,0
148,148,13,225.2,1,28.3,4.02702409689,6,5,2,0,1,0
149,149,13,225.6,1,28.0,3.95403072501,6,5,2,0,1,0
150,150,13,220.4,1,28.1,4.39329325689,6,5,2,0,1,0
151,151,13,217.1,1,27.9,4.28407905311,6,5,2,0,1,0
152,152,14,226.0,1,28.2,4.34736246931,7,5,2,0,1,0
153,153,14,228.8,1,28.0,4.47518186751,7,5,2,0,1,0
154,154,14,231.3,1,28.5,4.57487764804,7,5,2,0,1,0
155,155,14,233.6,1,28.7,4.70986806003,7,5,2,0,1,0
156,156,14,235.1,1,28.4,4.55098709254,7,5,2,0,1,0
157,157,14,231.4,0,0,3.51336537578,7,5,2,0,0,0
158,158,14,234.5,0,0,3.59524258302,7,5,2,0,0,0
159,159,14,234.7,0,0,3.76534953794,7,5,2,0,0,0
160,160,15,252.9,0,0,3.81291039946,8,5,2,0,0,0
161,161,15,251.1,1,25.1,3.58863284752,8,5,2,0,1,0
162,162,15,255.3,1,26.1,4.17495936678,8,5,2,0,1,0
163,163,15,254.6,1,26.7,4.15459584878,8,5,2,0,1,0
164,164,15,257.2,1,27.6,4.02826915448,8,5,2,0,1,0
165,165,15,254.7,1,27.8,4.26634671419,8,5,2,0,1,0
166,166,15,248.6,1,27.9,4.39780248154,8,5,2,0,1,0
167,167,15,246.5,1,27.9,4.3601550868,8,5,2,0,1,0
168,168,15,240.5,1,28.2,4.33155641224,8,5,2,0,1,0
169,169,15,238.8,1,28.6,4.18162647782,8,5,2,0,1,0
170,170,15,239.3,1,28.8,4.2265938104,8,5,2,0,1,0
171,171,15,239.9,1,28.0,4.16026555929,8,5,2,0,1,0
172,172,14,228.1,1,28.0,4.08250757891,7,5,2,0,1,0
173,173,14,233.5,1,27.6,3.87500443105,7,5,2,0,1,0
174,174,14,235.8,1,27.6,4.04203191205,7,5,2,0,1,0
175,175,14,236.3,1,28.0,4.02208873624,7,5,2,0,1,0
176,176,14,235.1,1,27.1,3.78264544907,7,5,2,0,1,0
177,177,15,244.7,1,26.8,3.58705343994,8,5,2,0,1,0
178,178,15,241.0,1,27.4,3.85721340323,8,5,2,0,1,0
179,179,15,244.4,1,27.0,3.86476143538,8,5,2,0,1,0
180,180,15,241.0,1,27.5,3.96946679879,8,5,2,0,1,0
181,181,15,240.4,1,27.2,3.93727002352,8,5,2,0,1,0
182,182,14,230.5,1,27.8,4.20834466687,7,5,2,0,1,0
183,183,14,229.9,1,27.5,4.10200299505,7,5,2,0,1,0
184,184,14,229.0,1,27.7,3.95663304527,7,5,2,0,1,0
185,185,14,237.5,1,27.5,3.93848997672,7,5,2,0,1,0
186,186,14,236.8,1,26.6,3.71853096363,7,5,2,0,1,0
187,187,14,239.2,1,26.6,3.82016051674,7,5,2,0,1,0
188,188,14,243.4,1,27.5,4.04282025378,7,5,2,0,1,0
189,189,14,243.8,1,27.3,3.69070707065,7,5,2,0,1,0
190,190,14,244.9,1,27.1,3.76123226242,7,5,2,0,1,0
191,191,14,249.3,1,27.7,3.9534725312,7,5,2,0,1,0
192,192,14,250.6,1,27.5,4.01937614754,7,5,2,0,1,0
193,193,14,253.8,1,29.3,4.37271761501,7,5,2,0,1,0
194,194,14,256.2,1,28.7,4.60417870401,7,5,2,0,1,0
195,195,14,251.4,1,27.7,3.98665355824,7,5,2,0,1,0
196,196,14,250.3,0,0,3.55076992115,7,5,2,0,0,0
197,197,14,252.2,1,25.7,3.45161214125,7,5,2,0,1,0
198,198,14,251.6,1,25.9,3.42219645424,7,5,2,0,1,0
199,199,14,250.7,1,25.5,3.35409377551,7,5,2,0,1,0
200,200,14,248.6,1,25.6,3.20641527271,7,5,2,0,1,0
201,201,14,249.0,1,26.3,3.82277731154,7,5,2,0,1,0
202,202,14,246.0,1,27.1,4.0742018702,7,5,2,0,1,0
203,203,14,247.7,1,27.5,3.92084454908,7,5,2,0,1,0
204,204,14,239.0,0,0,3.17863748542,7,5,2,0,0,0
205,205,14,235.2,0,0,2.79945049553,7,5,2,0,0,0
206,206,14,232.0,0,0,2.99805797948,7,5,2,0,0,0
207,207,14,234.7,1,26.1,3.5000235478,7,5,2,0,1,0
208,208,14,232.7,1,26.6,3.57710208698,7,5,2,0,1,0
209,209,14,231.3,1,26.0,3.55185294468,7,5,2,0,1,0
210,210,14,233.6,1,26.1,3.32261647197,7,5,2,0,1,0
211,211,14,238.7,1,27.3,3.5770099245,7,5,2,0,1,0
212,212,14,233.6,1,26.7,4.09593741367,7,5,2,0,1,0
213,213,14,231.3,1,25.9,3.85570078863,7,5,2,0,1,0
214,214,14,226.1,1,25.5,3.66726685065,7,5,2,0,1,0
215,215,14,224.0,1,25.7,3.62639893431,7,5,2,0,1,0
216,216,14,224.4,1,25.3,3.72856511304,7,5,2,0,1,0
217,217,14,221.1,1,26.1,3.98197173535,7,5,2,0,1,0
218,218,14,214.7,1,25.1,3.58192194711,7,5,2,0,1,0
219,219,14,227.5,1,28.3,4.50123914563,7,5,2,0,1,0
220,220,13,224.0,1,28.4,4.27012580131,6,5,2,0,1,0
221,221,13,224.3,1,28.4,4.2937193249,6,5,2,0,1,0
222,222,13,231.6,1,28.7,4.20552140125,6,5,2,0,1,0
223,223,12,208.9,1,27.4,3.89742533507,6,5,1,0,1,0
224,224,12,202.5,1,27.7,4.8445142359,6,5,1,0,1,0
225,225,12,203.0,1,28.1,4.93260641655,6,5,1,0,1,0
226,226,12,204.4,1,28.8,5.0756698319,6,5,1,0,1,0
227,227,12,202.2,1,28.2,4.98917008949,6,5,1,0,1,0
228,228,12,202.0,1,28.3,5.06150055604,6,5,1,0,1,0
229,229,12,204.7,1,28.4,4.49615155304,6,5,1,0,1,0
230,230,12,208.0,1,28.7,4.51489118631,6,5,1,0,1,0
231,231,12,210.7,1,28.7,4.60206640016,6,5,1,0,1,0
232,232,12,204.4,1,27.8,4.29192335214,6,5,1,0,1,0
233,233,12,203.4,1,28.6,4.82879619856,6,5,1,0,1,0
234,234,12,200.4,1,28.2,4.51139970217,6,5,1,0,1,0
235,235,12,203.5,1,28.3,4.54801821643,6,5,1,0,1,0
236,236,12,206.2,1,28.7,4.80413332139,6,5,1,0,1,0
237,237,12,202.8,1,28.2,4.55032466374,6,5,1,0,1,0
238,238,13,218.7,1,28.4,4.52127449697,7,5,1,0,1,0
239,239,13,218.1,1,28.1,4.34916732378,7,5,1,0,1,0
240,240,13,218.2,1,28.6,4.51199256682,7,5,1,0,1,0
241,241,12,201.5,1,28.5,4.45001702414,6,5,1,0,1,0
242,242,11,192.8,1,28.6,4.35846094604,6,4,1,0,1,0
243,243,11,194.2,1,28.7,4.51250786955,6,4,1,0,1,0
244,244,11,190.1,1,28.8,4.47946831261,6,4,1,0,1,0
245,245,11,189.2,1,28.7,4.52061942658,6,4,1,0,1,0
246,246,11,190.1,1,28.9,4.49595778046,6,4,1,0,1,0
247,247,10,172.7,1,30.1,5.23748243169,6,3,1,0,1,0
248,248,10,170.4,1,30.3,5.19448425416,6,3,1,0,1,0
249,249,10,168.2,1,30.2,5.19375693608,6,3,1,0,1,0
250,250,10,172.5,1,30.6,5.29575301539,6,3,1,0,1,0
251,251,10,172.9,1,30.5,5.06193858341,6,3,1,0,1,0
252,252,11,191.9,1,30.5,4.89231308,6,4,1,0,1,0
253,253,11,188.7,1,30.9,4.93160493883,6,4,1,0,1,0
254,254,13,216.6,1,30.5,4.59157533996,6,5,2,0,1,0
255,255,13,217.3,1,30.3,4.53887764281,6,5,2,0,1,0
256,256,13,220.5,1,30.6,4.56573076691,6,5,2,0,1,0
257,257,13,223.2,1,30.5,4.62950404388,6,5,2,0,1,0
258,258,13,221.7,1,30.3,4.66897836516,6,5,2,0,1,0
259,259,13,223.0,1,30.4,4.58959246277,6,5,2,0,1,0
260,260,13,220.5,1,29.7,4.37255426144,6,5,2,0,1,0
261,261,13,219.6,1,29.8,4.53090526982,6,5,2,0,1,0
262,262,13,223.1,1,30.6,4.56354001143,6,5,2,0,1,0
263,263,13,220.4,1,30.8,4.5865047303,6,5,2,0,1,0
264,264,12,207.3,1,30.4,4.50779627676,5,5,2,0,1,0
265,265,12,207.0,1,29.8,4.23352421426,5,5,2,0,1,0
266,266,12,207.8,1,30.2,4.55707907513,5,5,2,0,1,0
267,267,12,208.8,1,30.7,4.61381325232,5,5,2,0,1,0
268,268,12,209.1,1,30.7,4.6651756276,5,5,2,0,1,0
269,269,12,209.9,1,30.3,4.35315107048,5,5,2,0,1,0
270,270,12,210.7,1,29.4,4.14870370408,5,5,2,0,1,0
271,271,12,210.6,1,29.7,4.29386454459,5,5,2,0,1,0
272,272,12,215.4,1,30.1,4.27795618151,5,5,2,0,1,0
273,273,12,214.0,1,31.1,4.68834790311,5,5,2,0,1,0
274,274,12,213.4,1,31.1,4.78137168096,5,5,2,0,1,0
275,275,12,214.3,1,30.8,4.7179460734,5,5,2,0,1,0
276,276,12,216.6,1,31.3,4.81578842785,5,5,2,0,1,0
277,277,12,212.5,1,31.2,4.72853202924,5,5,2,0,1,0
278,278,12,212.4,1,31.2,5.11806071228,5,5,2,0,1,0
279,279,12,211.1,1,30.2,4.87954139673,5,5,2,0,1,0
280,280,12,204.2,1,27.6,4.43249023653,5,5,2,0,1,0
281,281,12,198.3,1,30.7,4.99765854267,5,5,2,0,1,0
282,282,12,201.9,1,31.2,5.23920969058,5,5,2,0,1,0
283,283,12,203.5,1,31.1,5.20532215986,5,5,2,0,1,0
284,284,12,204.0,1,30.9,5.15963353174,5,5,2,0,1,0
285,285,12,206.2,1,30.9,5.24626851518,5,5,2,0,1,0
286,286,11,189.1,1,30.8,5.53451977058,5,4,2,0,1,0
287,287,11,187.9,1,30.0,5.34262448275,5,4,2,0,1,0
288,288,11,190.5,1,28.6,4.8375237843,5,4,2,0,1,0
289,289,11,197.6,1,28.9,4.60896359874,5,4,2,0,1,0
290,290,11,193.4,1,29.1,4.63374970878,5,4,2,0,1,0
291,291,11,191.6,1,28.5,4.45933138078,5,4,2,0,1,0
292,292,11,193.0,1,27.6,4.33989945422,5,4,2,0,1,0
293,293,11,205.3,1,28.0,4.13092549613,5,4,2,0,1,0
294,294,11,206.6,1,29.1,4.37580122533,5,4,2,0,1,0
295,295,11,210.7,1,31.1,4.87182997166,5,4,2,0,1,0
296,296,11,205.7,1,29.9,4.57055795281,5,4,2,0,1,0
297,297,12,218.6,1,30.1,4.69251499408,5,5,2,0,1,0
298,298,12,208.0,1,29.3,4.38226453152,5,5,2,0,1,0
299,299,13,221.1,1,29.2,4.49841852552,6,5,2,0,1,0
300,300,13,220.3,1,29.1,4.52964593624,6,5,2,0,1,0
301,301,13,213.8,1,30.0,4.61349747744,6,5,2,0,1,0
302,302,13,217.1,1,29.5,4.55722869004,6,5,2,0,1,0
303,303,13,218.6,1,29.9,4.59507819191,6,5,2,0,1,0
304,304,13,216.7,1,28.8,4.43628685114,6,5,2,0,1,0
305,305,13,219.2,1,29.5,4.39953377483,6,5,2,0,1,0
306,306,13,222.1,1,30.1,4.63480423065,6,5,2,0,1,0
307,307,13,222.5,1,29.1,4.26494356232,6,5,2,0,1,0
308,308,13,221.8,1,29.8,4.41503840329,6,5,2,0,1,0
309,309,13,218.3,1,29.6,4.64586940885,6,5,2,0,1,0
310,310,12,200.3,1,29.5,4.51129054975,5,5,2,0,1,0
311,311,12,204.2,1,30.0,4.58373276496,5,5,2,0,1,0
312,312,12,203.3,1,30.3,4.75365090953,5,5,2,0,1,0
313,313,12,202.8,1,30.1,4.68071478613,5,5,2,0,1,0
314,314,12,203.4,1,29.5,4.50625827448,5,5,2,0,1,0
315,315,13,214.8,1,28.7,4.45498856081,6,5,2,0,1,0
316,316,13,213.5,1,27.6,4.1645635718,6,5,2,0,1,0
317,317,13,215.8,1,27.7,4.24342628859,6,5,2,0,1,0
318,318,12,196.2,1,29.4,4.69941969338,5,5,2,0,1,0
319,319,13,204.0,1,29.1,4.57465145092,6,5,2,0,1,0
320,320,13,208.1,1,30.2,4.84414793651,6,5,2,0,1,0
321,321,13,207.4,1,29.5,4.67415150671,6,5,2,0,1,0
322,322,13,207.5,1,29.6,4.55275346385,6,5,2,0,1,0
323,323,13,210.0,1,30.1,4.75054652726,6,5,2,0,1,0
324,324,13,213.0,1,30.1,4.68736709213,6,5,2,0,1,0
325,325,13,208.9,1,29.8,4.63382214725,6,5,2,0,1,0
326,326,13,209.8,1,29.8,4.71213653975,6,5,2,0,1,0
327,327,13,210.5,1,29.8,4.61653938545,6,5,2,0,1,0
328,328,13,208.8,1,30.2,4.69743519763,6,5,2,0,1,0
329,329,13,207.8,1,29.9,4.66473403205,6,5,2,0,1,0
330,330,13,209.9,1,30.1,4.87555388044,6,5,2,0,1,0
331,331,13,213.4,1,28.4,4.63444461862,6,5,2,0,1,0
332,332,12,197.5,1,27.3,4.52034961104,6,4,2,0,1,0
333,333,12,198.8,1,27.9,4.83215241582,6,4,2,0,1,0
334,334,12,207.2,1,29.0,5.20390296418,6,4,2,0,1,0
335,335,11,189.0,1,30.3,5.45615582289,6,4,1,0,1,0
336,336,11,190.1,1,30.4,5.51449330072,6,4,1,0,1,0
337,337,12,200.7,1,28.6,5.04851463304,6,4,2,0,1,0
338,338,12,198.5,1,26.3,4.84907832542,6,4,2,0,1,0
339,339,12,198.6,1,27.6,5.0158838612,6,4,2,0,1,0
340,340,12,192.0,1,30.0,5.15716624091,6,4,2,0,1,0
341,341,13,212.9,1,30.2,5.15722047977,6,5,2,0,1,0
342,342,13,216.3,1,30.8,5.25635146934,6,5,2,0,1,0
343,343,14,228.2,1,30.0,5.05386371616,7,5,2,0,1,0
344,344,14,219.2,1,27.5,4.40117366964,7,5,2,0,1,0
345,345,14,223.2,1,26.5,3.90831741993,7,5,2,0,1,0
346,346,14,224.4,1,26.5,3.93337368825,7,5,2,0,1,0
