,e_id,num_sat,sum_snr,num_sat_25,sum_snr_25,snr_std,elev_0_30,elev_30_60,elev_60_90,elev_0_30_25,elev_30_60_25,elev_60_90_25
1,1,10,254.8,6,176.0,6.21374819788,4,2,4,3,1,2
2,2,11,276.2,6,176.0,5.86897853897,5,2,4,2,2,2
3,3,11,268.5,4,122.5,5.74185589256,5,2,4,1,1,2
4,4,11,260.9,4,117.9,5.72185602437,5,2,4,1,2,1
5,5,11,263.2,4,120.6,5.60911595692,5,2,4,1,2,1
6,6,11,266.6,6,173.7,5.8667320933,5,2,4,1,2,3
7,7,11,274.8,6,177.7,5.93478191374,5,2,4,2,2,2
8,8,11,260.3,5,145.7,5.97666675117,5,2,4,1,2,2
9,9,11,270.4,5,151.7,6.36613197818,5,2,4,1,2,2
10,10,11,275.8,4,122.2,5.37179502757,5,2,4,0,2,2
11,11,11,288.7,8,233.3,5.6830209636,5,2,4,3,2,3
12,12,12,292.8,6,173.0,5.25218569221,6,2,4,1,2,3
13,13,12,296.1,7,201.2,5.31706087643,6,2,4,2,2,3
14,14,12,281.0,6,171.3,5.84991582431,6,2,4,1,2,3
15,15,11,269.7,6,175.1,5.75357596314,5,2,4,1,2,3
16,16,12,296.7,7,205.7,6.04319677594,6,2,4,2,2,3
17,17,13,317.4,7,206.8,6.28474955134,7,2,4,2,2,3
18,18,13,325.9,8,238.2,6.50222841486,7,2,4,3,2,3
19,19,13,321.0,8,232.7,6.05302424942,7,2,4,3,2,3
20,20,13,329.7,8,240.8,6.52910642961,7,2,4,3,2,3
21,21,13,323.2,8,233.3,6.0298615879,7,2,4,3,2,3
22,22,13,315.9,8,229.5,6.1603571325,7,2,4,3,2,3
23,23,13,324.4,8,237.0,6.61596747581,7,2,4,3,2,3
24,24,13,321.2,8,233.0,6.35379959007,7,2,4,3,2,3
25,25,13,320.3,8,232.9,6.48890571945,7,2,4,3,2,3
26,26,13,331.4,8,239.3,6.40760765789,7,2,4,3,2,3
27,27,14,354.2,8,245.2,7.16165000326,7,2,5,3,2,3
28,28,14,328.2,7,202.2,6.59728548906,7,2,5,2,2,3
29,29,14,344.1,8,236.6,6.4573367422,7,2,5,3,2,3
30,30,14,350.4,8,239.1,6.30938599615,7,2,5,3,2,3
31,31,14,334.3,6,179.3,6.19642310859,7,2,5,2,2,2
32,32,14,331.7,8,229.6,6.5191391935,7,2,5,3,2,3
33,33,14,335.8,8,234.9,6.90516608644,7,2,5,3,2,3
34,34,14,336.6,8,237.2,7.17417529816,7,2,5,3,2,3
35,35,14,342.2,8,242.0,7.49027207945,7,2,5,3,2,3
36,36,14,340.1,8,241.5,7.46689764491,7,2,5,3,2,3
37,37,14,337.3,8,239.0,7.42971831806,7,2,5,3,2,3
38,38,14,325.4,8,226.1,6.38962070449,7,2,5,3,2,3
39,39,13,309.8,5,155.0,6.59714390417,6,2,5,1,2,2
40,40,13,325.1,7,217.4,7.58545335258,6,2,5,2,2,3
41,41,13,330.0,7,218.5,7.06031705542,6,2,5,2,2,3
42,42,13,314.8,6,178.3,6.14814960697,6,2,5,1,2,3
43,43,13,320.6,6,184.4,7.03177768675,6,2,5,2,2,2
44,44,13,328.0,7,216.6,7.5657544915,6,2,5,3,2,2
45,45,13,316.3,6,184.5,7.20467262909,6,2,5,3,2,1
46,46,14,329.3,6,174.8,6.00117662456,7,2,5,2,2,2
47,47,13,321.7,7,206.9,6.47966246351,6,2,5,3,2,2
48,48,13,323.9,7,210.6,6.86814460072,6,2,5,2,2,3
49,49,12,292.7,6,183.0,7.50556863975,5,2,5,2,1,3
50,50,13,311.3,6,177.6,6.7624718588,6,2,5,1,2,3
51,51,13,310.1,7,209.5,7.60795804674,6,2,5,2,2,3
52,52,13,310.0,7,204.3,6.98827773067,6,2,5,2,2,3
53,53,13,312.3,7,209.2,7.04156159837,6,2,5,2,2,3
54,54,13,315.4,7,208.6,6.84878802679,6,2,5,2,2,3
55,55,13,326.2,7,215.6,7.14533198884,6,2,5,2,2,3
56,56,13,320.2,7,211.7,7.08853353609,6,2,5,2,2,3
57,57,13,324.5,7,216.7,7.53365100306,6,2,5,2,2,3
58,58,13,311.5,5,155.1,7.02312115581,6,2,5,1,2,2
59,59,13,328.6,7,217.9,7.69297881688,6,2,5,2,2,3
60,60,13,311.8,6,181.3,7.17737720827,6,2,5,1,2,3
61,61,12,303.9,6,192.4,8.18658825597,5,2,5,1,2,3
62,62,12,278.6,4,127.1,7.40538297252,5,2,5,0,2,2
63,63,11,249.7,3,101.6,8.37746978508,5,2,4,0,1,2
64,64,11,266.8,5,154.4,7.76033035848,5,2,4,2,1,2
65,65,12,307.7,8,248.9,8.79064154586,5,2,5,3,2,3
66,66,12,295.0,6,185.4,7.71902411794,5,2,5,2,2,2
67,67,13,330.1,7,220.3,7.84383638475,6,2,5,3,2,2
68,68,13,312.9,7,210.3,7.57588109456,6,2,5,3,2,2
69,69,12,306.9,6,192.5,8.06012914401,5,2,5,3,1,2
70,70,11,270.7,5,156.0,7.52242707448,4,2,5,2,1,2
71,71,11,277.7,6,186.3,7.91825279167,4,2,5,2,2,2
72,72,12,301.5,6,188.1,7.61924894891,5,2,5,2,2,2
73,73,12,305.7,7,214.1,7.63902956712,5,2,5,3,2,2
74,74,12,295.7,5,156.5,7.28827929977,5,2,5,1,2,2
75,75,12,282.6,4,126.1,7.24085630295,5,2,5,1,1,2
76,76,13,305.3,6,179.5,7.14012676753,6,2,5,1,2,3
77,77,13,300.3,6,173.8,6.67220603199,6,2,5,1,2,3
78,78,13,310.7,6,185.2,7.74768782713,6,2,5,1,2,3
79,79,12,295.3,4,129.4,6.6010272387,6,2,4,1,2,1
80,80,12,309.3,5,163.1,7.01091681205,6,2,4,1,2,2
81,81,11,272.1,6,184.8,8.2120975064,5,2,4,2,2,2
82,82,11,281.2,5,160.3,7.74509815655,5,2,4,1,2,2
83,83,11,260.7,3,95.0,6.80382245506,5,2,4,0,1,2
84,84,10,265.4,4,134.2,7.35514936777,5,2,3,1,1,2
85,85,10,261.4,4,133.9,7.53763888761,5,2,3,1,1,2
86,86,11,279.0,5,161.2,7.49256601269,5,2,4,1,1,3
87,87,11,287.1,6,188.8,7.1403081166,6,2,3,2,1,3
88,88,13,305.3,4,128.8,7.29312988982,6,2,5,1,1,2
89,89,13,313.1,4,132.7,7.52892712076,6,2,5,1,1,2
90,90,13,301.0,3,102.9,7.13939952944,6,2,5,0,1,2
91,91,12,294.1,4,135.6,8.07143766999,5,2,5,1,1,2
92,92,12,300.9,6,184.9,7.82712358637,5,2,5,3,1,2
93,93,13,296.0,4,131.8,8.01731299703,6,2,5,1,1,2
94,94,12,287.1,5,159.3,8.29623408541,6,2,4,1,1,3
95,95,13,322.1,7,213.3,7.49312505414,7,2,4,2,2,3
96,96,13,339.1,8,249.0,8.17025562165,7,2,4,3,2,3
97,97,13,322.5,6,188.5,7.53696021157,7,2,4,2,2,2
98,98,13,309.7,6,179.8,7.50246113465,7,2,4,2,1,3
99,99,11,269.1,7,209.6,8.29400659841,5,2,4,2,2,3
100,100,12,303.5,7,216.5,7.78617169712,6,2,4,2,2,3
101,101,12,314.2,8,251.9,8.23262173345,6,2,4,3,2,3
102,102,13,315.6,8,236.8,7.34462999365,7,2,4,3,2,3
103,103,12,293.3,7,210.5,7.69267164057,6,2,4,2,2,3
104,104,14,348.3,8,245.9,7.66652850648,7,2,5,3,2,3
105,105,15,358.8,7,219.5,8.06121224489,8,2,5,3,2,2
106,106,14,334.4,5,160.7,7.33294537768,8,2,4,1,2,2
107,107,14,343.3,7,217.3,7.64331568923,8,2,4,2,2,3
108,108,14,333.1,7,219.0,8.40983529389,7,2,5,2,2,3
109,109,15,357.8,8,244.9,8.15701859633,8,2,5,3,2,3
110,110,15,378.3,8,253.1,7.8342836303,8,2,5,3,2,3
111,111,15,370.7,8,245.9,7.57098471296,8,2,5,3,2,3
112,112,15,365.8,6,185.7,6.65838533265,8,2,5,1,2,3
113,113,13,326.5,6,188.1,6.71513789308,6,2,5,2,2,2
114,114,13,318.3,7,214.0,7.41415831971,6,2,5,2,2,3
115,115,13,325.7,6,189.8,7.28647324209,6,2,5,2,1,3
116,116,13,329.4,8,244.1,7.39544211677,6,2,5,3,2,3
117,117,13,335.9,8,252.0,8.00026441871,6,2,5,3,2,3
118,118,13,330.9,8,246.0,8.01640145625,6,2,5,3,2,3
119,119,14,367.8,9,281.1,8.03707070359,7,2,5,4,2,3
120,120,15,347.3,7,208.4,7.28509894694,8,2,5,2,2,3
121,121,14,336.3,6,187.5,7.30944368834,8,2,4,2,1,3
122,122,14,322.4,6,181.1,7.23553502051,8,2,4,2,1,3
123,123,13,298.9,5,149.3,7.03733632592,7,2,4,2,1,2
124,124,13,326.6,7,219.7,7.79563487324,7,2,4,3,1,3
125,125,14,330.9,7,209.3,7.29505703493,8,2,4,3,1,3
126,126,13,346.6,7,225.2,7.76128624022,7,2,4,3,1,3
127,127,13,334.0,8,242.3,7.48225250604,7,2,4,3,2,3
128,128,13,333.0,7,217.9,7.3328991713,7,2,4,3,1,3
129,129,13,323.9,7,211.7,7.31298458837,7,2,4,3,2,2
130,130,13,317.6,5,158.4,7.16139937621,7,2,4,2,1,2
131,131,14,342.9,6,185.6,7.11795825152,8,2,4,3,1,2
132,132,13,311.0,5,155.0,6.94047955189,7,2,4,2,1,2
133,133,13,318.6,5,160.2,7.55595367227,7,2,4,2,1,2
134,134,13,308.0,6,183.8,8.18407615825,7,2,4,3,1,2
135,135,14,343.3,7,213.6,7.43113808153,8,2,4,2,2,3
136,136,14,345.5,7,214.8,7.52954984572,8,2,4,2,2,3
137,137,14,318.0,5,150.9,6.79081474016,8,2,4,1,2,2
138,138,15,349.1,6,185.3,7.29945855787,8,2,5,2,2,2
139,139,15,339.1,5,154.2,6.98666757543,8,2,5,2,1,2
140,140,15,345.9,5,157.5,7.34689438762,8,2,5,2,1,2
141,141,15,367.5,7,222.8,7.67174779863,8,2,5,3,2,2
142,142,15,345.8,5,160.8,7.29881268883,8,2,5,1,2,2
143,143,15,346.1,6,182.0,7.01635504341,8,2,5,2,2,2
144,144,14,321.6,5,156.8,7.72701838919,7,2,5,2,1,2
145,145,13,308.2,4,133.3,7.68705205074,7,2,4,1,1,2
146,146,13,326.1,6,188.4,7.57626184802,7,2,4,2,1,3
147,147,13,321.5,6,183.9,6.87754614856,7,2,4,2,1,3
148,148,13,348.0,9,278.6,7.71128876122,7,2,4,4,2,3
149,149,12,320.2,6,193.2,6.97838654618,6,2,4,2,1,3
150,150,12,316.1,7,217.3,7.09025686589,6,2,4,3,1,3
151,151,13,343.9,8,249.7,7.59172964313,7,2,4,4,1,3
152,152,13,331.8,8,240.8,7.17183772894,7,2,4,4,1,3
153,153,13,327.4,7,206.1,5.65638962499,7,2,4,2,2,3
154,154,13,338.8,8,243.1,6.65614233391,7,2,4,4,1,3
155,155,13,327.3,7,210.3,6.20257390741,7,2,4,3,1,3
156,156,13,339.4,8,248.2,7.19623298892,7,2,4,3,2,3
157,157,14,357.0,8,244.8,6.86339229872,8,2,4,3,2,3
158,158,13,333.2,7,210.5,6.1537772432,7,2,4,3,1,3
159,159,12,315.7,8,244.6,7.42678914267,6,2,4,3,2,3
160,160,13,320.2,7,213.7,7.47210195944,7,2,4,3,1,3
161,161,11,302.7,8,250.9,7.95774065697,5,2,4,3,2,3
162,162,12,323.5,8,248.5,7.49308266862,6,2,4,3,2,3
163,163,13,335.7,8,241.0,6.90689918924,7,2,4,3,2,3
164,164,13,344.2,8,248.8,7.3181456948,7,2,4,4,1,3
165,165,13,337.7,7,219.3,6.90074317811,7,2,4,3,1,3
166,166,13,313.8,6,179.4,6.46033261031,7,2,4,2,1,3
167,167,14,353.0,7,218.0,6.91017723727,8,2,4,2,2,3
168,168,14,350.6,7,215.0,6.61265852341,8,2,4,2,2,3
169,169,14,349.0,7,211.4,6.34185468764,8,2,4,2,2,3
170,170,14,344.3,8,235.3,6.19173944564,8,2,4,3,2,3
171,171,14,333.7,7,203.7,6.04783586759,8,2,4,2,2,3
172,172,14,336.5,8,236.0,6.91204157115,8,2,4,3,2,3
173,173,15,362.5,8,239.2,6.75041444936,8,2,5,3,2,3
174,174,15,355.7,7,207.3,6.29953135067,8,2,5,3,1,3
175,175,15,356.5,8,232.2,6.39985118875,8,2,5,3,2,3
176,176,15,342.8,7,195.6,5.73919689089,8,2,5,3,1,3
177,177,15,354.3,8,230.0,6.25325058327,8,2,5,3,2,3
178,178,15,357.2,8,233.7,6.40232844548,8,2,5,3,2,3
179,179,14,329.2,7,197.7,5.57409629003,7,2,5,3,2,2
180,180,14,344.4,7,209.5,6.21672681623,7,2,5,3,2,2
181,181,14,330.6,8,230.6,6.99272777664,7,2,5,3,2,3
182,182,14,321.8,6,175.6,6.6682781935,7,2,5,2,2,2
183,183,14,330.8,7,209.2,7.47060172341,7,2,5,3,2,2
184,184,14,329.5,7,206.8,7.16987363292,7,2,5,2,2,3
185,185,14,318.5,6,174.1,6.55118897019,7,2,5,2,1,3
186,186,15,348.7,6,184.8,7.19651370622,8,2,5,2,1,3
187,187,15,353.3,6,182.5,6.63043487764,8,2,5,2,1,3
188,188,14,322.5,6,172.9,6.02936495481,7,2,5,2,1,3
189,189,14,336.0,6,183.5,6.64170969648,7,2,5,2,1,3
190,190,14,325.6,5,151.5,6.24163616194,7,2,5,2,1,2
191,191,14,342.9,6,184.3,6.58745477704,7,2,5,2,1,3
192,192,15,355.4,6,182.4,6.65029179453,8,2,5,2,1,3
193,193,15,349.7,7,207.1,6.98895727627,8,2,5,3,1,3
194,194,15,345.7,6,178.4,6.65291200116,8,2,5,2,1,3
195,195,15,349.6,7,206.9,6.8956991427,8,2,5,2,2,3
196,196,15,342.6,7,204.3,6.7763032484,8,2,5,2,2,3
197,197,14,342.7,7,213.4,7.34052802245,8,2,4,2,2,3
198,198,14,345.3,7,214.4,7.03656462759,8,2,4,2,2,3
199,199,14,340.0,7,209.3,6.84968917238,8,2,4,2,2,3
200,200,14,350.5,8,238.5,6.58630363743,8,2,4,3,2,3
201,201,14,335.1,6,182.4,6.37128258346,8,2,4,2,1,3
202,202,14,342.1,6,185.7,6.71331709169,8,2,4,2,1,3
203,203,14,335.0,7,204.3,6.20414607915,8,2,4,2,2,3
204,204,14,340.9,6,184.1,6.54813537758,8,2,4,2,1,3
205,205,14,353.3,7,220.7,7.0786360206,8,2,4,2,2,3
206,206,13,339.6,7,223.0,7.20973344932,7,2,4,3,2,2
207,207,13,347.6,9,279.7,7.756130743,7,2,4,4,2,3
208,208,14,356.7,8,253.6,8.72619210031,7,2,5,3,2,3
209,209,14,349.2,7,220.8,7.472278438,7,2,5,2,2,3
210,210,14,352.1,8,246.8,7.86851075735,7,2,5,3,2,3
211,211,14,342.8,7,219.5,8.01727530379,7,2,5,3,1,3
212,212,14,338.1,6,187.9,7.41139974322,7,2,5,2,1,3
213,213,14,343.7,7,222.5,8.10885081491,7,2,5,2,2,3
214,214,14,340.4,6,196.9,8.22471483189,7,2,5,2,1,3
215,215,14,339.6,7,215.4,7.56954569165,7,2,5,2,2,3
216,216,14,343.8,7,220.2,7.792078254,7,2,5,3,1,3
217,217,12,317.9,7,222.9,7.37371971424,6,2,4,3,1,3
218,218,12,306.1,6,187.8,7.11406524024,6,2,4,2,2,2
219,219,12,319.5,8,249.4,7.91329433755,6,2,4,3,2,3
220,220,12,300.3,5,159.5,7.34860840259,6,2,4,2,1,2
221,221,12,300.3,6,185.7,7.20973142861,6,2,4,2,2,2
222,222,12,293.5,5,155.5,7.36705915587,6,2,4,1,2,2
223,223,12,290.8,5,152.2,6.84189412016,6,2,4,1,2,2
224,224,12,284.4,4,128.6,7.24380613164,6,2,4,1,1,2
225,225,12,300.4,8,233.8,7.16219028629,6,2,4,3,2,3
226,226,12,302.7,7,211.3,7.18914902032,6,2,4,3,1,3
227,227,13,322.1,7,213.4,7.66769781249,6,2,5,2,2,3
228,228,13,321.6,5,164.2,7.90047872616,6,2,5,1,1,3
229,229,13,313.9,7,211.7,7.88369788283,6,2,5,3,1,3
230,230,13,325.5,6,193.9,8.12050270011,6,2,5,2,1,3
231,231,13,327.6,6,193.5,7.63588021558,6,2,5,2,1,3
232,232,13,314.5,5,160.1,7.42276470713,6,2,5,1,1,3
233,233,13,325.3,7,219.9,8.0900302684,6,2,5,2,2,3
234,234,14,334.2,7,217.7,8.45789831791,7,2,5,2,2,3
235,235,14,329.3,6,189.2,8.21557419422,7,2,5,2,1,3
236,236,14,335.1,7,219.6,8.59298525568,7,2,5,2,2,3
237,237,14,328.1,7,215.6,8.51836090615,7,2,5,2,2,3
238,238,14,326.9,7,214.9,8.42822638519,7,2,5,2,2,3
239,239,14,329.8,6,191.8,8.62382337889,7,2,5,2,1,3
240,240,14,323.1,6,191.2,8.89020018563,7,2,5,2,1,3
241,241,14,320.5,6,189.4,8.72207317325,7,2,5,2,1,3
242,242,14,327.8,7,219.6,9.00878691935,7,2,5,2,2,3
243,243,14,310.9,6,182.4,8.31999115067,7,2,5,2,1,3
244,244,14,325.6,7,217.0,8.82031870048,7,2,5,2,2,3
245,245,14,331.2,7,219.8,8.75000784929,7,2,5,2,2,3
246,246,14,345.5,8,240.7,7.51595007265,6,2,6,2,2,4
247,247,14,360.6,8,247.9,7.35325299921,6,2,6,3,1,4
248,248,14,359.1,7,223.8,7.6657831152,6,2,6,3,1,3
249,249,14,344.7,7,218.7,7.89256500877,6,2,6,3,1,3
250,250,14,355.4,7,225.8,8.25729115042,6,2,6,3,1,3
251,251,14,357.5,8,250.5,8.0914586631,6,2,6,3,1,4
252,252,14,364.0,8,253.1,7.88747790439,6,2,6,3,2,3
253,253,14,358.0,9,275.5,8.12351085255,6,2,6,3,2,4
254,254,14,347.7,8,241.6,7.70909623984,6,2,6,3,1,4
255,255,14,353.5,7,220.1,7.79346373079,6,2,6,3,1,3
256,256,14,354.6,9,269.8,7.76881622221,6,2,6,3,2,4
257,257,14,355.6,9,270.7,7.35024855676,6,2,6,3,2,4
258,258,14,371.0,8,261.2,8.12678382785,6,2,6,2,2,4
259,259,14,365.9,8,256.6,8.0649867321,6,2,6,2,2,4
260,260,14,358.8,8,253.8,8.24867621747,6,2,6,3,2,3
261,261,13,340.6,7,229.8,8.50225460295,6,2,5,3,1,3
262,262,14,362.3,9,275.0,7.64935176453,6,2,6,3,2,4
263,263,13,337.8,7,216.1,6.62845459036,5,2,6,2,2,3
264,264,13,349.1,8,254.3,7.28990344982,5,2,6,3,1,4
265,265,14,364.2,9,281.4,8.26855555638,6,2,6,3,2,4
266,266,14,344.8,7,208.2,6.95915872142,6,2,6,2,1,4
267,267,15,385.6,9,283.5,8.26977860013,7,2,6,3,2,4
268,268,15,382.3,9,285.7,8.54332376493,7,2,6,3,2,4
269,269,15,372.2,9,276.6,8.22164970122,7,2,6,3,2,4
270,270,15,371.0,7,226.9,8.38592925822,7,2,6,2,2,3
271,271,15,371.9,8,253.3,8.41864144678,7,2,6,3,1,4
272,272,15,374.7,8,250.0,7.76090937234,7,2,6,3,2,3
273,273,15,390.3,9,286.7,8.18065662751,7,2,6,3,2,4
274,274,16,400.5,8,256.2,8.06645058251,8,2,6,3,2,3
275,275,16,394.5,8,251.5,7.70488751811,8,2,6,3,2,3
276,276,16,403.2,9,282.8,8.0409783816,8,2,6,3,2,4
277,277,16,401.5,9,282.9,8.02225809857,8,2,6,3,2,4
278,278,15,368.2,8,249.3,8.21347904942,7,2,6,3,2,3
279,279,15,374.4,7,229.3,8.61293047856,7,2,6,2,2,3
280,280,14,345.6,6,197.2,8.41946984836,7,2,5,2,1,3
281,281,14,347.3,8,251.2,8.89299329081,7,2,5,3,2,3
282,282,14,362.0,9,287.2,8.98551948635,7,2,5,3,2,4
283,283,14,342.7,7,218.8,7.95401964867,7,2,5,2,2,3
284,284,14,328.7,7,200.5,6.77724456959,7,2,5,3,1,3
285,285,15,344.8,7,206.0,7.36457414797,7,2,6,2,2,3
286,286,15,338.6,4,127.2,7.12916210932,7,2,6,1,1,2
287,287,16,359.2,6,180.1,7.10370795195,8,2,6,3,1,2
288,288,15,358.5,6,189.9,7.58475915429,7,2,6,2,1,3
289,289,14,338.0,5,156.7,6.6329845105,6,2,6,1,1,3
290,290,14,345.8,7,215.8,7.16379787543,6,2,6,3,1,3
291,291,14,347.0,8,235.2,6.60277996731,6,2,6,4,1,3
292,292,14,324.7,6,175.1,6.48055841441,6,2,6,2,1,3
293,293,14,354.0,8,245.1,7.21418017549,6,2,6,3,1,4
294,294,14,344.6,8,235.8,6.95456210454,6,2,6,3,1,4
295,295,14,347.3,7,206.9,6.34416319095,6,2,6,2,1,4
296,296,14,358.5,7,218.2,6.77966011012,6,2,6,2,2,3
297,297,14,351.3,7,215.4,6.74462341832,6,2,6,2,2,3
298,298,14,331.2,8,234.4,7.35325299921,6,2,6,2,2,4
299,299,14,342.1,8,235.2,7.14612397822,6,2,6,3,1,4
300,300,14,343.4,7,211.0,7.04648614793,6,2,6,2,1,4
301,301,13,316.5,7,202.5,6.25667848311,5,2,6,2,2,3
302,302,13,331.3,7,208.4,6.27280455005,5,2,6,3,2,2
303,303,13,330.2,6,179.1,5.25896060707,5,2,6,2,1,3
304,304,14,350.6,9,260.7,6.14650798743,6,2,6,4,2,3
305,305,14,362.8,8,249.3,7.00448835696,6,2,6,3,2,3
306,306,14,349.1,7,215.0,6.81396836177,6,2,6,1,2,4
307,307,14,350.9,8,242.3,6.77343307374,6,2,6,3,2,3
308,308,13,351.5,8,258.1,7.43589699381,6,2,5,3,2,3
309,309,13,342.8,8,251.4,7.22915216506,6,2,5,3,2,3
310,310,14,362.9,8,254.1,7.41123664252,6,2,6,3,2,3
311,311,14,361.1,8,255.8,7.92022380081,6,2,6,3,2,3
312,312,14,370.8,8,266.1,8.67302246517,6,2,6,3,2,3
313,313,14,339.0,8,244.5,8.11085285688,6,2,6,3,2,3
314,314,13,352.2,8,264.9,8.45857174099,6,2,5,3,2,3
315,315,13,343.9,7,230.4,8.21316173231,6,2,5,2,2,3
316,316,14,341.2,7,212.7,7.22063587349,6,2,6,2,2,3
317,317,13,316.0,7,213.9,7.7610632367,5,2,6,2,2,3
318,318,13,315.6,6,189.1,7.90265291386,5,2,6,1,2,3
319,319,14,343.5,7,217.9,7.81513395159,6,2,6,2,2,3
320,320,14,359.5,8,250.0,7.69267169468,6,2,6,3,2,3
321,321,14,354.8,8,245.8,7.28609996824,6,2,6,3,2,3
322,322,14,344.4,8,236.4,6.87638098018,6,2,6,3,2,3
323,323,14,351.9,8,238.2,6.62914394553,6,2,6,3,2,3
324,324,14,339.9,7,207.2,6.492620494,6,2,6,3,2,2
325,325,14,346.5,7,211.8,6.77469840373,6,2,6,3,2,2
326,326,14,348.0,6,187.6,7.02147412593,6,2,6,2,2,2
327,327,14,335.3,7,206.9,6.65764453611,6,2,6,2,2,3
328,328,15,349.8,7,213.0,7.81639303004,7,2,6,2,2,3
329,329,15,353.1,6,182.9,7.3128849105,7,2,6,2,2,2
330,330,15,338.5,6,175.0,6.71763847395,7,2,6,2,2,2
331,331,15,355.2,7,219.2,8.37199413009,7,2,6,2,2,3
332,332,15,366.3,8,252.0,8.52007712909,7,2,6,3,2,3
333,333,15,344.3,7,203.1,6.83435300174,7,2,6,2,2,3
334,334,14,351.8,9,268.4,7.51566861465,6,2,6,4,2,3
335,335,14,362.0,8,249.3,7.4435014802,6,2,6,3,2,3
336,336,14,337.3,7,207.0,6.73275167038,6,2,6,2,2,3
337,337,15,366.5,8,247.1,8.00916142094,7,2,6,3,2,3
338,338,15,366.0,8,242.7,7.71538351977,7,2,6,3,2,3
339,339,15,335.4,6,171.2,6.32035261222,7,2,6,1,2,3
340,340,15,371.4,10,291.5,7.46561642274,7,2,6,4,2,4
341,341,15,364.1,8,235.6,7.08362968568,7,2,6,3,2,3
342,342,16,359.0,6,179.8,7.29473554467,8,2,6,2,1,3
343,343,16,368.8,7,212.7,7.75216098904,8,2,6,2,2,3
344,344,16,379.7,8,237.3,7.15175677718,8,2,6,2,2,4
345,345,16,366.8,7,200.1,6.60691556881,8,2,6,2,2,3
346,346,17,410.1,9,268.3,7.02962742716,9,2,6,3,2,4
347,347,18,417.6,9,263.5,7.03554003111,10,2,6,3,2,4
348,348,18,391.8,7,196.5,6.06484566507,10,2,6,2,2,3
349,349,18,414.7,10,287.7,7.13839155461,10,2,6,4,2,4
350,350,17,412.0,8,248.1,7.42638380846,9,2,6,3,1,4
351,351,17,387.9,7,202.6,6.18680403097,9,2,6,2,1,4
352,352,16,370.6,7,202.7,6.20052417139,8,2,6,2,1,4
353,353,16,383.0,8,237.3,6.7477280127,8,2,6,3,1,4
354,354,16,354.7,6,171.4,6.05846171345,8,2,6,2,1,3
355,355,16,388.2,8,244.3,7.3269252305,8,2,6,3,1,4
356,356,16,389.5,9,266.2,7.21424227945,8,2,6,4,2,3
357,357,16,378.2,9,272.5,8.11704995673,8,2,6,3,2,4
366,366,1,27.3,1,27.3,,0,0,1,0,0,1
367,367,1,22.5,0,0,,0,0,1,0,0,0
368,368,2,46.4,0,0,1.97989898732,0,1,1,0,0,0
369,369,2,47.9,0,0,1.34350288425,0,1,1,0,0,0
370,370,4,82.2,1,26.8,5.66774499544,1,2,1,0,0,1
371,371,5,105.6,1,28.0,5.80232711935,1,2,2,0,0,1
372,372,5,94.2,0,0,4.26766915306,1,2,2,0,0,0
373,373,5,101.8,0,0,4.72683826675,1,2,2,0,0,0
374,374,6,111.1,0,0,3.41022970878,1,2,3,0,0,0
375,375,6,104.9,0,0,2.3120697798,1,2,3,0,0,0
376,376,7,126.9,0,0,4.19154477717,1,2,4,0,0,0
377,377,8,135.5,0,0,3.44297939913,2,2,4,0,0,0
378,378,8,143.8,0,0,5.13746741387,2,2,4,0,0,0
379,379,9,152.3,0,0,4.85921232757,3,2,4,0,0,0
380,380,9,148.1,0,0,4.22288737451,3,2,4,0,0,0
