,e_id,num_sat,sum_snr,num_sat_25,sum_snr_25,num_sat_u20,sum_sat_u20,snr_std,elev_0_30,elev_30_60,elev_60_90,sum_elev_0_30,sum_elev_30_60,sum_elev_60_90,elev_0_30_25,elev_30_60_25,elev_60_90_25,sum_elev_0_30_25,sum_elev_30_60_25,sum_elev_60_90_25
1,1,10,254.8,7,201.0,2,30.0,6.21374819788,4,2,4,97.5,53.9,103.4,3,2,2,83.1,53.9,64.0
2,2,11,276.2,6,176.0,2,30.1,5.86897853897,5,2,4,118.5,55.4,102.3,2,2,2,56.5,55.4,64.1
3,3,11,268.5,4,122.5,3,53.2,5.74185589256,5,2,4,108.0,52.7,107.8,1,1,2,27.8,29.7,65.0
4,4,11,260.9,4,117.9,4,71.3,5.72185602437,5,2,4,108.1,57.7,95.1,1,2,1,25.4,57.7,34.8
5,5,11,263.2,4,120.6,3,53.4,5.60911595692,5,2,4,105.8,60.4,97.0,1,2,1,26.3,60.4,33.9
6,6,11,266.6,6,173.7,4,70.2,5.8667320933,5,2,4,101.9,61.0,103.7,1,2,3,27.6,61.0,85.1
7,7,11,274.8,6,177.7,3,51.4,5.93478191374,5,2,4,110.3,62.0,102.5,2,2,2,55.9,62.0,59.8
8,8,11,260.3,5,145.7,3,48.7,5.97666675117,5,2,4,101.9,60.6,97.8,1,2,2,27.1,60.6,58.0
9,9,11,270.4,5,151.7,3,51.5,6.36613197818,5,2,4,111.8,64.2,94.4,1,2,2,28.0,64.2,59.5
10,10,11,275.8,5,147.2,2,33.9,5.37179502757,5,2,4,115.5,62.5,97.8,1,2,2,25.0,62.5,59.7
11,11,11,288.7,8,233.3,2,33.7,5.6830209636,5,2,4,120.8,63.6,104.3,3,2,3,79.8,63.6,89.9
12,12,12,292.8,7,198.0,4,73.1,5.25218569221,6,2,4,129.2,60.0,103.6,2,2,3,50.6,60.0,87.4
13,13,12,296.1,7,201.2,4,73.2,5.31706087643,6,2,4,130.8,59.7,105.6,2,2,3,53.4,59.7,88.1
14,14,12,281.0,6,171.3,5,85.8,5.84991582431,6,2,4,118.7,59.3,103.0,1,2,3,26.5,59.3,85.5
15,15,11,269.7,6,175.1,4,71.4,5.75357596314,5,2,4,103.4,61.2,105.1,1,2,3,26.8,61.2,87.1
16,16,12,296.7,7,205.7,4,69.4,6.04319677594,6,2,4,129.3,60.8,106.6,2,2,3,56.3,60.8,88.6
17,17,13,317.4,7,206.8,4,66.3,6.28474955134,7,2,4,151.6,55.9,109.9,2,2,3,58.3,55.9,92.6
18,18,13,325.9,8,238.2,5,87.7,6.50222841486,7,2,4,153.1,59.4,113.4,3,2,3,84.9,59.4,93.9
19,19,13,321.0,8,232.7,5,88.3,6.05302424942,7,2,4,151.3,59.3,110.4,3,2,3,82.5,59.3,90.9
20,20,13,329.7,8,240.8,5,88.9,6.52910642961,7,2,4,154.4,62.4,112.9,3,2,3,84.5,62.4,93.9
21,21,13,323.2,8,233.3,5,89.9,6.0298615879,7,2,4,154.7,61.1,107.4,3,2,3,84.3,61.1,87.9
22,22,13,315.9,8,229.5,5,86.4,6.1603571325,7,2,4,151.4,60.4,104.1,3,2,3,83.1,60.4,86.0
23,23,13,324.4,8,237.0,5,87.4,6.61596747581,7,2,4,154.1,61.7,108.6,3,2,3,84.6,61.7,90.7
24,24,13,321.2,8,233.0,5,88.2,6.35379959007,7,2,4,152.8,61.1,107.3,3,2,3,82.5,61.1,89.4
25,25,13,320.3,8,232.9,5,87.4,6.48890571945,7,2,4,154.0,59.8,106.5,3,2,3,84.5,59.8,88.6
26,26,13,331.4,8,239.3,4,71.0,6.40760765789,7,2,4,158.5,61.3,111.6,3,2,3,86.4,61.3,91.6
27,27,14,354.2,8,245.2,3,46.8,7.16165000326,7,2,5,158.0,63.1,133.1,3,2,3,87.2,63.1,94.9
28,28,14,328.2,7,202.2,6,101.4,6.59728548906,7,2,5,145.7,58.5,124.0,2,2,3,55.9,58.5,87.8
29,29,14,344.1,8,236.6,6,107.5,6.4573367422,7,2,5,156.0,61.7,126.4,3,2,3,84.6,61.7,90.3
30,30,14,350.4,8,239.1,5,90.4,6.30938599615,7,2,5,158.8,61.2,130.4,3,2,3,85.8,61.2,92.1
31,31,14,334.3,6,179.3,6,106.5,6.19642310859,7,2,5,149.8,61.4,123.1,2,2,2,55.1,61.4,62.8
32,32,14,331.7,8,229.6,6,102.1,6.5191391935,7,2,5,147.6,60.4,123.7,3,2,3,81.5,60.4,87.7
33,33,14,335.8,8,234.9,6,100.9,6.90516608644,7,2,5,148.3,62.1,125.4,3,2,3,83.0,62.1,89.8
34,34,14,336.6,8,237.2,6,99.4,7.17417529816,7,2,5,148.5,63.1,125.0,3,2,3,82.8,63.1,91.3
35,35,14,342.2,8,242.0,5,79.3,7.49027207945,7,2,5,148.5,65.4,128.3,3,2,3,84.2,65.4,92.4
36,36,14,340.1,8,241.5,6,98.6,7.46689764491,7,2,5,149.8,64.9,125.4,3,2,3,85.3,64.9,91.3
37,37,14,337.3,8,239.0,6,98.3,7.42971831806,7,2,5,146.5,64.5,126.3,3,2,3,82.0,64.5,92.5
38,38,14,325.4,8,226.1,6,99.3,6.38962070449,7,2,5,145.8,60.0,119.6,3,2,3,79.1,60.0,87.0
39,39,13,309.8,5,155.0,4,66.0,6.59714390417,6,2,5,127.8,64.8,117.2,1,2,2,27.6,64.8,62.6
40,40,13,325.1,7,217.4,4,64.7,7.58545335258,6,2,5,133.8,66.7,124.6,2,2,3,57.4,66.7,93.3
41,41,13,330.0,7,218.5,4,67.7,7.06031705542,6,2,5,134.4,67.6,128.0,2,2,3,59.2,67.6,91.7
42,42,13,314.8,6,178.3,3,47.7,6.14814960697,6,2,5,129.6,65.7,119.5,1,2,3,29.4,65.7,83.2
43,43,13,320.6,6,184.4,3,47.7,7.03177768675,6,2,5,130.7,67.5,122.4,2,2,2,51.8,67.5,65.1
44,44,13,328.0,7,216.6,4,64.6,7.5657544915,6,2,5,137.2,68.8,122.0,3,2,2,80.3,68.8,67.5
45,45,13,316.3,6,184.5,5,84.0,7.20467262909,6,2,5,141.3,66.3,108.7,3,2,1,84.5,66.3,33.7
46,46,14,329.3,7,199.8,5,83.7,6.00117662456,7,2,5,153.7,64.8,110.8,3,2,2,79.2,64.8,55.8
47,47,13,321.7,7,206.9,4,65.8,6.47966246351,6,2,5,141.9,66.4,113.4,3,2,2,84.1,66.4,56.4
48,48,13,323.9,7,210.6,4,65.0,6.86814460072,6,2,5,139.5,66.7,117.7,2,2,3,57.8,66.7,86.1
49,49,12,292.7,6,183.0,4,63.5,7.50556863975,5,2,5,117.5,44.2,131.0,2,1,3,58.5,25.6,98.9
50,50,13,311.3,6,177.6,4,62.7,6.7624718588,6,2,5,129.6,55.9,125.8,1,2,3,27.9,55.9,93.8
51,51,13,310.1,7,209.5,4,56.2,7.60795804674,6,2,5,123.4,58.0,128.7,2,2,3,56.5,58.0,95.0
52,52,13,310.0,7,204.3,5,81.1,6.98827773067,6,2,5,128.4,58.2,123.4,2,2,3,54.6,58.2,91.5
53,53,13,312.3,7,209.2,5,82.9,7.04156159837,6,2,5,128.3,63.6,120.4,2,2,3,57.8,63.6,87.8
54,54,13,315.4,7,208.6,5,84.0,6.84878802679,6,2,5,134.6,62.8,118.0,2,2,3,59.7,62.8,86.1
55,55,13,326.2,7,215.6,3,44.8,7.14533198884,6,2,5,139.7,64.1,122.4,2,2,3,63.0,64.1,88.5
56,56,13,320.2,7,211.7,4,65.0,7.08853353609,6,2,5,136.6,66.3,117.3,2,2,3,61.0,66.3,84.4
57,57,13,324.5,7,216.7,4,63.5,7.53365100306,6,2,5,139.3,68.9,116.3,2,2,3,62.5,68.9,85.3
58,58,13,311.5,5,155.1,4,63.2,7.02312115581,6,2,5,134.3,66.4,110.8,1,2,2,33.6,66.4,55.1
59,59,13,328.6,7,217.9,4,63.9,7.69297881688,6,2,5,145.2,68.1,115.3,2,2,3,66.3,68.1,83.5
60,60,13,311.8,7,206.3,4,62.8,7.17737720827,6,2,5,131.5,67.0,113.3,2,2,3,56.8,67.0,82.5
61,61,12,303.9,6,192.4,3,43.2,8.18658825597,5,2,5,110.6,70.2,123.1,1,2,3,27.1,70.2,95.1
62,62,12,278.6,4,127.1,5,81.0,7.40538297252,5,2,5,104.4,65.6,108.6,0,2,2,0,65.6,61.5
63,63,11,249.7,3,101.6,4,60.0,8.37746978508,5,2,4,96.4,58.2,95.1,0,1,2,0,37.0,64.6
64,64,11,266.8,5,154.4,2,24.2,7.76033035848,5,2,4,109.6,58.6,98.6,2,1,2,53.5,34.1,66.8
65,65,12,307.7,8,248.9,4,58.8,8.79064154586,5,2,5,111.6,67.2,128.9,3,2,3,83.2,67.2,98.5
66,66,12,295.0,6,185.4,3,42.8,7.71902411794,5,2,5,113.4,63.9,117.7,2,2,2,55.8,63.9,65.7
67,67,13,330.1,7,220.3,4,63.0,7.84383638475,6,2,5,146.6,64.9,118.6,3,2,2,88.5,64.9,66.9
68,68,13,312.9,7,210.3,5,80.4,7.57588109456,6,2,5,141.4,61.2,110.3,3,2,2,85.9,61.2,63.2
69,69,12,306.9,6,192.5,3,45.3,8.06012914401,5,2,5,126.7,60.4,119.8,3,1,2,87.9,37.4,67.2
70,70,11,270.7,5,156.0,3,47.0,7.52242707448,4,2,5,99.3,56.4,115.0,2,1,2,56.8,35.9,63.3
71,71,11,277.7,6,186.3,4,67.0,7.91825279167,4,2,5,97.9,66.0,113.8,2,2,2,55.6,66.0,64.7
72,72,12,301.5,6,188.1,3,47.3,7.61924894891,5,2,5,121.9,65.7,113.9,2,2,2,59.7,65.7,62.7
73,73,12,305.7,7,214.1,3,46.5,7.63902956712,5,2,5,122.4,65.4,117.9,3,2,2,82.1,65.4,66.6
74,74,12,295.7,5,156.5,3,46.5,7.28827929977,5,2,5,115.4,63.7,116.6,1,2,2,29.5,63.7,63.3
75,75,12,282.6,4,126.1,3,43.7,7.24085630295,5,2,5,113.6,60.3,108.7,1,1,2,29.5,36.4,60.2
76,76,13,305.3,6,179.5,5,82.3,7.14012676753,6,2,5,130.3,62.8,112.2,1,2,3,31.1,62.8,85.6
77,77,13,300.3,6,173.8,5,79.7,6.67220603199,6,2,5,129.8,62.3,108.2,1,2,3,29.9,62.3,81.6
78,78,13,310.7,6,185.2,5,79.7,7.74768782713,6,2,5,132.4,67.1,111.2,1,2,3,33.5,67.1,84.6
79,79,12,295.3,4,129.4,4,68.6,6.6010272387,6,2,4,135.2,66.0,94.1,1,2,1,32.8,66.0,30.6
80,80,12,309.3,5,163.1,2,31.4,7.01091681205,6,2,4,142.3,67.3,99.7,1,2,2,33.1,67.3,62.7
81,81,11,272.1,6,184.8,3,43.7,8.2120975064,5,2,4,113.9,65.8,92.4,2,2,2,56.4,65.8,62.6
82,82,11,281.2,5,160.3,2,26.8,7.74509815655,5,2,4,115.8,64.6,100.8,1,2,2,29.8,64.6,65.9
83,83,11,260.7,3,95.0,2,26.8,6.80382245506,5,2,4,109.1,56.4,95.2,0,1,2,0,35.2,59.8
84,84,10,265.4,4,134.2,1,13.9,7.35514936777,5,2,3,113.7,62.6,89.1,1,1,2,28.9,38.4,66.9
85,85,10,261.4,4,133.9,2,34.2,7.53763888761,5,2,3,109.7,63.2,88.5,1,1,2,30.7,38.3,64.9
86,86,11,279.0,5,161.2,3,50.4,7.49256601269,5,2,4,108.5,56.5,114.0,1,1,3,28.4,35.2,97.6
87,87,11,287.1,6,188.8,3,52.6,7.1403081166,6,2,3,128.8,57.5,100.8,2,1,3,54.8,33.2,100.8
88,88,13,305.3,4,128.8,5,83.8,7.29312988982,6,2,5,121.3,60.2,123.8,1,1,2,25.5,36.0,67.3
89,89,13,313.1,4,132.7,4,66.7,7.52892712076,6,2,5,124.6,62.1,126.4,1,1,2,26.3,37.5,68.9
90,90,13,301.0,3,102.9,5,85.2,7.13939952944,6,2,5,120.8,58.0,122.2,0,1,2,0,36.4,66.5
91,91,12,294.1,4,135.6,4,66.5,8.07143766999,5,2,5,107.3,60.3,126.5,1,1,2,27.0,38.5,70.1
92,92,12,300.9,6,184.9,2,28.5,7.82712358637,5,2,5,115.0,59.1,126.8,3,1,2,76.2,38.5,70.2
93,93,13,296.0,4,131.8,6,99.1,8.01731299703,6,2,5,114.0,57.6,124.4,1,1,2,27.1,38.2,66.5
94,94,12,287.1,5,159.3,4,62.7,8.29623408541,6,2,4,121.2,59.0,106.9,1,1,3,27.9,38.7,92.7
95,95,13,322.1,7,213.3,3,42.5,7.49312505414,7,2,4,152.8,63.7,105.6,2,2,3,58.2,63.7,91.4
96,96,13,339.1,9,274.0,3,43.9,8.17025562165,7,2,4,160.5,68.5,110.1,4,2,3,111.2,68.5,94.3
97,97,13,322.5,6,188.5,3,43.7,7.53696021157,7,2,4,151.1,64.8,106.6,2,2,2,56.8,64.8,66.9
98,98,13,309.7,6,179.8,4,60.9,7.50246113465,7,2,4,140.1,60.7,108.9,2,1,3,50.8,35.9,93.1
99,99,11,269.1,7,209.6,4,59.5,8.29400659841,5,2,4,99.1,62.8,107.2,2,2,3,55.4,62.8,91.4
100,100,12,303.5,7,216.5,4,65.3,7.78617169712,6,2,4,128.1,61.3,114.1,2,2,3,56.9,61.3,98.3
101,101,12,314.2,8,251.9,4,62.3,8.23262173345,6,2,4,133.4,62.6,118.2,3,2,3,86.9,62.6,102.4
102,102,13,315.6,8,236.8,5,78.8,7.34462999365,7,2,4,145.5,61.7,108.4,3,2,3,82.5,61.7,92.6
103,103,12,293.3,7,210.5,4,62.0,7.69267164057,6,2,4,121.8,60.0,111.5,2,2,3,54.8,60.0,95.7
104,104,14,348.3,8,245.9,5,81.1,7.66652850648,7,2,5,156.9,64.5,126.9,3,2,3,85.8,64.5,95.6
105,105,15,358.8,7,219.5,6,94.3,8.06121224489,8,2,5,166.8,67.4,124.6,3,2,2,83.6,67.4,68.5
106,106,14,334.4,6,185.7,5,81.6,7.33294537768,8,2,4,166.5,65.7,102.2,2,2,2,54.5,65.7,65.5
107,107,14,343.3,8,242.3,5,78.9,7.64331568923,8,2,4,169.8,60.0,113.5,3,2,3,84.6,60.0,97.7
108,108,14,333.1,7,219.0,6,90.9,8.40983529389,7,2,5,144.1,63.1,125.9,2,2,3,59.9,63.1,96.0
109,109,15,357.8,8,244.9,5,71.4,8.15701859633,8,2,5,168.7,63.5,125.6,3,2,3,85.2,63.5,96.2
110,110,15,378.3,8,253.1,4,61.5,7.8342836303,8,2,5,176.4,67.9,134.0,3,2,3,87.3,67.9,97.9
111,111,15,370.7,8,245.9,5,79.9,7.57098471296,8,2,5,172.5,67.5,130.7,3,2,3,83.3,67.5,95.1
112,112,15,365.8,6,185.7,5,83.9,6.65838533265,8,2,5,173.4,67.5,124.9,1,2,3,28.9,67.5,89.3
113,113,13,326.5,6,188.1,4,69.8,6.71513789308,6,2,5,137.4,65.1,124.0,2,2,2,59.5,65.1,63.5
114,114,13,318.3,7,214.0,5,82.2,7.41415831971,6,2,5,130.8,61.1,126.4,2,2,3,62.3,61.1,90.6
115,115,13,325.7,6,189.8,4,64.9,7.28647324209,6,2,5,138.5,60.2,127.0,2,1,3,62.6,36.2,91.0
116,116,13,329.4,8,244.1,4,64.5,7.39544211677,6,2,5,135.4,62.5,131.5,3,2,3,85.7,62.5,95.9
117,117,13,335.9,8,252.0,4,61.0,8.00026441871,6,2,5,145.8,65.0,125.1,3,2,3,92.4,65.0,94.6
118,118,13,330.9,8,246.0,4,60.8,8.01640145625,6,2,5,142.2,64.7,124.0,3,2,3,87.6,64.7,93.7
119,119,14,367.8,9,281.1,4,65.7,8.03707070359,7,2,5,168.2,68.0,131.6,4,2,3,116.7,68.0,96.4
120,120,15,347.3,7,208.4,6,97.9,7.28509894694,8,2,5,156.2,59.8,131.3,2,2,3,52.5,59.8,96.1
121,121,14,336.3,6,187.5,5,81.1,7.30944368834,8,2,4,165.4,55.0,115.9,2,1,3,59.1,31.3,97.1
122,122,14,322.4,6,181.1,6,97.3,7.23553502051,8,2,4,158.9,52.1,111.4,2,1,3,58.8,29.7,92.6
123,123,13,298.9,6,174.3,5,78.1,7.03733632592,7,2,4,136.3,53.7,108.9,2,1,3,55.0,29.2,90.1
124,124,13,326.6,7,219.7,4,64.6,7.79563487324,7,2,4,156.4,55.3,114.9,3,1,3,89.3,34.3,96.1
125,125,14,330.9,7,209.3,5,77.5,7.29505703493,8,2,4,172.9,53.8,104.2,3,1,3,85.0,33.8,90.5
126,126,13,346.6,8,250.2,2,26.4,7.76128624022,7,2,4,158.8,62.5,125.3,4,1,3,108.8,38.0,103.4
127,127,13,334.0,8,242.3,2,26.4,7.48225250604,7,2,4,150.1,62.0,121.9,3,2,3,80.3,62.0,100.0
128,128,13,333.0,7,217.9,3,45.9,7.3328991713,7,2,4,164.2,54.4,114.4,3,1,3,90.5,34.9,92.5
129,129,13,323.9,7,211.7,3,45.9,7.31298458837,7,2,4,155.3,58.8,109.8,3,2,2,86.4,58.8,66.5
130,130,13,317.6,5,158.4,3,45.5,7.16139937621,7,2,4,153.9,52.4,111.3,2,1,2,59.2,33.3,65.9
131,131,14,342.9,7,210.6,3,45.3,7.11795825152,8,2,4,173.5,55.7,113.7,3,1,3,84.3,34.5,91.8
132,132,13,311.0,5,155.0,3,45.0,6.94047955189,7,2,4,147.9,53.7,109.4,2,1,2,57.6,33.1,64.3
133,133,13,318.6,5,160.2,3,43.5,7.55595367227,7,2,4,149.8,57.8,111.0,2,1,2,60.5,34.5,65.2
134,134,13,308.0,6,183.8,4,55.5,8.18407615825,7,2,4,147.3,58.4,102.3,3,1,2,85.3,34.2,64.3
135,135,14,343.3,7,213.6,4,61.4,7.43113808153,8,2,4,173.3,61.2,108.8,2,2,3,57.3,61.2,95.1
136,136,14,345.5,7,214.8,4,61.3,7.52954984572,8,2,4,177.4,60.0,108.1,2,2,3,60.4,60.0,94.4
137,137,14,318.0,5,150.9,6,99.4,6.79081474016,8,2,4,163.0,59.4,95.6,1,2,2,30.7,59.4,60.8
138,138,15,349.1,6,185.3,6,99.0,7.29945855787,8,2,5,164.3,61.3,123.5,2,2,2,57.9,61.3,66.1
139,139,15,339.1,5,154.2,7,118.8,6.98666757543,8,2,5,162.3,56.8,120.0,2,1,2,55.9,33.4,64.9
140,140,15,345.9,5,157.5,7,118.8,7.34689438762,8,2,5,165.9,59.6,120.4,2,1,2,56.0,35.2,66.3
141,141,15,367.5,7,222.8,6,102.3,7.67174779863,8,2,5,179.6,65.7,122.2,3,2,2,89.2,65.7,67.9
142,142,15,345.8,6,185.8,7,119.2,7.29881268883,8,2,5,166.1,64.7,115.0,2,2,2,55.5,64.7,65.6
143,143,15,346.1,6,182.0,7,117.8,7.01635504341,8,2,5,163.0,61.0,122.1,2,2,2,54.6,61.0,66.4
144,144,14,321.6,5,156.8,7,117.6,7.72701838919,7,2,5,138.3,60.9,122.4,2,1,2,52.8,36.9,67.1
145,145,13,308.2,4,133.3,4,66.3,7.68705205074,7,2,4,144.7,58.4,105.1,1,1,2,27.2,37.6,68.5
146,146,13,326.1,6,188.4,3,46.8,7.57626184802,7,2,4,155.8,60.4,109.9,2,1,3,54.3,36.6,97.5
147,147,13,321.5,6,183.9,3,46.8,6.87754614856,7,2,4,156.6,57.1,107.8,2,1,3,55.3,33.2,95.4
148,148,13,348.0,9,278.6,4,69.4,7.71128876122,7,2,4,161.0,64.7,122.3,4,2,3,108.9,64.7,105.0
149,149,12,320.2,6,193.2,3,52.7,6.97838654618,6,2,4,140.5,60.8,118.9,2,1,3,56.7,35.9,100.6
150,150,12,316.1,7,217.3,3,50.8,7.09025686589,6,2,4,140.7,58.2,117.2,3,1,3,83.3,35.1,98.9
151,151,13,343.9,9,274.7,3,49.0,7.59172964313,7,2,4,163.1,61.5,119.3,4,2,3,110.4,61.5,102.8
152,152,13,331.8,8,240.8,3,49.0,7.17183772894,7,2,4,158.8,57.1,115.9,4,1,3,106.2,35.2,99.4
153,153,13,327.4,7,206.1,3,51.8,5.65638962499,7,2,4,166.7,56.2,104.5,2,2,3,61.9,56.2,88.0
154,154,13,338.8,8,243.1,3,51.8,6.65614233391,7,2,4,171.4,58.3,109.1,4,1,3,115.7,34.8,92.6
155,155,13,327.3,7,210.3,3,51.8,6.20257390741,7,2,4,158.6,56.8,111.9,3,1,3,82.0,32.9,95.4
156,156,13,339.4,8,248.2,4,69.0,7.19623298892,7,2,4,159.8,63.1,116.5,3,2,3,85.1,63.1,100.0
157,157,14,357.0,8,244.8,4,69.7,6.86339229872,8,2,4,180.9,61.7,114.4,3,2,3,85.2,61.7,97.9
158,158,13,333.2,8,235.5,3,53.4,6.1537772432,7,2,4,161.3,60.2,111.7,3,2,3,80.1,60.2,95.2
159,159,12,315.7,8,244.6,3,48.8,7.42678914267,6,2,4,141.6,64.2,109.9,3,2,3,83.8,64.2,96.6
160,160,13,320.2,7,213.7,5,82.1,7.47210195944,7,2,4,157.5,53.0,109.7,3,1,3,82.5,34.8,96.4
161,161,11,302.7,8,250.9,2,29.3,7.95774065697,5,2,4,122.8,65.3,114.6,3,2,3,84.3,65.3,101.3
162,162,12,323.5,9,273.5,3,50.0,7.49308266862,6,2,4,140.6,65.6,117.3,4,2,3,106.3,65.6,101.6
163,163,13,335.7,8,241.0,4,70.6,6.90689918924,7,2,4,155.4,62.9,117.4,3,2,3,79.5,62.9,98.6
164,164,13,344.2,8,248.8,4,71.6,7.3181456948,7,2,4,161.8,62.3,120.1,4,1,3,109.8,38.5,100.5
165,165,13,337.7,7,219.3,4,72.0,6.90074317811,7,2,4,160.2,58.9,118.6,3,1,3,83.6,36.7,99.0
166,166,13,313.8,6,179.4,4,67.4,6.46033261031,7,2,4,149.9,55.8,108.1,2,1,3,54.2,34.2,91.0
167,167,14,353.0,7,218.0,4,67.4,6.91017723727,8,2,4,179.2,64.3,109.5,2,2,3,61.3,64.3,92.4
168,168,14,350.6,7,215.0,4,70.1,6.61265852341,8,2,4,179.1,63.8,107.7,2,2,3,60.6,63.8,90.6
169,169,14,349.0,7,211.4,4,69.9,6.34185468764,8,2,4,179.0,60.6,109.4,2,2,3,58.5,60.6,92.3
170,170,14,344.3,8,235.3,5,87.7,6.19173944564,8,2,4,180.8,59.2,104.3,3,2,3,88.9,59.2,87.2
171,171,14,333.7,7,203.7,6,105.1,6.04783586759,8,2,4,176.7,57.9,99.1,2,2,3,61.4,57.9,84.4
172,172,14,336.5,8,236.0,6,100.5,6.91204157115,8,2,4,176.2,57.1,103.2,3,2,3,90.4,57.1,88.5
173,173,15,362.5,8,239.2,6,102.2,6.75041444936,8,2,5,183.8,56.1,122.6,3,2,3,94.4,56.1,88.7
174,174,15,355.7,8,232.3,6,102.9,6.29953135067,8,2,5,178.7,55.5,121.5,3,2,3,89.5,55.5,87.3
175,175,15,356.5,8,232.2,6,103.2,6.39985118875,8,2,5,182.2,53.0,121.3,3,2,3,92.2,53.0,87.0
176,176,15,342.8,7,195.6,6,102.2,5.73919689089,8,2,5,175.0,50.3,117.5,3,1,3,86.5,25.8,83.3
177,177,15,354.3,8,230.0,6,102.6,6.25325058327,8,2,5,181.2,55.3,117.8,3,2,3,90.8,55.3,83.9
178,178,15,357.2,8,233.7,6,101.6,6.40232844548,8,2,5,181.3,59.2,116.7,3,2,3,91.1,59.2,83.4
179,179,14,329.2,7,197.7,5,86.6,5.57409629003,7,2,5,161.9,54.8,112.5,3,2,2,87.7,54.8,55.2
180,180,14,344.4,7,209.5,4,67.1,6.21672681623,7,2,5,168.3,58.9,117.2,3,2,2,90.6,58.9,60.0
181,181,14,330.6,8,230.6,5,79.3,6.99272777664,7,2,5,157.2,54.5,118.9,3,2,3,89.5,54.5,86.6
182,182,14,321.8,6,175.6,6,98.6,6.6682781935,7,2,5,155.2,53.6,113.0,2,2,2,63.9,53.6,58.1
183,183,14,330.8,7,209.2,4,57.1,7.47060172341,7,2,5,158.4,57.0,115.4,3,2,2,92.4,57.0,59.8
184,184,14,329.5,7,206.8,6,98.8,7.16987363292,7,2,5,157.2,55.5,116.8,2,2,3,66.5,55.5,84.8
185,185,14,318.5,6,174.1,6,98.2,6.55118897019,7,2,5,149.3,54.9,114.3,2,1,3,61.2,30.6,82.3
186,186,15,348.7,6,184.8,6,96.3,7.19651370622,8,2,5,173.4,54.0,121.3,2,1,3,64.7,32.1,88.0
187,187,15,353.3,6,182.5,4,62.2,6.63043487764,8,2,5,175.0,52.2,126.1,2,1,3,63.6,31.2,87.7
188,188,14,322.5,6,172.9,5,83.7,6.02936495481,7,2,5,152.8,52.1,117.6,2,1,3,61.2,29.4,82.3
189,189,14,336.0,6,183.5,5,86.9,6.64170969648,7,2,5,155.9,53.2,126.9,2,1,3,63.0,32.7,87.8
190,190,14,325.6,5,151.5,5,85.9,6.24163616194,7,2,5,151.5,53.0,121.1,2,1,2,59.9,32.5,59.1
191,191,14,342.9,6,184.3,4,66.9,6.58745477704,7,2,5,160.2,54.6,128.1,2,1,3,63.0,33.8,87.5
192,192,15,355.4,6,182.4,5,82.2,6.65029179453,8,2,5,173.6,56.1,125.7,2,1,3,62.6,33.4,86.4
193,193,15,349.7,7,207.1,6,98.2,6.98895727627,8,2,5,169.3,55.8,124.6,3,1,3,86.9,33.3,86.9
194,194,15,345.7,6,178.4,5,79.0,6.65291200116,8,2,5,165.1,57.0,123.6,2,1,3,60.5,32.6,85.3
195,195,15,349.6,7,206.9,6,98.6,6.8956991427,8,2,5,165.2,55.9,128.5,2,2,3,62.9,55.9,88.1
196,196,15,342.6,7,204.3,6,97.4,6.7763032484,8,2,5,161.8,56.4,124.4,2,2,3,61.4,56.4,86.5
197,197,14,342.7,7,213.4,4,60.6,7.34052802245,8,2,4,169.6,61.2,111.9,2,2,3,62.7,61.2,89.5
198,198,14,345.3,7,214.4,4,64.0,7.03656462759,8,2,4,170.8,62.1,112.4,2,2,3,63.1,62.1,89.2
199,199,14,340.0,7,209.3,4,63.9,6.84968917238,8,2,4,171.0,59.8,109.2,2,2,3,62.6,59.8,86.9
200,200,14,350.5,8,238.5,4,67.5,6.58630363743,8,2,4,177.5,61.6,111.4,3,2,3,88.9,61.6,88.0
201,201,14,335.1,6,182.4,5,87.1,6.37128258346,8,2,4,170.4,56.0,108.7,2,1,3,61.6,33.2,87.6
202,202,14,342.1,6,185.7,5,85.5,6.71331709169,8,2,4,172.8,58.3,111.0,2,1,3,62.5,33.8,89.4
203,203,14,335.0,7,204.3,5,85.6,6.20414607915,8,2,4,170.1,57.3,107.6,2,2,3,61.4,57.3,85.6
204,204,14,340.9,6,184.1,5,86.9,6.54813537758,8,2,4,173.7,56.3,110.9,2,1,3,62.1,33.3,88.7
205,205,14,353.3,7,220.7,5,88.6,7.0786360206,8,2,4,178.6,61.6,113.1,2,2,3,65.4,61.6,93.7
206,206,13,339.6,7,223.0,3,50.5,7.20973344932,7,2,4,164.5,64.8,110.3,3,2,2,91.2,64.8,67.0
207,207,13,347.6,9,279.7,3,47.5,7.756130743,7,2,4,164.1,69.4,114.1,4,2,3,112.6,69.4,97.7
208,208,14,356.7,8,253.6,5,80.3,8.72619210031,7,2,5,159.0,67.2,130.5,3,2,3,92.3,67.2,94.1
209,209,14,349.2,7,220.8,5,82.7,7.472278438,7,2,5,152.6,65.3,131.3,2,2,3,61.6,65.3,93.9
210,210,14,352.1,8,246.8,4,62.2,7.86851075735,7,2,5,156.1,62.6,133.4,3,2,3,88.2,62.6,96.0
211,211,14,342.8,7,219.5,5,80.4,8.01727530379,7,2,5,158.8,61.1,122.9,3,1,3,89.2,38.5,91.8
212,212,14,338.1,7,212.9,5,80.7,7.41139974322,7,2,5,154.7,60.8,122.6,2,2,3,60.6,60.8,91.5
213,213,14,343.7,7,222.5,6,99.9,8.10885081491,7,2,5,153.4,61.8,128.5,2,2,3,65.2,61.8,95.5
214,214,14,340.4,6,196.9,6,99.9,8.22471483189,7,2,5,150.0,62.0,128.4,2,1,3,62.9,38.6,95.4
215,215,14,339.6,7,215.4,5,79.3,7.56954569165,7,2,5,151.1,63.6,124.9,2,2,3,59.9,63.6,91.9
216,216,14,343.8,7,220.2,5,80.5,7.792078254,7,2,5,159.8,58.7,125.3,3,1,3,91.2,36.7,92.3
217,217,12,317.9,7,222.9,4,71.6,7.37371971424,6,2,4,152.6,56.9,108.4,3,1,3,93.6,37.3,92.0
218,218,12,306.1,6,187.8,3,49.1,7.11406524024,6,2,4,138.5,63.7,103.9,2,2,2,60.0,63.7,64.1
219,219,12,319.5,8,249.4,3,49.1,7.91329433755,6,2,4,145.7,63.1,110.7,3,2,3,92.0,63.1,94.3
220,220,12,300.3,5,159.5,3,46.8,7.34860840259,6,2,4,134.5,61.3,104.5,2,1,2,58.2,38.1,63.2
221,221,12,300.3,6,185.7,3,48.9,7.20973142861,6,2,4,134.8,63.3,102.2,2,2,2,58.9,63.3,63.5
222,222,12,293.5,5,155.5,3,46.0,7.36705915587,6,2,4,132.3,63.7,97.5,1,2,2,31.3,63.7,60.5
223,223,12,290.8,5,152.2,3,46.0,6.84189412016,6,2,4,131.5,60.6,98.7,1,2,2,30.4,60.6,61.2
224,224,12,284.4,5,153.6,4,63.5,7.24380613164,6,2,4,129.0,54.0,101.4,1,1,3,31.3,34.4,87.9
225,225,12,300.4,8,233.8,3,45.6,7.16219028629,6,2,4,137.0,61.3,102.1,3,2,3,83.9,61.3,88.6
226,226,12,302.7,7,211.3,3,45.6,7.18914902032,6,2,4,141.5,60.8,100.4,3,1,3,88.4,36.0,86.9
227,227,13,322.1,7,213.4,4,62.9,7.66769781249,6,2,5,137.4,63.3,121.4,2,2,3,59.4,63.3,90.7
228,228,13,321.6,5,164.2,4,64.8,7.90047872616,6,2,5,133.9,63.7,124.0,1,1,3,32.6,39.1,92.5
229,229,13,313.9,7,211.7,5,80.4,7.88369788283,6,2,5,131.7,58.7,123.5,3,1,3,83.6,36.9,91.2
230,230,13,325.5,6,193.9,4,63.1,8.12050270011,6,2,5,135.0,61.0,129.5,2,1,3,60.6,38.6,94.7
231,231,13,327.6,6,193.5,3,50.0,7.63588021558,6,2,5,134.7,60.3,132.6,2,1,3,60.2,38.8,94.5
232,232,13,314.5,5,160.1,6,105.6,7.42276470713,6,2,5,126.3,61.5,126.7,1,1,3,32.3,37.6,90.2
233,233,13,325.3,7,219.9,6,105.4,8.0900302684,6,2,5,129.3,64.5,131.5,2,2,3,60.4,64.5,95.0
234,234,14,334.2,7,217.7,6,95.5,8.45789831791,7,2,5,139.6,64.7,129.9,2,2,3,59.1,64.7,93.9
235,235,14,329.3,7,214.2,7,115.1,8.21557419422,7,2,5,138.7,62.8,127.8,2,2,3,59.6,62.8,91.8
236,236,14,335.1,7,219.6,6,94.6,8.59298525568,7,2,5,138.2,66.6,130.3,2,2,3,60.0,66.6,93.0
237,237,14,328.1,7,215.6,7,112.5,8.51836090615,7,2,5,135.8,64.4,127.9,2,2,3,59.0,64.4,92.2
238,238,14,326.9,7,214.9,6,91.5,8.42822638519,7,2,5,134.0,63.8,129.1,2,2,3,58.9,63.8,92.2
239,239,14,329.8,7,216.8,6,91.5,8.62382337889,7,2,5,135.0,63.8,131.0,2,2,3,59.9,63.8,93.1
240,240,14,323.1,6,191.2,6,87.4,8.89020018563,7,2,5,131.6,62.5,129.0,2,1,3,60.6,38.7,91.9
241,241,14,320.5,6,189.4,7,106.5,8.72207317325,7,2,5,131.9,62.4,126.2,2,1,3,59.5,37.8,92.1
242,242,14,327.8,7,219.6,7,108.2,9.00878691935,7,2,5,133.8,65.1,128.9,2,2,3,60.2,65.1,94.3
243,243,14,310.9,6,182.4,7,104.6,8.31999115067,7,2,5,128.6,60.6,121.7,2,1,3,57.3,36.7,88.4
244,244,14,325.6,7,217.0,7,108.6,8.82031870048,7,2,5,134.1,64.3,127.2,2,2,3,59.4,64.3,93.3
245,245,14,331.2,7,219.8,7,111.4,8.75000784929,7,2,5,137.4,65.3,128.5,2,2,3,59.6,65.3,94.9
246,246,14,345.5,8,240.7,5,82.8,7.51595007265,6,2,6,132.3,63.1,150.1,2,2,4,60.8,63.1,116.8
247,247,14,360.6,8,247.9,3,45.5,7.35325299921,6,2,6,140.4,62.9,157.3,3,1,4,88.8,38.0,121.1
248,248,14,359.1,7,223.8,4,64.4,7.6657831152,6,2,6,147.0,63.3,148.8,3,1,3,93.4,38.4,92.0
249,249,14,344.7,7,218.7,5,79.5,7.89256500877,6,2,6,136.3,60.0,148.4,3,1,3,90.1,38.3,90.3
250,250,14,355.4,7,225.8,5,80.6,8.25729115042,6,2,6,137.1,63.7,154.6,3,1,3,90.9,39.4,95.5
251,251,14,357.5,8,250.5,4,62.3,8.0914586631,6,2,6,140.7,63.0,153.8,3,1,4,90.1,41.0,119.4
252,252,14,364.0,8,253.1,3,42.5,7.88747790439,6,2,6,139.4,67.2,157.4,3,2,3,88.6,67.2,97.3
253,253,14,358.0,9,275.5,3,40.2,8.12351085255,6,2,6,135.9,67.6,154.5,3,2,4,87.0,67.6,120.9
254,254,14,347.7,8,241.6,4,59.4,7.70909623984,6,2,6,138.7,61.4,147.6,3,1,4,86.8,38.7,116.1
255,255,14,353.5,7,220.1,3,44.7,7.79346373079,6,2,6,137.2,62.9,153.4,3,1,3,89.2,40.3,90.6
256,256,14,354.6,9,269.8,4,62.7,7.76881622221,6,2,6,133.9,66.2,154.5,3,2,4,88.0,66.2,115.6
257,257,14,355.6,9,270.7,4,62.7,7.35024855676,6,2,6,136.9,64.9,153.8,3,2,4,88.3,64.9,117.5
258,258,14,371.0,8,261.2,3,43.2,8.12678382785,6,2,6,135.5,69.7,165.8,2,2,4,65.2,69.7,126.3
259,259,14,365.9,8,256.6,3,43.2,8.0649867321,6,2,6,134.7,69.7,161.5,2,2,4,63.9,69.7,123.0
260,260,14,358.8,8,253.8,4,59.6,8.24867621747,6,2,6,136.5,65.9,156.4,3,2,3,93.7,65.9,94.2
261,261,13,340.6,7,229.8,3,43.2,8.50225460295,6,2,5,144.0,61.8,134.8,3,1,3,96.4,39.3,94.1
262,262,14,362.3,9,275.0,3,41.1,7.64935176453,6,2,6,140.5,65.5,156.3,3,2,4,90.6,65.5,118.9
263,263,13,337.8,7,216.1,2,33.2,6.62845459036,5,2,6,115.7,64.0,158.1,2,2,3,57.6,64.0,94.5
264,264,13,349.1,8,254.3,3,51.0,7.28990344982,5,2,6,129.3,60.2,159.6,3,1,4,93.1,39.2,122.0
265,265,14,364.2,9,281.4,5,82.8,8.26855555638,6,2,6,139.7,65.4,159.1,3,2,4,94.6,65.4,121.4
266,266,14,344.8,8,233.2,4,63.5,6.95915872142,6,2,6,133.5,62.1,149.2,3,1,4,83.3,37.9,112.0
267,267,15,385.6,9,283.5,4,55.4,8.26977860013,7,2,6,157.1,66.2,162.3,3,2,4,94.0,66.2,123.3
268,268,15,382.3,9,285.7,4,54.8,8.54332376493,7,2,6,153.2,66.9,162.2,3,2,4,93.3,66.9,125.5
269,269,15,372.2,9,276.6,5,74.5,8.22164970122,7,2,6,153.8,65.3,153.1,3,2,4,92.8,65.3,118.5
270,270,15,371.0,7,226.9,6,98.9,8.38592925822,7,2,6,147.7,65.4,157.9,2,2,3,62.3,65.4,99.2
271,271,15,371.9,8,253.3,6,97.3,8.41864144678,7,2,6,153.7,61.0,157.2,3,1,4,92.3,39.7,121.3
272,272,15,374.7,8,250.0,5,78.5,7.76090937234,7,2,6,158.5,65.5,150.7,3,2,3,91.9,65.5,92.6
273,273,15,390.3,9,286.7,4,62.0,8.18065662751,7,2,6,159.7,67.1,163.5,3,2,4,96.7,67.1,122.9
274,274,16,400.5,9,281.2,6,98.6,8.06645058251,8,2,6,172.7,65.7,162.1,3,2,4,92.3,65.7,123.2
275,275,16,394.5,8,251.5,7,118.3,7.70488751811,8,2,6,173.7,64.5,156.3,3,2,3,91.8,64.5,95.2
276,276,16,403.2,9,282.8,6,99.2,8.0409783816,8,2,6,177.1,65.8,160.3,3,2,4,93.3,65.8,123.7
277,277,16,401.5,9,282.9,6,98.2,8.02225809857,8,2,6,176.8,65.5,159.2,3,2,4,94.7,65.5,122.7
278,278,15,368.2,8,249.3,6,95.4,8.21347904942,7,2,6,144.7,65.5,158.0,3,2,3,85.8,65.5,98.0
279,279,15,374.4,7,229.3,6,96.0,8.61293047856,7,2,6,145.3,66.6,162.5,2,2,3,61.4,66.6,101.3
280,280,14,345.6,7,222.2,5,77.8,8.41946984836,7,2,5,143.4,63.4,138.8,2,2,3,60.5,63.4,98.3
281,281,14,347.3,8,251.2,5,71.8,8.89299329081,7,2,5,146.0,65.7,135.6,3,2,3,88.3,65.7,97.2
282,282,14,362.0,9,287.2,5,74.8,8.98551948635,7,2,5,154.8,68.6,138.6,3,2,4,94.1,68.6,124.5
283,283,14,342.7,7,218.8,5,78.6,7.95401964867,7,2,5,149.5,62.3,130.9,2,2,3,63.2,62.3,93.3
284,284,14,328.7,7,200.5,4,59.2,6.77724456959,7,2,5,143.9,55.9,128.9,3,1,3,78.1,31.5,90.9
285,285,15,344.8,7,206.0,5,73.4,7.36457414797,7,2,6,139.6,58.4,146.8,2,2,3,52.7,58.4,94.9
286,286,15,338.6,4,127.2,5,73.9,7.12916210932,7,2,6,142.0,57.1,139.5,1,1,2,28.5,34.6,64.1
287,287,16,359.2,6,180.1,7,109.2,7.10370795195,8,2,6,165.5,55.6,138.1,3,1,2,84.8,33.1,62.2
288,288,15,358.5,6,189.9,5,76.7,7.58475915429,7,2,6,151.0,57.5,150.0,2,1,3,61.7,36.6,91.6
289,289,14,338.0,5,156.7,4,64.4,6.6329845105,6,2,6,131.0,60.4,146.6,1,1,3,30.9,36.0,89.8
290,290,14,345.8,7,215.8,4,63.9,7.16379787543,6,2,6,137.6,57.3,150.9,3,1,3,89.5,36.2,90.1
291,291,14,347.0,8,235.2,3,45.9,6.60277996731,6,2,6,140.7,55.6,150.7,4,1,3,111.1,34.5,89.6
292,292,14,324.7,6,175.1,5,80.7,6.48055841441,6,2,6,130.0,50.9,143.8,2,1,3,53.7,34.7,86.7
293,293,14,354.0,8,245.1,4,64.8,7.21418017549,6,2,6,138.7,59.3,156.0,3,1,4,88.7,35.6,120.8
294,294,14,344.6,8,235.8,5,85.1,6.95456210454,6,2,6,132.1,58.5,154.0,3,1,4,83.3,34.8,117.7
295,295,14,347.3,8,231.9,3,47.1,6.34416319095,6,2,6,134.8,54.5,158.0,3,1,4,81.5,31.3,119.1
296,296,14,358.5,7,218.2,3,47.1,6.77966011012,6,2,6,131.6,65.3,161.6,2,2,3,55.0,65.3,97.9
297,297,14,351.3,7,215.4,3,45.4,6.74462341832,6,2,6,130.0,66.2,155.1,2,2,3,54.7,66.2,94.5
298,298,14,331.2,8,234.4,6,96.8,7.35325299921,6,2,6,119.9,57.0,154.3,2,2,4,55.2,57.0,122.2
299,299,14,342.1,8,235.2,4,62.4,7.14612397822,6,2,6,126.8,58.1,157.2,3,1,4,80.2,34.4,120.6
300,300,14,343.4,7,211.0,4,61.8,7.04648614793,6,2,6,130.8,60.6,152.0,2,1,4,57.5,35.9,117.6
301,301,13,316.5,7,202.5,4,67.5,6.25667848311,5,2,6,110.8,59.6,146.1,2,2,3,56.1,59.6,86.8
302,302,13,331.3,7,208.4,3,51.1,6.27280455005,5,2,6,129.3,60.4,141.6,3,2,2,85.1,60.4,62.9
303,303,13,330.2,6,179.1,2,37.3,5.25896060707,5,2,6,122.6,56.3,151.3,2,1,3,57.3,33.8,88.0
304,304,14,350.6,9,260.7,4,68.6,6.14650798743,6,2,6,145.1,62.1,143.4,4,2,3,112.2,62.1,86.4
305,305,14,362.8,8,249.3,4,68.5,7.00448835696,6,2,6,141.6,68.7,152.5,3,2,3,88.2,68.7,92.4
306,306,14,349.1,7,215.0,4,68.0,6.81396836177,6,2,6,127.6,66.4,155.1,1,2,4,30.9,66.4,117.7
307,307,14,350.9,8,242.3,4,65.6,6.77343307374,6,2,6,134.6,66.6,149.7,3,2,3,86.1,66.6,89.6
308,308,13,351.5,8,258.1,3,49.0,7.43589699381,6,2,5,139.7,69.8,142.0,3,2,3,90.7,69.8,97.6
309,309,13,342.8,8,251.4,3,48.4,7.22915216506,6,2,5,137.2,66.5,139.1,3,2,3,88.8,66.5,96.1
310,310,14,362.9,8,254.1,4,67.0,7.41123664252,6,2,6,137.9,67.7,157.3,3,2,3,89.7,67.7,96.7
311,311,14,361.1,8,255.8,5,81.7,7.92022380081,6,2,6,140.3,70.1,150.7,3,2,3,92.3,70.1,93.4
312,312,14,370.8,8,266.1,5,80.3,8.67302246517,6,2,6,142.3,71.5,157.0,3,2,3,94.6,71.5,100.0
313,313,14,339.0,8,244.5,5,73.6,8.11085285688,6,2,6,127.2,67.0,144.8,3,2,3,85.4,67.0,92.1
314,314,13,352.2,8,264.9,4,63.6,8.45857174099,6,2,5,143.8,70.1,138.3,3,2,3,96.2,70.1,98.6
315,315,13,343.9,8,255.4,4,63.6,8.21316173231,6,2,5,136.7,72.6,134.6,3,2,3,89.1,72.6,93.7
316,316,14,341.2,7,212.7,5,83.1,7.22063587349,6,2,6,133.0,67.8,140.4,2,2,3,59.0,67.8,85.9
317,317,13,316.0,7,213.9,6,102.1,7.7610632367,5,2,6,104.2,67.9,143.9,2,2,3,55.6,67.9,90.4
318,318,13,315.6,6,189.1,5,81.2,7.90265291386,5,2,6,102.4,68.1,145.1,1,2,3,30.2,68.1,90.8
319,319,14,343.5,7,217.9,5,79.8,7.81513395159,6,2,6,133.5,67.7,142.3,2,2,3,60.0,67.7,90.2
320,320,14,359.5,8,250.0,4,62.9,7.69267169468,6,2,6,146.8,69.9,142.8,3,2,3,92.5,69.9,87.6
321,321,14,354.8,8,245.8,4,64.4,7.28609996824,6,2,6,142.6,67.8,144.4,3,2,3,88.8,67.8,89.2
322,322,14,344.4,8,236.4,5,86.6,6.87638098018,6,2,6,134.4,68.4,141.6,3,2,3,80.9,68.4,87.1
323,323,14,351.9,8,238.2,4,68.0,6.62914394553,6,2,6,139.5,66.4,146.0,3,2,3,85.6,66.4,86.2
324,324,14,339.9,7,207.2,4,67.2,6.492620494,6,2,6,136.7,64.0,139.2,3,2,2,84.7,64.0,58.5
325,325,14,346.5,7,211.8,5,88.1,6.77469840373,6,2,6,134.9,67.2,144.4,3,2,2,84.0,67.2,60.6
326,326,14,348.0,7,212.6,4,67.0,7.02147412593,6,2,6,131.2,68.6,148.2,2,2,3,55.9,68.6,88.1
327,327,14,335.3,7,206.9,5,83.1,6.65764453611,6,2,6,131.3,65.3,138.7,2,2,3,56.2,65.3,85.4
328,328,15,349.8,7,213.0,6,91.3,7.81639303004,7,2,6,138.5,68.1,143.2,2,2,3,56.3,68.1,88.6
329,329,15,353.1,6,182.9,6,97.2,7.3128849105,7,2,6,140.1,66.7,146.3,2,2,2,54.1,66.7,62.1
330,330,15,338.5,6,175.0,6,97.2,6.71763847395,7,2,6,136.9,63.8,137.8,2,2,2,52.0,63.8,59.2
331,331,15,355.2,7,219.2,6,89.5,8.37199413009,7,2,6,137.7,68.6,148.9,2,2,3,57.7,68.6,92.9
332,332,15,366.3,8,252.0,6,90.9,8.52007712909,7,2,6,145.4,69.1,151.8,3,2,3,87.5,69.1,95.4
333,333,15,344.3,7,203.1,6,93.9,6.83435300174,7,2,6,139.4,62.8,142.1,2,2,3,56.2,62.8,84.1
334,334,14,351.8,9,268.4,4,58.7,7.51566861465,6,2,6,139.5,65.2,147.1,4,2,3,113.3,65.2,89.9
335,335,14,362.0,8,249.3,4,63.6,7.4435014802,6,2,6,143.5,66.8,151.7,3,2,3,91.7,66.8,90.8
336,336,14,337.3,7,207.0,4,63.5,6.73275167038,6,2,6,127.5,65.5,144.3,2,2,3,56.0,65.5,85.5
337,337,15,366.5,8,247.1,6,95.0,8.00916142094,7,2,6,146.9,68.9,150.7,3,2,3,88.3,68.9,89.9
338,338,15,366.0,9,267.7,5,75.2,7.71538351977,7,2,6,150.6,68.0,147.4,3,2,4,86.9,68.0,112.8
339,339,15,335.4,6,171.2,4,55.6,6.32035261222,7,2,6,131.0,62.0,142.4,1,2,3,26.4,62.0,82.8
340,340,15,371.4,10,291.5,4,55.9,7.46561642274,7,2,6,151.7,67.3,152.4,4,2,4,111.3,67.3,112.9
341,341,15,364.1,9,260.6,4,56.5,7.08362968568,7,2,6,150.2,64.1,149.8,3,2,4,85.4,64.1,111.1
342,342,16,359.0,6,179.8,6,88.1,7.29473554467,8,2,6,154.3,60.8,143.9,2,1,3,56.9,36.0,86.9
343,343,16,368.8,7,212.7,7,109.8,7.75216098904,8,2,6,157.4,63.9,147.5,2,2,3,57.9,63.9,90.9
344,344,16,379.7,8,237.3,5,75.7,7.15175677718,8,2,6,161.3,64.1,154.3,2,2,4,59.3,64.1,113.9
345,345,16,366.8,8,225.1,5,75.0,6.60691556881,8,2,6,155.8,64.4,146.6,2,2,4,52.7,64.4,108.0
346,346,17,410.1,9,268.3,5,76.0,7.02962742716,9,2,6,184.7,63.2,162.2,3,2,4,83.8,63.2,121.3
347,347,18,417.6,10,288.5,7,108.8,7.03554003111,10,2,6,199.0,59.5,159.1,4,2,4,108.5,59.5,120.5
348,348,18,391.8,7,196.5,7,108.9,6.06484566507,10,2,6,187.2,53.9,150.7,2,2,3,54.9,53.9,87.7
349,349,18,414.7,10,287.7,8,127.0,7.13839155461,10,2,6,203.9,58.0,152.8,4,2,4,111.4,58.0,118.3
350,350,17,412.0,8,248.1,6,95.5,7.42638380846,9,2,6,189.5,60.0,162.5,3,1,4,89.0,35.1,124.0
351,351,17,387.9,7,202.6,6,95.6,6.18680403097,9,2,6,180.7,52.9,154.3,2,1,4,56.3,29.9,116.4
352,352,16,370.6,7,202.7,5,78.4,6.20052417139,8,2,6,166.5,49.2,154.9,2,1,4,59.7,27.6,115.4
353,353,16,383.0,8,237.3,4,59.1,6.7477280127,8,2,6,174.0,51.0,158.0,3,1,4,89.7,30.2,117.4
354,354,16,354.7,6,171.4,6,98.1,6.05846171345,8,2,6,159.2,51.2,144.3,2,1,3,56.9,30.4,84.1
355,355,16,388.2,8,244.3,5,77.4,7.3269252305,8,2,6,175.2,59.7,153.3,3,1,4,91.1,35.5,117.7
356,356,16,389.5,10,291.2,4,55.6,7.21424227945,8,2,6,180.8,57.1,151.6,4,2,4,117.7,57.1,116.4
357,357,16,378.2,9,272.5,7,105.7,8.11704995673,8,2,6,167.7,61.7,148.8,3,2,4,93.2,61.7,117.6
366,366,1,27.3,1,27.3,0,0,,0,0,1,0,0,27.3,0,0,1,0,0,27.3
367,367,1,22.5,0,0,0,0,,0,0,1,0,0,22.5,0,0,0,0,0,0
368,368,2,46.4,0,0,0,0,1.97989898732,0,1,1,0,21.8,24.6,0,0,0,0,0,0
369,369,2,47.9,0,0,0,0,1.34350288425,0,1,1,0,23.0,24.9,0,0,0,0,0,0
370,370,4,82.2,1,26.8,2,31.6,5.66774499544,1,2,1,14.9,40.5,26.8,0,0,1,0,0,26.8
371,371,5,105.6,1,28.0,2,30.3,5.80232711935,1,2,2,14.9,40.3,50.4,0,0,1,0,0,28.0
372,372,5,94.2,0,0,3,48.2,4.26766915306,1,2,2,14.1,34.1,46.0,0,0,0,0,0,0
373,373,5,101.8,0,0,2,30.4,4.72683826675,1,2,2,15.0,38.9,47.9,0,0,0,0,0,0
374,374,6,111.1,0,0,4,65.4,3.41022970878,1,2,3,15.2,39.8,56.1,0,0,0,0,0,0
375,375,6,104.9,0,0,5,84.1,2.3120697798,1,2,3,15.0,33.6,56.3,0,0,0,0,0,0
376,376,7,126.9,0,0,5,79.6,4.19154477717,1,2,4,14.7,35.7,76.5,0,0,0,0,0,0
377,377,8,135.5,0,0,5,72.6,3.44297939913,2,2,4,28.0,36.1,71.4,0,0,0,0,0,0
378,378,8,143.8,0,0,5,71.5,5.13746741387,2,2,4,27.6,40.2,76.0,0,0,0,0,0,0
379,379,9,152.3,0,0,6,83.2,4.85921232757,3,2,4,39.3,39.8,73.2,0,0,0,0,0,0
380,380,9,148.1,0,0,6,82.7,4.22288737451,3,2,4,39.0,38.9,70.2,0,0,0,0,0,0
