,e_id,num_sat,sum_snr,num_sat_25,sum_snr_25,snr_std,elev_0_30,elev_30_60,elev_60_90,elev_0_30_25,elev_30_60_25,elev_60_90_25
1,1,16,345.7,2,60.5,4.35820586174,7,6,3,1,0,1
2,2,18,394.7,5,156.5,6.69660190874,8,7,3,1,2,2
3,3,18,410.0,5,168.5,7.27506260782,8,7,3,1,2,2
4,4,17,383.5,5,157.3,6.63382043241,8,6,3,1,2,2
5,5,17,396.2,5,157.5,6.2230891232,8,6,3,0,3,2
6,6,18,416.9,5,163.7,6.57313058988,8,7,3,1,2,2
7,7,18,420.6,5,167.8,6.96258910599,8,7,3,1,2,2
8,8,18,429.2,5,169.6,7.14103487493,8,7,3,1,2,2
9,9,19,449.7,6,199.5,7.40390682392,9,7,3,1,3,2
10,10,19,438.1,6,194.1,7.24325861209,9,7,3,1,3,2
11,11,18,413.5,5,162.6,6.75859414163,9,6,3,1,2,2
12,12,19,432.5,6,191.8,7.01175287375,9,7,3,1,3,2
13,13,18,412.7,6,190.4,7.25508386099,9,6,3,1,3,2
14,14,18,399.0,6,188.7,7.73806481356,9,6,3,1,3,2
15,15,19,428.1,6,186.4,6.88928738708,9,7,3,1,3,2
16,16,19,433.3,6,189.6,7.18149424905,9,7,3,1,3,2
17,17,19,427.9,6,194.9,7.66315709145,9,7,3,1,3,2
18,18,19,424.0,6,183.5,6.69960721551,9,7,3,1,3,2
19,19,19,422.7,7,209.1,6.76858498433,9,7,3,1,4,2
20,20,18,391.7,5,157.5,7.02400412777,9,6,3,0,3,2
21,21,18,385.4,5,153.4,6.68799529349,9,6,3,1,2,2
22,22,18,385.3,5,156.7,7.13099879336,9,6,3,1,2,2
23,23,17,376.5,5,156.0,7.09578375226,9,5,3,1,2,2
24,24,19,412.4,6,183.5,7.14084290731,9,7,3,1,3,2
25,25,19,399.7,4,126.3,6.59336455388,9,7,3,0,2,2
26,26,19,410.7,5,155.3,6.75608887168,9,7,3,1,2,2
27,27,19,420.9,6,183.6,7.04015217805,9,7,3,1,3,2
28,28,19,424.9,6,188.5,7.57798056699,9,7,3,1,3,2
29,29,19,427.1,6,191.8,7.67713625336,9,7,3,1,3,2
30,30,19,418.2,6,190.5,7.86687109458,9,7,3,1,3,2
31,31,19,419.2,6,191.0,7.82625286572,9,7,3,1,3,2
32,32,19,408.4,5,164.8,7.88038871603,9,7,3,1,2,2
33,33,19,408.9,5,165.4,7.97806569061,9,7,3,1,2,2
34,34,19,415.8,5,166.5,7.76525474705,9,7,3,1,2,2
35,35,19,424.7,4,133.2,6.84132609149,9,7,3,1,1,2
36,36,19,407.2,6,178.7,6.61832914728,9,7,3,1,3,2
37,37,19,414.0,6,181.2,6.8475376545,9,7,3,1,3,2
38,38,19,415.0,6,179.9,6.62573398781,9,7,3,1,3,2
39,39,19,414.0,5,151.8,6.30422210699,9,7,3,1,2,2
40,40,19,412.6,5,152.9,6.53139964223,9,7,3,1,2,2
41,41,19,409.7,5,153.3,6.64531669058,9,7,3,1,2,2
42,42,18,397.4,6,180.4,6.85853316127,9,6,3,1,3,2
43,43,19,434.9,5,164.6,7.1328578297,9,7,3,1,2,2
44,44,19,427.4,7,215.3,7.27510776432,9,7,3,1,3,3
45,45,19,433.8,6,185.5,6.87976522787,9,7,3,1,2,3
46,46,18,407.9,5,159.8,7.02132373047,9,6,3,1,2,2
47,47,18,399.1,7,215.5,7.80503650031,9,6,3,1,4,2
48,48,19,406.4,6,179.6,6.53289919789,9,7,3,1,3,2
49,49,19,426.8,7,215.6,7.4860025326,9,7,3,1,4,2
50,50,19,400.7,5,156.7,7.07710665431,9,7,3,1,2,2
51,51,18,387.9,4,126.7,6.67252928497,9,6,3,1,1,2
52,52,18,399.1,5,161.6,7.44144242466,9,6,3,1,2,2
53,53,18,401.9,5,159.4,7.15531933398,9,6,3,1,1,3
54,54,19,427.8,6,182.3,6.55864680809,9,7,3,2,2,2
55,55,19,436.7,8,240.9,7.19801385861,9,7,3,2,4,2
56,56,19,425.9,5,153.4,6.04761322598,9,7,3,1,2,2
57,57,19,420.6,7,201.3,6.04439230714,9,7,3,2,3,2
58,58,19,442.5,7,218.4,7.28483163359,9,7,3,2,3,2
59,59,18,419.6,6,188.8,7.088921671,9,6,3,1,3,2
60,60,18,428.6,7,219.1,7.36221585002,9,6,3,2,3,2
61,61,18,420.9,8,242.1,7.33919774426,9,6,3,2,4,2
62,62,18,415.8,8,241.7,7.34150168963,9,6,3,2,4,2
63,63,18,413.7,8,241.1,7.26597631187,9,6,3,2,4,2
64,64,18,425.9,8,247.9,7.46561836128,9,6,3,2,4,2
65,65,18,417.8,8,236.9,6.71669464306,9,6,3,2,4,2
66,66,18,405.3,6,184.3,7.14293151222,9,6,3,2,2,2
67,67,17,395.4,7,217.6,7.94056506361,9,5,3,2,3,2
68,68,17,386.4,6,188.6,7.532078457,9,5,3,1,3,2
69,69,18,419.4,7,218.2,7.34622752326,9,6,3,2,3,2
70,70,19,447.7,7,221.5,7.22881660258,9,7,3,2,3,2
71,71,19,436.4,7,220.7,7.6530351736,9,7,3,2,3,2
72,72,19,435.9,6,190.6,7.20195311391,9,7,3,2,2,2
73,73,19,433.8,5,166.3,7.18911620527,9,7,3,2,1,2
74,74,19,418.2,4,134.2,7.03285106852,9,7,3,1,1,2
75,75,18,399.7,4,135.5,7.28176386374,8,7,3,0,2,2
76,76,17,387.2,5,164.4,7.55649798284,8,6,3,1,2,2
77,77,17,365.6,4,129.7,7.53462595192,7,7,3,1,1,2
78,78,17,373.4,6,187.6,7.85850981234,7,7,3,2,2,2
79,79,15,344.8,6,192.0,8.77910397858,7,5,3,2,2,2
80,80,17,363.2,4,133.1,7.70835108636,8,6,3,0,2,2
81,81,18,388.4,4,136.3,7.66040665144,8,7,3,0,2,2
82,82,18,389.4,4,130.9,7.34958982449,8,7,3,0,2,2
83,83,19,417.3,6,186.4,7.4924562451,9,7,3,1,3,2
84,84,20,436.8,7,211.5,7.49044303377,10,7,3,2,3,2
85,85,19,409.5,5,160.7,7.59168905383,9,7,3,1,2,2
86,86,19,411.2,5,155.6,7.3666150669,9,7,3,1,2,2
87,87,19,404.1,6,186.1,7.93123590142,9,7,3,2,2,2
88,88,19,410.8,6,190.9,7.94359133358,9,7,3,2,2,2
89,89,18,397.9,5,167.5,8.35650308388,9,6,3,1,2,2
90,90,18,408.9,7,217.4,8.10477346637,9,6,3,2,3,2
91,91,18,394.7,6,181.6,7.26755930837,9,6,3,2,2,2
92,92,17,388.7,6,187.3,7.31274069488,9,5,3,1,2,3
93,93,18,410.8,6,183.1,6.94410927296,9,6,3,2,1,3
94,94,18,417.9,8,235.4,6.85593345427,9,6,3,2,3,3
95,95,18,409.0,5,155.1,6.64384328493,9,6,3,0,2,3
96,96,20,454.3,6,185.1,6.5674857001,10,7,3,0,3,3
97,97,20,454.0,5,166.1,7.09180401665,10,7,3,1,2,2
98,98,20,448.9,7,223.1,7.90951958086,10,7,3,1,4,2
99,99,20,439.4,5,165.7,7.49646232355,10,7,3,1,2,2
100,100,20,446.3,6,191.9,7.53219580761,10,7,3,1,3,2
101,101,20,453.3,6,192.5,7.37501293487,10,7,3,1,3,2
102,102,20,452.3,6,195.5,7.70189826225,10,7,3,1,3,2
103,103,19,441.4,6,195.6,7.44192721691,9,7,3,1,3,2
104,104,19,438.4,6,194.5,7.53936647097,9,7,3,1,3,2
105,105,19,443.4,6,194.9,7.47307838744,9,7,3,1,3,2
106,106,19,440.8,6,196.6,7.693070475,9,7,3,1,3,2
107,107,19,434.2,6,197.2,8.08753282123,9,7,3,1,3,2
108,108,19,407.0,5,154.5,6.94426853578,9,7,3,1,2,2
109,109,19,420.9,6,188.9,7.59651736149,9,7,3,1,3,2
110,110,19,418.8,7,214.4,7.77826857265,9,7,3,1,4,2
111,111,19,433.3,7,217.4,7.62098518596,9,7,3,1,4,2
112,112,19,435.3,8,243.0,7.67961911214,9,7,3,1,5,2
113,113,19,434.4,6,189.1,7.21327561024,9,7,3,1,3,2
114,114,19,438.4,6,188.3,6.94468958632,9,7,3,1,3,2
115,115,19,445.4,8,240.3,7.00716425362,9,7,3,1,4,3
116,116,19,447.4,8,236.1,6.53931430495,9,7,3,2,4,2
117,117,18,411.6,5,162.5,7.2150985481,8,7,3,0,3,2
118,118,18,421.3,5,162.7,7.21619683296,8,7,3,0,3,2
119,119,18,427.4,6,193.7,7.43688915215,8,7,3,1,3,2
120,120,18,426.5,5,173.6,7.9766182,8,7,3,1,2,2
121,121,18,416.8,6,184.2,6.95296993016,8,7,3,1,3,2
122,122,18,415.4,6,188.4,6.92774095728,8,7,3,2,2,2
123,123,18,426.9,7,220.4,7.37533648285,8,7,3,2,3,2
124,124,18,423.4,6,192.9,7.29678055967,8,7,3,1,3,2
125,125,18,421.4,5,165.9,7.05106490822,8,7,3,1,2,2
126,126,18,433.2,6,193.2,6.94550214167,8,7,3,1,3,2
127,127,17,414.7,5,178.3,8.23395945067,8,6,3,1,2,2
128,128,17,405.6,5,176.4,8.22565034082,8,6,3,1,2,2
129,129,18,427.8,6,208.8,8.91258198543,9,6,3,1,3,2
130,130,19,460.4,8,261.8,8.68549574045,9,7,3,1,5,2
131,131,19,463.1,7,237.8,8.48088321562,9,7,3,1,4,2
132,132,19,483.2,8,268.9,8.52245743326,9,7,3,1,5,2
133,133,19,472.2,8,261.8,7.95685367893,9,7,3,1,5,2
134,134,19,469.1,8,261.8,8.18677081481,9,7,3,1,5,2
135,135,19,454.5,7,231.5,8.1571767275,9,7,3,2,3,2
136,136,19,450.2,7,224.2,7.80637016831,9,7,3,1,4,2
137,137,19,454.3,7,227.9,7.86383386402,9,7,3,1,4,2
138,138,20,474.3,7,236.7,8.31613998262,9,8,3,1,4,2
139,139,20,488.4,7,238.0,8.23884253496,9,8,3,1,4,2
140,140,19,448.8,6,211.9,8.67240700583,9,7,3,1,3,2
141,141,20,467.3,6,210.9,8.59181219779,9,8,3,1,3,2
142,142,20,460.3,6,210.2,8.60686843228,9,8,3,1,3,2
143,143,19,439.3,7,233.9,8.87659712999,9,7,3,1,4,2
144,144,18,414.8,7,235.6,9.46288242508,9,6,3,1,4,2
145,145,18,407.9,6,213.6,9.98210981406,9,6,3,1,3,2
146,146,19,429.8,6,213.4,9.64166761437,9,7,3,1,3,2
147,147,18,404.9,6,210.6,9.83107152452,9,6,3,1,3,2
148,148,18,413.6,6,210.4,9.46712923476,9,6,3,1,3,2
149,149,18,408.1,7,236.5,9.75673556518,9,6,3,1,4,2
150,150,18,408.4,7,231.7,9.28603561895,9,6,3,1,4,2
151,151,18,415.4,6,201.4,8.59908035819,9,6,3,1,3,2
152,152,18,421.3,6,202.6,8.3990526232,9,6,3,1,3,2
153,153,19,434.3,6,202.2,8.3171386499,9,7,3,1,3,2
154,154,20,470.3,6,208.7,8.28113105674,9,8,3,1,3,2
155,155,19,441.1,7,232.6,8.42326560835,9,7,3,1,4,2
156,156,20,469.4,6,209.3,8.3794925107,9,8,3,1,3,2
157,157,19,430.2,6,206.2,8.7806805475,9,7,3,1,3,2
158,158,19,431.7,6,208.5,9.00059127362,9,7,3,1,3,2
159,159,19,437.3,6,210.1,9.02436597698,9,7,3,1,3,2
160,160,18,417.1,7,228.3,8.39038704538,8,7,3,1,4,2
161,161,18,420.2,6,206.3,8.58303540317,8,7,3,1,3,2
162,162,19,441.9,6,204.3,8.04890025542,8,8,3,1,3,2
163,163,19,440.2,6,201.3,7.87267091707,8,8,3,1,3,2
164,164,18,408.5,6,195.8,7.86125811082,8,7,3,1,3,2
165,165,18,420.7,6,206.7,8.4804138048,8,7,3,1,3,2
166,166,18,417.6,6,213.0,9.48577882938,8,7,3,1,3,2
167,167,19,448.3,6,209.5,8.45185539684,8,8,3,1,3,2
168,168,19,454.0,7,228.4,7.42012830708,8,8,3,1,4,2
169,169,19,448.0,7,220.2,7.01590090417,8,8,3,1,4,2
170,170,19,447.6,7,222.9,7.22920894623,8,8,3,1,4,2
171,171,19,436.2,7,226.9,7.98201560381,8,8,3,1,4,2
172,172,19,437.6,6,210.0,9.10537403171,8,8,3,1,3,2
173,173,19,449.4,6,214.7,9.00637850643,8,8,3,1,3,2
174,174,19,434.4,5,187.4,9.63397982412,8,8,3,1,3,1
175,175,19,437.6,6,214.0,9.55469940405,8,8,3,1,3,2
176,176,19,441.8,6,213.8,9.44583202741,8,8,3,1,3,2
177,177,19,439.2,6,212.3,9.39179684369,8,8,3,1,3,2
178,178,19,436.8,6,213.8,9.48167207106,8,8,3,1,3,2
179,179,19,431.1,6,212.1,9.38183201352,8,8,3,1,3,2
180,180,19,432.9,6,212.5,9.54319205611,8,8,3,1,3,2
181,181,19,431.0,5,181.8,9.32423742237,8,8,3,1,3,1
182,182,20,450.5,6,209.4,9.06699480185,9,8,3,1,3,2
183,183,20,462.0,6,216.9,9.45064742979,9,8,3,1,3,2
184,184,20,454.6,6,219.4,9.9629365783,9,8,3,1,3,2
185,185,20,460.4,6,213.8,9.28125445242,9,8,3,1,3,2
186,186,20,452.8,6,210.5,9.10612286784,9,8,3,1,3,2
187,187,20,472.6,6,217.3,9.34885864129,9,8,3,1,3,2
188,188,20,476.5,7,229.5,7.65656752832,9,8,3,1,4,2
189,189,20,469.5,7,225.3,7.42186492382,9,8,3,1,4,2
190,190,20,459.8,7,224.6,7.6633028471,9,8,3,1,4,2
191,191,20,469.8,7,226.3,7.56751367081,9,8,3,1,4,2
192,192,20,469.7,6,202.8,7.70736319168,9,8,3,1,4,1
193,193,20,466.4,7,227.1,7.8002429112,9,8,3,1,4,2
194,194,20,473.2,7,229.8,7.76635117197,9,8,3,1,4,2
195,195,20,471.1,6,207.2,8.00562138027,9,8,3,1,3,2
196,196,20,466.6,6,210.7,8.41471768298,9,8,3,1,3,2
197,197,20,449.5,6,200.6,7.86898475362,9,8,3,1,3,2
198,198,20,462.5,6,206.6,8.19363520635,9,8,3,1,3,2
199,199,20,453.9,6,204.9,8.12691920653,9,8,3,1,3,2
200,200,20,455.1,5,171.2,7.62823529292,9,8,3,1,3,1
201,201,20,460.6,7,220.9,7.40789763485,9,8,3,2,3,2
202,202,20,458.1,6,195.9,7.43069558266,9,8,3,2,3,1
203,203,20,463.8,6,200.0,7.60850631997,9,8,3,2,3,1
204,204,20,462.0,7,225.4,7.81671623072,9,8,3,3,3,1
205,205,20,465.5,6,200.0,7.80430886383,9,8,3,2,3,1
206,206,20,457.6,5,174.7,8.1979843479,9,8,3,1,3,1
207,207,20,441.7,5,170.8,8.0510394883,9,8,3,1,3,1
208,208,19,427.7,6,200.1,8.42924108465,9,7,3,1,3,2
209,209,19,438.4,6,206.1,8.44892117408,9,7,3,1,3,2
210,210,20,425.4,5,153.4,6.32814099251,9,8,3,1,2,2
211,211,20,436.9,6,190.3,7.45318547228,9,8,3,1,3,2
212,212,21,451.6,6,196.7,7.89768802818,10,8,3,1,3,2
213,213,20,443.2,6,199.2,8.0465357044,10,7,3,1,3,2
214,214,21,467.3,6,205.8,8.56753284485,10,8,3,1,3,2
215,215,20,445.2,6,202.3,8.36857530477,10,7,3,1,3,2
216,216,21,453.2,8,228.7,6.6026978613,10,8,3,2,4,2
217,217,21,460.3,7,219.5,7.83183369637,10,8,3,1,4,2
218,218,21,461.1,6,189.7,7.33379652217,10,8,3,1,3,2
219,219,21,465.7,7,210.1,6.87269268642,10,8,3,1,4,2
220,220,21,461.6,7,209.0,6.92521617335,10,8,3,1,4,2
221,221,21,434.4,6,172.1,6.44734718425,10,8,3,1,3,2
222,222,21,435.8,6,188.5,7.6820322212,10,8,3,1,3,2
223,223,20,424.0,6,189.9,7.82869216745,10,7,3,1,3,2
224,224,20,415.3,6,188.0,7.87168643738,10,7,3,1,3,2
225,225,21,442.7,6,189.6,7.4713866884,10,8,3,1,3,2
226,226,21,445.6,6,190.8,7.639804909,10,8,3,1,3,2
227,227,21,446.0,6,190.7,7.63560581686,10,8,3,1,3,2
228,228,21,436.6,6,183.9,7.16769870753,10,8,3,1,3,2
229,229,21,433.0,5,156.2,6.63329624302,10,8,3,1,3,1
230,230,20,410.0,4,127.2,6.52839949758,10,7,3,1,3,0
231,231,20,404.4,5,155.4,6.9053449931,10,7,3,1,3,1
232,232,20,410.1,5,154.8,6.72305342597,10,7,3,1,3,1
233,233,20,415.7,5,157.5,6.90166074598,10,7,3,1,3,1
234,234,20,411.1,5,156.7,6.80676714361,10,7,3,1,3,1
235,235,20,417.6,5,157.2,6.72869737921,10,7,3,1,3,1
236,236,20,427.7,5,157.5,6.58573218565,10,7,3,1,3,1
237,237,20,441.9,5,162.3,6.82337121494,10,7,3,1,3,1
238,238,21,473.0,6,198.7,7.26367019914,10,8,3,1,3,2
239,239,20,441.0,6,186.1,6.59325811959,10,7,3,1,3,2
240,240,19,432.4,6,195.9,7.45030318469,9,7,3,1,3,2
241,241,19,430.0,6,198.6,7.85189663086,9,7,3,1,3,2
242,242,19,445.3,6,204.2,8.01680253012,9,7,3,1,3,2
243,243,19,437.2,6,203.0,8.05735652383,9,7,3,1,3,2
244,244,19,440.5,6,206.8,8.41726157356,9,7,3,1,3,2
245,245,19,438.9,6,208.1,8.52121535411,9,7,3,1,3,2
246,246,20,476.6,7,232.5,7.5921774146,9,8,3,1,4,2
247,247,19,448.0,7,233.0,7.9832170449,8,8,3,1,4,2
248,248,18,422.4,7,228.3,7.93955103191,8,7,3,1,4,2
249,249,19,445.1,6,198.7,7.38999639943,8,8,3,1,3,2
250,250,20,464.4,7,228.5,7.66767651625,9,8,3,2,3,2
251,251,20,452.0,7,217.0,7.02963651078,9,8,3,3,3,1
252,252,20,441.3,5,151.6,6.07464748815,9,8,3,1,3,1
253,253,20,445.7,6,181.4,6.33787902427,9,8,3,1,4,1
254,254,20,437.2,6,185.7,6.85438008253,9,8,3,1,4,1
255,255,20,434.3,6,183.0,6.75046002331,9,8,3,1,4,1
256,256,19,439.0,7,217.8,7.24618471904,8,8,3,1,4,2
257,257,19,444.9,7,225.0,7.80728030309,8,8,3,1,4,2
258,258,20,464.1,7,223.9,7.53591226622,9,8,3,1,4,2
259,259,19,427.2,7,220.1,7.77497861075,9,7,3,1,4,2
260,260,18,407.0,6,195.5,8.15784637734,8,7,3,0,4,2
261,261,1,30.3,1,30.3,,0,0,1,0,0,1
262,262,1,30.3,1,30.3,,0,0,1,0,0,1
263,263,1,30.3,1,30.3,,0,0,1,0,0,1
264,264,1,30.3,1,30.3,,0,0,1,0,0,1
265,265,1,30.3,1,30.3,,0,0,1,0,0,1
266,266,1,30.3,1,30.3,,0,0,1,0,0,1
267,267,5,109.4,1,30.3,4.73096184724,1,2,2,0,0,1
268,268,4,79.1,0,0,0.55,1,2,1,0,0,0
269,269,8,151.0,0,0,1.21390750413,2,5,1,0,0,0
270,270,10,180.2,0,0,2.08209296409,2,6,2,0,0,0
271,271,11,199.6,1,25.2,3.41741529123,3,6,2,0,1,0
272,272,11,197.1,0,0,3.39405898058,3,6,2,0,0,0
273,273,12,212.4,0,0,3.60958320435,4,6,2,0,0,0
274,274,12,210.0,0,0,3.58937826979,4,6,2,0,0,0
277,277,5,93.7,0,0,1.32966161109,1,3,1,0,0,0
278,278,8,154.6,0,0,1.91740151544,3,4,1,0,0,0
279,279,11,205.2,0,0,1.21355975243,4,6,1,0,0,0
280,280,13,246.9,0,0,2.00310656168,5,7,1,0,0,0
281,281,13,245.3,0,0,3.00676587476,5,7,1,0,0,0
282,282,13,241.7,0,0,3.11032193898,5,7,1,0,0,0
283,283,13,235.7,0,0,2.97163945082,5,7,1,0,0,0
284,284,13,226.2,0,0,2.55375540463,5,7,1,0,0,0
285,285,13,234.7,0,0,3.64317063939,5,7,1,0,0,0
286,286,13,233.3,0,0,3.43356359696,5,7,1,0,0,0
287,287,13,241.2,0,0,3.99136889313,5,7,1,0,0,0
288,288,13,236.3,0,0,4.05178023552,5,7,1,0,0,0
289,289,13,231.8,0,0,3.64746135812,5,7,1,0,0,0
290,290,15,264.4,0,0,3.61810263352,7,7,1,0,0,0
