,e_id,num_sat,sum_snr,num_sat_25,sum_snr_25,num_sat_u20,sum_sat_u20,snr_std,elev_0_30,elev_30_60,elev_60_90,sum_elev_0_30,sum_elev_30_60,sum_elev_60_90,elev_0_30_25,elev_30_60_25,elev_60_90_25,sum_elev_0_30_25,sum_elev_30_60_25,sum_elev_60_90_25
1,1,16,345.7,2,60.5,6,104.7,4.35820586174,9,4,3,186.4,88.0,71.3,1,0,1,30.9,0,29.6
2,2,18,394.7,5,156.5,10,168.3,6.69660190874,10,5,3,199.4,114.8,80.5,1,2,2,31.9,63.0,61.6
3,3,18,410.0,5,168.5,10,175.5,7.27506260782,10,5,3,197.8,128.6,83.6,1,2,2,33.2,68.5,66.8
4,4,17,383.5,5,157.3,9,157.0,6.63382043241,10,4,3,192.0,105.2,86.3,1,2,2,28.6,59.2,69.5
5,5,17,396.2,5,157.5,6,104.4,6.2230891232,9,5,3,173.5,134.8,87.9,0,3,2,0,87.7,69.8
6,6,18,416.9,5,163.7,6,105.3,6.57313058988,10,5,3,200.7,128.9,87.3,1,2,2,29.6,64.9,69.2
7,7,18,420.6,5,167.8,7,125.2,6.96258910599,10,5,3,197.9,131.5,91.2,1,2,2,29.8,67.6,70.4
8,8,18,429.2,5,169.6,6,103.1,7.14103487493,10,5,3,200.0,135.0,94.2,1,2,2,32.1,67.0,70.5
9,9,19,449.7,6,199.5,8,139.5,7.40390682392,11,5,3,217.9,136.3,95.5,1,3,2,31.3,96.6,71.6
10,10,19,438.1,6,194.1,10,174.8,7.24325861209,11,5,3,208.7,136.7,92.7,1,3,2,31.0,94.1,69.0
11,11,18,413.5,5,162.6,8,138.5,6.75859414163,10,5,3,191.2,128.3,94.0,1,2,2,29.9,62.6,70.1
12,12,19,432.5,6,191.8,9,155.3,7.01175287375,11,5,3,225.5,114.2,92.8,2,2,2,63.1,57.8,70.9
13,13,18,412.7,6,190.4,9,153.9,7.25508386099,10,5,3,201.2,116.3,95.2,2,2,2,62.0,57.5,70.9
14,14,18,399.0,6,188.7,9,143.9,7.73806481356,10,5,3,185.7,117.9,95.4,2,2,2,59.1,59.1,70.5
15,15,19,428.1,6,186.4,8,131.7,6.88928738708,11,5,3,217.3,119.8,91.0,2,2,2,61.0,58.3,67.1
16,16,19,433.3,6,189.6,8,129.5,7.18149424905,11,5,3,215.9,124.3,93.1,2,2,2,59.1,60.3,70.2
17,17,19,427.9,6,194.9,10,165.7,7.66315709145,11,5,3,210.1,129.6,88.2,2,2,2,59.1,65.6,70.2
18,18,19,424.0,6,183.5,8,130.4,6.69960721551,11,5,3,205.9,127.2,90.9,2,2,2,54.4,61.3,67.8
19,19,19,422.7,7,209.1,10,171.8,6.76858498433,11,5,3,204.6,128.2,89.9,2,3,2,52.6,88.1,68.4
20,20,18,391.7,5,157.5,10,167.0,7.02400412777,10,5,3,176.0,127.2,88.5,0,3,2,0,90.5,67.0
21,21,18,385.4,5,153.4,9,146.3,6.68799529349,10,5,3,178.8,124.6,82.0,1,2,2,26.4,62.2,64.8
22,22,18,385.3,5,156.7,10,163.0,7.13099879336,10,5,3,174.9,125.7,84.7,1,2,2,26.4,62.8,67.5
23,23,17,376.5,5,156.0,8,128.7,7.09578375226,9,5,3,163.6,128.8,84.1,1,2,2,25.8,63.3,66.9
24,24,19,412.4,6,183.5,9,142.1,7.14084290731,11,5,3,200.3,127.1,85.0,1,3,2,27.1,88.6,67.8
25,25,19,399.7,4,126.3,9,143.9,6.59336455388,11,5,3,195.2,126.7,77.8,0,2,2,0,63.3,63.0
26,26,19,410.7,5,155.3,8,128.1,6.75608887168,11,5,3,198.6,125.9,86.2,1,2,2,26.6,63.3,65.4
27,27,19,420.9,6,183.6,9,146.5,7.04015217805,11,5,3,207.9,122.8,90.2,2,2,2,54.7,61.7,67.2
28,28,19,424.9,6,188.5,8,125.4,7.57798056699,11,5,3,211.6,118.2,95.1,2,2,2,56.7,61.1,70.7
29,29,19,427.1,6,191.8,10,165.6,7.67713625336,11,5,3,214.4,116.5,96.2,2,2,2,59.1,60.5,72.2
30,30,19,418.2,6,190.5,9,138.4,7.86687109458,11,5,3,212.2,109.1,96.9,2,2,2,58.7,59.5,72.3
31,31,19,419.2,6,191.0,10,158.4,7.82625286572,11,5,3,211.2,111.2,96.8,2,2,2,58.8,59.0,73.2
32,32,19,408.4,5,164.8,11,174.8,7.88038871603,11,5,3,212.1,100.1,96.2,2,1,2,59.7,32.3,72.8
33,33,19,408.9,5,165.4,11,173.4,7.97806569061,11,5,3,213.0,99.7,96.2,2,1,2,59.8,32.6,73.0
34,34,19,415.8,5,166.5,10,159.8,7.76525474705,11,5,3,214.1,105.2,96.5,2,1,2,60.9,32.8,72.8
35,35,19,424.7,5,158.2,8,128.3,6.84132609149,11,5,3,211.6,118.8,94.3,2,1,2,55.5,32.0,70.7
36,36,19,407.2,6,178.7,10,163.6,6.61832914728,11,5,3,202.3,113.7,91.2,2,2,2,52.4,57.2,69.1
37,37,19,414.0,6,181.2,9,142.9,6.8475376545,11,5,3,203.4,116.9,93.7,2,2,2,56.2,55.7,69.3
38,38,19,415.0,6,179.9,9,146.8,6.62573398781,11,5,3,206.1,116.3,92.6,2,2,2,54.7,54.8,70.4
39,39,19,414.0,5,151.8,10,170.3,6.30422210699,11,5,3,205.2,116.2,92.6,1,2,2,26.3,55.7,69.8
40,40,19,412.6,5,152.9,9,146.1,6.53139964223,11,5,3,205.1,114.8,92.7,1,2,2,28.3,55.1,69.5
41,41,19,409.7,5,153.3,10,164.8,6.64531669058,11,5,3,199.1,117.6,93.0,1,2,2,27.7,56.3,69.3
42,42,18,397.4,6,180.4,7,106.8,6.85853316127,10,5,3,186.7,119.3,91.4,2,2,2,53.1,58.9,68.4
43,43,19,434.9,5,164.6,8,130.9,7.1328578297,11,5,3,210.2,129.5,95.2,1,2,2,32.0,61.4,71.2
44,44,19,427.4,7,215.3,9,148.2,7.27510776432,11,5,3,211.1,117.9,98.4,2,2,3,57.3,59.6,98.4
45,45,19,433.8,6,185.5,8,130.4,6.87976522787,11,5,3,215.7,123.4,94.7,1,2,3,31.7,59.1,94.7
46,46,18,407.9,5,159.8,7,111.5,7.02132373047,10,5,3,186.2,128.2,93.5,1,2,2,29.8,59.2,70.8
47,47,18,399.1,7,215.5,10,160.3,7.80503650031,10,5,3,174.7,132.2,92.2,2,3,2,53.0,93.6,68.9
48,48,19,406.4,6,179.6,12,204.5,6.53289919789,11,5,3,199.0,124.6,82.8,1,3,2,29.9,86.2,63.5
49,49,19,426.8,7,215.6,10,164.4,7.4860025326,11,5,3,216.7,127.7,82.4,2,3,2,60.6,92.5,62.5
50,50,19,400.7,5,156.7,11,178.8,7.07710665431,11,5,3,205.8,108.0,86.9,2,1,2,56.9,32.8,67.0
51,51,18,387.9,4,126.7,8,125.9,6.67252928497,11,4,3,210.1,91.8,86.0,1,1,2,29.4,29.9,67.4
52,52,18,399.1,5,161.6,9,147.3,7.44144242466,10,5,3,180.9,122.6,95.6,1,2,2,28.1,61.9,71.6
53,53,18,401.9,6,184.4,9,149.3,7.15531933398,10,5,3,188.7,116.5,96.7,2,1,3,55.5,32.2,96.7
54,54,19,427.8,6,182.3,8,131.9,6.55864680809,11,5,3,220.4,123.8,83.6,2,2,2,59.8,58.0,64.5
55,55,19,436.7,8,240.9,8,132.0,7.19801385861,11,5,3,222.5,123.5,90.7,3,3,2,85.0,84.5,71.4
56,56,19,425.9,5,153.4,8,137.3,6.04761322598,11,5,3,217.2,123.8,84.9,1,2,2,28.7,58.9,65.8
57,57,19,420.6,7,201.3,10,173.0,6.04439230714,11,5,3,217.6,120.9,82.1,2,3,2,55.6,82.7,63.0
58,58,19,442.5,7,218.4,7,111.3,7.28483163359,11,5,3,222.5,131.7,88.3,2,3,2,57.8,88.5,72.1
59,59,18,419.6,6,188.8,4,58.6,7.088921671,10,5,3,198.9,128.5,92.2,1,3,2,29.3,85.1,74.4
60,60,18,428.6,7,219.1,5,78.4,7.36221585002,10,5,3,205.7,130.2,92.7,2,3,2,55.5,88.7,74.9
61,61,18,420.9,8,242.1,7,112.3,7.33919774426,10,5,3,202.4,128.2,90.3,3,3,2,83.6,86.0,72.5
62,62,18,415.8,8,241.7,8,130.8,7.34150168963,10,5,3,200.6,126.4,88.8,3,3,2,85.4,85.3,71.0
63,63,18,413.7,8,241.1,8,129.3,7.26597631187,10,5,3,207.3,120.0,86.4,3,3,2,90.6,81.9,68.6
64,64,18,425.9,8,247.9,7,112.9,7.46561836128,10,5,3,208.2,129.2,88.5,3,3,2,89.6,87.6,70.7
65,65,18,417.8,8,236.9,7,115.5,6.71669464306,10,5,3,204.8,126.2,86.8,3,3,2,83.0,84.9,69.0
66,66,18,405.3,6,184.3,8,128.8,7.14293151222,10,5,3,201.1,121.3,82.9,2,2,2,56.2,58.5,69.6
67,67,17,395.4,7,217.6,6,93.9,7.94056506361,9,5,3,176.7,131.2,87.5,2,3,2,52.2,91.2,74.2
68,68,17,386.4,6,188.6,7,112.6,7.532078457,9,5,3,174.2,131.9,80.3,1,3,2,29.7,91.9,67.0
69,69,18,419.4,7,218.2,8,135.7,7.34622752326,10,5,3,208.5,123.0,87.9,3,2,2,83.6,64.6,70.0
70,70,19,447.7,7,221.5,7,117.2,7.22881660258,11,5,3,230.9,125.5,91.3,3,2,2,85.3,65.4,70.8
71,71,19,436.4,7,220.7,7,111.5,7.6530351736,11,5,3,226.8,117.9,91.7,3,2,2,86.5,62.6,71.6
72,72,19,435.9,6,190.6,6,94.0,7.20195311391,11,5,3,228.2,114.8,92.9,3,1,2,83.7,35.6,71.3
73,73,19,433.8,5,166.3,7,117.1,7.18911620527,11,5,3,226.2,119.0,88.6,2,1,2,61.2,38.6,66.5
74,74,19,418.2,4,134.2,7,111.9,7.03285106852,11,5,3,212.8,120.8,84.6,1,1,2,28.2,39.4,66.6
75,75,18,399.7,4,135.5,8,134.7,7.28176386374,10,5,3,183.7,124.8,91.2,0,2,2,0,65.5,70.0
76,76,17,387.2,5,164.4,7,113.7,7.55649798284,9,5,3,169.3,125.8,92.1,1,2,2,28.1,66.5,69.8
77,77,17,365.6,4,129.7,9,144.4,7.53462595192,9,5,3,161.7,116.1,87.8,1,1,2,27.0,37.2,65.5
78,78,17,373.4,6,187.6,10,164.1,7.85850981234,9,5,3,164.8,125.2,83.4,2,2,2,53.3,68.9,65.4
79,79,15,344.8,6,192.0,8,130.6,8.77910397858,7,5,3,130.7,129.9,84.2,2,2,2,55.4,74.6,62.0
80,80,17,363.2,4,133.1,9,143.6,7.70835108636,9,5,3,149.2,133.3,80.7,0,2,2,0,73.8,59.3
81,81,18,388.4,4,136.3,11,186.3,7.66040665144,10,5,3,172.8,134.7,80.9,0,2,2,0,74.0,62.3
82,82,18,389.4,5,155.9,9,141.8,7.34958982449,10,5,3,172.0,135.6,81.8,1,2,2,25.0,69.3,61.6
83,83,19,417.3,6,186.4,8,121.4,7.4924562451,11,5,3,199.0,133.2,85.1,2,2,2,53.5,69.7,63.2
84,84,20,436.8,7,211.5,9,136.9,7.49044303377,12,5,3,220.3,134.4,82.1,3,2,2,80.8,69.8,60.9
85,85,19,409.5,5,160.7,9,140.1,7.59168905383,11,5,3,194.3,132.5,82.7,1,2,2,28.3,70.1,62.3
86,86,19,411.2,5,155.6,8,121.4,7.3666150669,11,5,3,200.2,132.5,78.5,1,2,2,27.9,70.1,57.6
87,87,19,404.1,6,186.1,10,152.7,7.93123590142,11,5,3,196.9,120.2,87.0,2,2,2,52.1,69.2,64.8
88,88,19,410.8,6,190.9,12,198.3,7.94359133358,11,5,3,200.7,128.0,82.1,2,2,2,56.0,71.4,63.5
89,89,18,397.9,5,167.5,7,101.0,8.35650308388,10,5,3,179.1,131.1,87.7,1,2,2,32.1,68.3,67.1
90,90,18,408.9,7,217.4,6,83.7,8.10477346637,10,5,3,187.6,134.6,86.7,3,2,2,81.9,71.8,63.7
91,91,18,394.7,6,181.6,6,88.1,7.26755930837,10,5,3,189.8,130.3,74.6,2,2,2,58.5,69.1,54.0
92,92,17,388.7,6,187.3,7,115.0,7.31274069488,9,5,3,174.1,123.0,91.6,1,2,3,32.6,63.1,91.6
93,93,18,410.8,6,183.1,6,94.6,6.94410927296,10,5,3,194.3,121.0,95.5,2,1,3,54.9,32.7,95.5
94,94,18,417.9,8,235.4,7,112.8,6.85593345427,10,5,3,194.7,125.9,97.3,2,3,3,54.6,83.5,97.3
95,95,18,409.0,5,155.1,7,111.2,6.64384328493,10,5,3,191.9,121.3,95.8,0,2,3,0,59.3,95.8
96,96,20,454.3,6,185.1,6,94.1,6.5674857001,12,5,3,231.2,130.9,92.2,1,2,3,26.2,66.7,92.2
97,97,20,454.0,5,166.1,8,132.1,7.09180401665,12,5,3,232.1,134.8,87.1,1,2,2,30.3,68.2,67.6
98,98,20,448.9,7,223.1,11,181.1,7.90951958086,12,5,3,216.9,144.9,87.1,1,4,2,29.5,125.1,68.5
99,99,20,439.4,5,165.7,10,161.6,7.49646232355,12,5,3,220.6,131.4,87.4,1,2,2,32.6,66.3,66.8
100,100,20,446.3,6,191.9,8,121.9,7.53219580761,12,5,3,234.1,124.4,87.8,2,2,2,60.3,67.3,64.3
101,101,20,453.3,6,192.5,8,129.0,7.37501293487,12,5,3,241.3,125.5,86.5,2,2,2,60.8,68.7,63.0
102,102,20,452.3,6,195.5,9,145.9,7.70189826225,12,5,3,240.5,126.1,85.7,2,2,2,62.4,69.7,63.4
103,103,19,441.4,6,195.6,8,136.3,7.44192721691,11,5,3,226.5,128.5,86.4,2,2,2,62.4,69.6,63.6
104,104,19,438.4,6,194.5,8,130.7,7.53936647097,11,5,3,225.4,127.8,85.2,2,2,2,62.4,69.7,62.4
105,105,19,443.4,6,194.9,6,92.5,7.47307838744,11,5,3,229.0,129.5,84.9,2,2,2,62.6,69.8,62.5
106,106,19,440.8,6,196.6,7,111.4,7.693070475,11,5,3,226.1,128.9,85.8,2,2,2,62.2,70.6,63.8
107,107,19,434.2,6,197.2,8,123.6,8.08753282123,11,5,3,217.5,130.2,86.5,2,2,2,62.6,71.0,63.6
108,108,19,407.0,5,154.5,9,142.3,6.94426853578,11,5,3,207.2,122.1,77.7,1,2,2,32.3,65.6,56.6
109,109,19,420.9,6,188.9,9,141.4,7.59651736149,11,5,3,213.7,124.3,82.9,2,2,2,60.5,68.1,60.3
110,110,19,418.8,7,214.4,9,139.2,7.77826857265,11,5,3,214.5,122.6,81.7,3,2,2,85.2,67.2,62.0
111,111,19,433.3,7,217.4,7,108.4,7.62098518596,11,5,3,221.7,128.1,83.5,3,2,2,86.5,67.9,63.0
112,112,19,435.3,8,243.0,8,129.5,7.67961911214,11,5,3,219.5,132.1,83.7,3,3,2,85.8,94.4,62.8
113,113,19,434.4,6,189.1,6,92.7,7.21327561024,11,5,3,218.3,131.2,84.9,2,2,2,57.4,70.5,61.2
114,114,19,438.4,6,188.3,6,96.0,6.94468958632,11,5,3,219.6,130.1,88.7,2,2,2,53.6,68.9,65.8
115,115,19,445.4,8,240.3,7,117.8,7.00716425362,11,5,3,221.5,131.6,92.3,3,2,3,79.7,68.3,92.3
116,116,19,447.4,9,261.1,7,120.9,6.53931430495,11,5,3,224.7,133.7,89.0,3,3,3,77.3,94.8,89.0
117,117,18,411.6,5,162.5,7,114.5,7.2150985481,10,5,3,186.5,136.6,88.5,0,3,2,0,97.1,65.4
118,118,18,421.3,5,162.7,5,75.9,7.21619683296,10,5,3,195.3,137.5,88.5,0,3,2,0,97.3,65.4
119,119,18,427.4,6,193.7,5,75.4,7.43688915215,10,5,3,204.5,137.6,85.3,1,3,2,33.0,98.5,62.2
120,120,18,426.5,5,173.6,6,96.3,7.9766182,10,5,3,198.2,146.2,82.1,1,2,2,31.2,77.0,65.4
121,121,18,416.8,6,184.2,7,116.9,6.95296993016,10,5,3,201.7,130.7,84.4,2,2,2,51.1,66.9,66.2
122,122,18,415.4,6,188.4,6,97.3,6.92774095728,10,5,3,199.2,130.8,85.4,2,2,2,57.0,65.5,65.9
123,123,18,426.9,7,220.4,6,96.4,7.37533648285,10,5,3,205.8,135.8,85.3,3,2,2,84.6,70.0,65.8
124,124,18,423.4,7,217.9,7,116.9,7.29678055967,10,5,3,200.8,136.4,86.2,2,3,2,55.1,96.1,66.7
125,125,18,421.4,5,165.9,8,137.6,7.05106490822,10,5,3,195.0,139.3,87.1,1,2,2,31.6,66.6,67.7
126,126,18,433.2,7,218.2,7,122.9,6.94550214167,10,5,3,201.5,144.7,87.0,1,4,2,32.7,120.8,64.7
127,127,17,414.7,5,178.3,7,120.2,8.23395945067,9,5,3,181.9,144.3,88.5,1,2,2,34.5,76.7,67.1
128,128,17,405.6,6,201.4,7,117.2,8.22565034082,9,5,3,180.9,135.8,88.9,2,2,2,58.7,75.2,67.5
129,129,18,427.8,6,208.8,7,106.4,8.91258198543,9,6,3,166.2,170.1,91.5,1,3,2,35.2,103.5,70.1
130,130,19,460.4,8,261.8,7,106.3,8.68549574045,10,6,3,193.2,183.3,83.9,1,5,2,35.7,158.7,67.4
131,131,19,463.1,8,262.8,7,112.7,8.48088321562,10,6,3,196.4,178.1,88.6,2,4,2,60.7,133.5,68.6
132,132,19,483.2,8,268.9,6,92.9,8.52245743326,10,6,3,203.9,184.8,94.5,1,5,2,38.0,160.2,70.7
133,133,19,472.2,8,261.8,6,95.4,7.95685367893,10,6,3,201.7,177.5,93.0,1,5,2,37.1,155.3,69.4
134,134,19,469.1,8,261.8,6,94.5,8.18677081481,10,6,3,199.8,176.4,92.9,1,5,2,36.7,154.2,70.9
135,135,19,454.5,7,231.5,8,132.3,8.1571767275,10,6,3,199.0,163.6,91.9,2,3,2,63.3,98.3,69.9
136,136,19,450.2,8,249.2,7,111.3,7.80637016831,10,6,3,205.0,160.9,84.3,2,4,2,63.3,119.2,66.7
137,137,19,454.3,7,227.9,7,115.2,7.86383386402,10,6,3,203.5,161.0,89.8,1,4,2,38.0,118.8,71.1
138,138,20,474.3,7,236.7,9,151.3,8.31613998262,11,6,3,216.5,169.3,88.5,1,4,2,38.8,128.1,69.8
139,139,20,488.4,7,238.0,7,114.5,8.23884253496,11,6,3,220.6,176.5,91.3,1,4,2,38.3,128.7,71.0
140,140,19,448.8,6,211.9,10,171.4,8.67240700583,10,6,3,193.5,164.0,91.3,1,3,2,37.8,103.1,71.0
141,141,20,467.3,6,210.9,9,148.7,8.59181219779,11,6,3,212.7,165.5,89.1,1,3,2,39.2,102.9,68.8
142,142,20,460.3,6,210.2,10,165.5,8.60686843228,11,6,3,209.2,160.2,90.9,1,3,2,37.9,101.7,70.6
143,143,19,439.3,7,233.9,9,142.5,8.87659712999,10,6,3,182.4,165.5,91.4,1,4,2,35.2,127.6,71.1
144,144,18,414.8,7,235.6,9,138.2,9.46288242508,9,6,3,157.5,165.1,92.2,1,4,2,35.9,127.8,71.9
145,145,18,407.9,6,213.6,10,151.4,9.98210981406,9,6,3,160.0,163.6,84.3,1,3,2,38.4,104.2,71.0
146,146,19,429.8,6,213.4,10,154.7,9.64166761437,10,6,3,183.2,162.0,84.6,1,3,2,38.3,103.8,71.3
147,147,18,404.9,6,210.6,11,169.5,9.83107152452,9,6,3,158.4,161.0,85.5,1,3,2,35.7,102.7,72.2
148,148,18,413.6,6,210.4,9,138.0,9.46712923476,9,6,3,159.7,168.8,85.1,1,3,2,35.0,103.6,71.8
149,149,18,408.1,7,236.5,10,150.4,9.75673556518,9,6,3,155.6,167.4,85.1,1,4,2,36.8,127.9,71.8
150,150,18,408.4,7,231.7,9,134.5,9.28603561895,9,6,3,161.8,163.6,83.0,1,4,2,38.6,124.1,69.0
151,151,18,415.4,6,201.4,9,143.2,8.59908035819,9,6,3,173.4,162.3,79.7,1,3,2,38.5,97.2,65.7
152,152,18,421.3,6,202.6,8,127.5,8.3990526232,9,6,3,173.3,164.0,84.0,1,3,2,37.8,97.3,67.5
153,153,19,434.3,6,202.2,9,144.7,8.3171386499,10,6,3,190.2,163.5,80.6,1,3,2,39.6,98.5,64.1
154,154,20,470.3,6,208.7,10,169.9,8.28113105674,11,6,3,216.7,168.0,85.6,1,3,2,39.1,103.2,66.4
155,155,19,441.1,7,232.6,10,166.9,8.42326560835,10,6,3,187.4,163.8,89.9,1,4,2,35.5,126.4,70.7
156,156,20,469.4,6,209.3,10,170.5,8.3794925107,11,6,3,215.0,166.6,87.8,1,3,2,39.0,101.7,68.6
157,157,19,430.2,7,231.2,12,199.0,8.7806805475,10,6,3,183.1,163.4,83.7,1,4,2,38.7,124.8,67.7
158,158,19,431.7,6,208.5,10,156.3,9.00059127362,10,6,3,182.1,164.4,85.2,1,3,2,39.3,100.0,69.2
159,159,19,437.3,6,210.1,11,179.7,9.02436597698,10,6,3,180.8,169.0,87.5,1,3,2,37.6,101.9,70.6
160,160,18,417.1,7,228.3,10,167.2,8.39038704538,9,6,3,169.7,161.9,85.5,1,4,2,35.9,123.8,68.6
161,161,18,420.2,6,206.3,10,170.6,8.58303540317,9,6,3,175.8,160.5,83.9,1,3,2,39.2,100.1,67.0
162,162,19,441.9,6,204.3,11,191.6,8.04890025542,10,6,3,200.3,157.9,83.7,1,3,2,38.9,98.6,66.8
163,163,19,440.2,6,201.3,11,192.4,7.87267091707,10,6,3,199.4,158.8,82.0,1,3,2,37.4,96.5,67.4
164,164,18,408.5,6,195.8,10,170.5,7.86125811082,9,6,3,173.0,155.5,80.0,1,3,2,35.5,94.9,65.4
165,165,18,420.7,6,206.7,11,193.3,8.4804138048,9,6,3,171.3,168.7,80.7,1,3,2,34.6,109.9,62.2
166,166,18,417.6,6,213.0,12,204.6,9.48577882938,9,6,3,172.7,166.5,78.4,1,3,2,38.5,114.5,60.0
167,167,19,448.3,6,209.5,9,151.8,8.45185539684,10,6,3,197.5,164.7,86.1,1,3,2,35.2,111.3,63.0
168,168,19,454.0,7,228.4,8,137.7,7.42012830708,10,6,3,208.1,159.9,86.0,2,3,2,62.0,102.1,64.3
169,169,19,448.0,7,220.2,8,134.8,7.01590090417,10,6,3,209.1,149.9,89.0,2,3,2,61.9,91.0,67.3
170,170,19,447.6,7,222.9,9,153.6,7.22920894623,10,6,3,211.4,150.1,86.1,2,3,2,62.5,92.2,68.2
171,171,19,436.2,7,226.9,10,165.1,7.98201560381,10,6,3,198.6,153.0,84.6,2,3,2,61.5,100.0,65.4
172,172,19,437.6,6,210.0,11,183.8,9.10537403171,10,6,3,191.2,165.9,80.5,1,3,2,36.5,114.8,58.7
173,173,19,449.4,6,214.7,10,171.9,9.00637850643,10,6,3,198.1,168.4,82.9,1,3,2,37.7,114.7,62.3
174,174,19,434.4,5,187.4,10,158.6,9.63397982412,10,6,3,183.5,173.7,77.2,1,3,1,36.2,118.2,33.0
175,175,19,437.6,6,214.0,10,161.1,9.55469940405,10,6,3,186.9,170.7,80.0,1,3,2,35.7,117.0,61.3
176,176,19,441.8,6,213.8,10,164.0,9.44583202741,10,6,3,185.9,172.4,83.5,1,3,2,36.9,116.1,60.8
177,177,19,439.2,6,212.3,9,140.6,9.39179684369,10,6,3,186.9,167.2,85.1,1,3,2,37.7,114.0,60.6
178,178,19,436.8,6,213.8,10,161.5,9.48167207106,10,6,3,187.0,168.1,81.7,1,3,2,36.9,114.9,62.0
179,179,19,431.1,6,212.1,12,197.8,9.38183201352,10,6,3,181.1,165.9,84.1,1,3,2,37.2,112.0,62.9
180,180,19,432.9,6,212.5,11,176.5,9.54319205611,10,6,3,181.2,168.2,83.5,1,3,2,36.9,114.5,61.1
181,181,19,431.0,5,181.8,10,158.3,9.32423742237,10,6,3,187.0,167.6,76.4,1,3,1,36.8,115.2,29.8
182,182,20,450.5,6,209.4,12,198.8,9.06699480185,11,6,3,203.5,166.3,80.7,1,3,2,38.1,112.6,58.7
183,183,20,462.0,6,216.9,10,160.7,9.45064742979,11,6,3,206.8,169.5,85.7,1,3,2,38.4,114.5,64.0
184,184,20,454.6,6,219.4,11,173.5,9.9629365783,11,6,3,195.6,175.1,83.9,1,3,2,38.9,117.4,63.1
185,185,20,460.4,6,213.8,9,139.2,9.28125445242,11,6,3,206.5,171.7,82.2,1,3,2,37.2,113.6,63.0
186,186,20,452.8,6,210.5,11,174.8,9.10612286784,11,6,3,203.1,164.1,85.6,1,3,2,38.2,108.2,64.1
187,187,20,472.6,6,217.3,8,121.4,9.34885864129,11,6,3,211.0,173.9,87.7,1,3,2,38.2,111.8,67.3
188,188,20,476.5,7,229.5,7,115.4,7.65656752832,11,6,3,220.0,169.9,86.6,1,4,2,37.6,125.7,66.2
189,189,20,469.5,7,225.3,6,94.4,7.42186492382,11,6,3,218.8,165.8,84.9,1,4,2,37.4,123.4,64.5
190,190,20,459.8,7,224.6,8,127.5,7.6633028471,11,6,3,213.9,168.1,77.8,1,4,2,36.6,125.1,62.9
191,191,20,469.8,7,226.3,7,115.9,7.56751367081,11,6,3,222.7,171.6,75.5,1,4,2,37.3,128.4,60.6
192,192,20,469.7,6,202.8,8,136.1,7.70736319168,11,6,3,225.4,170.6,73.7,1,4,1,37.6,130.3,34.9
193,193,20,466.4,7,227.1,8,131.4,7.8002429112,11,6,3,222.3,168.4,75.7,1,4,2,37.4,128.9,60.8
194,194,20,473.2,7,229.8,7,115.2,7.76635117197,11,6,3,226.0,168.7,78.5,1,4,2,37.2,129.0,63.6
195,195,20,471.1,6,207.2,8,132.8,8.00562138027,11,6,3,225.8,165.1,80.2,1,3,2,38.4,102.9,65.9
196,196,20,466.6,6,210.7,9,148.9,8.41471768298,11,6,3,219.5,165.7,81.4,1,3,2,36.9,106.7,67.1
197,197,20,449.5,6,200.6,10,164.2,7.86898475362,11,6,3,214.8,156.3,78.4,1,3,2,37.4,99.1,64.1
198,198,20,462.5,6,206.6,10,168.0,8.19363520635,11,6,3,219.0,162.3,81.2,1,3,2,38.0,105.5,63.1
199,199,20,453.9,6,204.9,12,206.6,8.12691920653,11,6,3,209.1,160.6,84.2,1,3,2,35.7,104.7,64.5
200,200,20,455.1,5,171.2,10,167.1,7.62823529292,11,6,3,220.1,155.5,79.5,1,3,1,36.9,100.5,33.8
201,201,20,460.6,7,220.9,9,151.8,7.40789763485,11,6,3,223.4,155.8,81.4,2,3,2,62.6,99.2,59.1
202,202,20,458.1,6,195.9,10,171.0,7.43069558266,11,6,3,223.8,155.8,78.5,2,3,1,62.3,100.1,33.5
203,203,20,463.8,6,200.0,10,171.8,7.60850631997,11,6,3,228.9,160.3,74.6,2,3,1,64.9,101.8,33.3
204,204,20,462.0,7,225.4,9,148.0,7.81671623072,11,6,3,229.1,157.6,75.3,3,3,1,90.4,101.7,33.3
205,205,20,465.5,6,200.0,9,149.3,7.80430886383,11,6,3,224.8,165.8,74.9,2,3,1,64.4,101.9,33.7
206,206,20,457.6,6,199.7,8,123.0,8.1979843479,11,6,3,217.1,166.0,74.5,2,3,1,63.2,102.9,33.6
207,207,20,441.7,5,170.8,10,157.2,8.0510394883,11,6,3,201.0,168.4,72.3,1,3,1,36.6,102.2,32.0
208,208,19,427.7,6,200.1,8,122.6,8.42924108465,10,6,3,189.7,159.2,78.8,1,3,2,36.4,104.3,59.4
209,209,19,438.4,6,206.1,10,167.4,8.44892117408,10,6,3,188.0,160.4,90.0,1,3,2,36.2,102.2,67.7
210,210,20,425.4,5,153.4,11,186.0,6.32814099251,11,6,3,196.8,141.0,87.6,1,2,2,29.1,59.0,65.3
211,211,20,436.9,6,190.3,11,184.9,7.45318547228,11,6,3,202.4,160.1,74.4,1,3,2,33.4,102.8,54.1
212,212,21,451.6,6,196.7,14,233.9,7.89768802818,12,6,3,206.6,158.3,86.7,1,3,2,30.1,98.1,68.5
213,213,20,443.2,6,199.2,10,159.2,8.0465357044,11,6,3,191.9,167.0,84.3,1,3,2,31.1,102.9,65.2
214,214,21,467.3,6,205.8,11,173.9,8.56753284485,12,6,3,211.7,171.1,84.5,1,3,2,31.4,109.8,64.6
215,215,20,445.2,6,202.3,10,157.8,8.36857530477,11,6,3,191.9,169.7,83.6,1,3,2,29.5,107.3,65.5
216,216,21,453.2,8,228.7,11,175.6,6.6026978613,12,6,3,227.6,149.9,75.7,3,3,2,81.4,89.7,57.6
217,217,21,460.3,7,219.5,11,174.6,7.83183369637,12,6,3,221.2,160.4,78.7,2,3,2,54.4,104.7,60.4
218,218,21,461.1,6,189.7,12,201.8,7.33379652217,12,6,3,221.3,157.2,82.6,1,3,2,28.0,101.8,59.9
219,219,21,465.7,7,210.1,8,126.6,6.87269268642,12,6,3,227.3,158.0,80.4,2,3,2,53.0,99.7,57.4
220,220,21,461.6,8,234.0,10,161.9,6.92521617335,12,6,3,230.0,156.0,75.6,3,3,2,80.8,97.2,56.0
221,221,21,434.4,6,172.1,12,193.7,6.44734718425,12,6,3,216.5,143.1,74.8,1,3,2,25.6,91.6,54.9
222,222,21,435.8,6,188.5,13,205.0,7.6820322212,12,6,3,207.6,153.5,74.7,1,3,2,29.9,101.9,56.7
223,223,20,424.0,6,189.9,12,190.8,7.82869216745,11,6,3,186.2,162.4,75.4,1,3,2,29.9,102.6,57.4
224,224,20,415.3,6,188.0,12,185.5,7.87168643738,11,6,3,180.6,160.8,73.9,1,3,2,30.4,102.5,55.1
225,225,21,442.7,6,189.6,14,232.0,7.4713866884,12,6,3,208.9,155.2,78.6,1,3,2,30.3,99.5,59.8
226,226,21,445.6,6,190.8,12,189.6,7.639804909,12,6,3,213.8,153.9,77.9,1,3,2,31.2,98.5,61.1
227,227,21,446.0,6,190.7,12,188.7,7.63560581686,12,6,3,215.5,150.6,79.9,1,3,2,31.3,98.9,60.5
228,228,21,436.6,6,183.9,12,190.4,7.16769870753,12,6,3,212.0,150.3,74.3,1,3,2,30.8,97.5,55.6
229,229,21,433.0,5,156.2,13,214.4,6.63329624302,12,6,3,220.3,148.5,64.2,1,3,1,31.5,96.1,28.6
230,230,20,410.0,4,127.2,12,195.7,6.52839949758,11,6,3,199.0,148.8,62.2,1,3,0,32.4,94.8,0
231,231,20,404.4,5,155.4,15,249.0,6.9053449931,11,6,3,191.1,148.1,65.2,1,3,1,31.4,97.5,26.5
232,232,20,410.1,5,154.8,13,214.6,6.72305342597,11,6,3,197.2,151.0,61.9,1,3,1,32.0,96.1,26.7
233,233,20,415.7,5,157.5,14,236.3,6.90166074598,11,6,3,200.4,151.6,63.7,1,3,1,32.2,98.3,27.0
234,234,20,411.1,5,156.7,15,254.4,6.80676714361,11,6,3,199.6,149.9,61.6,1,3,1,32.3,98.5,25.9
235,235,20,417.6,5,157.2,13,218.4,6.72869737921,11,6,3,201.6,153.8,62.2,1,3,1,32.7,97.9,26.6
236,236,20,427.7,5,157.5,11,185.7,6.58573218565,11,6,3,206.7,157.7,63.3,1,3,1,32.6,98.5,26.4
237,237,20,441.9,5,162.3,10,168.4,6.82337121494,11,6,3,210.5,162.4,69.0,1,3,1,33.1,100.8,28.4
238,238,21,473.0,6,198.7,11,190.5,7.26367019914,12,6,3,226.7,165.2,81.1,1,3,2,31.6,104.2,62.9
239,239,20,441.0,6,186.1,11,190.5,6.59325811959,11,6,3,205.8,159.5,75.7,1,3,2,30.6,98.0,57.5
240,240,19,432.4,6,195.9,10,170.6,7.45030318469,10,6,3,195.5,157.5,79.4,1,3,2,31.5,103.4,61.0
241,241,19,430.0,6,198.6,9,146.2,7.85189663086,10,6,3,193.2,153.1,83.7,1,3,2,30.7,104.7,63.2
242,242,19,445.3,6,204.2,9,153.0,8.01680253012,10,6,3,199.3,162.6,83.4,1,3,2,32.2,107.3,64.7
243,243,19,437.2,6,203.0,10,170.0,8.05735652383,10,6,3,189.5,163.5,84.2,1,3,2,31.0,106.5,65.5
244,244,19,440.5,6,206.8,9,148.2,8.41726157356,10,6,3,193.0,161.7,85.8,1,3,2,31.2,108.5,67.1
245,245,19,438.9,6,208.1,10,167.3,8.52121535411,10,6,3,190.4,162.8,85.7,1,3,2,31.1,108.5,68.5
246,246,20,476.6,7,232.5,8,132.8,7.5921774146,11,6,3,234.9,155.9,85.8,2,3,2,62.0,101.9,68.6
247,247,19,448.0,7,233.0,10,173.1,7.9832170449,10,6,3,204.9,155.2,87.9,2,3,2,61.5,100.8,70.7
248,248,18,422.4,7,228.3,10,170.5,7.93955103191,9,6,3,181.3,153.2,87.9,2,3,2,58.7,99.0,70.6
249,249,19,445.1,6,198.7,6,96.1,7.38999639943,10,6,3,200.2,166.1,78.8,1,3,2,31.4,105.8,61.5
250,250,20,464.4,7,228.5,9,151.4,7.66767651625,11,6,3,216.6,169.6,78.2,2,3,2,59.8,107.3,61.4
251,251,20,452.0,7,217.0,9,150.8,7.02963651078,11,6,3,220.2,163.9,67.9,3,3,1,85.7,103.6,27.7
252,252,20,441.3,6,176.6,9,151.6,6.07464748815,11,6,3,216.5,156.6,68.2,2,3,1,54.4,97.0,25.2
253,253,20,445.7,6,181.4,7,112.5,6.33787902427,11,6,3,211.6,163.0,71.1,1,4,1,28.6,121.8,31.0
254,254,20,437.2,6,185.7,9,145.2,6.85438008253,11,6,3,206.8,164.7,65.7,1,4,1,27.8,125.6,32.3
255,255,20,434.3,6,183.0,10,163.6,6.75046002331,11,6,3,207.4,162.6,64.3,1,4,1,28.5,123.6,30.9
256,256,19,439.0,7,217.8,8,129.5,7.24618471904,10,6,3,196.5,159.7,82.8,2,3,2,58.5,96.2,63.1
257,257,19,444.9,7,225.0,8,132.4,7.80728030309,10,6,3,194.5,160.8,89.6,2,3,2,53.7,104.7,66.6
258,258,20,464.1,7,223.9,8,132.3,7.53591226622,11,6,3,217.8,158.0,88.3,2,3,2,54.4,102.7,66.8
259,259,19,427.2,7,220.1,9,143.8,7.77497861075,10,6,3,189.1,151.7,86.4,2,3,2,54.2,100.8,65.1
260,260,18,407.0,7,220.5,9,142.1,8.15784637734,9,6,3,168.9,152.4,85.7,2,3,2,54.5,101.5,64.5
261,261,1,30.3,1,30.3,0,0,,0,0,1,0,0,30.3,0,0,1,0,0,30.3
262,262,1,30.3,1,30.3,0,0,,0,0,1,0,0,30.3,0,0,1,0,0,30.3
263,263,1,30.3,1,30.3,0,0,,0,0,1,0,0,30.3,0,0,1,0,0,30.3
264,264,1,30.3,1,30.3,0,0,,0,0,1,0,0,30.3,0,0,1,0,0,30.3
265,265,1,30.3,1,30.3,0,0,,0,0,1,0,0,30.3,0,0,1,0,0,30.3
266,266,1,30.3,1,30.3,0,0,,0,0,1,0,0,30.3,0,0,1,0,0,30.3
267,267,5,109.4,1,30.3,2,38.6,4.73096184724,1,2,2,19.3,39.6,50.5,0,0,1,0,0,30.3
268,268,4,79.1,0,0,2,38.6,0.55,1,2,1,19.3,39.6,20.2,0,0,0,0,0,0
269,269,8,151.0,0,0,7,130.0,1.21390750413,2,5,1,37.4,94.7,18.9,0,0,0,0,0,0
270,270,10,180.2,0,0,9,157.5,2.08209296409,2,6,2,35.7,109.2,35.3,0,0,0,0,0,0
271,271,11,199.6,1,25.2,9,150.6,3.41741529123,3,6,2,54.4,107.6,37.6,0,1,0,0,25.2,0
272,272,11,197.1,0,0,9,148.7,3.39405898058,3,6,2,54.9,104.9,37.3,0,0,0,0,0,0
273,273,12,212.4,1,25.0,10,163.0,3.60958320435,4,6,2,70.6,104.7,37.1,0,1,0,0,25.0,0
274,274,12,210.0,0,0,10,161.0,3.58937826979,4,6,2,70.7,103.5,35.8,0,0,0,0,0,0
277,277,5,93.7,0,0,4,73.5,1.32966161109,1,3,1,17.1,58.6,18.0,0,0,0,0,0,0
278,278,8,154.6,0,0,6,110.5,1.91740151544,3,4,1,57.1,74.3,23.2,0,0,0,0,0,0
279,279,11,205.2,0,0,10,184.3,1.21355975243,4,6,1,75.6,111.7,17.9,0,0,0,0,0,0
280,280,13,246.9,0,0,10,181.7,2.00310656168,5,7,1,89.2,135.5,22.2,0,0,0,0,0,0
281,281,13,245.3,0,0,10,175.5,3.00676587476,5,7,1,88.8,134.7,21.8,0,0,0,0,0,0
282,282,13,241.7,0,0,9,152.7,3.11032193898,5,7,1,87.9,132.7,21.1,0,0,0,0,0,0
283,283,13,235.7,0,0,10,168.4,2.97163945082,5,7,1,87.8,129.0,18.9,0,0,0,0,0,0
284,284,13,226.2,0,0,11,184.0,2.55375540463,5,7,1,82.6,124.7,18.9,0,0,0,0,0,0
285,285,13,234.7,0,0,7,105.1,3.64317063939,5,7,1,86.4,128.2,20.1,0,0,0,0,0,0
286,286,13,233.3,0,0,8,124.9,3.43356359696,5,7,1,84.0,129.2,20.1,0,0,0,0,0,0
287,287,13,241.2,0,0,7,108.0,3.99136889313,5,7,1,86.3,135.0,19.9,0,0,0,0,0,0
288,288,13,236.3,1,25.0,8,123.8,4.05178023552,5,7,1,84.9,134.4,17.0,0,1,0,0,25.0,0
289,289,13,231.8,0,0,9,146.4,3.64746135812,5,7,1,80.9,131.5,19.4,0,0,0,0,0,0
290,290,15,264.4,0,0,12,199.3,3.61810263352,7,7,1,116.3,129.9,18.2,0,0,0,0,0,0
