,e_id,num_sat,sum_snr,num_sat_25,sum_snr_25,num_sat_u20,sum_sat_u20,snr_std,elev_0_30,elev_30_60,elev_60_90,sum_elev_0_30,sum_elev_30_60,sum_elev_60_90,elev_0_30_25,elev_30_60_25,elev_60_90_25,sum_elev_0_30_25,sum_elev_30_60_25,sum_elev_60_90_25
1,1,17,476.8,12,370.4,2,36.7,5.28749913086,8,5,4,216.4,138.6,121.8,4,4,4,132.3,116.3,121.8
2,2,17,480.9,15,446.5,2,34.4,4.79790088905,8,5,4,223.0,144.7,113.2,6,5,4,188.6,144.7,113.2
3,3,17,471.5,12,360.2,1,18.6,4.58052141907,8,5,4,210.3,136.0,125.2,5,3,4,146.4,88.6,125.2
4,4,17,482.0,13,394.2,1,18.6,5.21561569317,8,5,4,206.7,152.7,122.6,5,4,4,142.4,129.2,122.6
5,5,17,497.0,13,404.0,0,0,4.86003358739,8,5,4,224.9,162.2,109.9,6,4,3,177.4,139.2,87.4
6,6,14,414.9,12,366.3,0,0,4.33866465505,6,4,4,160.2,131.9,122.8,4,4,4,111.6,131.9,122.8
7,7,17,482.5,13,390.4,0,0,4.29538055563,8,5,4,220.8,146.3,115.4,5,4,4,150.4,124.6,115.4
8,8,17,510.5,15,466.7,0,0,4.79280250817,7,5,5,199.2,159.5,151.8,5,5,5,155.4,159.5,151.8
9,9,14,424.0,13,400.3,0,0,4.39350169487,6,4,4,171.3,131.1,121.6,5,4,4,147.6,131.1,121.6
10,10,10,305.3,9,282.4,0,0,4.32795820477,3,4,3,93.4,131.6,80.3,3,4,2,93.4,131.6,57.4
11,11,16,423.6,7,215.9,1,19.3,4.94792885963,7,5,4,179.3,136.1,108.2,2,2,3,66.5,64.4,85.0
12,12,18,443.3,8,235.6,2,33.9,5.65475391419,9,5,4,218.8,124.9,99.6,4,2,2,122.0,57.0,56.6
13,13,18,462.6,8,246.3,2,33.9,5.8007098957,9,5,4,223.5,130.3,108.8,4,2,2,123.9,60.6,61.8
14,14,18,475.9,9,281.7,2,36.2,5.8808901776,9,5,4,236.6,119.8,119.5,5,1,3,159.1,26.3,96.3
15,15,18,465.7,10,304.4,3,52.1,5.98043924764,9,5,4,229.4,123.1,113.2,5,2,3,156.8,54.5,93.1
16,16,18,473.1,11,332.3,3,52.1,5.94575973476,9,5,4,233.7,124.6,114.8,6,2,3,181.6,56.0,94.7
17,17,18,443.0,9,269.8,5,89.2,6.03284040885,9,5,4,223.8,109.2,110.0,5,1,3,149.7,28.4,91.7
18,18,18,443.6,9,268.2,5,86.3,6.33637697763,9,5,4,228.1,111.4,104.1,5,1,3,151.7,29.2,87.3
19,19,18,446.6,8,247.2,5,87.5,6.73837900641,9,5,4,231.9,112.2,102.5,5,1,2,155.4,29.9,61.9
20,20,18,437.9,7,221.4,6,102.0,6.98871405789,9,5,4,227.6,108.6,101.7,4,1,2,128.7,31.4,61.3
21,21,18,471.1,12,357.0,4,71.1,6.42273586159,9,5,4,240.7,126.4,104.0,6,3,3,186.3,86.5,84.2
22,22,18,493.4,13,391.8,2,31.4,5.89814416365,9,5,4,238.1,143.8,111.5,5,4,4,158.3,122.0,111.5
23,23,18,482.6,11,340.2,3,51.1,6.53235286761,9,5,4,224.8,143.8,114.0,4,4,3,125.8,123.7,90.7
24,24,17,471.3,13,394.2,3,52.3,5.94238266731,8,5,4,209.4,146.5,115.4,5,4,4,150.7,128.1,115.4
25,25,17,474.5,13,394.2,2,35.5,5.56921026189,8,5,4,212.1,146.7,115.7,5,4,4,152.1,126.4,115.7
26,26,17,482.2,13,398.1,1,17.5,5.50260633433,8,5,4,220.2,146.8,115.2,6,3,4,181.3,101.6,115.2
27,27,17,476.4,12,373.3,2,36.2,6.02334307214,8,5,4,222.2,144.2,110.0,6,3,3,183.9,101.7,87.7
28,28,17,480.6,12,369.5,1,18.7,5.03435257827,8,5,4,218.9,145.9,115.8,6,3,3,178.6,99.7,91.2
29,29,17,484.3,14,423.9,2,37.1,5.05196525534,8,5,4,213.2,152.2,118.9,5,5,4,152.8,152.2,118.9
30,30,17,476.5,12,367.5,2,37.1,5.11990780018,8,5,4,198.3,152.9,125.3,4,4,4,114.2,128.0,125.3
31,31,17,494.7,14,423.0,0,0,3.6060712694,8,5,4,222.3,150.9,121.5,6,4,4,174.7,126.8,121.5
32,32,14,436.2,14,436.2,0,0,2.94976251605,6,4,4,184.3,124.8,127.1,6,4,4,184.3,124.8,127.1
33,33,15,441.9,12,369.8,0,0,4.14466955429,7,3,5,200.2,90.9,150.8,5,3,4,152.9,90.9,126.0
34,34,14,401.0,10,304.3,0,0,4.37962314601,5,5,4,140.9,143.3,116.8,3,4,3,92.3,120.1,91.9
35,35,13,364.5,8,244.0,0,0,4.14719553062,6,3,4,163.9,91.4,109.2,3,3,2,91.8,91.4,60.8
36,36,12,339.3,7,219.8,0,0,4.82834904967,5,3,4,142.9,92.3,104.1,3,2,2,94.2,68.0,57.6
37,37,13,379.5,10,305.8,0,0,3.53328495371,5,4,4,147.0,117.9,114.6,4,3,3,122.1,93.4,90.3
38,38,10,303.8,9,279.4,0,0,3.82703830948,3,3,4,95.3,96.5,112.0,3,3,3,95.3,96.5,87.6
39,39,13,362.8,9,272.1,0,0,4.77571312973,6,4,3,167.0,111.4,84.4,4,3,2,123.0,88.8,60.3
40,40,14,418.8,11,349.3,0,0,5.5342092956,6,4,4,158.3,141.7,118.8,3,4,4,88.8,141.7,118.8
41,41,10,322.2,10,322.2,0,0,4.32044236418,3,4,3,91.0,141.5,89.7,3,4,3,91.0,141.5,89.7
42,42,13,381.0,12,356.1,0,0,3.14363418633,6,4,3,175.3,111.0,94.7,6,3,3,175.3,86.1,94.7
43,43,13,375.5,10,305.2,0,0,4.08040973307,5,5,3,149.9,135.4,90.2,4,3,3,126.8,88.2,90.2
44,44,16,441.5,11,329.3,0,0,4.60325518881,7,5,4,194.3,145.0,102.2,5,4,2,148.4,123.5,57.4
45,45,15,426.4,11,331.1,0,0,3.83824116466,7,4,4,195.7,125.6,105.1,4,4,3,123.0,125.6,82.5
46,46,12,347.5,9,277.2,0,0,4.18557226094,5,4,3,144.9,119.0,83.6,3,4,2,99.0,119.0,59.2
47,47,13,380.2,11,334.3,0,0,3.78166968957,4,4,5,122.3,126.4,131.5,4,4,3,122.3,126.4,85.6
48,48,14,431.8,13,407.9,0,0,4.13311472895,6,4,4,169.6,132.0,130.2,5,4,4,145.7,132.0,130.2
49,49,13,407.7,12,382.9,0,0,4.61474781932,5,4,4,159.2,131.2,117.3,5,4,3,159.2,131.2,92.5
50,50,13,393.0,10,323.4,0,0,5.18738608154,5,4,4,148.4,132.5,112.1,4,4,2,125.7,132.5,65.2
51,51,12,357.9,9,288.0,0,0,4.48292213953,4,4,4,112.3,127.7,117.9,2,4,3,66.2,127.7,94.1
52,52,12,347.9,9,276.7,0,0,4.2898311756,4,4,4,114.3,117.5,116.1,3,3,3,90.9,92.6,93.2
53,53,10,318.4,10,318.4,0,0,4.16418592818,4,3,3,123.7,99.1,95.6,4,3,3,123.7,99.1,95.6
54,54,13,381.3,11,334.2,0,0,3.74218844514,5,4,4,142.1,124.2,115.0,3,4,4,95.0,124.2,115.0
55,55,12,346.1,8,248.8,0,0,4.17273800091,5,4,3,131.7,124.3,90.1,2,4,2,58.9,124.3,65.6
56,56,11,318.2,8,250.4,0,0,5.29284250835,5,3,3,131.7,102.8,83.7,3,3,2,88.5,102.8,59.1
57,57,15,429.6,12,360.8,0,0,4.5091652696,7,4,4,187.3,130.6,111.7,4,4,4,118.5,130.6,111.7
58,58,16,417.4,8,246.6,2,39.2,5.51529690951,7,5,4,169.2,145.2,103.0,3,3,2,87.2,100.6,58.8
59,59,17,455.1,9,280.5,1,19.0,5.6837228893,8,5,4,200.5,143.9,110.7,3,3,3,93.0,98.9,88.6
60,60,17,466.9,11,339.6,2,38.8,5.6140383389,8,5,4,195.3,151.5,120.1,3,4,4,91.2,128.3,120.1
61,61,17,492.0,11,354.9,1,19.5,5.47962804663,7,5,5,184.7,151.2,156.1,3,4,4,95.7,128.0,131.2
62,62,17,470.6,11,342.7,1,19.5,5.75013426953,8,5,4,199.3,151.6,119.7,3,4,4,91.7,131.3,119.7
63,63,17,475.0,11,347.1,1,19.5,5.81732958748,8,5,4,198.6,151.4,125.0,3,4,4,91.0,131.1,125.0
64,64,15,443.7,12,373.7,0,0,4.36842567261,6,5,4,159.2,157.2,127.3,3,5,4,89.2,157.2,127.3
65,65,12,363.5,10,315.9,0,0,4.53861379184,4,4,4,110.5,122.9,130.1,2,4,4,62.9,122.9,130.1
66,66,13,410.0,11,364.0,0,0,4.99992307633,5,4,4,147.1,128.3,134.6,4,3,4,124.5,104.9,134.6
67,67,14,408.9,12,363.9,0,0,4.68556938264,6,4,4,159.3,128.2,121.4,4,4,4,114.3,128.2,121.4
68,68,15,442.7,13,397.1,0,0,4.19844642469,6,5,4,166.5,147.4,128.8,5,4,4,143.9,124.4,128.8
69,69,11,341.5,10,317.0,0,0,3.22284459333,2,5,4,56.7,151.4,133.4,2,4,4,56.7,126.9,133.4
70,70,14,412.7,10,319.6,0,0,4.86718660979,5,5,4,119.4,155.1,138.2,1,5,4,26.3,155.1,138.2
71,71,13,394.7,11,348.6,0,0,4.74421374967,4,5,4,97.9,157.8,139.0,2,5,4,51.8,157.8,139.0
72,72,12,375.7,11,350.8,0,0,3.89392494986,3,5,4,77.8,160.0,137.9,2,5,4,52.9,160.0,137.9
73,73,12,362.9,11,339.2,0,0,4.02163655818,3,5,4,77.0,153.5,132.4,2,5,4,53.3,153.5,132.4
74,74,15,415.5,8,256.5,0,0,5.3821132334,6,5,4,138.4,145.5,131.6,1,3,4,27.1,97.8,131.6
75,75,18,487.6,11,335.7,1,19.7,5.5270339763,9,5,4,202.3,151.1,134.2,2,5,4,50.4,151.1,134.2
76,76,18,501.0,12,369.1,1,19.7,5.46356918464,8,5,5,184.4,148.7,167.9,2,5,5,52.5,148.7,167.9
77,77,15,414.8,10,305.3,1,18.1,5.45053951021,6,5,4,136.9,144.9,133.0,2,4,4,52.3,120.0,133.0
78,78,17,452.6,9,286.5,4,71.2,6.52691824406,8,5,4,169.9,147.5,135.2,1,4,4,27.6,123.7,135.2
79,79,18,491.9,10,324.8,3,53.5,6.55293428263,9,5,4,202.4,157.3,132.2,2,4,4,57.8,134.8,132.2
80,80,18,529.0,14,446.6,2,33.6,6.37161803154,9,5,4,241.3,156.0,131.7,5,5,4,158.9,156.0,131.7
81,81,15,461.3,14,437.2,0,0,5.00583469088,5,5,5,153.8,152.2,155.3,4,5,5,129.7,152.2,155.3
82,82,13,373.8,11,328.5,0,0,4.05372573168,4,5,4,114.6,140.6,118.6,4,3,4,114.6,95.3,118.6
83,83,13,378.7,10,307.1,0,0,4.7350439307,4,5,4,105.9,156.3,116.5,2,5,3,59.2,156.3,91.6
84,84,16,474.9,12,383.0,0,0,5.3601267087,7,5,4,186.9,161.4,126.6,3,5,4,95.0,161.4,126.6
85,85,15,429.7,11,336.7,0,0,4.47482907362,6,5,4,164.2,147.6,117.9,4,3,4,117.6,101.2,117.9
86,86,12,379.0,12,379.0,0,0,3.54550505015,4,4,4,118.6,129.9,130.5,4,4,4,118.6,129.9,130.5
87,87,10,315.9,8,268.0,0,0,5.62325528498,3,3,4,88.9,98.3,128.7,3,2,3,88.9,75.0,104.1
88,88,13,378.2,10,307.6,0,0,5.26647597837,5,4,4,127.2,124.6,126.4,3,3,4,79.8,101.4,126.4
89,89,11,334.4,10,311.7,0,0,4.74678838795,3,4,4,80.7,131.8,121.9,2,4,4,58.0,131.8,121.9
90,90,12,353.1,10,304.9,0,0,4.58795359412,4,4,4,104.5,123.2,125.4,3,3,4,81.0,98.5,125.4
91,91,11,320.9,8,250.4,0,0,4.96005865068,3,4,4,79.6,122.6,118.7,2,3,3,57.3,99.3,93.8
92,92,9,285.8,9,285.8,0,0,4.20062825989,3,2,4,86.5,70.2,129.1,3,2,4,86.5,70.2,129.1
93,93,12,355.1,9,283.0,0,0,4.89219384388,3,4,5,85.9,121.5,147.7,3,2,4,85.9,73.9,123.2
94,94,14,400.2,9,280.1,0,0,4.89942808952,5,4,5,135.4,121.8,143.0,3,2,4,87.0,74.2,118.9
95,95,13,369.0,10,298.1,0,0,5.19901371317,4,4,5,100.2,129.8,139.0,2,4,4,52.9,129.8,115.4
96,96,13,375.6,10,306.6,0,0,5.36989471319,5,4,4,121.8,133.1,120.7,2,4,4,52.8,133.1,120.7
97,97,13,374.5,9,280.1,0,0,5.01837648688,5,3,5,129.3,102.1,143.1,3,3,3,81.6,102.1,96.4
98,98,15,392.7,7,220.1,3,56.8,6.38359504623,7,3,5,152.4,101.5,138.8,1,2,4,27.8,77.2,115.1
99,99,16,429.7,10,295.3,1,19.1,5.24874191275,8,3,5,190.1,102.9,136.7,3,3,4,80.3,102.9,112.1
100,100,14,423.3,10,334.6,1,19.5,6.08132161026,6,3,5,163.3,107.9,152.1,3,3,4,96.9,107.9,129.8
101,101,11,355.9,11,355.9,0,0,2.97434484765,3,4,4,89.4,130.0,136.5,3,4,4,89.4,130.0,136.5
102,102,10,284.0,10,284.0,0,0,2.68038139906,3,3,4,87.6,87.8,108.6,3,3,4,87.6,87.8,108.6
103,103,13,373.7,10,305.0,0,0,4.09666844005,5,3,5,146.3,92.1,135.3,4,3,3,124.1,92.1,88.8
104,104,11,308.1,10,285.0,0,0,2.68643054831,4,3,4,111.2,84.4,112.5,3,3,4,88.1,84.4,112.5
105,105,10,244.5,3,83.4,0,0,2.70236521917,3,3,4,75.2,76.6,92.7,2,1,0,53.2,30.2,0
106,106,15,477.2,12,404.6,0,0,4.91002861014,6,4,5,193.3,129.1,154.8,4,4,4,145.6,129.1,129.9
107,107,14,423.9,13,400.7,0,0,3.61772954116,5,4,5,154.7,120.2,149.0,4,4,5,131.5,120.2,149.0
108,108,13,368.7,12,345.7,0,0,3.18107383901,5,4,4,139.6,115.1,114.0,4,4,4,116.6,115.1,114.0
109,109,11,314.6,10,291.6,0,0,3.3879197157,4,4,3,114.2,110.5,89.9,4,3,3,114.2,87.5,89.9
110,110,10,308.0,10,308.0,0,0,3.61847113203,3,3,4,94.1,88.6,125.3,3,3,4,94.1,88.6,125.3
111,111,12,343.1,11,318.4,0,0,3.0725939096,3,4,5,85.2,116.5,141.4,3,4,4,85.2,116.5,116.7
112,112,13,350.0,7,209.3,0,0,4.02702409689,5,4,4,128.9,112.1,109.0,2,3,2,61.8,87.5,60.0
113,113,13,382.1,10,310.0,0,0,4.49359943669,5,4,4,140.2,131.5,110.4,4,3,3,116.9,107.1,86.0
114,114,12,345.1,9,274.5,0,0,4.6030539928,5,3,4,137.6,100.1,107.4,3,3,3,89.7,100.1,84.7
115,115,14,388.9,12,341.8,0,0,3.14329042967,6,4,4,167.7,111.4,109.8,4,4,4,120.6,111.4,109.8
116,116,14,396.9,10,300.2,0,0,3.60571128159,7,4,3,199.2,121.2,76.5,5,4,1,151.3,121.2,27.7
117,117,13,353.8,9,260.2,0,0,3.92000130822,5,4,4,145.1,110.3,98.4,4,3,2,123.7,86.3,50.2
118,118,15,438.3,11,342.1,0,0,4.01678620648,6,4,5,164.6,126.3,147.4,3,4,4,91.7,126.3,124.1
119,119,14,437.4,12,388.7,0,0,5.39268939409,6,4,4,180.6,135.8,121.0,4,4,4,131.9,135.8,121.0
120,120,13,377.8,12,354.4,0,0,4.52852780742,5,4,4,155.0,114.5,108.3,4,4,4,131.6,114.5,108.3
121,121,12,367.8,10,320.9,0,0,5.89043909461,4,3,5,132.1,91.1,144.6,3,2,5,109.7,66.6,144.6
122,122,12,388.9,11,365.0,0,0,6.14616781319,5,4,3,162.4,134.0,92.5,4,4,3,138.5,134.0,92.5
123,123,11,387.3,11,387.3,0,0,5.8688081491,4,4,3,144.9,143.2,99.2,4,4,3,144.9,143.2,99.2
124,124,13,404.2,9,309.5,0,0,6.32474789201,4,4,5,139.1,123.8,141.3,4,2,3,139.1,78.0,92.4
125,125,12,376.1,10,327.9,0,0,5.69903633534,5,3,4,158.7,103.4,114.0,4,3,3,134.4,103.4,90.1
126,126,13,401.4,11,353.9,0,0,6.18063559921,5,4,4,157.5,129.1,114.8,5,3,3,157.5,104.6,91.8
127,127,14,429.5,12,382.6,0,0,5.73131459902,7,4,3,203.8,136.0,89.7,5,4,3,156.9,136.0,89.7
128,128,14,423.6,12,375.7,0,0,4.7477467183,6,3,5,184.9,101.6,137.1,6,3,3,184.9,101.6,89.2
129,129,14,398.7,13,375.8,0,0,4.3318460395,6,4,4,178.9,106.7,113.1,5,4,4,156.0,106.7,113.1
130,130,12,339.0,9,268.6,0,0,4.53501528513,5,3,4,146.5,87.2,105.3,3,3,3,100.0,87.2,81.4
131,131,16,432.0,12,340.0,0,0,3.69882864341,8,4,4,221.4,110.9,99.7,7,3,2,198.8,88.2,53.0
132,132,15,403.1,8,238.0,0,0,4.21806771379,7,4,4,198.9,105.9,98.3,5,2,1,151.8,58.7,27.5
133,133,16,445.5,12,351.9,0,0,4.42100573022,7,4,5,193.4,115.2,136.9,5,3,4,148.1,91.7,112.1
134,134,12,355.9,12,355.9,0,0,3.7989133215,6,3,3,176.3,95.9,83.7,6,3,3,176.3,95.9,83.7
135,135,15,440.8,11,346.0,0,0,5.18443641608,7,4,4,198.2,129.8,112.8,5,3,3,150.8,107.0,88.2
136,136,15,423.7,10,303.8,0,0,4.83423308538,6,4,5,175.1,119.8,128.8,6,2,2,175.1,72.4,56.3
137,137,19,512.1,10,310.9,2,35.8,6.11785805119,10,4,5,268.8,110.2,133.1,4,2,4,139.4,62.1,109.4
138,138,19,511.7,12,366.7,3,54.7,6.60522122025,10,4,5,263.0,118.1,130.6,4,4,4,140.8,118.1,107.8
139,139,19,498.5,8,255.1,3,54.1,6.07327575223,10,4,5,257.5,115.6,125.4,4,2,2,132.8,68.6,53.7
140,140,19,513.6,10,312.0,2,36.2,5.96471594104,10,4,5,266.4,116.9,130.3,4,3,3,136.0,93.4,82.6
141,141,19,509.0,11,335.8,3,55.2,6.26035983496,10,4,5,266.2,110.4,132.4,5,3,3,166.2,86.0,83.6
142,142,20,529.5,11,334.1,3,51.8,5.87571944083,11,4,5,282.5,115.3,131.7,6,2,3,185.3,65.7,83.1
143,143,20,544.6,14,424.5,3,50.1,6.78978334667,11,4,5,289.6,122.3,132.7,6,4,4,193.9,122.3,108.3
144,144,20,511.3,10,307.6,4,65.5,6.54701820438,11,4,5,272.8,112.5,126.0,5,2,3,160.8,66.7,80.1
145,145,20,529.4,11,336.0,3,50.6,6.14980530287,11,4,5,281.2,117.2,131.0,6,2,3,184.7,67.6,83.7
146,146,20,523.7,11,336.1,3,48.6,6.49090659469,11,4,5,284.1,109.2,130.4,6,2,3,190.2,62.2,83.7
147,147,20,551.9,13,410.1,3,47.6,7.31857586089,11,4,5,299.1,115.8,137.0,7,2,4,227.6,69.7,112.8
148,148,20,551.5,15,451.6,2,31.0,6.61591979522,11,4,5,296.6,118.7,136.2,8,3,4,245.4,94.1,112.1
149,149,20,549.3,11,356.4,3,50.4,7.01354141343,11,4,5,295.4,116.3,137.6,5,2,4,173.0,70.2,113.2
150,150,20,524.8,11,338.2,3,51.3,6.62502432965,11,4,5,286.0,103.8,135.0,5,2,4,167.3,60.6,110.3
151,151,20,541.1,13,396.3,2,31.3,6.53440087053,11,4,5,291.7,110.1,139.3,6,2,5,194.0,63.0,139.3
152,152,20,547.1,13,406.2,3,48.4,7.24310743142,11,4,5,293.7,115.8,137.6,5,4,4,176.0,115.8,114.4
153,153,20,581.2,13,440.6,3,47.5,8.10661847862,11,4,5,302.1,128.0,151.1,5,4,4,184.3,128.0,128.3
154,154,19,578.2,14,476.5,2,31.3,7.60679905169,10,4,5,277.6,143.4,157.2,6,4,4,199.8,143.4,133.3
155,155,19,577.4,16,528.4,3,49.0,7.91937811369,10,4,5,266.7,149.5,161.2,7,4,5,217.7,149.5,161.2
156,156,19,562.6,13,447.5,4,67.5,8.04576456811,10,4,5,264.2,131.0,167.4,6,3,4,196.7,106.4,144.4
157,157,20,580.2,14,470.6,4,63.3,7.94016438912,11,4,5,281.0,138.3,160.9,6,4,4,192.8,138.3,139.5
158,158,20,570.5,14,457.3,3,44.1,7.29173107741,11,4,5,280.2,137.4,152.9,6,4,4,188.4,137.4,131.5
159,159,20,570.7,14,457.7,3,44.1,7.46015909242,11,4,5,279.1,139.5,152.1,6,4,4,187.4,139.5,130.8
160,160,20,569.6,14,458.0,3,44.1,7.45227623298,11,4,5,278.1,138.7,152.8,6,4,4,187.3,138.7,132.0
