,e_id,num_sat,sum_snr,num_sat_25,sum_snr_25,snr_std,elev_0_30,elev_30_60,elev_60_90,elev_0_30_25,elev_30_60_25,elev_60_90_25
1,1,17,476.8,12,370.4,5.28749913086,8,5,4,4,4,4
2,2,17,480.9,15,446.5,4.79790088905,8,5,4,6,5,4
3,3,17,471.5,12,360.2,4.58052141907,8,5,4,5,3,4
4,4,17,482.0,13,394.2,5.21561569317,8,5,4,5,4,4
5,5,17,497.0,13,404.0,4.86003358739,8,5,4,6,4,3
6,6,14,414.9,12,366.3,4.33866465505,6,4,4,4,4,4
7,7,17,482.5,13,390.4,4.29538055563,8,5,4,5,4,4
8,8,17,510.5,15,466.7,4.79280250817,7,5,5,5,5,5
9,9,14,424.0,13,400.3,4.39350169487,6,4,4,5,4,4
10,10,10,305.3,9,282.4,4.32795820477,3,4,3,3,4,2
11,11,16,423.6,7,215.9,4.94792885963,7,5,4,2,2,3
12,12,18,443.3,8,235.6,5.65475391419,9,5,4,4,2,2
13,13,18,462.6,8,246.3,5.8007098957,9,5,4,4,2,2
14,14,18,475.9,9,281.7,5.8808901776,9,5,4,5,1,3
15,15,18,465.7,10,304.4,5.98043924764,9,5,4,5,2,3
16,16,18,473.1,11,332.3,5.94575973476,9,5,4,6,2,3
17,17,18,443.0,9,269.8,6.03284040885,9,5,4,5,1,3
18,18,18,443.6,9,268.2,6.33637697763,9,5,4,5,1,3
19,19,18,446.6,7,222.2,6.73837900641,9,5,4,4,1,2
20,20,18,437.9,7,221.4,6.98871405789,9,5,4,4,1,2
21,21,18,471.1,12,357.0,6.42273586159,9,5,4,6,3,3
22,22,18,493.4,13,391.8,5.89814416365,9,5,4,5,4,4
23,23,18,482.6,11,340.2,6.53235286761,9,5,4,4,4,3
24,24,17,471.3,13,394.2,5.94238266731,8,5,4,5,4,4
25,25,17,474.5,13,394.2,5.56921026189,8,5,4,5,4,4
26,26,17,482.2,13,398.1,5.50260633433,8,5,4,6,3,4
27,27,17,476.4,12,373.3,6.02334307214,8,5,4,6,3,3
28,28,17,480.6,12,369.5,5.03435257827,8,5,4,6,3,3
29,29,17,484.3,13,398.9,5.05196525534,8,5,4,5,4,4
30,30,17,476.5,12,367.5,5.11990780018,8,5,4,4,4,4
31,31,17,494.7,14,423.0,3.6060712694,8,5,4,6,4,4
32,32,14,436.2,14,436.2,2.94976251605,6,4,4,6,4,4
33,33,15,441.9,12,369.8,4.14466955429,7,3,5,5,3,4
34,34,14,401.0,10,304.3,4.37962314601,5,5,4,3,4,3
35,35,13,364.5,8,244.0,4.14719553062,6,3,4,3,3,2
36,36,12,339.3,7,219.8,4.82834904967,5,3,4,3,2,2
37,37,13,379.5,10,305.8,3.53328495371,5,4,4,4,3,3
38,38,10,303.8,9,279.4,3.82703830948,3,3,4,3,3,3
39,39,13,362.8,9,272.1,4.77571312973,6,4,3,4,3,2
40,40,14,418.8,11,349.3,5.5342092956,6,4,4,3,4,4
41,41,10,322.2,10,322.2,4.32044236418,3,4,3,3,4,3
42,42,13,381.0,12,356.1,3.14363418633,6,4,3,6,3,3
43,43,13,375.5,10,305.2,4.08040973307,5,5,3,4,3,3
44,44,16,441.5,11,329.3,4.60325518881,7,5,4,5,4,2
45,45,15,426.4,11,331.1,3.83824116466,7,4,4,4,4,3
46,46,12,347.5,9,277.2,4.18557226094,5,4,3,3,4,2
47,47,13,380.2,11,334.3,3.78166968957,4,4,5,4,4,3
48,48,14,431.8,13,407.9,4.13311472895,6,4,4,5,4,4
49,49,13,407.7,12,382.9,4.61474781932,5,4,4,5,4,3
50,50,13,393.0,10,323.4,5.18738608154,5,4,4,4,4,2
51,51,12,357.9,9,288.0,4.48292213953,4,4,4,2,4,3
52,52,12,347.9,9,276.7,4.2898311756,4,4,4,3,3,3
53,53,10,318.4,10,318.4,4.16418592818,4,3,3,4,3,3
54,54,13,381.3,11,334.2,3.74218844514,5,4,4,3,4,4
55,55,12,346.1,8,248.8,4.17273800091,5,4,3,2,4,2
56,56,11,318.2,8,250.4,5.29284250835,5,3,3,3,3,2
57,57,15,429.6,12,360.8,4.5091652696,7,4,4,4,4,4
58,58,16,417.4,8,246.6,5.51529690951,7,5,4,3,3,2
59,59,17,455.1,9,280.5,5.6837228893,8,5,4,3,3,3
60,60,17,466.9,11,339.6,5.6140383389,8,5,4,3,4,4
61,61,17,492.0,11,354.9,5.47962804663,7,5,5,3,4,4
62,62,17,470.6,11,342.7,5.75013426953,8,5,4,3,4,4
63,63,17,475.0,11,347.1,5.81732958748,8,5,4,3,4,4
64,64,15,443.7,12,373.7,4.36842567261,6,5,4,3,5,4
65,65,12,363.5,10,315.9,4.53861379184,4,4,4,2,4,4
66,66,13,410.0,11,364.0,4.99992307633,5,4,4,4,3,4
67,67,14,408.9,12,363.9,4.68556938264,6,4,4,4,4,4
68,68,15,442.7,13,397.1,4.19844642469,6,5,4,5,4,4
69,69,11,341.5,10,317.0,3.22284459333,2,5,4,2,4,4
70,70,14,412.7,10,319.6,4.86718660979,5,5,4,1,5,4
71,71,13,394.7,11,348.6,4.74421374967,4,5,4,2,5,4
72,72,12,375.7,11,350.8,3.89392494986,3,5,4,2,5,4
73,73,12,362.9,11,339.2,4.02163655818,3,5,4,2,5,4
74,74,15,415.5,8,256.5,5.3821132334,6,5,4,1,3,4
75,75,18,487.6,10,310.7,5.5270339763,9,5,4,1,5,4
76,76,18,501.0,10,319.1,5.46356918464,8,5,5,2,3,5
77,77,15,414.8,10,305.3,5.45053951021,6,5,4,2,4,4
78,78,17,452.6,9,286.5,6.52691824406,8,5,4,1,4,4
79,79,18,491.9,10,324.8,6.55293428263,9,5,4,2,4,4
80,80,18,529.0,14,446.6,6.37161803154,9,5,4,5,5,4
81,81,15,461.3,14,437.2,5.00583469088,5,5,5,4,5,5
82,82,13,373.8,11,328.5,4.05372573168,4,5,4,4,3,4
83,83,13,378.7,10,307.1,4.7350439307,4,5,4,2,5,3
84,84,16,474.9,12,383.0,5.3601267087,7,5,4,3,5,4
85,85,15,429.7,11,336.7,4.47482907362,6,5,4,4,3,4
86,86,12,379.0,12,379.0,3.54550505015,4,4,4,4,4,4
87,87,10,315.9,8,268.0,5.62325528498,3,3,4,3,2,3
88,88,13,378.2,10,307.6,5.26647597837,5,4,4,3,3,4
89,89,11,334.4,10,311.7,4.74678838795,3,4,4,2,4,4
90,90,12,353.1,10,304.9,4.58795359412,4,4,4,3,3,4
91,91,11,320.9,8,250.4,4.96005865068,3,4,4,2,3,3
92,92,9,285.8,9,285.8,4.20062825989,3,2,4,3,2,4
93,93,12,355.1,9,283.0,4.89219384388,3,4,5,3,2,4
94,94,14,400.2,9,280.1,4.89942808952,5,4,5,3,2,4
95,95,13,369.0,10,298.1,5.19901371317,4,4,5,2,4,4
96,96,13,375.6,10,306.6,5.36989471319,5,4,4,2,4,4
97,97,13,374.5,9,280.1,5.01837648688,5,3,5,3,3,3
98,98,15,392.7,7,220.1,6.38359504623,7,3,5,1,2,4
99,99,16,429.7,10,295.3,5.24874191275,8,3,5,3,3,4
100,100,14,423.3,10,334.6,6.08132161026,6,3,5,3,3,4
101,101,11,355.9,11,355.9,2.97434484765,3,4,4,3,4,4
102,102,10,284.0,10,284.0,2.68038139906,3,3,4,3,3,4
103,103,13,373.7,10,305.0,4.09666844005,5,3,5,4,3,3
104,104,11,308.1,10,285.0,2.68643054831,4,3,4,3,3,4
105,105,10,244.5,3,83.4,2.70236521917,3,3,4,2,1,0
106,106,15,477.2,12,404.6,4.91002861014,6,4,5,4,4,4
107,107,14,423.9,13,400.7,3.61772954116,5,4,5,4,4,5
108,108,13,368.7,12,345.7,3.18107383901,5,4,4,4,4,4
109,109,11,314.6,10,291.6,3.3879197157,4,4,3,4,3,3
110,110,10,308.0,10,308.0,3.61847113203,3,3,4,3,3,4
111,111,12,343.1,11,318.4,3.0725939096,3,4,5,3,4,4
112,112,13,350.0,7,209.3,4.02702409689,5,4,4,2,3,2
113,113,13,382.1,10,310.0,4.49359943669,5,4,4,4,3,3
114,114,12,345.1,9,274.5,4.6030539928,5,3,4,3,3,3
115,115,14,388.9,12,341.8,3.14329042967,6,4,4,4,4,4
116,116,14,396.9,10,300.2,3.60571128159,7,4,3,5,4,1
117,117,13,353.8,8,235.2,3.92000130822,5,4,4,4,3,1
118,118,15,438.3,11,342.1,4.01678620648,6,4,5,3,4,4
119,119,14,437.4,12,388.7,5.39268939409,6,4,4,4,4,4
120,120,13,377.8,12,354.4,4.52852780742,5,4,4,4,4,4
121,121,12,367.8,10,320.9,5.89043909461,4,3,5,3,2,5
122,122,12,388.9,11,365.0,6.14616781319,5,4,3,4,4,3
123,123,11,387.3,11,387.3,5.8688081491,4,4,3,4,4,3
124,124,13,404.2,9,309.5,6.32474789201,4,4,5,4,2,3
125,125,12,376.1,10,327.9,5.69903633534,5,3,4,4,3,3
126,126,13,401.4,10,328.9,6.18063559921,5,4,4,4,3,3
127,127,14,429.5,12,382.6,5.73131459902,7,4,3,5,4,3
128,128,14,423.6,12,375.7,4.7477467183,6,3,5,6,3,3
129,129,14,398.7,12,350.8,4.3318460395,6,4,4,4,4,4
130,130,12,339.0,9,268.6,4.53501528513,5,3,4,3,3,3
131,131,16,432.0,12,340.0,3.69882864341,8,4,4,7,3,2
132,132,15,403.1,8,238.0,4.21806771379,7,4,4,5,2,1
133,133,16,445.5,12,351.9,4.42100573022,7,4,5,5,3,4
134,134,12,355.9,12,355.9,3.7989133215,6,3,3,6,3,3
135,135,15,440.8,11,346.0,5.18443641608,7,4,4,5,3,3
136,136,15,423.7,10,303.8,4.83423308538,6,4,5,6,2,2
137,137,19,512.1,10,310.9,6.11785805119,10,4,5,4,2,4
138,138,19,511.7,12,366.7,6.60522122025,10,4,5,4,4,4
139,139,19,498.5,8,255.1,6.07327575223,10,4,5,4,2,2
140,140,19,513.6,9,287.0,5.96471594104,10,4,5,4,2,3
141,141,19,509.0,11,335.8,6.26035983496,10,4,5,5,3,3
142,142,20,529.5,11,334.1,5.87571944083,11,4,5,6,2,3
143,143,20,544.6,14,424.5,6.78978334667,11,4,5,6,4,4
144,144,20,511.3,10,307.6,6.54701820438,11,4,5,5,2,3
145,145,20,529.4,11,336.0,6.14980530287,11,4,5,6,2,3
146,146,20,523.7,10,311.1,6.49090659469,11,4,5,5,2,3
147,147,20,551.9,13,410.1,7.31857586089,11,4,5,7,2,4
148,148,20,551.5,14,426.6,6.61591979522,11,4,5,8,3,3
149,149,20,549.3,11,356.4,7.01354141343,11,4,5,5,2,4
150,150,20,524.8,10,313.2,6.62502432965,11,4,5,5,2,3
151,151,20,541.1,13,396.3,6.53440087053,11,4,5,6,2,5
152,152,20,547.1,13,406.2,7.24310743142,11,4,5,5,4,4
153,153,20,581.2,13,440.6,8.10661847862,11,4,5,5,4,4
154,154,19,578.2,14,476.5,7.60679905169,10,4,5,6,4,4
155,155,19,577.4,15,503.4,7.91937811369,10,4,5,7,4,4
156,156,19,562.6,13,447.5,8.04576456811,10,4,5,6,3,4
157,157,20,580.2,14,470.6,7.94016438912,11,4,5,6,4,4
158,158,20,570.5,14,457.3,7.29173107741,11,4,5,6,4,4
159,159,20,570.7,14,457.7,7.46015909242,11,4,5,6,4,4
160,160,20,569.6,14,458.0,7.45227623298,11,4,5,6,4,4
