,e_id,num_sat,sum_snr,num_sat_25,sum_snr_25,snr_std,elev_0_30,elev_30_60,elev_60_90,elev_0_30_25,elev_30_60_25,elev_60_90_25
1,1,14,377.1,8,238.4,3.94044260358,8,3,3,4,2,2
2,2,14,364.7,7,207.0,4.26664162653,6,5,3,2,2,3
3,3,15,404.1,9,267.9,4.8074050024,7,6,2,4,3,2
4,4,14,390.6,9,274.0,4.21645129682,7,5,2,3,4,2
5,5,15,397.3,8,239.9,4.61455255015,8,5,2,4,3,1
6,6,15,404.8,9,268.6,4.54011747278,7,5,3,4,3,2
7,7,15,429.0,13,381.8,3.52521529231,7,5,3,6,4,3
8,8,15,419.9,13,373.5,3.02925419078,8,5,2,6,5,2
9,9,16,436.8,11,318.6,3.17825948175,9,5,2,5,4,2
10,10,15,413.5,12,341.8,3.18246684792,8,5,2,7,4,1
11,11,16,432.9,13,362.3,2.73421987655,9,5,2,6,5,2
12,12,15,414.3,13,365.2,2.89758520151,8,5,2,7,5,1
13,13,15,416.9,10,301.8,4.02518263413,8,5,2,3,5,2
14,14,14,397.5,12,351.9,3.31673247123,7,5,2,5,5,2
15,15,13,358.8,10,287.1,2.8263639775,7,5,1,5,4,1
16,16,14,402.0,11,331.2,3.97779551295,7,4,3,6,3,2
17,17,14,409.7,13,384.7,3.4912213298,5,6,3,5,5,3
18,18,16,458.1,14,410.4,2.85650573253,7,6,3,5,6,3
19,19,13,378.0,10,308.1,4.02640324321,5,5,3,4,4,2
20,20,14,391.0,12,343.7,2.91374159971,6,5,3,4,5,3
21,21,13,359.6,10,287.5,2.91248418065,6,5,2,4,5,1
22,22,14,404.6,10,309.2,3.80930035975,6,5,3,3,5,2
23,23,12,350.4,10,303.8,3.93538723981,4,6,2,4,4,2
24,24,12,342.4,11,319.3,2.77434130867,5,5,2,5,5,1
25,25,12,350.7,11,326.8,3.35887562356,4,5,3,4,5,2
26,26,14,404.5,11,334.7,3.64131512289,7,5,2,4,5,2
27,27,14,399.6,10,304.9,4.31165045781,8,5,1,5,4,1
28,28,13,366.5,11,322.0,3.31774560469,5,5,3,4,5,2
29,29,14,385.3,11,315.4,3.35838298348,7,5,2,5,5,1
30,30,13,374.4,10,302.2,3.84924234969,5,5,3,3,4,3
31,31,12,352.1,11,328.3,3.55258122122,5,5,2,4,5,2
32,32,15,405.7,10,291.2,4.16651047326,7,5,3,3,4,3
33,33,14,381.7,9,261.7,3.80416919927,6,5,3,2,5,2
34,34,11,311.4,7,216.0,4.60444449319,4,5,2,2,3,2
35,35,12,338.2,9,266.9,3.72432625593,5,4,3,3,4,2
36,36,14,395.4,9,275.7,4.44240307209,6,5,3,3,5,1
37,37,13,374.6,10,302.9,3.89440756167,6,4,3,4,4,2
38,38,14,395.0,10,303.0,4.17996266874,7,4,3,5,4,1
39,39,15,408.9,11,323.3,4.69190792749,6,6,3,5,4,2
40,40,15,397.4,10,287.9,4.21010123168,8,5,2,5,4,1
41,41,17,428.0,7,205.4,4.16706272627,8,6,3,3,2,2
42,42,16,424.0,9,265.1,4.39348001778,9,5,2,4,4,1
43,43,13,349.3,7,207.9,3.87048330647,6,5,2,4,3,0
44,44,13,354.3,7,212.0,4.12686632217,6,4,3,3,3,1
45,45,15,396.0,8,233.6,3.97941129889,7,5,3,2,4,2
46,46,14,377.6,8,241.8,4.31837372727,6,5,3,3,5,0
47,47,13,347.7,8,236.3,4.37104399898,6,5,2,4,3,1
48,48,13,335.8,7,204.4,4.42613160962,6,4,3,4,2,1
49,49,13,352.3,7,209.4,3.60208273087,7,4,2,3,3,1
50,50,16,428.9,10,295.6,4.16340705833,7,5,4,4,5,1
51,51,13,356.9,8,239.4,3.85175617622,6,5,2,4,4,0
52,52,16,423.1,8,234.6,3.46986431051,8,5,3,5,2,1
53,53,16,421.1,9,260.8,3.72741532432,8,5,3,6,2,1
54,54,13,347.2,9,253.1,3.11701286984,7,4,2,5,3,1
55,55,13,353.4,8,236.4,3.79952763596,6,5,2,5,3,0
56,56,16,438.6,13,364.8,2.2345394753,7,5,4,5,5,3
57,57,13,362.1,10,290.6,3.19181645896,6,5,2,4,5,1
58,58,11,306.9,9,258.4,2.72506880647,5,4,2,3,4,2
59,59,10,278.3,9,255.0,2.20909735211,3,5,2,3,4,2
60,60,14,375.7,11,306.7,3.24383608209,7,4,3,4,4,3
61,61,13,343.2,8,230.1,3.71259118855,4,5,4,3,5,0
62,62,1,22.0,0,0,,1,0,0,0,0,0
66,66,3,71.2,1,30.0,6.62520439936,2,0,1,1,0,0
67,67,4,96.1,2,52.7,3.47407061912,2,1,1,1,1,0
68,68,8,191.4,3,83.6,3.9092381428,5,1,2,2,1,0
69,69,12,298.8,4,122.6,5.12125694798,9,1,2,4,0,0
70,70,14,322.3,4,122.4,5.38576165193,9,2,3,4,0,0
71,71,16,360.6,5,145.2,5.36580220781,11,2,3,5,0,0
72,72,16,368.6,5,155.2,5.86650094463,11,2,3,5,0,0
73,73,16,362.4,5,153.6,6.17975188283,11,2,3,5,0,0
74,74,17,380.9,4,127.5,6.0564501348,12,2,3,4,0,0
75,75,17,392.6,5,157.8,6.15106399213,12,2,3,5,0,0
76,76,17,397.6,6,187.3,6.48381469053,12,2,3,6,0,0
