,e_id,num_sat,sum_snr,num_sat_25,sum_snr_25,snr_std,elev_0_30,elev_30_60,elev_60_90,elev_0_30_25,elev_30_60_25,elev_60_90_25
1,1,17,427.5,11,316.5,6.02101711165,9,6,2,4,6,1
2,2,18,453.3,7,216.5,5.60475113579,10,6,2,4,2,1
3,3,16,420.9,9,265.7,5.24308671808,8,6,2,3,4,2
4,4,10,283.8,8,237.8,4.79694347128,5,4,1,4,3,1
5,5,12,335.1,8,239.9,4.51122337771,6,4,2,4,4,0
6,6,10,286.8,7,214.3,4.6463366693,5,4,1,3,3,1
7,7,12,325.1,7,208.4,4.22276478439,6,5,1,4,3,0
8,8,12,328.9,8,233.7,3.4929691286,6,5,1,4,4,0
9,9,13,356.5,8,238.5,4.16916335455,6,5,2,3,4,1
10,10,10,293.2,8,245.2,4.73516396525,5,4,1,3,4,1
11,11,11,318.1,9,272.4,4.5369192591,5,5,1,4,4,1
12,12,15,419.3,11,325.0,4.04189960055,7,6,2,4,6,1
13,13,12,349.3,10,301.6,4.27985945677,4,6,2,3,6,1
14,14,9,267.4,7,218.4,3.82179422668,5,4,0,4,3,0
15,15,10,293.0,8,246.8,4.51195941668,6,4,0,4,4,0
16,16,11,323.5,10,299.2,4.09034339523,5,5,1,5,4,1
17,17,11,322.7,10,300.1,4.4200164541,5,5,1,5,4,1
18,18,11,321.8,9,273.2,4.15989510357,5,5,1,4,4,1
19,19,13,372.5,11,323.5,3.8141437188,6,5,2,5,4,2
20,20,13,376.2,11,328.6,3.80384420938,6,5,2,4,5,2
21,21,13,371.4,10,298.6,3.93602689172,6,6,1,4,5,1
22,22,13,390.8,13,390.8,3.15582489521,6,5,2,6,5,2
23,23,13,383.2,12,360.0,3.5133445239,7,4,2,6,4,2
24,24,12,359.8,12,359.8,3.57105365998,6,4,2,6,4,2
25,25,12,357.5,11,334.7,3.79532208079,6,4,2,6,4,1
26,26,12,357.2,11,333.4,3.88173656858,6,4,2,6,4,1
27,27,11,319.6,10,295.5,4.01879674439,6,4,1,6,3,1
28,28,12,351.8,9,277.6,4.17695699008,6,4,2,4,4,1
29,29,11,322.3,9,273.2,3.9196938656,6,4,1,4,4,1
30,30,11,323.5,9,275.3,4.16592235776,6,4,1,5,4,0
31,31,12,345.7,8,249.6,4.28834749553,6,5,1,4,4,0
32,32,11,320.4,10,296.7,4.00651741768,6,5,0,5,5,0
33,33,13,366.8,11,320.8,4.16089857159,6,5,2,5,5,1
34,34,12,338.9,9,267.3,4.10885038851,5,5,2,4,4,1
35,35,10,291.4,9,267.6,4.05687345406,5,4,1,4,4,1
36,36,13,362.6,9,267.4,4.11368884305,6,6,1,4,5,0
37,37,11,316.2,9,271.3,4.18888138681,5,5,1,5,4,0
38,38,11,320.9,9,273.3,3.97871610173,5,6,0,4,5,0
39,39,12,343.4,9,272.6,4.17499773181,5,6,1,5,4,0
40,40,12,345.1,8,248.4,4.48440901819,6,5,1,4,4,0
41,41,11,323.2,9,273.7,4.06074332649,5,5,1,4,5,0
42,42,11,318.8,10,295.8,4.63504437558,5,5,1,4,5,1
43,43,11,326.2,9,279.3,4.39940078564,5,5,1,4,5,0
44,44,12,344.4,9,273.9,4.58832510539,6,5,1,4,4,1
45,45,11,326.2,9,278.4,4.14665253822,5,5,1,4,5,0
46,46,12,348.5,8,252.5,4.49696025279,5,6,1,4,4,0
47,47,14,387.5,7,223.6,4.83611073415,6,6,2,4,3,0
48,48,9,286.1,9,286.1,2.81133617896,4,5,0,4,5,0
49,49,10,306.2,9,281.6,3.92960275063,4,6,0,4,5,0
50,50,12,344.8,8,250.1,4.7974109179,5,6,1,4,4,0
51,51,11,326.1,10,303.4,4.26341732331,5,5,1,4,5,1
52,52,12,350.7,9,280.1,4.39981921116,5,5,2,4,5,0
53,53,12,347.3,8,250.5,4.58504651178,5,5,2,4,4,0
54,54,13,380.2,9,281.8,4.11675749926,5,6,2,4,5,0
55,55,11,329.9,8,257.8,4.36083811794,5,5,1,4,4,0
56,56,12,357.7,9,286.5,4.64062267243,6,5,1,4,5,0
57,57,11,332.3,10,309.2,4.24345485317,5,5,1,4,5,1
58,58,12,356.0,9,283.4,4.5838319288,5,6,1,4,4,1
59,59,13,383.6,11,335.9,4.63994639668,5,6,2,5,6,0
60,60,13,379.3,12,356.0,4.13443947151,5,6,2,5,6,1
61,61,13,371.7,9,275.4,4.33463984249,7,5,1,4,4,1
62,62,13,369.2,11,319.7,3.84945883643,5,6,2,5,5,1
63,63,13,358.4,8,237.3,4.16400940909,6,6,1,5,3,0
64,64,10,294.2,9,269.6,3.92507607853,5,4,1,4,4,1
65,65,7,202.0,6,177.5,4.32352369519,4,2,1,3,2,1
66,66,9,256.7,7,210.1,4.52238260704,4,4,1,3,3,1
67,67,7,214.4,7,214.4,3.47069363179,4,2,1,4,2,1
68,68,2,64.5,2,64.5,2.61629509039,1,1,0,1,1,0
69,69,10,297.0,8,254.5,5.63224841624,6,3,1,4,3,1
70,70,16,457.5,10,336.9,7.53829943245,7,6,3,5,3,2
71,71,16,459.0,10,341.4,7.93304271176,8,5,3,5,3,2
72,72,18,482.8,9,299.6,7.29613560532,8,7,3,4,3,2
73,73,17,469.6,10,329.5,7.82715860097,8,6,3,3,4,3
74,74,17,469.4,10,325.9,7.53424534649,8,6,3,3,4,3
75,75,18,474.5,9,296.4,7.93289049679,8,7,3,4,3,2
76,76,17,416.4,7,218.3,7.22049778307,8,6,3,2,3,2
77,77,16,368.9,6,176.6,5.67649759975,7,6,3,4,2,0
78,78,17,383.6,7,205.4,6.26278104923,8,6,3,4,3,0
79,79,18,373.6,5,142.1,5.40514158515,8,7,3,4,1,0
80,80,18,403.0,6,172.5,5.38121885263,8,7,3,5,1,0
81,81,18,407.2,6,180.4,6.26714641468,8,7,3,4,2,0
82,82,18,403.4,5,158.3,6.56128474587,8,7,3,3,2,0
83,83,18,393.3,5,151.9,6.18149515513,8,7,3,3,2,0
