,e_id,num_sat,sum_snr,num_sat_25,sum_snr_25,snr_std,elev_0_30,elev_30_60,elev_60_90,elev_0_30_25,elev_30_60_25,elev_60_90_25
1,1,14,424.9,11,352.2,5.22313639934,9,3,2,7,3,1
2,2,13,403.9,10,332.8,5.24029016617,9,2,2,7,2,1
3,3,15,478.3,13,431.0,5.44595087679,9,2,4,8,2,3
4,4,14,426.6,11,353.5,5.57583088964,9,2,3,7,2,2
5,5,15,454.0,13,408.6,5.34611563483,9,2,4,8,2,3
6,6,14,427.6,11,356.7,5.69057443169,8,3,3,7,2,2
7,7,13,405.6,11,358.7,5.34103610423,8,2,3,7,2,2
8,8,16,481.2,12,386.4,5.64287160938,9,3,4,8,2,2
9,9,14,451.6,13,427.5,5.13954716439,8,3,3,8,3,2
10,10,16,489.2,12,391.5,5.12763753269,10,3,3,7,2,3
11,11,15,463.9,13,417.3,4.97730085584,10,2,3,8,2,3
12,12,17,506.7,13,413.8,5.6233298174,10,3,4,8,2,3
13,13,15,449.5,10,332.6,5.78083862758,9,2,4,6,2,2
14,14,15,453.6,11,361.7,5.38367903947,9,3,3,7,2,2
15,15,15,456.4,11,363.2,5.168098112,9,3,3,7,2,2
16,16,17,507.5,12,389.4,4.89924964243,10,3,4,8,2,2
17,17,15,455.7,12,384.6,4.32273061849,10,2,3,8,2,2
18,18,13,408.3,13,408.3,3.39250682595,9,2,2,9,2,2
19,19,14,431.0,12,383.8,4.44710054943,9,2,3,8,2,2
20,20,13,405.9,11,357.7,5.1204091383,8,2,3,7,2,2
21,21,14,433.9,13,409.2,4.30035137844,9,2,3,8,2,3
22,22,16,495.3,12,398.0,5.55973245759,10,3,3,8,2,2
23,23,13,417.7,11,370.0,5.17081305911,9,2,2,7,2,2
24,24,14,439.6,12,391.0,4.76848629425,8,3,3,7,3,2
25,25,13,408.4,11,361.1,4.84077234778,9,2,2,8,2,1
26,26,12,378.6,9,306.4,4.91481988942,8,2,2,6,2,1
27,27,13,404.7,10,333.3,5.28746703936,9,2,2,7,2,1
28,28,12,373.3,10,325.7,4.82030899299,7,2,3,6,2,2
29,29,14,426.6,11,354.2,4.77983401248,9,2,3,6,2,3
30,30,12,377.2,10,327.7,4.66190232988,7,3,2,6,3,1
31,31,14,415.9,10,321.0,5.17515726788,9,2,3,6,2,2
32,32,13,396.0,11,350.3,4.98573606427,6,3,4,6,2,3
33,33,13,410.9,11,365.4,5.42071052207,7,3,3,7,2,2
34,34,14,422.2,11,351.7,5.38069401954,9,2,3,6,2,3
35,35,13,394.6,11,349.5,5.45001764288,9,2,2,7,2,2
36,36,17,512.9,15,467.7,5.16790149697,10,3,4,10,2,3
37,37,16,484.0,14,438.0,4.89707395629,11,2,3,10,2,2
38,38,16,483.3,13,413.6,5.44591207543,10,2,4,9,2,2
39,39,16,477.0,12,383.9,5.04313064144,10,2,4,8,2,2
40,40,15,461.5,14,437.6,4.82281285243,10,2,3,9,2,3
41,41,15,466.9,14,443.0,4.55732795564,10,2,3,9,2,3
42,42,14,441.8,13,416.9,4.95653636598,10,1,3,9,1,3
43,43,15,468.9,15,468.9,4.90040814627,10,2,3,10,2,3
44,44,16,499.9,14,451.6,5.11363781145,11,1,4,10,1,3
45,45,15,467.0,13,417.8,4.75028821181,10,1,4,9,1,3
46,46,14,428.8,13,404.7,5.01281873284,9,2,3,9,2,2
47,47,13,416.8,13,416.8,4.40294190694,9,2,2,9,2,2
48,48,13,417.8,13,417.8,4.29913527382,9,2,2,9,2,2
49,49,14,440.4,11,369.7,5.70933301853,9,2,3,7,2,2
50,50,16,490.6,14,442.3,4.55366153039,11,2,3,9,2,3
51,51,15,447.5,12,375.7,4.78907486841,10,2,3,8,2,2
52,52,15,452.5,12,381.8,5.16508424308,10,2,3,8,2,2
53,53,14,429.4,12,382.1,4.1486658785,9,2,3,8,2,2
54,54,13,400.6,11,353.3,4.42094374424,8,2,3,7,2,2
55,55,12,374.8,12,374.8,3.73638944177,8,2,2,8,2,2
56,56,14,429.1,11,357.4,4.82601125313,9,2,3,7,2,2
57,57,14,438.2,11,368.3,5.49265243477,8,3,3,7,2,2
58,58,13,433.4,13,433.4,4.79592508656,7,3,3,7,3,3
59,59,13,429.9,11,383.3,5.64865538799,7,3,3,7,2,2
60,60,15,474.9,12,404.2,5.9379890776,9,3,3,7,3,2
61,61,18,553.5,14,458.9,5.87449622371,12,3,3,10,2,2
62,62,18,557.7,15,485.6,5.82219384566,12,3,3,9,3,3
63,63,17,516.3,13,419.0,5.20105334354,10,4,3,8,3,2
64,64,16,488.3,14,440.9,5.49523657362,10,3,3,9,3,2
65,65,15,465.7,13,418.2,5.6148866757,10,2,3,8,2,3
66,66,15,473.0,14,448.2,4.91915594773,9,3,3,9,3,2
67,67,15,456.8,12,385.4,5.44529504207,10,3,2,8,3,1
68,68,13,406.0,11,357.7,5.39928770231,8,3,2,7,2,2
69,69,14,425.7,10,328.6,5.22868777268,9,2,3,7,2,1
