,e_id,num_sat,sum_snr,num_sat_25,sum_snr_25,snr_std,elev_0_30,elev_30_60,elev_60_90,elev_0_30_25,elev_30_60_25,elev_60_90_25
1,1,17,486.4,13,412.0,6.47957197207,8,5,4,5,5,3
2,2,17,496.9,14,438.0,6.04232619794,8,5,4,7,4,3
3,3,17,502.0,14,437.4,4.8195908418,8,5,4,7,5,2
4,4,17,496.6,12,389.3,6.05989710648,8,5,4,6,5,1
5,5,17,474.5,13,394.1,5.7445498467,8,5,4,7,4,2
6,6,17,486.8,13,408.6,6.31050128521,8,5,4,7,4,2
7,7,17,474.6,13,392.9,5.57463398957,8,5,4,6,5,2
8,8,18,502.3,11,358.1,6.63869868735,9,5,4,6,4,1
9,9,18,518.9,13,420.6,6.81260126146,9,5,4,6,5,2
10,10,19,501.2,12,366.4,6.4208496277,10,5,4,6,4,2
11,11,19,510.1,8,275.2,7.28662156292,10,5,4,3,4,1
12,12,19,535.8,14,440.3,6.82243032618,10,5,4,6,5,3
13,13,20,521.1,12,364.5,6.83562456239,11,5,4,6,4,2
14,14,20,534.1,12,374.7,7.12434484523,11,5,4,6,4,2
15,15,19,521.3,12,392.7,8.33134713172,11,4,4,7,4,1
16,16,20,548.4,14,439.0,7.44160424131,11,5,4,7,5,2
17,17,20,535.0,12,384.0,7.527248746,11,5,4,6,5,1
18,18,20,547.3,13,418.2,7.94813947114,11,5,4,7,5,1
19,19,20,557.0,13,428.8,7.87678133571,11,5,4,7,5,1
20,20,19,523.1,12,394.0,8.04308209523,11,4,4,6,4,2
21,21,20,549.1,14,443.7,7.60176399196,11,5,4,7,5,2
22,22,20,540.3,11,365.4,7.8633242602,11,5,4,5,5,1
23,23,20,525.3,11,355.7,7.55340808405,11,5,4,5,5,1
24,24,20,533.7,12,377.8,7.15793817711,11,5,4,6,5,1
25,25,20,538.9,12,381.7,7.18898828985,11,5,4,5,5,2
26,26,20,517.4,13,391.7,6.72545048384,11,5,4,7,5,1
27,27,20,536.0,13,400.9,6.87060864537,11,5,4,6,5,2
28,28,20,572.6,15,483.4,7.15329147647,11,5,4,7,5,3
29,29,20,585.8,15,492.3,7.28884511825,11,5,4,7,5,3
30,30,20,546.4,13,407.7,6.70197143031,11,5,4,7,4,2
31,31,20,563.3,14,442.6,6.10774098992,11,5,4,6,5,3
32,32,20,563.4,12,393.5,6.64411888737,11,5,4,6,4,2
33,33,20,554.4,12,393.7,7.06448493299,11,5,4,6,4,2
34,34,16,456.8,11,352.8,6.99780918097,8,4,4,6,4,1
35,35,18,525.4,13,410.8,5.61446544403,10,5,3,5,5,3
36,36,14,429.1,13,405.8,4.48205824972,6,5,3,6,5,2
37,37,14,425.9,10,330.6,5.36429485959,7,5,2,4,4,2
38,38,16,463.2,11,351.1,5.55493774343,8,5,3,5,5,1
39,39,16,461.3,11,349.7,5.42853187642,8,5,3,4,5,2
40,40,16,471.9,10,337.5,6.49548240446,8,5,3,5,4,1
41,41,17,494.9,11,369.1,7.19069558118,9,5,3,5,4,2
42,42,18,509.7,11,364.7,7.44961507099,9,5,4,5,3,3
43,43,18,509.9,12,391.7,7.2689351559,9,5,4,6,3,3
44,44,18,530.2,14,445.4,6.19869267263,9,5,4,7,4,3
45,45,18,536.1,13,425.2,5.76860162482,9,5,4,6,5,2
46,46,18,527.0,15,461.8,5.60089862071,9,5,4,7,5,3
47,47,18,523.2,14,439.8,5.66423246449,9,5,4,6,5,3
48,48,18,526.1,14,445.3,5.87054517516,9,5,4,6,5,3
49,49,15,446.1,11,363.3,6.35663882432,8,4,3,6,4,1
50,50,15,460.4,12,393.5,5.59355070808,7,5,3,5,5,2
51,51,15,469.8,13,423.4,4.64960827843,9,4,2,7,4,2
52,52,14,425.0,12,375.5,4.64256465689,8,4,2,7,3,2
53,53,18,511.3,12,371.4,4.96854484819,9,5,4,7,4,1
54,54,18,482.5,9,285.9,6.20203687815,9,5,4,5,3,1
55,55,18,506.2,12,377.3,6.0585919113,9,5,4,6,4,2
56,56,18,507.2,13,399.1,5.79843341476,9,5,4,7,4,2
57,57,18,522.8,13,411.1,5.54916233448,9,5,4,7,4,2
58,58,18,536.5,14,449.3,6.16388649571,9,5,4,7,5,2
59,59,18,543.2,15,481.9,5.56549829232,9,5,4,7,5,3
60,60,17,505.0,14,442.4,5.47065702044,8,5,4,7,5,2
61,61,19,532.9,12,389.1,7.28227440212,10,5,4,6,4,2
62,62,18,517.2,10,341.4,7.04139023706,10,5,3,5,4,1
63,63,16,485.2,13,417.0,5.47119730955,7,5,4,6,5,2
64,64,15,439.3,10,324.9,5.69998329154,7,5,3,5,4,1
65,65,12,372.9,11,348.1,4.63310714512,6,4,2,5,4,2
66,66,14,426.2,12,377.9,4.72289257614,7,5,2,5,5,2
67,67,16,473.2,12,379.5,4.65223960403,8,5,3,5,5,2
68,68,15,473.1,15,473.1,3.94186322876,7,5,3,7,5,3
69,69,14,448.8,13,424.9,5.05366801834,6,5,3,6,5,2
70,70,16,489.7,14,441.7,4.98764724093,7,5,4,5,5,4
71,71,16,500.4,14,453.6,4.90503143041,8,4,4,7,4,3
72,72,15,468.1,11,371.5,5.21734287417,6,5,4,5,4,2
73,73,15,457.6,11,358.9,4.91186125134,6,5,4,4,4,3
74,74,16,484.7,15,461.5,4.74362291222,7,5,4,7,4,4
75,75,15,452.7,12,380.5,5.23193490567,7,5,3,6,4,2
76,76,15,458.0,14,435.0,4.48929944689,6,5,4,6,5,3
77,77,11,368.5,11,368.5,4.42854377872,5,5,1,5,5,1
78,78,16,485.7,15,463.0,4.57325103182,7,5,4,6,5,4
79,79,12,387.3,11,362.3,4.40621977746,6,5,1,5,5,1
80,80,12,370.1,11,347.7,4.98241605017,6,4,2,6,4,1
81,81,14,427.7,11,355.0,5.37053929393,7,5,2,5,5,1
82,82,18,535.2,13,423.8,5.68786117147,9,5,4,7,5,1
83,83,16,449.5,11,337.2,4.84402983063,8,5,3,6,4,1
84,84,15,473.3,15,473.3,5.23011426626,8,5,2,8,5,2
85,85,14,441.3,13,417.8,5.86543703814,9,3,2,8,3,2
86,86,13,407.8,10,337.1,5.5388603845,7,4,2,5,3,2
87,87,15,472.6,14,449.0,4.53942517863,8,5,2,7,5,2
88,88,13,423.0,12,399.0,4.89209199654,8,5,0,7,5,0
89,89,13,408.6,13,408.6,3.14361379503,7,4,2,7,4,2
90,90,14,415.0,13,392.6,4.81659220192,8,5,1,8,4,1
91,91,14,446.2,13,421.6,4.15885127842,8,4,2,8,3,2
92,92,13,396.5,9,298.8,4.90815647672,6,5,2,4,3,2
93,93,16,493.2,14,444.0,5.86804907955,8,5,3,7,4,3
94,94,13,422.6,12,397.8,5.19895206403,6,5,2,5,5,2
95,95,14,436.9,12,389.5,5.16727338988,7,5,2,5,5,2
96,96,13,376.1,10,302.9,3.55794524395,7,5,1,4,5,1
97,97,14,452.0,13,428.6,4.34844926255,7,5,2,6,5,2
98,98,15,457.0,12,384.7,4.82873344332,8,5,2,5,5,2
99,99,15,457.4,12,387.2,5.50239774575,7,5,3,5,4,3
100,100,14,466.5,14,466.5,4.70518185236,6,5,3,6,5,3
101,101,14,427.0,12,380.8,4.72782272217,6,5,3,5,5,2
102,102,12,375.7,11,351.8,4.39265054243,6,4,2,6,4,1
103,103,15,477.7,14,453.6,4.83556270424,7,4,4,6,4,4
104,104,12,386.5,12,386.5,4.19533471052,6,3,3,6,3,3
105,105,15,461.1,13,413.5,5.06384946741,7,4,4,6,4,3
106,106,13,408.6,13,408.6,4.80613923633,6,4,3,6,4,3
107,107,15,456.2,10,339.1,5.52072286502,6,5,4,4,4,2
108,108,14,427.3,11,357.2,5.49813654746,7,4,3,5,3,3
109,109,14,441.2,12,392.3,4.48018837908,6,4,4,5,4,3
110,110,11,344.5,8,274.7,5.97608871785,5,3,3,5,2,1
111,111,13,404.9,12,381.7,5.34253613069,6,4,3,5,4,3
112,112,17,532.5,13,437.7,5.15588612798,10,4,3,7,4,2
113,113,16,477.5,13,407.8,4.81594141022,8,4,4,7,4,2
114,114,15,465.9,13,418.5,5.36959695215,8,3,4,6,3,4
115,115,14,457.9,14,457.9,4.59840512247,8,4,2,8,4,2
116,116,15,485.1,14,460.7,4.1350073415,9,4,2,8,4,2
117,117,16,505.7,14,458.9,4.31655244379,9,4,3,8,4,2
118,118,14,457.3,13,433.8,4.26300853368,8,3,3,7,3,3
119,119,16,505.1,15,480.9,5.41328227603,10,4,2,9,4,2
120,120,14,454.9,13,430.2,4.56987868644,8,4,2,8,3,2
121,121,13,406.8,12,383.7,4.23585126007,7,4,2,6,4,2
122,122,15,471.4,13,422.9,4.53800879346,8,4,3,8,3,2
123,123,16,498.4,13,427.4,6.00288819375,9,4,3,8,3,2
124,124,13,415.0,12,390.2,4.64904180919,8,3,2,7,3,2
125,125,16,491.4,13,420.8,4.42099159315,9,4,3,8,3,2
126,126,15,470.3,14,447.2,5.49660501279,8,3,4,8,3,3
127,127,15,468.0,13,420.9,4.44232886156,8,4,3,7,4,2
128,128,15,481.0,15,481.0,3.65799841183,9,4,2,9,4,2
129,129,16,497.6,16,497.6,3.5287391516,9,4,3,9,4,3
130,130,15,477.8,13,429.7,3.74411283916,9,4,2,7,4,2
131,131,15,459.8,11,362.9,5.67146575495,8,4,3,6,4,1
132,132,16,495.3,11,376.3,6.45744725104,8,4,4,6,4,1
133,133,18,546.8,15,482.4,6.12953846795,10,4,4,7,4,4
134,134,16,484.5,13,414.2,4.81459153685,8,4,4,6,4,3
135,135,15,450.1,13,401.2,4.5997618986,8,4,3,6,4,3
136,136,13,406.0,11,356.9,5.11311787063,6,4,3,5,3,3
137,137,16,496.1,15,472.5,4.64032595838,8,4,4,8,3,4
138,138,13,389.2,9,294.4,5.6356807429,7,4,2,4,4,1
139,139,16,494.2,13,421.0,4.97713103437,8,4,4,7,3,3
140,140,13,417.2,13,417.2,3.70348069129,6,4,3,6,4,3
141,141,16,499.3,14,450.7,5.16507099015,9,4,3,7,4,3
142,142,13,417.8,12,394.9,5.26253083309,6,5,2,6,5,1
143,143,15,447.0,13,398.4,3.8574603044,9,4,2,7,4,2
144,144,12,397.2,12,397.2,4.65188133985,7,3,2,7,3,2
145,145,11,340.5,10,316.2,3.95559442723,5,4,2,4,4,2
146,146,15,455.2,13,409.4,4.74399871517,8,4,3,8,3,2
147,147,15,457.1,11,361.0,5.14787982248,8,4,3,7,3,1
148,148,13,403.7,11,354.9,4.62990557582,7,3,3,6,3,2
149,149,15,459.7,12,390.0,5.49205486741,8,4,3,6,3,3
150,150,14,446.6,13,423.4,4.57955321973,7,4,3,7,3,3
151,151,15,462.7,12,392.4,5.2112332879,9,3,3,6,3,3
152,152,13,410.8,11,363.5,5.32900866328,7,4,2,6,3,2
153,153,13,414.5,13,414.5,4.55921158276,7,4,2,7,4,2
154,154,12,390.2,11,366.6,4.97134211499,7,3,2,7,2,2
155,155,11,346.3,11,346.3,3.61076672795,8,2,1,8,2,1
156,156,15,460.9,14,436.0,4.63426164048,9,4,2,8,4,2
157,157,15,470.2,13,422.4,5.66819027136,9,4,2,7,4,2
158,158,12,381.8,10,333.2,5.87410857196,7,4,1,5,4,1
159,159,16,468.7,14,421.1,4.25040684327,9,4,3,7,4,3
160,160,17,540.8,15,493.9,4.02335095923,9,4,4,8,4,3
161,161,16,530.3,15,505.6,3.30029670383,9,5,2,8,5,2
162,162,16,507.0,14,458.3,4.046047454,8,4,4,8,3,3
163,163,16,470.2,13,398.5,4.35780908256,8,4,4,6,4,3
164,164,15,460.8,14,437.4,3.22959528645,7,4,4,7,3,4
165,165,15,448.1,12,377.2,4.48688034586,7,4,4,6,3,3
166,166,14,430.3,14,430.3,2.67627960562,7,4,3,7,4,3
167,167,15,463.3,13,414.1,3.96229851523,8,4,3,6,4,3
168,168,14,433.5,12,384.9,4.67573229853,6,4,4,6,3,3
169,169,17,518.8,15,470.9,4.32712885383,9,4,4,7,4,4
170,170,15,454.2,15,454.2,2.64769441482,8,3,4,8,3,4
171,171,17,528.3,16,504.1,3.44955240063,9,4,4,9,4,3
172,172,16,495.8,16,495.8,3.09577669307,8,4,4,8,4,4
173,173,17,524.7,16,500.4,2.8666053915,9,4,4,9,4,3
174,174,17,519.4,16,496.5,3.51872094074,9,4,4,9,4,3
175,175,17,508.9,15,460.4,3.00685491346,9,4,4,8,4,3
176,176,15,449.9,13,402.7,3.59135204677,8,3,4,7,3,3
177,177,14,403.3,11,333.0,4.03016783115,9,3,2,8,2,1
178,178,17,547.7,17,547.7,2.7534603897,9,4,4,9,4,4
179,179,17,521.8,16,498.5,3.28794589908,9,4,4,9,4,3
180,180,17,522.0,16,498.8,3.84471562476,9,4,4,8,4,4
181,181,16,505.5,15,482.6,3.69043244982,8,4,4,7,4,4
182,182,17,546.0,15,497.7,4.48904712803,9,4,4,7,4,4
183,183,15,499.1,15,499.1,2.83938289741,7,4,4,7,4,4
184,184,16,506.2,15,482.1,3.83577458497,8,4,4,8,4,3
185,185,16,527.2,16,527.2,3.35618831414,8,4,4,8,4,4
186,186,17,531.8,16,508.1,4.40102762064,9,4,4,8,4,4
187,187,14,478.9,14,478.9,3.09999113788,7,4,3,7,4,3
188,188,17,529.7,15,480.5,4.62885769164,10,4,3,8,4,3
189,189,15,480.6,13,433.3,4.80339165888,7,4,4,7,3,3
190,190,16,515.8,15,492.7,4.70529843191,8,4,4,8,4,3
191,191,15,481.6,15,481.6,3.24663928804,7,4,4,7,4,4
192,192,17,536.7,16,514.0,4.25907335959,9,4,4,8,4,4
193,193,15,477.4,15,477.4,2.76159029408,8,4,3,8,4,3
194,194,16,493.0,14,444.1,4.31306155764,8,4,4,8,3,3
195,195,15,466.5,14,443.8,4.21307488659,8,4,3,7,4,3
196,196,17,525.4,15,478.7,4.11968909449,9,4,4,8,4,3
197,197,17,531.5,15,482.7,4.28849349662,9,4,4,8,4,3
198,198,17,537.5,14,464.6,4.66197856255,9,4,4,7,4,3
199,199,15,483.5,13,434.9,3.98437424136,7,4,4,6,4,3
200,200,16,496.7,13,424.9,4.46646299287,8,4,4,6,4,3
201,201,17,509.4,13,414.5,4.37520587751,9,4,4,6,4,3
202,202,17,530.5,15,482.9,3.61117546448,9,4,4,8,4,3
203,203,15,488.9,15,488.9,3.7354415816,7,4,4,7,4,4
204,204,15,472.1,14,449.6,4.17500499002,7,4,4,7,4,3
205,205,14,455.8,14,455.8,3.40829627769,7,4,3,7,4,3
206,206,16,488.1,14,439.2,4.50769249912,8,4,4,6,4,4
207,207,16,492.3,15,468.6,5.19906642261,9,3,4,9,3,3
208,208,16,511.9,15,489.4,5.02002241031,9,4,3,8,4,3
209,209,16,525.0,15,500.7,5.22849564088,8,4,4,8,4,3
210,210,15,514.2,15,514.2,4.79779711356,8,4,3,8,4,3
211,211,15,511.2,15,511.2,4.45296049195,8,4,3,8,4,3
212,212,16,527.8,16,527.8,5.26622888476,8,4,4,8,4,4
213,213,15,497.2,15,497.2,5.04846039709,9,4,2,9,4,2
214,214,15,503.4,14,479.0,4.44502932659,7,4,4,7,4,3
215,215,15,517.4,15,517.4,4.53281159463,8,4,3,8,4,3
216,216,16,537.1,15,512.1,3.92100646093,8,4,4,8,4,3
217,217,14,480.2,14,480.2,4.94368283772,8,4,2,8,4,2
218,218,17,598.7,17,598.7,4.37824669447,9,4,4,9,4,4
219,219,16,538.9,15,515.8,4.45858254755,9,4,3,9,4,2
220,220,15,527.2,15,527.2,3.95616456878,7,4,4,7,4,4
221,221,15,531.8,15,531.8,3.46572331487,8,4,3,8,4,3
222,222,16,518.9,15,494.4,5.24337280129,9,4,3,9,4,2
223,223,15,475.9,15,475.9,4.1209337823,8,4,3,8,4,3
224,224,14,474.0,14,474.0,3.7826962882,7,4,3,7,4,3
225,225,15,512.7,15,512.7,4.12227399103,7,4,4,7,4,4
226,226,14,477.0,14,477.0,4.54556902953,7,4,3,7,4,3
227,227,15,502.7,15,502.7,5.17726715924,7,4,4,7,4,4
228,228,15,507.3,15,507.3,5.24883660579,7,4,4,7,4,4
229,229,15,503.9,15,503.9,5.48328195084,7,4,4,7,4,4
230,230,14,483.9,14,483.9,3.78531720912,7,4,3,7,4,3
231,231,16,495.1,14,448.0,4.7619280059,10,3,3,8,3,3
232,232,16,504.3,14,456.9,4.38561569224,9,4,3,8,4,2
233,233,14,492.2,14,492.2,3.77984824394,7,4,3,7,4,3
234,234,17,572.3,17,572.3,4.97354767451,9,4,4,9,4,4
235,235,14,496.9,14,496.9,4.76581808067,8,4,2,8,4,2
236,236,15,502.0,15,502.0,5.62058292181,9,3,3,9,3,3
237,237,12,425.6,12,425.6,4.57946668855,8,3,1,8,3,1
238,238,13,454.7,13,454.7,5.22703769615,9,3,1,9,3,1
239,239,14,483.4,14,483.4,5.12691668796,9,3,2,9,3,2
240,240,13,453.7,13,453.7,5.00965734024,8,3,2,8,3,2
241,241,12,431.8,12,431.8,4.24324775557,7,3,2,7,3,2
242,242,13,451.9,13,451.9,4.93972645355,8,3,2,8,3,2
243,243,13,443.9,13,443.9,5.74842230306,8,3,2,8,3,2
244,244,14,476.9,13,451.9,5.65067826329,7,4,3,7,4,2
245,245,15,510.1,15,510.1,5.6502170207,9,3,3,9,3,3
246,246,15,513.6,15,513.6,5.19859871229,8,4,3,8,4,3
247,247,14,479.1,14,479.1,5.14799117975,7,4,3,7,4,3
248,248,15,504.5,15,504.5,5.52380131362,9,3,3,9,3,3
249,249,16,531.6,16,531.6,5.56518942475,9,3,4,9,3,4
250,250,15,523.3,15,523.3,5.30860038948,9,4,2,9,4,2
251,251,15,500.7,15,500.7,5.37470264958,9,3,3,9,3,3
252,252,14,480.6,14,480.6,4.69458420727,8,3,3,8,3,3
253,253,14,481.8,14,481.8,4.13909264357,8,3,3,8,3,3
254,254,14,482.1,14,482.1,4.19919537033,8,4,2,8,4,2
255,255,14,476.4,14,476.4,3.79400915846,8,4,2,8,4,2
256,256,18,580.3,16,533.2,5.18313315293,10,4,4,9,4,3
257,257,16,519.3,14,473.4,5.65425724565,9,5,2,8,4,2
258,258,14,450.4,13,425.9,4.91378415534,8,4,2,8,3,2
259,259,16,536.0,16,536.0,4.16397246228,9,4,3,9,4,3
260,260,16,532.6,16,532.6,3.54774576316,8,4,4,8,4,4
261,261,17,555.4,16,532.2,4.66700716545,9,4,4,9,4,3
262,262,17,554.1,15,505.3,4.17604337086,9,4,4,9,4,2
263,263,17,562.1,17,562.1,3.59529921851,9,4,4,9,4,4
264,264,17,554.1,16,531.1,3.90536019277,9,4,4,9,4,3
265,265,15,498.0,15,498.0,4.43299318423,7,4,4,7,4,4
266,266,15,455.1,12,383.9,4.98208218089,8,4,3,7,3,2
267,267,14,410.0,11,339.3,4.59445437337,8,3,3,7,3,1
268,268,11,318.5,10,294.9,3.08621568798,7,3,1,7,2,1
271,271,16,499.0,15,476.7,4.52737966893,7,7,2,6,7,2
272,272,19,522.7,12,375.5,6.30228307281,9,7,3,6,5,1
273,273,22,578.3,14,418.4,5.92294131038,11,7,4,7,6,1
274,274,22,569.9,14,416.7,6.29924237869,11,7,4,7,6,1
