,e_id,num_sat,sum_snr,num_sat_25,sum_snr_25,snr_std,elev_0_30,elev_30_60,elev_60_90,elev_0_30_25,elev_30_60_25,elev_60_90_25
1,1,16,505.8,14,456.3,4.24686158632,9,6,1,9,5,0
2,2,17,554.8,16,532.5,4.71632022562,8,7,2,8,7,1
3,3,19,588.6,17,541.1,4.35667800909,10,7,2,8,7,2
4,4,18,553.1,17,528.6,3.88902007248,9,7,2,9,7,1
5,5,18,554.3,17,529.6,4.37982973376,9,7,2,9,6,2
6,6,18,565.7,16,518.5,4.65754360348,9,7,2,8,6,2
7,7,19,630.0,17,582.0,5.14623009693,10,7,2,9,7,1
8,8,19,633.4,17,587.6,5.46424850239,11,7,1,9,7,1
9,9,19,640.0,18,617.5,5.02297644805,10,7,2,10,7,1
10,10,18,597.4,16,550.6,5.05811972608,9,7,2,9,6,1
11,11,19,625.4,17,576.7,5.23824219434,10,7,2,10,6,1
12,12,16,512.5,16,512.5,3.19764887587,9,6,1,9,6,1
13,13,17,532.4,14,459.7,5.15209123732,9,7,1,7,7,0
14,14,19,625.1,18,601.2,4.5502136702,10,7,2,9,7,2
15,15,17,523.9,15,478.2,5.42543031636,8,7,2,8,6,1
16,16,16,512.4,15,488.4,5.01869837043,8,7,1,8,7,0
17,17,16,517.1,15,492.8,5.00575918318,9,5,2,8,5,2
18,18,17,559.3,17,559.3,4.55027471698,9,6,2,9,6,2
19,19,15,482.9,14,459.2,4.70417241343,8,6,1,7,6,1
20,20,15,492.3,14,468.9,4.75096982581,8,6,1,7,6,1
21,21,16,516.5,16,516.5,3.78421612314,8,6,2,8,6,2
22,22,17,545.4,16,520.6,4.8461628241,8,7,2,7,7,2
23,23,17,548.1,17,548.1,2.93066946779,8,7,2,8,7,2
24,24,16,498.6,15,474.5,4.43950072268,8,7,1,7,7,1
25,25,18,553.7,14,459.3,5.35758273949,9,7,2,7,6,1
26,26,17,508.4,13,413.2,4.98729267592,9,6,2,6,6,1
27,27,17,502.8,13,405.2,4.67339937997,9,6,2,6,6,1
28,28,17,538.3,16,514.5,4.89833405053,8,7,2,8,6,2
29,29,17,548.6,16,525.0,5.09506681824,8,7,2,8,6,2
30,30,16,510.9,14,462.2,4.71122330186,8,6,2,8,4,2
31,31,17,535.2,15,489.3,4.72747756395,8,7,2,8,6,1
32,32,16,511.7,14,463.8,4.53684453484,8,6,2,8,5,1
33,33,16,509.8,14,462.4,4.43950072268,8,6,2,8,5,1
34,34,15,482.5,15,482.5,3.83567216435,8,6,1,8,6,1
35,35,16,512.1,14,465.1,4.24538474896,8,6,2,8,5,1
36,36,17,541.2,17,541.2,3.63609357286,8,7,2,8,7,2
37,37,17,559.5,17,559.5,4.00372987865,8,7,2,8,7,2
38,38,16,527.7,15,503.2,4.7107280046,8,7,1,8,6,1
39,39,17,539.4,16,515.8,4.53621052007,9,7,1,8,7,1
40,40,17,559.1,17,559.1,3.70993301034,8,7,2,8,7,2
41,41,17,562.7,16,537.7,3.87508064432,8,7,2,8,7,1
42,42,17,542.3,15,494.3,4.78918051445,9,7,1,8,6,1
43,43,16,547.6,16,547.6,4.00923932935,9,6,1,9,6,1
44,44,17,563.8,15,516.2,3.88119523737,9,7,1,8,6,1
45,45,15,517.7,14,493.1,3.91003592725,9,5,1,8,5,1
46,46,16,529.8,15,505.2,4.85865207645,8,7,1,8,6,1
47,47,15,448.6,12,377.2,3.98290394179,8,6,1,6,5,1
48,48,15,451.7,13,404.2,4.62244008949,8,7,0,7,6,0
49,49,15,461.5,14,437.6,4.07635458059,8,6,1,8,6,0
50,50,15,472.8,14,448.4,3.55471517846,9,6,0,8,6,0
51,51,16,506.6,16,506.6,3.0774177487,8,7,1,8,7,1
52,52,14,439.4,12,392.9,4.55949679121,7,5,2,7,4,1
53,53,16,506.7,13,433.5,4.59618954497,7,7,2,7,6,0
54,54,16,510.4,15,486.2,3.81994764362,7,7,2,7,7,1
55,55,15,479.3,13,431.7,4.35412229415,7,6,2,7,5,1
56,56,16,519.7,14,470.6,4.4321881353,8,6,2,7,6,1
57,57,15,486.4,13,437.3,4.24154060062,7,6,2,7,6,0
58,58,15,490.8,14,467.2,4.04001414425,7,6,2,7,6,1
59,59,15,497.3,14,472.8,4.24901108943,8,6,1,7,6,1
60,60,16,519.7,14,472.2,4.98627700126,8,6,2,7,6,1
61,61,15,485.6,13,438.1,4.58062170869,7,6,2,7,6,0
62,62,17,532.9,12,410.9,4.99175791268,8,7,2,6,6,0
63,63,15,494.8,13,446.0,4.06656518218,7,7,1,6,7,0
64,64,16,508.6,12,412.9,5.04035382356,8,7,1,6,6,0
65,65,15,488.0,13,438.8,4.25536076474,8,6,1,7,6,0
66,66,15,463.2,14,439.2,3.50534286075,7,7,1,7,7,0
67,67,14,457.2,13,434.5,4.17588577167,7,6,1,7,6,0
68,68,17,518.5,13,420.7,4.13597026101,9,7,1,5,7,1
69,69,15,477.4,15,477.4,4.00222557133,7,7,1,7,7,1
70,70,14,459.8,14,459.8,4.27941661835,7,7,0,7,7,0
71,71,14,471.5,14,471.5,3.86785143526,7,7,0,7,7,0
72,72,15,501.6,14,478.8,3.62723822527,7,7,1,7,7,0
73,73,16,502.4,15,479.4,4.12908383704,8,7,1,7,7,1
74,74,16,513.5,15,489.5,4.57798627492,8,7,1,7,7,1
75,75,14,446.9,12,401.0,4.83181421119,7,7,0,5,7,0
76,76,16,488.0,15,463.7,4.05150177918,9,6,1,8,6,1
77,77,16,488.3,15,465.6,3.73723940006,8,7,1,8,6,1
78,78,17,538.2,16,515.4,4.28617819618,8,7,2,8,7,1
79,79,15,493.5,14,470.0,4.02225949294,8,6,1,8,6,0
80,80,17,541.9,15,493.9,4.01256299199,8,7,2,8,6,1
81,81,17,549.6,15,502.9,4.40025066131,8,7,2,8,7,0
82,82,15,488.0,14,465.6,4.62132737064,8,6,1,8,5,1
83,83,16,518.5,16,518.5,3.38476365497,8,7,1,8,7,1
84,84,17,534.8,15,485.9,4.70598805028,8,7,2,8,6,1
85,85,16,513.5,16,513.5,4.30619224683,8,7,1,8,7,1
86,86,17,542.6,17,542.6,4.16551846925,8,7,2,8,7,2
87,87,17,540.1,16,515.2,4.29996580014,8,7,2,8,6,2
88,88,16,503.8,16,503.8,3.08995684975,8,7,1,8,7,1
89,89,15,488.0,15,488.0,2.65482489782,7,7,1,7,7,1
90,90,15,487.6,15,487.6,3.09110860064,7,7,1,7,7,1
91,91,16,539.6,16,539.6,3.26792492774,8,7,1,8,7,1
92,92,15,495.8,15,495.8,2.93132507011,7,7,1,7,7,1
93,93,16,513.9,15,490.6,3.96874770341,8,7,1,8,7,0
94,94,16,460.7,13,387.3,3.21858535178,7,7,2,5,7,1
95,95,17,516.5,15,468.2,3.77363142313,8,7,2,7,7,1
96,96,18,572.8,15,500.3,5.43653821033,9,7,2,7,7,1
97,97,17,562.3,15,513.5,3.89093970201,9,7,1,8,6,1
98,98,16,513.6,16,513.6,3.60499653259,8,7,1,8,7,1
99,99,16,522.2,16,522.2,4.27237248688,8,7,1,8,7,1
100,100,17,542.7,15,494.9,4.7378171941,8,7,2,8,6,1
101,101,17,541.1,16,516.8,4.20962657279,8,7,2,8,6,2
102,102,16,512.9,14,465.4,4.30286241937,8,7,1,7,6,1
103,103,17,545.5,17,545.5,3.61487938128,8,7,2,8,7,2
104,104,16,517.5,15,493.0,3.93462725892,7,7,2,7,6,2
105,105,14,463.1,14,463.1,3.25934834719,7,6,1,7,6,1
106,106,17,539.4,16,515.7,4.66298787071,8,7,2,8,6,2
107,107,17,546.8,16,522.5,4.32751966727,8,7,2,8,6,2
108,108,17,547.6,17,547.6,4.03947433971,8,7,2,8,7,2
109,109,15,479.4,13,431.6,4.76457163417,7,7,1,5,7,1
110,110,14,439.8,11,367.4,4.84591138413,7,6,1,5,6,0
111,111,16,521.6,14,474.3,4.90142836324,8,6,2,7,6,1
112,112,14,467.7,14,467.7,3.86989649747,8,6,0,8,6,0
113,113,15,533.4,15,533.4,3.45642259321,8,6,1,8,6,1
114,114,15,505.3,15,505.3,2.97798269847,8,7,0,8,7,0
115,115,17,560.2,15,512.1,4.17838450347,9,7,1,8,7,0
116,116,17,543.3,15,496.1,5.39259432272,8,7,2,8,6,1
117,117,17,546.7,14,474.1,5.6058071256,8,7,2,7,6,1
118,118,16,526.7,14,480.4,5.93736403353,7,7,2,7,6,1
119,119,16,530.5,15,506.8,5.52581441961,7,7,2,7,6,2
120,120,17,565.6,16,542.0,5.30633638986,8,7,2,7,7,2
121,121,17,558.1,16,534.8,5.41995902958,8,7,2,8,7,1
122,122,17,564.3,16,539.4,5.45085665151,8,7,2,7,7,2
123,123,16,541.9,15,517.2,5.16613572541,7,7,2,6,7,2
124,124,14,496.9,14,496.9,3.64891222689,6,8,0,6,8,0
125,125,16,549.3,15,524.9,4.66729311272,8,7,1,7,7,1
126,126,16,524.3,15,500.6,4.76133297162,8,7,1,8,6,1
127,127,18,576.2,16,527.9,4.54738307276,9,7,2,8,7,1
128,128,14,474.2,14,474.2,3.89070461711,8,6,0,8,6,0
129,129,16,516.8,15,493.1,4.45211560197,8,7,1,7,7,1
130,130,16,517.9,16,517.9,4.5826802565,8,7,1,8,7,1
131,131,16,504.2,15,479.4,4.53194218851,8,7,1,8,6,1
132,132,16,516.9,15,494.1,4.97988872031,8,6,2,8,6,1
133,133,15,490.9,14,466.9,4.76617047034,7,6,2,7,5,2
134,134,17,547.8,17,547.8,4.17949300331,8,7,2,8,7,2
135,135,16,518.2,16,518.2,3.27635468165,8,6,2,8,6,2
136,136,17,554.8,16,530.9,4.21202759613,8,7,2,8,7,1
137,137,15,500.9,14,477.0,4.33564407255,8,6,1,8,6,0
138,138,16,514.5,13,444.3,5.28469094019,9,6,1,7,6,0
139,139,17,536.6,13,438.9,4.97518104903,9,7,1,7,6,0
140,140,15,490.4,13,442.2,4.86759938877,7,7,1,7,6,0
141,141,15,497.1,13,450.9,5.64836259459,8,6,1,7,6,0
142,142,17,558.4,17,558.4,3.95397231387,8,7,2,8,7,2
143,143,16,521.7,15,498.0,3.92147400008,8,7,1,8,7,0
144,144,17,556.8,16,532.9,4.04059365178,9,7,1,8,7,1
145,145,16,538.2,16,538.2,2.52451315439,8,7,1,8,7,1
146,146,16,548.8,16,548.8,2.23368156489,8,7,1,8,7,1
147,147,16,544.7,15,522.3,4.55528539172,7,7,2,7,7,1
148,148,16,561.9,16,561.9,3.6615513561,8,7,1,8,7,1
149,149,16,512.7,16,512.7,4.82050740759,8,7,1,8,7,1
150,150,15,471.5,14,448.6,4.24998599437,8,6,1,8,5,1
151,151,18,565.4,14,466.6,4.86680096511,9,7,2,8,5,1
152,152,16,516.5,16,516.5,3.03121950156,7,7,2,7,7,2
153,153,17,539.7,15,491.5,4.17479305581,8,7,2,7,6,2
154,154,16,535.1,15,511.5,4.44731660667,7,7,2,7,7,1
155,155,17,539.2,15,490.4,4.6979031618,8,7,2,7,7,1
156,156,16,506.5,15,482.0,3.52646541644,8,7,1,8,6,1
157,157,15,486.7,13,440.3,5.01310663115,8,6,1,6,6,1
158,158,15,475.1,13,425.5,3.86032320384,7,6,2,7,6,0
159,159,17,561.7,16,537.3,3.99234561748,8,7,2,8,7,1
160,160,17,552.5,16,529.8,5.03028329222,8,7,2,7,7,2
161,161,15,526.1,15,526.1,3.87196271135,6,7,2,6,7,2
162,162,16,509.7,14,462.5,5.08985510599,8,7,1,6,7,1
163,163,15,471.8,14,447.1,5.04251448991,7,6,2,7,6,1
164,164,18,576.1,16,530.2,5.26827041852,9,7,2,7,7,2
165,165,16,502.9,15,480.4,4.9608760987,8,7,1,7,7,1
166,166,15,490.5,15,490.5,3.87279891404,8,6,1,8,6,1
167,167,16,521.0,16,521.0,5.25380814267,8,7,1,8,7,1
168,168,16,521.3,15,496.4,4.44525496082,8,7,1,8,7,0
169,169,16,519.1,16,519.1,3.59220800252,8,7,1,8,7,1
170,170,13,413.8,13,413.8,3.55067707519,7,5,1,7,5,1
171,171,15,427.0,13,380.1,3.10544836116,8,6,1,8,4,1
172,172,15,465.6,15,465.6,2.06321524395,7,7,1,7,7,1
173,173,15,473.0,14,448.5,3.352113761,7,7,1,6,7,1
174,174,15,483.8,15,483.8,3.5726873972,7,7,1,7,7,1
175,175,14,458.9,13,434.9,3.26147172335,7,6,1,6,6,1
176,176,16,515.7,14,467.3,3.77513244801,8,7,1,6,7,1
177,177,14,454.1,14,454.1,2.67023685001,6,7,1,6,7,1
178,178,15,482.7,15,482.7,3.02399924414,7,7,1,7,7,1
179,179,16,497.6,13,425.7,4.25299894192,8,7,1,6,6,1
180,180,15,445.7,13,400.2,4.43248828323,7,6,2,7,5,1
181,181,14,427.0,14,427.0,2.77100370596,8,5,1,8,5,1
182,182,16,487.0,14,439.5,4.19553333916,8,7,1,6,7,1
183,183,15,475.2,14,452.0,4.43093024738,7,6,2,7,6,1
184,184,15,475.7,14,452.3,3.95074435422,7,6,2,7,6,1
185,185,13,405.4,12,382.1,4.54713209137,6,6,1,5,6,1
186,186,15,466.3,14,443.4,4.99297601875,8,6,1,8,5,1
187,187,15,464.5,14,441.4,4.12200829462,8,7,0,8,6,0
188,188,16,496.9,13,426.1,4.29681568141,7,7,2,6,7,0
189,189,16,509.4,14,462.3,4.51883096977,7,7,2,7,7,0
190,190,15,486.6,15,486.6,2.87869017834,8,7,0,8,7,0
191,191,16,509.1,16,509.1,3.46029261768,8,7,1,8,7,1
192,192,14,428.2,14,428.2,3.27551690409,7,6,1,7,6,1
193,193,14,424.6,13,402.5,4.33526302484,6,7,1,6,6,1
194,194,14,432.3,13,408.7,3.59447836623,8,6,0,7,6,0
195,195,15,447.8,13,401.4,4.73631361574,8,6,1,7,6,0
196,196,15,475.0,14,450.5,4.40659678642,8,6,1,7,6,1
197,197,16,491.0,14,442.4,4.14630357467,8,7,1,6,7,1
198,198,14,449.6,13,425.6,3.81330810207,6,7,1,6,7,0
199,199,15,488.3,15,488.3,3.28956503131,8,7,0,8,7,0
200,200,17,555.6,16,531.9,3.91395504798,8,7,2,8,7,1
201,201,17,547.7,16,523.1,3.98594958795,8,7,2,8,7,1
202,202,15,481.4,15,481.4,3.82108187123,7,7,1,7,7,1
203,203,16,506.3,15,482.3,4.31879130467,8,7,1,8,7,0
204,204,16,497.4,13,425.2,3.91592900855,8,7,1,7,5,1
205,205,16,503.0,13,432.4,4.37109826016,8,7,1,6,7,0
206,206,14,444.0,14,444.0,2.77540215876,7,6,1,7,6,1
207,207,15,486.9,15,486.9,3.12016483081,7,7,1,7,7,1
208,208,14,466.9,14,466.9,1.71497925531,7,7,0,7,7,0
209,209,16,495.4,16,495.4,2.49476117761,8,7,1,8,7,1
210,210,15,480.0,15,480.0,3.13186389049,8,6,1,8,6,1
211,211,17,507.5,14,437.5,4.21961456283,8,7,2,7,7,0
212,212,17,528.3,16,504.0,3.63069026009,8,7,2,8,6,2
213,213,16,508.9,15,484.2,3.53279280457,8,7,1,8,7,0
214,214,16,516.2,16,516.2,3.26310179635,8,7,1,8,7,1
215,215,17,561.1,16,536.4,4.03708907944,8,7,2,7,7,2
216,216,17,535.2,16,510.2,3.92368374333,8,7,2,7,7,2
217,217,16,490.4,14,442.4,4.7609522857,7,7,2,6,7,1
218,218,16,501.7,15,478.5,4.00865210098,8,7,1,8,6,1
219,219,17,515.4,16,491.8,3.78190350454,8,7,2,8,6,2
220,220,15,483.9,15,483.9,3.41839561365,6,8,1,6,8,1
221,221,16,499.0,16,499.0,3.8155602472,8,7,1,8,7,1
222,222,15,473.4,15,473.4,3.11306004715,7,7,1,7,7,1
223,223,16,494.6,15,470.8,3.73521529946,8,7,1,7,7,1
224,224,16,494.7,15,470.3,3.64969747605,8,7,1,7,7,1
225,225,16,499.4,16,499.4,4.12373212838,8,7,1,8,7,1
226,226,13,384.9,12,360.5,3.8610148792,7,5,1,7,5,0
227,227,14,445.5,14,445.5,3.23209352764,7,6,1,7,6,1
228,228,14,438.1,14,438.1,3.62904189215,7,6,1,7,6,1
229,229,16,491.2,14,444.8,4.73539861047,8,7,1,6,7,1
230,230,14,451.6,13,428.2,4.53392583932,8,5,1,7,5,1
231,231,15,483.5,15,483.5,3.07981137332,8,7,0,8,7,0
232,232,15,479.6,15,479.6,3.67082448245,8,7,0,8,7,0
233,233,15,484.4,15,484.4,3.29012953863,8,6,1,8,6,1
234,234,15,488.1,15,488.1,3.25791344268,8,6,1,8,6,1
235,235,15,482.0,14,458.1,3.76500173908,7,7,1,7,6,1
236,236,15,483.2,15,483.2,3.77602713872,7,7,1,7,7,1
237,237,17,507.0,15,458.4,4.42373278631,8,7,2,8,6,1
238,238,15,471.5,13,425.5,4.44243605415,8,5,2,7,5,1
239,239,17,523.2,16,498.7,3.39089394772,8,7,2,8,6,2
240,240,16,519.4,15,495.0,2.61785535633,8,7,1,7,7,1
241,241,16,516.4,15,493.8,4.15363294799,8,6,2,8,6,1
242,242,17,542.2,17,542.2,3.60719256975,8,7,2,8,7,2
243,243,17,557.2,16,532.4,4.00008271973,8,7,2,8,7,1
244,244,16,530.8,15,507.1,4.98858697428,8,6,2,7,6,2
245,245,17,549.1,15,501.0,4.27638866335,8,7,2,7,6,2
246,246,17,556.7,16,533.7,4.97608250121,8,7,2,7,7,2
247,247,18,584.1,16,537.3,4.67537353022,9,7,2,7,7,2
248,248,17,547.2,15,500.1,4.80753085702,8,7,2,7,6,2
249,249,17,549.8,16,526.0,3.77674774501,8,7,2,8,6,2
250,250,17,563.4,17,563.4,3.06391473925,8,7,2,8,7,2
251,251,17,548.0,14,476.6,5.28570491709,8,7,2,7,6,1
252,252,16,533.6,16,533.6,4.05298244095,8,6,2,8,6,2
253,253,18,557.0,16,509.7,4.55324347513,10,7,1,9,6,1
254,254,16,534.5,16,534.5,4.04943926159,8,7,1,8,7,1
255,255,17,560.6,16,535.7,3.23738501953,8,7,2,8,7,1
256,256,16,536.2,16,536.2,3.28874342771,8,7,1,8,7,1
257,257,16,514.9,15,492.4,3.77839802915,7,7,2,7,7,1
258,258,18,565.7,15,493.5,4.47579182026,9,7,2,7,7,1
259,259,17,548.3,15,500.1,5.09216526232,8,7,2,7,7,1
260,260,18,583.7,17,559.6,4.35063288913,9,7,2,8,7,2
261,261,16,509.5,14,460.5,4.65431251637,8,7,1,8,6,0
262,262,16,519.6,15,495.9,4.78002789392,8,7,1,7,7,1
263,263,16,544.9,16,544.9,3.68129845752,8,7,1,8,7,1
264,264,15,520.2,15,520.2,4.25813507133,8,7,0,8,7,0
265,265,16,515.1,16,515.1,3.41515617017,8,7,1,8,7,1
266,266,18,597.0,17,572.7,4.32611767265,9,7,2,9,7,1
267,267,16,527.4,16,527.4,3.70258918416,8,7,1,8,7,1
268,268,14,480.0,14,480.0,3.16904672463,8,6,0,8,6,0
269,269,15,489.1,14,464.5,4.12128042979,8,6,1,7,6,1
270,270,15,489.4,15,489.4,4.09886163058,7,6,2,7,6,2
271,271,16,516.8,15,492.2,3.97508909753,8,6,2,7,6,2
272,272,15,484.6,14,460.8,4.38723255866,7,6,2,6,6,2
273,273,13,399.7,12,376.5,4.77713571516,6,6,1,5,6,1
274,274,17,491.8,13,403.8,5.40552549549,8,7,2,7,5,1
275,275,16,468.2,12,381.1,5.58353233476,8,6,2,6,5,1
276,276,13,402.4,12,378.5,4.27075625321,7,5,1,6,5,1
277,277,12,338.0,9,269.5,3.84502827353,6,4,2,5,4,0
278,278,16,406.4,7,203.9,3.77306241666,8,6,2,5,2,0
279,279,1,32.1,1,32.1,,1,0,0,1,0,0
280,280,15,427.6,11,334.0,4.62021438381,7,7,1,7,4,0
281,281,18,475.0,12,351.7,5.49950681092,9,7,2,7,5,0
282,282,18,480.3,11,334.5,6.02194516161,9,7,2,6,4,1
283,283,18,497.4,12,369.5,5.76806624748,9,7,2,6,5,1
284,284,20,529.8,12,358.0,5.71939452077,11,7,2,7,5,0
285,285,20,512.3,12,350.3,5.62197521012,11,7,2,7,5,0
286,286,19,472.1,10,285.1,5.28092673065,10,7,2,6,4,0
287,287,19,454.6,7,208.0,5.51491332714,10,7,2,6,1,0
