,e_id,num_sat,sum_snr,num_sat_25,sum_snr_25,snr_std,elev_0_30,elev_30_60,elev_60_90,elev_0_30_25,elev_30_60_25,elev_60_90_25
1,1,15,448.1,13,400.6,4.54005454131,6,6,3,6,5,2
2,2,16,489.4,12,392.6,4.89651236426,7,6,3,6,5,1
3,3,15,486.0,14,461.1,4.30431677007,7,5,3,7,5,2
4,4,16,495.3,13,421.8,4.80235619254,7,6,3,7,5,1
5,5,16,486.8,13,414.8,5.09476855869,7,6,3,7,5,1
6,6,16,492.7,13,422.0,5.22665842899,7,6,3,7,4,2
7,7,15,462.0,13,413.1,5.03998299317,7,5,3,7,5,1
8,8,16,492.9,15,468.1,4.29378911918,8,5,3,8,5,2
9,9,17,516.1,15,467.8,4.63600836166,8,6,3,8,5,2
10,10,15,462.1,13,415.4,4.86128534835,8,5,2,6,5,2
11,11,17,500.2,13,403.1,4.37443273633,8,6,3,5,6,2
12,12,15,461.6,14,437.8,4.06561657012,8,5,2,7,5,2
13,13,17,514.1,15,465.3,4.40738851582,9,5,3,7,5,3
14,14,16,486.0,15,461.1,3.90921987102,9,5,2,8,5,2
15,15,15,446.8,12,376.1,4.5435773613,8,5,2,5,5,2
16,16,13,393.6,11,345.9,4.74151063237,6,5,2,4,5,2
17,17,16,494.2,14,447.4,4.79901031464,8,6,2,6,6,2
18,18,15,461.1,14,438.3,4.20964878073,7,6,2,6,6,2
19,19,13,414.7,13,414.7,4.56855192229,6,5,2,6,5,2
20,20,14,427.5,13,404.5,4.53068294102,6,6,2,5,6,2
21,21,14,430.2,14,430.2,4.11945264688,6,6,2,6,6,2
22,22,15,461.4,15,461.4,3.60273705476,7,6,2,7,6,2
23,23,15,457.2,15,457.2,3.36604897681,7,6,2,7,6,2
24,24,15,446.3,12,373.5,4.28583491894,6,6,3,4,6,2
25,25,15,447.7,12,377.0,4.66963850951,8,5,2,6,4,2
26,26,14,418.0,14,418.0,2.67602296348,6,6,2,6,6,2
27,27,15,414.9,12,341.9,2.37480826294,7,6,2,5,5,2
28,28,15,409.1,10,289.1,3.20657063513,6,6,3,5,3,2
29,29,12,354.3,10,307.4,3.69351397108,4,6,2,3,5,2
30,30,12,345.1,9,273.2,4.05697117953,4,6,2,2,5,2
31,31,10,289.8,8,242.3,3.84875160135,3,6,1,2,5,1
32,32,11,316.9,9,269.0,3.58258413591,3,7,1,2,6,1
34,34,4,134.8,4,134.8,5.45099379318,0,4,0,0,4,0
35,35,14,373.9,7,221.0,6.07522893342,4,7,3,1,4,2
36,36,14,374.3,7,221.8,5.95891150913,4,7,3,1,4,2
37,37,14,377.6,7,226.6,6.26190295129,4,7,3,1,4,2
38,38,16,408.8,8,251.0,6.85827966767,6,7,3,1,4,3
39,39,16,404.3,7,219.5,6.4969447948,6,7,3,1,4,2
40,40,16,395.9,7,212.5,6.26322267953,6,7,3,1,4,2
41,41,16,372.5,5,149.6,5.73913103179,6,7,3,1,4,0
