,e_id,num_sat,sum_snr,num_sat_25,sum_snr_25,num_sat_u20,sum_sat_u20,snr_std,elev_0_30,elev_30_60,elev_60_90,sum_elev_0_30,sum_elev_30_60,sum_elev_60_90,elev_0_30_25,elev_30_60_25,elev_60_90_25,sum_elev_0_30_25,sum_elev_30_60_25,sum_elev_60_90_25
1,1,16,505.8,15,481.3,0,0,4.24686158632,9,6,1,288.2,193.1,24.5,9,6,0,288.2,193.1,0
2,2,17,554.8,16,532.5,0,0,4.71632022562,8,7,2,274.5,221.8,58.5,8,7,1,274.5,221.8,36.2
3,3,19,588.6,17,541.1,0,0,4.35667800909,10,7,2,295.5,227.4,65.7,8,7,2,248.0,227.4,65.7
4,4,18,553.1,17,528.6,0,0,3.88902007248,9,7,2,289.0,209.2,54.9,9,7,1,289.0,209.2,30.4
5,5,18,554.3,17,529.6,0,0,4.37982973376,9,7,2,277.5,218.6,58.2,9,6,2,277.5,193.9,58.2
6,6,18,565.7,17,543.5,0,0,4.65754360348,9,7,2,280.8,229.4,55.5,9,6,2,280.8,207.2,55.5
7,7,19,630.0,17,582.0,0,0,5.14623009693,10,7,2,323.7,250.1,56.2,9,7,1,299.2,250.1,32.7
8,8,19,633.4,17,587.6,0,0,5.46424850239,11,7,1,358.2,245.0,30.2,9,7,1,312.4,245.0,30.2
9,9,19,640.0,18,617.5,0,0,5.02297644805,10,7,2,334.3,251.0,54.7,10,7,1,334.3,251.0,32.2
10,10,18,597.4,16,550.6,0,0,5.05811972608,9,7,2,298.6,246.3,52.5,9,6,1,298.6,222.2,29.8
11,11,19,625.4,17,576.7,0,0,5.23824219434,10,7,2,324.3,244.6,56.5,10,6,1,324.3,220.2,32.2
12,12,16,512.5,16,512.5,0,0,3.19764887587,9,6,1,282.4,198.3,31.8,9,6,1,282.4,198.3,31.8
13,13,17,532.4,14,459.7,0,0,5.15209123732,9,7,1,278.0,230.1,24.3,7,7,0,229.6,230.1,0
14,14,19,625.1,18,601.2,0,0,4.5502136702,10,7,2,328.2,241.0,55.9,9,7,2,304.3,241.0,55.9
15,15,17,523.9,15,478.2,0,0,5.42543031636,8,7,2,257.4,218.6,47.9,8,6,1,257.4,195.4,25.4
16,16,16,512.4,15,488.4,0,0,5.01869837043,8,7,1,261.3,227.1,24.0,8,7,0,261.3,227.1,0
17,17,16,517.1,15,492.8,0,0,5.00575918318,9,5,2,288.9,173.2,55.0,8,5,2,264.6,173.2,55.0
18,18,17,559.3,17,559.3,0,0,4.55027471698,9,6,2,297.8,203.2,58.3,9,6,2,297.8,203.2,58.3
19,19,15,482.9,14,459.2,0,0,4.70417241343,8,6,1,253.3,204.2,25.4,7,6,1,229.6,204.2,25.4
20,20,15,492.3,14,468.9,0,0,4.75096982581,8,6,1,258.2,207.7,26.4,7,6,1,234.8,207.7,26.4
21,21,16,516.5,16,516.5,0,0,3.78421612314,8,6,2,252.7,204.6,59.2,8,6,2,252.7,204.6,59.2
22,22,17,545.4,16,520.6,0,0,4.8461628241,8,7,2,261.8,227.0,56.6,7,7,2,237.0,227.0,56.6
23,23,17,548.1,17,548.1,0,0,2.93066946779,8,7,2,256.9,235.0,56.2,8,7,2,256.9,235.0,56.2
24,24,16,498.6,15,474.5,0,0,4.43950072268,8,7,1,246.4,220.3,31.9,7,7,1,222.3,220.3,31.9
25,25,18,553.7,14,459.3,0,0,5.35758273949,9,7,2,282.8,216.7,54.2,7,6,1,236.5,191.9,30.9
26,26,17,508.4,13,413.2,0,0,4.98729267592,9,6,2,265.4,189.9,53.1,6,6,1,195.1,189.9,28.2
27,27,17,502.8,13,405.2,0,0,4.67339937997,9,6,2,264.9,183.7,54.2,6,6,1,192.2,183.7,29.3
28,28,17,538.3,16,514.5,0,0,4.89833405053,8,7,2,257.5,219.4,61.4,8,6,2,257.5,195.6,61.4
29,29,17,548.6,16,525.0,0,0,5.09506681824,8,7,2,275.6,214.6,58.4,8,6,2,275.6,191.0,58.4
30,30,16,510.9,14,462.2,0,0,4.71122330186,8,6,2,271.0,181.4,58.5,8,4,2,271.0,132.7,58.5
31,31,17,535.2,15,489.3,0,0,4.72747756395,8,7,2,268.8,209.1,57.3,8,6,1,268.8,186.4,34.1
32,32,16,511.7,14,463.8,0,0,4.53684453484,8,6,2,274.5,182.3,54.9,8,5,1,274.5,157.8,31.5
33,33,16,509.8,14,462.4,0,0,4.43950072268,8,6,2,271.7,181.3,56.8,8,5,1,271.7,158.8,31.9
34,34,15,482.5,15,482.5,0,0,3.83567216435,8,6,1,265.1,190.0,27.4,8,6,1,265.1,190.0,27.4
35,35,16,512.1,14,465.1,0,0,4.24538474896,8,6,2,271.4,183.1,57.6,8,5,1,271.4,158.7,35.0
36,36,17,541.2,17,541.2,0,0,3.63609357286,8,7,2,252.7,232.9,55.6,8,7,2,252.7,232.9,55.6
37,37,17,559.5,17,559.5,0,0,4.00372987865,8,7,2,272.4,230.6,56.5,8,7,2,272.4,230.6,56.5
38,38,16,527.7,15,503.2,0,0,4.7107280046,8,7,1,272.2,226.5,29.0,8,6,1,272.2,202.0,29.0
39,39,17,539.4,16,515.8,0,0,4.53621052007,9,7,1,288.9,222.9,27.6,8,7,1,265.3,222.9,27.6
40,40,17,559.1,17,559.1,0,0,3.70993301034,8,7,2,267.6,236.7,54.8,8,7,2,267.6,236.7,54.8
41,41,17,562.7,17,562.7,0,0,3.87508064432,8,7,2,269.9,235.9,56.9,8,7,2,269.9,235.9,56.9
42,42,17,542.3,15,494.3,0,0,4.78918051445,9,7,1,288.3,221.8,32.2,8,6,1,264.3,197.8,32.2
43,43,16,547.6,16,547.6,0,0,4.00923932935,9,6,1,306.5,209.2,31.9,9,6,1,306.5,209.2,31.9
44,44,17,563.8,15,516.2,0,0,3.88119523737,9,7,1,295.3,234.7,33.8,8,6,1,271.3,211.1,33.8
45,45,15,517.7,14,493.1,0,0,3.91003592725,9,5,1,303.6,179.4,34.7,8,5,1,279.0,179.4,34.7
46,46,16,529.8,15,505.2,0,0,4.85865207645,8,7,1,269.5,228.2,32.1,8,6,1,269.5,203.6,32.1
47,47,15,448.6,12,377.2,0,0,3.98290394179,8,6,1,246.7,173.8,28.1,6,5,1,199.1,150.0,28.1
48,48,15,451.7,14,429.2,0,0,4.62244008949,8,7,0,253.3,198.4,0,7,7,0,230.8,198.4,0
49,49,15,461.5,14,437.6,0,0,4.07635458059,8,6,1,253.7,183.9,23.9,8,6,0,253.7,183.9,0
50,50,15,472.8,14,448.4,0,0,3.55471517846,9,6,0,281.6,191.2,0,8,6,0,257.2,191.2,0
51,51,16,506.6,16,506.6,0,0,3.0774177487,8,7,1,253.3,226.7,26.6,8,7,1,253.3,226.7,26.6
52,52,14,439.4,12,392.9,0,0,4.55949679121,7,5,2,232.3,157.7,49.4,7,4,1,232.3,134.4,26.2
53,53,16,506.7,14,458.5,0,0,4.59618954497,7,7,2,234.2,224.3,48.2,7,7,0,234.2,224.3,0
54,54,16,510.4,15,486.2,0,0,3.81994764362,7,7,2,230.5,228.6,51.3,7,7,1,230.5,228.6,27.1
55,55,15,479.3,13,431.7,0,0,4.35412229415,7,6,2,230.9,197.8,50.6,7,5,1,230.9,174.0,26.8
56,56,16,519.7,14,470.6,0,0,4.4321881353,8,6,2,263.6,206.1,50.0,7,6,1,239.3,206.1,25.2
57,57,15,486.4,13,437.3,0,0,4.24154060062,7,6,2,233.3,204.0,49.1,7,6,0,233.3,204.0,0
58,58,15,490.8,14,467.2,0,0,4.04001414425,7,6,2,232.9,207.2,50.7,7,6,1,232.9,207.2,27.1
59,59,15,497.3,14,472.8,0,0,4.24901108943,8,6,1,261.2,209.0,27.1,7,6,1,236.7,209.0,27.1
60,60,16,519.7,14,472.2,0,0,4.98627700126,8,6,2,260.7,210.4,48.6,7,6,1,236.7,210.4,25.1
61,61,15,485.6,13,438.1,0,0,4.58062170869,7,6,2,230.9,207.2,47.5,7,6,0,230.9,207.2,0
62,62,17,532.9,12,410.9,0,0,4.99175791268,8,7,2,252.1,233.1,47.7,6,6,0,202.6,208.3,0
63,63,15,494.8,13,446.0,0,0,4.06656518218,7,7,1,226.9,243.2,24.7,6,7,0,202.8,243.2,0
64,64,16,508.6,13,437.9,0,0,5.04035382356,8,7,1,250.9,232.8,24.9,7,6,0,228.4,209.5,0
65,65,15,488.0,13,438.8,0,0,4.25536076474,8,6,1,255.1,208.0,24.9,7,6,0,230.8,208.0,0
66,66,15,463.2,14,439.2,0,0,3.50534286075,7,7,1,215.4,223.8,24.0,7,7,0,215.4,223.8,0
67,67,14,457.2,13,434.5,0,0,4.17588577167,7,6,1,233.7,200.8,22.7,7,6,0,233.7,200.8,0
68,68,17,518.5,13,420.7,0,0,4.13597026101,9,7,1,262.4,229.7,26.4,5,7,1,164.6,229.7,26.4
69,69,15,477.4,15,477.4,0,0,4.00222557133,7,7,1,221.3,230.6,25.5,7,7,1,221.3,230.6,25.5
70,70,14,459.8,14,459.8,0,0,4.27941661835,7,7,0,233.8,226.0,0,7,7,0,233.8,226.0,0
71,71,14,471.5,14,471.5,0,0,3.86785143526,7,7,0,239.2,232.3,0,7,7,0,239.2,232.3,0
72,72,15,501.6,14,478.8,0,0,3.62723822527,7,7,1,237.2,241.6,22.8,7,7,0,237.2,241.6,0
73,73,16,502.4,15,479.4,0,0,4.12908383704,8,7,1,253.5,222.5,26.4,7,7,1,230.5,222.5,26.4
74,74,16,513.5,15,489.5,0,0,4.57798627492,8,7,1,254.8,228.7,30.0,7,7,1,230.8,228.7,30.0
75,75,14,446.9,12,401.0,0,0,4.83181421119,7,7,0,222.3,224.6,0,5,7,0,176.4,224.6,0
76,76,16,488.0,15,463.7,0,0,4.05150177918,9,6,1,272.1,189.5,26.4,8,6,1,247.8,189.5,26.4
77,77,16,488.3,15,465.6,0,0,3.73723940006,8,7,1,245.4,215.0,27.9,8,6,1,245.4,192.3,27.9
78,78,17,538.2,16,515.4,0,0,4.28617819618,8,7,2,266.2,220.0,52.0,8,7,1,266.2,220.0,29.2
79,79,15,493.5,14,470.0,0,0,4.02225949294,8,6,1,268.9,201.1,23.5,8,6,0,268.9,201.1,0
80,80,17,541.9,16,518.9,0,0,4.01256299199,8,7,2,264.4,226.8,50.7,8,6,2,264.4,203.8,50.7
81,81,17,549.6,15,502.9,0,0,4.40025066131,8,7,2,267.4,235.5,46.7,8,7,0,267.4,235.5,0
82,82,15,488.0,14,465.6,0,0,4.62132737064,8,6,1,268.7,193.1,26.2,8,5,1,268.7,170.7,26.2
83,83,16,518.5,16,518.5,0,0,3.38476365497,8,7,1,261.9,231.1,25.5,8,7,1,261.9,231.1,25.5
84,84,17,534.8,15,485.9,0,0,4.70598805028,8,7,2,262.3,222.2,50.3,8,6,1,262.3,197.4,26.2
85,85,16,513.5,16,513.5,0,0,4.30619224683,8,7,1,261.4,225.9,26.2,8,7,1,261.4,225.9,26.2
86,86,17,542.6,17,542.6,0,0,4.16551846925,8,7,2,259.8,229.9,52.9,8,7,2,259.8,229.9,52.9
87,87,17,540.1,16,515.2,0,0,4.29996580014,8,7,2,269.4,217.5,53.2,8,6,2,269.4,192.6,53.2
88,88,16,503.8,16,503.8,0,0,3.08995684975,8,7,1,252.9,224.1,26.8,8,7,1,252.9,224.1,26.8
89,89,15,488.0,15,488.0,0,0,2.65482489782,7,7,1,230.7,228.3,29.0,7,7,1,230.7,228.3,29.0
90,90,15,487.6,15,487.6,0,0,3.09110860064,7,7,1,232.6,226.7,28.3,7,7,1,232.6,226.7,28.3
91,91,16,539.6,16,539.6,0,0,3.26792492774,8,7,1,273.2,238.3,28.1,8,7,1,273.2,238.3,28.1
92,92,15,495.8,15,495.8,0,0,2.93132507011,7,7,1,236.1,233.0,26.7,7,7,1,236.1,233.0,26.7
93,93,16,513.9,15,490.6,0,0,3.96874770341,8,7,1,267.4,223.2,23.3,8,7,0,267.4,223.2,0
94,94,16,460.7,13,387.3,0,0,3.21858535178,7,7,2,193.8,209.6,57.3,5,7,1,145.0,209.6,32.7
95,95,17,516.5,15,468.2,0,0,3.77363142313,8,7,2,242.6,214.7,59.2,7,7,1,218.7,214.7,34.8
96,96,18,572.8,15,500.3,0,0,5.43653821033,9,7,2,274.0,247.8,51.0,7,7,1,224.4,247.8,28.1
97,97,17,562.3,15,513.5,0,0,3.89093970201,9,7,1,300.4,230.6,31.3,8,6,1,276.4,205.8,31.3
98,98,16,513.6,16,513.6,0,0,3.60499653259,8,7,1,266.8,217.3,29.5,8,7,1,266.8,217.3,29.5
99,99,16,522.2,16,522.2,0,0,4.27237248688,8,7,1,280.2,212.1,29.9,8,7,1,280.2,212.1,29.9
100,100,17,542.7,15,494.9,0,0,4.7378171941,8,7,2,275.7,211.8,55.2,8,6,1,275.7,188.3,30.9
101,101,17,541.1,16,516.8,0,0,4.20962657279,8,7,2,261.4,225.3,54.4,8,6,2,261.4,201.0,54.4
102,102,16,512.9,14,465.4,0,0,4.30286241937,8,7,1,261.0,222.3,29.6,7,6,1,236.6,199.2,29.6
103,103,17,545.5,17,545.5,0,0,3.61487938128,8,7,2,267.2,222.3,56.0,8,7,2,267.2,222.3,56.0
104,104,16,517.5,15,493.0,0,0,3.93462725892,7,7,2,237.7,223.9,55.9,7,6,2,237.7,199.4,55.9
105,105,14,463.1,14,463.1,0,0,3.25934834719,7,6,1,234.2,199.4,29.5,7,6,1,234.2,199.4,29.5
106,106,17,539.4,16,515.7,0,0,4.66298787071,8,7,2,263.7,222.7,53.0,8,6,2,263.7,199.0,53.0
107,107,17,546.8,16,522.5,0,0,4.32751966727,8,7,2,269.1,223.6,54.1,8,6,2,269.1,199.3,54.1
108,108,17,547.6,17,547.6,0,0,4.03947433971,8,7,2,263.6,229.1,54.9,8,7,2,263.6,229.1,54.9
109,109,15,479.4,13,431.6,0,0,4.76457163417,7,7,1,221.7,231.9,25.8,5,7,1,173.9,231.9,25.8
110,110,14,439.8,11,367.4,0,0,4.84591138413,7,6,1,222.4,192.9,24.5,5,6,0,174.5,192.9,0
111,111,16,521.6,14,474.3,0,0,4.90142836324,8,6,2,275.0,196.8,49.8,7,6,1,250.2,196.8,27.3
112,112,14,467.7,14,467.7,0,0,3.86989649747,8,6,0,273.7,194.0,0,8,6,0,273.7,194.0,0
113,113,15,533.4,15,533.4,0,0,3.45642259321,8,6,1,279.6,224.6,29.2,8,6,1,279.6,224.6,29.2
114,114,15,505.3,15,505.3,0,0,2.97798269847,8,7,0,267.8,237.5,0,8,7,0,267.8,237.5,0
115,115,17,560.2,15,512.1,0,0,4.17838450347,9,7,1,294.6,241.9,23.7,8,7,0,270.2,241.9,0
116,116,17,543.3,15,496.1,0,0,5.39259432272,8,7,2,264.2,230.4,48.7,8,6,1,264.2,205.8,26.1
117,117,17,546.7,14,474.1,0,0,5.6058071256,8,7,2,261.9,234.7,50.1,7,6,1,237.5,211.1,25.5
118,118,16,526.7,14,480.4,0,0,5.93736403353,7,7,2,241.6,235.9,49.2,7,6,1,241.6,211.9,26.9
119,119,16,530.5,15,506.8,0,0,5.52581441961,7,7,2,239.6,238.8,52.1,7,6,2,239.6,215.1,52.1
120,120,17,565.6,16,542.0,0,0,5.30633638986,8,7,2,266.7,245.6,53.3,7,7,2,243.1,245.6,53.3
121,121,17,558.1,16,534.8,0,0,5.41995902958,8,7,2,266.0,239.1,53.0,8,7,1,266.0,239.1,29.7
122,122,17,564.3,16,539.4,0,0,5.45085665151,8,7,2,263.4,248.5,52.4,7,7,2,238.5,248.5,52.4
123,123,16,541.9,15,517.2,0,0,5.16613572541,7,7,2,239.4,248.5,54.0,6,7,2,214.7,248.5,54.0
124,124,14,496.9,14,496.9,0,0,3.64891222689,6,8,0,208.1,288.8,0,6,8,0,208.1,288.8,0
125,125,16,549.3,15,524.9,0,0,4.66729311272,8,7,1,265.5,254.4,29.4,7,7,1,241.1,254.4,29.4
126,126,16,524.3,15,500.6,0,0,4.76133297162,8,7,1,266.2,232.0,26.1,8,6,1,266.2,208.3,26.1
127,127,18,576.2,16,527.9,0,0,4.54738307276,9,7,2,296.5,229.3,50.4,8,7,1,272.6,229.3,26.0
128,128,14,474.2,14,474.2,0,0,3.89070461711,8,6,0,275.9,198.3,0,8,6,0,275.9,198.3,0
129,129,16,516.8,15,493.1,0,0,4.45211560197,8,7,1,258.1,226.5,32.2,7,7,1,234.4,226.5,32.2
130,130,16,517.9,16,517.9,0,0,4.5826802565,8,7,1,260.5,226.0,31.4,8,7,1,260.5,226.0,31.4
131,131,16,504.2,15,479.4,0,0,4.53194218851,8,7,1,254.0,220.1,30.1,8,6,1,254.0,195.3,30.1
132,132,16,516.9,15,494.1,0,0,4.97988872031,8,6,2,265.9,197.1,53.9,8,6,1,265.9,197.1,31.1
133,133,15,490.9,14,466.9,0,0,4.76617047034,7,6,2,244.6,193.1,53.2,7,5,2,244.6,169.1,53.2
134,134,17,547.8,17,547.8,0,0,4.17949300331,8,7,2,265.0,227.4,55.4,8,7,2,265.0,227.4,55.4
135,135,16,518.2,16,518.2,0,0,3.27635468165,8,6,2,265.3,196.1,56.8,8,6,2,265.3,196.1,56.8
136,136,17,554.8,16,530.9,0,0,4.21202759613,8,7,2,262.9,233.5,58.4,8,7,1,262.9,233.5,34.5
137,137,15,500.9,14,477.0,0,0,4.33564407255,8,6,1,271.7,205.3,23.9,8,6,0,271.7,205.3,0
138,138,16,514.5,13,444.3,0,0,5.28469094019,9,6,1,291.3,200.6,22.6,7,6,0,243.7,200.6,0
139,139,17,536.6,13,438.9,0,0,4.97518104903,9,7,1,286.9,224.9,24.8,7,6,0,238.4,200.5,0
140,140,15,490.4,13,442.2,0,0,4.86759938877,7,7,1,245.1,221.0,24.3,7,6,0,245.1,197.1,0
141,141,15,497.1,13,450.9,0,0,5.64836259459,8,6,1,270.5,203.3,23.3,7,6,0,247.6,203.3,0
142,142,17,558.4,17,558.4,0,0,3.95397231387,8,7,2,270.3,232.0,56.1,8,7,2,270.3,232.0,56.1
143,143,16,521.7,15,498.0,0,0,3.92147400008,8,7,1,274.1,223.9,23.7,8,7,0,274.1,223.9,0
144,144,17,556.8,16,532.9,0,0,4.04059365178,9,7,1,279.3,242.3,35.2,8,7,1,255.4,242.3,35.2
145,145,16,538.2,16,538.2,0,0,2.52451315439,8,7,1,271.4,234.2,32.6,8,7,1,271.4,234.2,32.6
146,146,16,548.8,16,548.8,0,0,2.23368156489,8,7,1,273.5,241.2,34.1,8,7,1,273.5,241.2,34.1
147,147,16,544.7,15,522.3,0,0,4.55528539172,7,7,2,254.7,234.1,55.9,7,7,1,254.7,234.1,33.5
148,148,16,561.9,16,561.9,0,0,3.6615513561,8,7,1,282.6,245.6,33.7,8,7,1,282.6,245.6,33.7
149,149,16,512.7,16,512.7,0,0,4.82050740759,8,7,1,256.4,228.9,27.4,8,7,1,256.4,228.9,27.4
150,150,15,471.5,14,448.6,0,0,4.24998599437,8,6,1,270.0,172.3,29.2,8,5,1,270.0,149.4,29.2
151,151,18,565.4,15,491.6,0,0,4.86680096511,9,7,2,304.7,208.0,52.7,9,5,1,304.7,158.7,28.2
152,152,16,516.5,16,516.5,0,0,3.03121950156,7,7,2,228.7,226.9,60.9,7,7,2,228.7,226.9,60.9
153,153,17,539.7,15,491.5,0,0,4.17479305581,8,7,2,250.8,225.7,63.2,7,6,2,226.8,201.5,63.2
154,154,16,535.1,15,511.5,0,0,4.44731660667,7,7,2,246.9,234.0,54.2,7,7,1,246.9,234.0,30.6
155,155,17,539.2,15,490.4,0,0,4.6979031618,8,7,2,252.9,226.7,59.6,7,7,1,228.5,226.7,35.2
156,156,16,506.5,15,482.0,0,0,3.52646541644,8,7,1,249.3,222.8,34.4,8,6,1,249.3,198.3,34.4
157,157,15,486.7,13,440.3,0,0,5.01310663115,8,6,1,260.1,199.9,26.7,6,6,1,213.7,199.9,26.7
158,158,15,475.1,13,425.5,0,0,3.86032320384,7,6,2,227.4,198.1,49.6,7,6,0,227.4,198.1,0
159,159,17,561.7,16,537.3,0,0,3.99234561748,8,7,2,270.2,239.0,52.5,8,7,1,270.2,239.0,28.1
160,160,17,552.5,16,529.8,0,0,5.03028329222,8,7,2,260.4,241.2,50.9,7,7,2,237.7,241.2,50.9
161,161,15,526.1,15,526.1,0,0,3.87196271135,6,7,2,220.5,247.0,58.6,6,7,2,220.5,247.0,58.6
162,162,16,509.7,14,462.5,0,0,5.08985510599,8,7,1,250.6,230.4,28.7,6,7,1,203.4,230.4,28.7
163,163,15,471.8,14,447.1,0,0,5.04251448991,7,6,2,217.8,203.4,50.6,7,6,1,217.8,203.4,25.9
164,164,18,576.1,16,530.2,0,0,5.26827041852,9,7,2,276.2,242.8,57.1,7,7,2,230.3,242.8,57.1
165,165,16,502.9,15,480.4,0,0,4.9608760987,8,7,1,253.3,217.9,31.7,7,7,1,230.8,217.9,31.7
166,166,15,490.5,15,490.5,0,0,3.87279891404,8,6,1,266.6,193.6,30.3,8,6,1,266.6,193.6,30.3
167,167,16,521.0,16,521.0,0,0,5.25380814267,8,7,1,271.0,219.8,30.2,8,7,1,271.0,219.8,30.2
168,168,16,521.3,15,496.4,0,0,4.44525496082,8,7,1,256.8,239.6,24.9,8,7,0,256.8,239.6,0
169,169,16,519.1,16,519.1,0,0,3.59220800252,8,7,1,261.0,221.1,37.0,8,7,1,261.0,221.1,37.0
170,170,13,413.8,13,413.8,0,0,3.55067707519,7,5,1,229.4,155.2,29.2,7,5,1,229.4,155.2,29.2
171,171,15,427.0,13,380.1,0,0,3.10544836116,8,6,1,231.3,167.9,27.8,8,4,1,231.3,121.0,27.8
172,172,15,465.6,15,465.6,0,0,2.06321524395,7,7,1,212.1,223.6,29.9,7,7,1,212.1,223.6,29.9
173,173,15,473.0,14,448.5,0,0,3.352113761,7,7,1,210.8,233.8,28.4,6,7,1,186.3,233.8,28.4
174,174,15,483.8,15,483.8,0,0,3.5726873972,7,7,1,222.9,228.9,32.0,7,7,1,222.9,228.9,32.0
175,175,14,458.9,13,434.9,0,0,3.26147172335,7,6,1,225.6,202.1,31.2,6,6,1,201.6,202.1,31.2
176,176,16,515.7,14,467.3,0,0,3.77513244801,8,7,1,250.9,232.3,32.5,6,7,1,202.5,232.3,32.5
177,177,14,454.1,14,454.1,0,0,2.67023685001,6,7,1,193.0,229.4,31.7,6,7,1,193.0,229.4,31.7
178,178,15,482.7,15,482.7,0,0,3.02399924414,7,7,1,223.4,228.4,30.9,7,7,1,223.4,228.4,30.9
179,179,16,497.6,14,450.7,0,0,4.25299894192,8,7,1,251.1,218.0,28.5,7,6,1,227.2,195.0,28.5
180,180,15,445.7,13,400.2,0,0,4.43248828323,7,6,2,220.4,172.0,53.3,7,5,1,220.4,149.3,30.5
181,181,14,427.0,14,427.0,0,0,2.77100370596,8,5,1,236.0,163.6,27.4,8,5,1,236.0,163.6,27.4
182,182,16,487.0,14,439.5,0,0,4.19553333916,8,7,1,230.3,229.7,27.0,6,7,1,182.8,229.7,27.0
183,183,15,475.2,14,452.0,0,0,4.43093024738,7,6,2,213.8,211.1,50.3,7,6,1,213.8,211.1,27.1
184,184,15,475.7,14,452.3,0,0,3.95074435422,7,6,2,225.8,199.3,50.6,7,6,1,225.8,199.3,27.2
185,185,13,405.4,12,382.1,0,0,4.54713209137,6,6,1,182.8,195.7,26.9,5,6,1,159.5,195.7,26.9
186,186,15,466.3,14,443.4,0,0,4.99297601875,8,6,1,250.0,189.6,26.7,8,5,1,250.0,166.7,26.7
187,187,15,464.5,14,441.4,0,0,4.12200829462,8,7,0,249.5,215.0,0,8,6,0,249.5,191.9,0
188,188,16,496.9,13,426.1,0,0,4.29681568141,7,7,2,225.8,224.4,46.7,6,7,0,201.7,224.4,0
189,189,16,509.4,14,462.3,0,0,4.51883096977,7,7,2,236.9,225.4,47.1,7,7,0,236.9,225.4,0
190,190,15,486.6,15,486.6,0,0,2.87869017834,8,7,0,255.2,231.4,0,8,7,0,255.2,231.4,0
191,191,16,509.1,16,509.1,0,0,3.46029261768,8,7,1,251.8,227.6,29.7,8,7,1,251.8,227.6,29.7
192,192,14,428.2,14,428.2,0,0,3.27551690409,7,6,1,216.6,182.4,29.2,7,6,1,216.6,182.4,29.2
193,193,14,424.6,13,402.5,0,0,4.33526302484,6,7,1,186.9,211.1,26.6,6,6,1,186.9,189.0,26.6
194,194,14,432.3,13,408.7,0,0,3.59447836623,8,6,0,241.3,191.0,0,7,6,0,217.7,191.0,0
195,195,15,447.8,13,401.4,0,0,4.73631361574,8,6,1,227.2,196.9,23.7,7,6,0,204.5,196.9,0
196,196,15,475.0,14,450.5,0,0,4.40659678642,8,6,1,245.1,201.4,28.5,7,6,1,220.6,201.4,28.5
197,197,16,491.0,14,442.4,0,0,4.14630357467,8,7,1,242.1,222.4,26.5,6,7,1,193.5,222.4,26.5
198,198,14,449.6,13,425.6,0,0,3.81330810207,6,7,1,191.5,234.1,24.0,6,7,0,191.5,234.1,0
199,199,15,488.3,15,488.3,0,0,3.28956503131,8,7,0,272.0,216.3,0,8,7,0,272.0,216.3,0
200,200,17,555.6,16,531.9,0,0,3.91395504798,8,7,2,266.4,235.9,53.3,8,7,1,266.4,235.9,29.6
201,201,17,547.7,16,523.1,0,0,3.98594958795,8,7,2,252.9,243.6,51.2,8,7,1,252.9,243.6,26.6
202,202,15,481.4,15,481.4,0,0,3.82108187123,7,7,1,222.7,230.1,28.6,7,7,1,222.7,230.1,28.6
203,203,16,506.3,15,482.3,0,0,4.31879130467,8,7,1,255.6,226.7,24.0,8,7,0,255.6,226.7,0
204,204,16,497.4,13,425.2,0,0,3.91592900855,8,7,1,252.2,215.4,29.8,7,5,1,227.6,167.8,29.8
205,205,16,503.0,13,432.4,0,0,4.37109826016,8,7,1,251.1,228.2,23.7,6,7,0,204.2,228.2,0
206,206,14,444.0,14,444.0,0,0,2.77540215876,7,6,1,223.9,193.7,26.4,7,6,1,223.9,193.7,26.4
207,207,15,486.9,15,486.9,0,0,3.12016483081,7,7,1,229.2,225.1,32.6,7,7,1,229.2,225.1,32.6
208,208,14,466.9,14,466.9,0,0,1.71497925531,7,7,0,234.6,232.3,0,7,7,0,234.6,232.3,0
209,209,16,495.4,16,495.4,0,0,2.49476117761,8,7,1,252.6,213.3,29.5,8,7,1,252.6,213.3,29.5
210,210,15,480.0,15,480.0,0,0,3.13186389049,8,6,1,250.2,200.1,29.7,8,6,1,250.2,200.1,29.7
211,211,17,507.5,14,437.5,0,0,4.21961456283,8,7,2,250.6,209.5,47.4,7,7,0,228.0,209.5,0
212,212,17,528.3,16,504.0,0,0,3.63069026009,8,7,2,254.0,218.6,55.7,8,6,2,254.0,194.3,55.7
213,213,16,508.9,15,484.2,0,0,3.53279280457,8,7,1,256.0,228.2,24.7,8,7,0,256.0,228.2,0
214,214,16,516.2,16,516.2,0,0,3.26310179635,8,7,1,256.3,230.4,29.5,8,7,1,256.3,230.4,29.5
215,215,17,561.1,16,536.4,0,0,4.03708907944,8,7,2,259.9,241.4,59.8,7,7,2,235.2,241.4,59.8
216,216,17,535.2,17,535.2,0,0,3.92368374333,8,7,2,253.7,224.5,57.0,8,7,2,253.7,224.5,57.0
217,217,16,490.4,14,442.4,0,0,4.7609522857,7,7,2,209.8,225.9,54.7,6,7,1,186.5,225.9,30.0
218,218,16,501.7,15,478.5,0,0,4.00865210098,8,7,1,250.8,223.0,27.9,8,6,1,250.8,199.8,27.9
219,219,17,515.4,16,491.8,0,0,3.78190350454,8,7,2,244.7,218.7,52.0,8,6,2,244.7,195.1,52.0
220,220,15,483.9,15,483.9,0,0,3.41839561365,6,8,1,200.1,257.3,26.5,6,8,1,200.1,257.3,26.5
221,221,16,499.0,16,499.0,0,0,3.8155602472,8,7,1,245.1,228.5,25.4,8,7,1,245.1,228.5,25.4
222,222,15,473.4,15,473.4,0,0,3.11306004715,7,7,1,221.6,220.6,31.2,7,7,1,221.6,220.6,31.2
223,223,16,494.6,15,470.8,0,0,3.73521529946,8,7,1,238.8,225.0,30.8,7,7,1,215.0,225.0,30.8
224,224,16,494.7,15,470.3,0,0,3.64969747605,8,7,1,236.5,226.2,32.0,7,7,1,212.1,226.2,32.0
225,225,16,499.4,16,499.4,0,0,4.12373212838,8,7,1,251.5,217.4,30.5,8,7,1,251.5,217.4,30.5
226,226,13,384.9,12,360.5,0,0,3.8610148792,7,5,1,213.6,146.9,24.4,7,5,0,213.6,146.9,0
227,227,14,445.5,14,445.5,0,0,3.23209352764,7,6,1,223.9,192.9,28.7,7,6,1,223.9,192.9,28.7
228,228,14,438.1,14,438.1,0,0,3.62904189215,7,6,1,219.6,190.8,27.7,7,6,1,219.6,190.8,27.7
229,229,16,491.2,14,444.8,0,0,4.73539861047,8,7,1,234.2,222.4,34.6,6,7,1,187.8,222.4,34.6
230,230,14,451.6,13,428.2,0,0,4.53392583932,8,5,1,246.4,177.0,28.2,7,5,1,223.0,177.0,28.2
231,231,15,483.5,15,483.5,0,0,3.07981137332,8,7,0,253.4,230.1,0,8,7,0,253.4,230.1,0
232,232,15,479.6,15,479.6,0,0,3.67082448245,8,7,0,248.8,230.8,0,8,7,0,248.8,230.8,0
233,233,15,484.4,15,484.4,0,0,3.29012953863,8,6,1,258.6,198.9,26.9,8,6,1,258.6,198.9,26.9
234,234,15,488.1,15,488.1,0,0,3.25791344268,8,6,1,257.7,201.7,28.7,8,6,1,257.7,201.7,28.7
235,235,15,482.0,14,458.1,0,0,3.76500173908,7,7,1,231.3,222.2,28.5,7,6,1,231.3,198.3,28.5
236,236,15,483.2,15,483.2,0,0,3.77602713872,7,7,1,231.4,224.3,27.5,7,7,1,231.4,224.3,27.5
237,237,17,507.0,15,458.4,0,0,4.42373278631,8,7,2,248.9,207.6,50.5,8,6,1,248.9,183.2,26.3
238,238,15,471.5,13,425.5,0,0,4.44243605415,8,5,2,253.7,165.2,52.6,7,5,1,230.7,165.2,29.6
239,239,17,523.2,16,498.7,0,0,3.39089394772,8,7,2,244.9,220.0,58.3,8,6,2,244.9,195.5,58.3
240,240,16,519.4,15,495.0,0,0,2.61785535633,8,7,1,255.6,233.3,30.5,7,7,1,231.2,233.3,30.5
241,241,16,516.4,15,493.8,0,0,4.15363294799,8,6,2,250.0,210.4,56.0,8,6,1,250.0,210.4,33.4
242,242,17,542.2,17,542.2,0,0,3.60719256975,8,7,2,245.7,234.3,62.2,8,7,2,245.7,234.3,62.2
243,243,17,557.2,16,532.4,0,0,4.00008271973,8,7,2,264.3,236.8,56.1,8,7,1,264.3,236.8,31.3
244,244,16,530.8,15,507.1,0,0,4.98858697428,8,6,2,261.5,216.2,53.1,7,6,2,237.8,216.2,53.1
245,245,17,549.1,15,501.0,0,0,4.27638866335,8,7,2,262.5,230.0,56.6,7,6,2,239.0,205.4,56.6
246,246,17,556.7,16,533.7,0,0,4.97608250121,8,7,2,254.9,244.2,57.6,7,7,2,231.9,244.2,57.6
247,247,18,584.1,16,537.3,0,0,4.67537353022,9,7,2,289.8,232.6,61.7,7,7,2,243.0,232.6,61.7
248,248,17,547.2,15,500.1,0,0,4.80753085702,8,7,2,264.1,225.8,57.3,7,6,2,240.6,202.2,57.3
249,249,17,549.8,16,526.0,0,0,3.77674774501,8,7,2,269.2,223.1,57.5,8,6,2,269.2,199.3,57.5
250,250,17,563.4,17,563.4,0,0,3.06391473925,8,7,2,272.6,230.7,60.1,8,7,2,272.6,230.7,60.1
251,251,17,548.0,15,501.6,0,0,5.28570491709,8,7,2,268.4,228.9,50.7,7,6,2,244.9,206.0,50.7
252,252,16,533.6,16,533.6,0,0,4.05298244095,8,6,2,270.8,204.7,58.1,8,6,2,270.8,204.7,58.1
253,253,18,557.0,16,509.7,0,0,4.55324347513,10,7,1,309.7,215.6,31.7,9,6,1,286.3,191.7,31.7
254,254,16,534.5,16,534.5,0,0,4.04943926159,8,7,1,263.8,240.0,30.7,8,7,1,263.8,240.0,30.7
255,255,17,560.6,16,535.7,0,0,3.23738501953,8,7,2,269.9,235.5,55.2,8,7,1,269.9,235.5,30.3
256,256,16,536.2,16,536.2,0,0,3.28874342771,8,7,1,269.0,235.0,32.2,8,7,1,269.0,235.0,32.2
257,257,16,514.9,15,492.4,0,0,3.77839802915,7,7,2,231.4,224.4,59.1,7,7,1,231.4,224.4,36.6
258,258,18,565.7,16,518.5,0,0,4.47579182026,9,7,2,280.2,228.1,57.4,8,7,1,256.1,228.1,34.3
259,259,17,548.3,15,500.1,0,0,5.09216526232,8,7,2,277.9,213.6,56.8,7,7,1,253.7,213.6,32.8
260,260,18,583.7,17,559.6,0,0,4.35063288913,9,7,2,301.1,227.2,55.4,8,7,2,277.0,227.2,55.4
261,261,16,509.5,14,460.5,0,0,4.65431251637,8,7,1,268.5,216.7,24.3,8,6,0,268.5,192.0,0
262,262,16,519.6,15,495.9,0,0,4.78002789392,8,7,1,259.2,234.2,26.2,7,7,1,235.5,234.2,26.2
263,263,16,544.9,16,544.9,0,0,3.68129845752,8,7,1,269.7,241.1,34.1,8,7,1,269.7,241.1,34.1
264,264,15,520.2,15,520.2,0,0,4.25813507133,8,7,0,283.2,237.0,0,8,7,0,283.2,237.0,0
265,265,16,515.1,16,515.1,0,0,3.41515617017,8,7,1,257.0,224.5,33.6,8,7,1,257.0,224.5,33.6
266,266,18,597.0,17,572.7,0,0,4.32611767265,9,7,2,298.5,246.1,52.4,9,7,1,298.5,246.1,28.1
267,267,16,527.4,16,527.4,0,0,3.70258918416,8,7,1,253.8,245.5,28.1,8,7,1,253.8,245.5,28.1
268,268,14,480.0,14,480.0,0,0,3.16904672463,8,6,0,268.1,211.9,0,8,6,0,268.1,211.9,0
269,269,15,489.1,14,464.5,0,0,4.12128042979,8,6,1,263.9,195.1,30.1,7,6,1,239.3,195.1,30.1
270,270,15,489.4,15,489.4,0,0,4.09886163058,7,6,2,234.6,195.6,59.2,7,6,2,234.6,195.6,59.2
271,271,16,516.8,15,492.2,0,0,3.97508909753,8,6,2,259.1,199.6,58.1,7,6,2,234.5,199.6,58.1
272,272,15,484.6,14,460.8,0,0,4.38723255866,7,6,2,228.9,197.3,58.4,6,6,2,205.1,197.3,58.4
273,273,13,399.7,12,376.5,0,0,4.77713571516,6,6,1,175.4,197.5,26.8,5,6,1,152.2,197.5,26.8
274,274,17,491.8,13,403.8,1,19.5,5.40552549549,8,7,2,230.2,211.7,49.9,7,5,1,209.9,167.6,26.3
275,275,16,468.2,12,381.1,1,19.5,5.58353233476,8,6,2,225.8,190.4,52.0,6,5,1,181.8,170.9,28.4
276,276,13,402.4,12,378.5,0,0,4.27075625321,7,5,1,205.6,169.1,27.7,6,5,1,181.7,169.1,27.7
277,277,12,338.0,9,269.5,0,0,3.84502827353,6,4,2,173.3,117.6,47.1,5,4,0,151.9,117.6,0
278,278,16,406.4,7,203.9,0,0,3.77306241666,8,6,2,210.2,151.2,45.0,5,2,0,145.0,58.9,0
279,279,1,32.1,1,32.1,0,0,,1,0,0,32.1,0,0,1,0,0,32.1,0,0
280,280,15,427.6,11,334.0,0,0,4.62021438381,7,7,1,212.7,191.6,23.3,7,4,0,212.7,121.3,0
281,281,18,475.0,12,351.7,3,52.8,5.49950681092,9,7,2,249.0,183.5,42.5,7,5,0,213.8,137.9,0
282,282,18,480.3,11,334.5,2,34.3,6.02194516161,9,7,2,251.3,186.0,43.0,6,4,1,192.7,116.3,25.5
283,283,18,497.4,12,369.5,2,35.6,5.76806624748,9,7,2,259.9,194.9,42.6,6,5,1,194.6,148.8,26.1
284,284,20,529.8,12,358.0,1,16.6,5.71939452077,11,7,2,306.0,186.8,37.0,7,5,0,216.5,141.5,0
285,285,20,512.3,12,350.3,3,54.0,5.62197521012,11,7,2,296.9,178.0,37.4,7,5,0,213.3,137.0,0
286,286,19,472.1,10,285.1,4,74.0,5.28092673065,10,7,2,268.3,167.3,36.5,6,4,0,181.7,103.4,0
287,287,19,454.6,7,208.0,5,91.0,5.51491332714,10,7,2,259.2,159.7,35.7,6,1,0,179.3,28.7,0
