,e_id,num_sat,sum_snr,num_sat_25,sum_snr_25,num_sat_u20,sum_sat_u20,snr_std,elev_0_30,elev_30_60,elev_60_90,sum_elev_0_30,sum_elev_30_60,sum_elev_60_90,elev_0_30_25,elev_30_60_25,elev_60_90_25,sum_elev_0_30_25,sum_elev_30_60_25,sum_elev_60_90_25
1,1,17,486.4,13,412.0,3,52.4,6.47957197207,9,4,4,248.3,127.3,110.8,6,4,3,191.5,127.3,93.2
2,2,17,496.9,15,463.0,2,33.9,6.04232619794,9,4,4,253.3,130.1,113.5,8,4,3,237.9,130.1,95.0
3,3,17,502.0,14,437.4,1,15.4,4.8195908418,9,4,4,264.9,127.7,109.4,8,4,2,249.5,127.7,60.2
4,4,17,496.6,12,389.3,2,35.1,6.05989710648,9,4,4,266.5,132.2,97.9,7,4,1,228.1,132.2,29.0
5,5,17,474.5,13,394.1,2,33.6,5.7445498467,9,4,4,255.2,122.1,97.2,8,3,2,240.0,97.5,56.6
6,6,17,486.8,13,408.6,2,33.6,6.31050128521,9,4,4,269.5,121.0,96.3,8,3,2,254.3,98.9,55.4
7,7,17,474.6,13,392.9,2,35.0,5.57463398957,9,4,4,256.5,123.8,94.3,7,4,2,217.1,123.8,52.0
8,8,18,502.3,11,358.1,3,51.9,6.63869868735,10,4,4,270.9,133.0,98.4,6,4,1,192.2,133.0,32.9
9,9,18,518.9,13,420.6,3,51.6,6.81260126146,10,4,4,277.7,137.4,103.8,7,4,2,223.2,137.4,60.0
10,10,19,501.2,12,366.4,3,46.1,6.4208496277,11,4,4,275.7,127.4,98.1,6,4,2,184.2,127.4,54.8
11,11,19,510.1,8,275.2,2,29.4,7.28662156292,11,4,4,273.8,133.8,102.5,3,4,1,106.2,133.8,35.2
12,12,19,535.8,14,440.3,2,29.1,6.82243032618,11,4,4,298.3,129.2,108.3,7,4,3,224.6,129.2,86.5
13,13,20,521.1,12,364.5,4,63.2,6.83562456239,12,4,4,301.8,108.3,111.0,7,3,2,216.1,85.3,63.1
14,14,20,534.1,12,374.7,3,44.6,7.12434484523,12,4,4,315.4,106.5,112.2,7,3,2,228.4,82.2,64.1
15,15,19,521.3,12,392.7,4,63.8,8.33134713172,12,3,4,327.1,93.8,100.4,8,3,1,263.3,93.8,35.6
16,16,20,548.4,14,439.0,4,64.2,7.44160424131,12,4,4,317.3,124.1,107.0,8,4,2,253.1,124.1,61.8
17,17,20,535.0,12,384.0,3,44.7,7.527248746,12,4,4,310.2,126.4,98.4,7,4,1,223.5,126.4,34.1
18,18,20,547.3,13,418.2,4,61.1,7.94813947114,12,4,4,325.8,126.8,94.7,8,4,1,260.2,126.8,31.2
19,19,20,557.0,13,428.8,4,62.5,7.87678133571,12,4,4,326.4,131.7,98.9,8,4,1,263.9,131.7,33.2
20,20,19,523.1,12,394.0,4,64.7,8.04308209523,12,3,4,319.2,102.3,101.6,7,3,2,232.2,102.3,59.5
21,21,20,549.1,14,443.7,5,82.4,7.60176399196,12,4,4,325.5,124.9,98.7,8,4,2,260.8,124.9,58.0
22,22,20,540.3,11,365.4,4,62.9,7.8633242602,12,4,4,313.1,126.2,101.0,6,4,1,203.6,126.2,35.6
23,23,20,525.3,11,355.7,5,81.9,7.55340808405,12,4,4,300.7,125.7,98.9,6,4,1,193.6,125.7,36.4
24,24,20,533.7,12,377.8,4,62.4,7.15793817711,12,4,4,298.9,128.8,106.0,7,4,1,211.9,128.8,37.1
25,25,20,538.9,12,381.7,4,65.1,7.18898828985,12,4,4,300.0,131.2,107.7,6,4,2,187.7,131.2,62.8
26,26,20,517.4,13,391.7,6,102.4,6.72545048384,12,4,4,298.3,124.1,95.0,8,4,1,232.8,124.1,34.8
27,27,20,536.0,13,400.9,4,70.4,6.87060864537,12,4,4,310.8,119.8,105.4,7,4,2,218.5,119.8,62.6
28,28,20,572.6,15,483.4,3,45.4,7.15329147647,12,4,4,321.7,134.8,116.1,8,4,3,254.2,134.8,94.4
29,29,20,585.8,15,492.3,3,48.3,7.28884511825,12,4,4,326.3,142.6,116.9,8,4,3,253.2,142.6,96.5
30,30,20,546.4,13,407.7,3,50.2,6.70197143031,12,4,4,314.1,130.7,101.6,7,4,2,216.3,130.7,60.7
31,31,20,563.3,14,442.6,1,12.5,6.10774098992,12,4,4,322.4,130.8,110.1,7,4,3,223.1,130.8,88.7
32,32,20,563.4,12,393.5,2,32.3,6.64411888737,12,4,4,331.9,119.6,111.9,7,3,2,235.3,95.0,63.2
33,33,20,554.4,13,418.7,5,90.0,7.06448493299,12,4,4,322.4,126.0,106.0,7,4,2,228.6,126.0,64.1
34,34,16,456.8,11,352.8,2,33.8,6.99780918097,9,3,4,257.2,93.9,105.7,7,3,1,223.4,93.9,35.5
35,35,18,525.4,14,435.8,1,20.0,5.61446544403,11,4,3,310.3,122.9,92.2,7,4,3,220.7,122.9,92.2
36,36,14,429.1,13,405.8,0,0,4.48205824972,7,4,3,219.2,125.9,84.0,7,4,2,219.2,125.9,60.7
37,37,14,425.9,10,330.6,0,0,5.36429485959,8,4,2,239.1,129.4,57.4,4,4,2,143.8,129.4,57.4
38,38,16,463.2,11,351.1,1,19.9,5.55493774343,9,4,3,258.0,131.4,73.8,6,4,1,190.4,131.4,29.3
39,39,16,461.3,11,349.7,1,19.9,5.42853187642,9,4,3,246.3,134.8,80.2,5,4,2,156.5,134.8,58.4
40,40,16,471.9,10,337.5,0,0,6.49548240446,9,4,3,263.5,127.4,81.0,6,3,1,197.3,104.0,36.2
41,41,17,494.9,11,369.1,1,17.8,7.19069558118,10,4,3,282.8,128.4,83.7,6,3,2,199.9,106.4,62.8
42,42,18,509.7,11,364.7,2,34.0,7.44961507099,10,4,4,288.2,115.7,105.8,6,2,3,205.9,68.4,90.4
43,43,18,509.9,12,391.7,5,94.7,7.2689351559,10,4,4,289.4,108.3,112.2,7,2,3,227.9,69.8,94.0
44,44,18,530.2,14,445.4,1,17.8,6.19869267263,10,4,4,292.0,117.8,120.4,8,3,3,253.8,94.7,96.9
45,45,18,536.1,13,425.2,1,19.9,5.76860162482,10,4,4,293.4,130.5,112.2,7,4,2,228.5,130.5,66.2
46,46,18,527.0,15,461.8,0,0,5.60089862071,10,4,4,267.7,147.2,112.1,8,4,3,223.8,147.2,90.8
47,47,18,523.2,14,439.8,2,37.0,5.66423246449,10,4,4,275.8,139.0,108.4,7,4,3,210.7,139.0,90.1
48,48,18,526.1,14,445.3,3,57.8,5.87054517516,10,4,4,277.2,136.6,112.3,7,4,3,215.8,136.6,92.9
49,49,15,446.1,12,388.3,3,57.8,6.35663882432,8,4,3,230.4,140.3,75.4,6,4,2,192.0,140.3,56.0
50,50,15,460.4,12,393.5,0,0,5.59355070808,8,4,3,241.7,133.8,84.9,6,4,2,198.9,133.8,60.8
51,51,15,469.8,13,423.4,0,0,4.64960827843,9,4,2,268.6,139.5,61.7,7,4,2,222.2,139.5,61.7
52,52,14,425.0,13,400.5,0,0,4.64256465689,8,4,2,236.2,128.2,60.6,7,4,2,211.7,128.2,60.6
53,53,18,511.3,12,371.4,0,0,4.96854484819,10,4,4,285.7,123.2,102.4,8,3,1,241.6,98.9,30.9
54,54,18,482.5,9,285.9,1,17.5,6.20203687815,10,4,4,261.6,117.6,103.3,6,2,1,175.4,72.5,38.0
55,55,18,506.2,12,377.3,2,39.1,6.0585919113,10,4,4,278.9,126.8,100.5,7,3,2,216.8,102.3,58.2
56,56,18,507.2,13,399.1,1,19.3,5.79843341476,10,4,4,280.4,126.0,100.8,8,3,2,239.0,102.1,58.0
57,57,18,522.8,13,411.1,0,0,5.54916233448,10,4,4,283.7,139.0,100.1,7,4,2,216.4,139.0,55.7
58,58,18,536.5,14,449.3,1,18.7,6.16388649571,10,4,4,284.4,146.8,105.3,8,4,2,245.3,146.8,57.2
59,59,18,543.2,15,481.9,1,19.2,5.56549829232,10,4,4,289.0,142.7,111.5,8,4,3,249.6,142.7,89.6
60,60,17,505.0,14,442.4,2,38.4,5.47065702044,9,4,4,276.4,123.4,105.2,8,4,2,257.7,123.4,61.3
61,61,19,532.9,12,389.1,3,49.8,7.28227440212,11,4,4,307.7,119.0,106.2,7,3,2,232.1,94.7,62.3
62,62,18,517.2,10,341.4,2,33.0,7.04139023706,11,4,3,314.2,125.0,78.0,6,3,1,206.6,100.7,34.1
63,63,16,485.2,14,442.0,0,0,5.47119730955,8,4,4,262.8,123.9,98.5,8,4,2,262.8,123.9,55.3
64,64,15,439.3,10,324.9,0,0,5.69998329154,8,4,3,245.7,120.8,72.8,6,3,1,199.1,97.2,28.6
65,65,12,372.9,11,348.1,0,0,4.63310714512,7,3,2,217.8,92.1,63.0,6,3,2,193.0,92.1,63.0
66,66,14,426.2,12,377.9,0,0,4.72289257614,8,4,2,242.3,122.5,61.4,6,4,2,194.0,122.5,61.4
67,67,16,473.2,12,379.5,0,0,4.65223960403,9,4,3,265.7,123.8,83.7,6,4,2,196.2,123.8,59.5
68,68,15,473.1,15,473.1,0,0,3.94186322876,8,4,3,247.7,143.3,82.1,8,4,3,247.7,143.3,82.1
69,69,14,448.8,13,424.9,0,0,5.05366801834,7,4,3,221.2,142.2,85.4,7,4,2,221.2,142.2,61.5
70,70,16,489.7,14,441.7,0,0,4.98764724093,8,4,4,244.8,123.4,121.5,6,4,4,196.8,123.4,121.5
71,71,16,500.4,14,453.6,0,0,4.90503143041,8,4,4,252.4,132.6,115.4,7,4,3,228.3,132.6,92.7
72,72,15,468.1,11,371.5,0,0,5.21734287417,7,4,4,218.0,138.0,112.1,5,4,2,169.9,138.0,63.6
73,73,15,457.6,12,383.9,0,0,4.91186125134,7,4,4,210.6,135.0,112.0,5,4,3,161.4,135.0,87.5
74,74,16,484.7,15,461.5,0,0,4.74362291222,8,4,4,235.5,131.3,117.9,7,4,4,212.3,131.3,117.9
75,75,15,452.7,12,380.5,0,0,5.23193490567,8,4,3,232.4,129.7,90.6,6,4,2,184.5,129.7,66.3
76,76,15,458.0,14,435.0,0,0,4.48929944689,7,4,4,215.6,134.9,107.5,7,4,3,215.6,134.9,84.5
77,77,11,368.5,11,368.5,0,0,4.42854377872,6,4,1,196.8,133.3,38.4,6,4,1,196.8,133.3,38.4
78,78,16,485.7,15,463.0,0,0,4.57325103182,8,4,4,239.2,133.1,113.4,7,4,4,216.5,133.1,113.4
79,79,12,387.3,12,387.3,0,0,4.40621977746,7,4,1,221.6,126.1,39.6,7,4,1,221.6,126.1,39.6
80,80,12,370.1,11,347.7,0,0,4.98241605017,7,3,2,215.5,98.4,56.2,7,3,1,215.5,98.4,33.8
81,81,14,427.7,11,355.0,0,0,5.37053929393,8,4,2,245.6,119.7,62.4,6,4,1,197.7,119.7,37.6
82,82,18,535.2,13,423.8,2,38.9,5.68786117147,10,4,4,298.3,132.8,104.1,8,4,1,254.6,132.8,36.4
83,83,16,449.5,11,337.2,2,38.9,4.84402983063,9,4,3,255.9,119.2,74.4,7,3,1,212.0,94.6,30.6
84,84,15,473.3,15,473.3,0,0,5.23011426626,9,4,2,285.1,123.4,64.8,9,4,2,285.1,123.4,64.8
85,85,14,441.3,13,417.8,0,0,5.86543703814,9,3,2,276.1,102.4,62.8,8,3,2,252.6,102.4,62.8
86,86,13,407.8,10,337.1,0,0,5.5388603845,8,3,2,236.7,107.3,63.8,5,3,2,166.0,107.3,63.8
87,87,15,472.6,14,449.0,0,0,4.53942517863,9,4,2,274.5,140.0,58.1,8,4,2,250.9,140.0,58.1
88,88,13,423.0,12,399.0,0,0,4.89209199654,9,4,0,287.1,135.9,0,8,4,0,263.1,135.9,0
89,89,13,408.6,13,408.6,0,0,3.14361379503,8,3,2,249.3,101.7,57.6,8,3,2,249.3,101.7,57.6
90,90,14,415.0,13,392.6,0,0,4.81659220192,9,4,1,274.0,113.6,27.4,9,3,1,274.0,91.2,27.4
91,91,14,446.2,13,421.6,0,0,4.15885127842,9,3,2,286.1,94.9,65.2,9,2,2,286.1,70.3,65.2
92,92,13,396.5,10,323.8,0,0,4.90815647672,7,4,2,219.3,116.6,60.6,6,2,2,194.4,68.8,60.6
93,93,16,493.2,14,444.0,0,0,5.86804907955,9,4,3,280.1,124.5,88.6,8,3,3,255.3,100.1,88.6
94,94,13,422.6,12,397.8,0,0,5.19895206403,7,4,2,225.5,131.4,65.7,6,4,2,200.7,131.4,65.7
95,95,14,436.9,12,389.5,0,0,5.16727338988,8,4,2,252.5,122.7,61.7,6,4,2,205.1,122.7,61.7
96,96,13,376.1,10,302.9,0,0,3.55794524395,8,4,1,230.6,117.0,28.5,5,4,1,157.4,117.0,28.5
97,97,14,452.0,13,428.6,0,0,4.34844926255,8,4,2,259.9,138.8,53.3,7,4,2,236.5,138.8,53.3
98,98,15,457.0,12,384.7,0,0,4.82873344332,9,4,2,256.5,139.9,60.6,6,4,2,184.2,139.9,60.6
99,99,15,457.4,12,387.2,0,0,5.50239774575,8,4,3,245.8,123.4,88.2,6,3,3,199.0,100.0,88.2
100,100,14,466.5,14,466.5,0,0,4.70518185236,7,4,3,235.6,135.8,95.1,7,4,3,235.6,135.8,95.1
101,101,14,427.0,12,380.8,0,0,4.72782272217,7,4,3,212.6,128.3,86.1,6,4,2,190.4,128.3,62.1
102,102,12,375.7,11,351.8,0,0,4.39265054243,6,4,2,189.7,133.9,52.1,6,4,1,189.7,133.9,28.2
103,103,15,477.7,14,453.6,0,0,4.83556270424,8,3,4,254.7,100.5,122.5,7,3,4,230.6,100.5,122.5
104,104,12,386.5,12,386.5,0,0,4.19533471052,6,3,3,199.1,99.1,88.3,6,3,3,199.1,99.1,88.3
105,105,15,461.1,13,413.5,0,0,5.06384946741,7,4,4,221.5,120.7,118.9,6,4,3,198.4,120.7,94.4
106,106,13,408.6,13,408.6,0,0,4.80613923633,6,4,3,193.9,125.9,88.8,6,4,3,193.9,125.9,88.8
107,107,15,456.2,10,339.1,0,0,5.52072286502,7,4,4,213.5,133.4,109.3,4,4,2,141.7,133.4,64.0
108,108,14,427.3,11,357.2,0,0,5.49813654746,8,3,3,243.5,95.3,88.5,5,3,3,173.4,95.3,88.5
109,109,14,441.2,12,392.3,0,0,4.48018837908,6,4,4,196.4,129.6,115.2,5,4,3,171.7,129.6,91.0
110,110,11,344.5,8,274.7,0,0,5.97608871785,5,3,3,170.3,90.8,83.4,5,2,1,170.3,68.7,35.7
111,111,13,404.9,12,381.7,0,0,5.34253613069,6,4,3,194.1,119.0,91.8,5,4,3,170.9,119.0,91.8
112,112,17,532.5,13,437.7,0,0,5.15588612798,10,4,3,306.0,135.9,90.6,7,4,2,234.5,135.9,67.3
113,113,16,477.5,13,407.8,0,0,4.81594141022,8,4,4,238.0,130.5,109.0,7,4,2,214.4,130.5,62.9
114,114,15,465.9,13,418.5,0,0,5.36959695215,8,3,4,246.3,109.1,110.5,6,3,4,198.9,109.1,110.5
115,115,14,457.9,14,457.9,0,0,4.59840512247,8,4,2,253.9,145.0,59.0,8,4,2,253.9,145.0,59.0
116,116,15,485.1,14,460.7,0,0,4.1350073415,9,4,2,290.7,132.7,61.7,8,4,2,266.3,132.7,61.7
117,117,16,505.7,14,458.9,0,0,4.31655244379,9,4,3,289.1,126.3,90.3,8,4,2,266.8,126.3,65.8
118,118,14,457.3,13,433.8,0,0,4.26300853368,8,3,3,258.4,101.1,97.8,7,3,3,234.9,101.1,97.8
119,119,16,505.1,15,480.9,0,0,5.41328227603,10,4,2,310.5,132.1,62.5,9,4,2,286.3,132.1,62.5
120,120,14,454.9,13,430.2,0,0,4.56987868644,8,4,2,270.6,120.0,64.3,8,3,2,270.6,95.3,64.3
121,121,13,406.8,12,383.7,0,0,4.23585126007,7,4,2,219.9,124.3,62.6,6,4,2,196.8,124.3,62.6
122,122,15,471.4,13,422.9,0,0,4.53800879346,8,4,3,266.1,117.3,88.0,8,3,2,266.1,92.9,63.9
123,123,16,498.4,14,452.4,0,0,6.00288819375,9,4,3,290.6,124.5,83.3,8,4,2,266.9,124.5,61.0
124,124,13,415.0,12,390.2,0,0,4.64904180919,8,3,2,257.8,93.8,63.4,7,3,2,233.0,93.8,63.4
125,125,16,491.4,13,420.8,0,0,4.42099159315,9,4,3,285.6,122.6,83.2,8,3,2,260.9,100.1,59.8
126,126,15,470.3,14,447.2,0,0,5.49660501279,8,3,4,261.4,95.8,113.1,8,3,3,261.4,95.8,90.0
127,127,15,468.0,13,420.9,0,0,4.44232886156,8,4,3,257.4,121.6,89.0,7,4,2,234.2,121.6,65.1
128,128,15,481.0,15,481.0,0,0,3.65799841183,9,4,2,283.2,130.9,66.9,9,4,2,283.2,130.9,66.9
129,129,16,497.6,16,497.6,0,0,3.5287391516,9,4,3,279.6,125.2,92.8,9,4,3,279.6,125.2,92.8
130,130,15,477.8,13,429.7,0,0,3.74411283916,9,4,2,278.9,134.4,64.5,7,4,2,230.8,134.4,64.5
131,131,15,459.8,11,362.9,0,0,5.67146575495,8,4,3,242.4,142.5,74.9,6,4,1,194.5,142.5,25.9
132,132,16,495.3,12,401.3,0,0,6.45744725104,8,4,4,247.4,142.8,105.1,7,4,1,224.5,142.8,34.0
133,133,18,546.8,15,482.4,1,19.6,6.12953846795,10,4,4,293.4,141.4,112.0,7,4,4,229.0,141.4,112.0
134,134,16,484.5,13,414.2,0,0,4.81459153685,8,4,4,234.3,137.2,113.0,6,4,3,188.8,137.2,88.2
135,135,15,450.1,13,401.2,0,0,4.5997618986,8,4,3,238.8,123.8,87.5,6,4,3,189.9,123.8,87.5
136,136,13,406.0,11,356.9,0,0,5.11311787063,6,4,3,194.9,119.1,92.0,5,3,3,170.2,94.7,92.0
137,137,16,496.1,15,472.5,0,0,4.64032595838,8,4,4,262.5,120.2,113.4,8,3,4,262.5,96.6,113.4
138,138,13,389.2,9,294.4,0,0,5.6356807429,7,4,2,217.1,117.8,54.3,4,4,1,144.4,117.8,32.2
139,139,16,494.2,13,421.0,0,0,4.97713103437,8,4,4,256.2,124.7,113.3,7,3,3,231.5,100.5,89.0
140,140,13,417.2,13,417.2,0,0,3.70348069129,6,4,3,197.6,123.4,96.2,6,4,3,197.6,123.4,96.2
141,141,16,499.3,14,450.7,0,0,5.16507099015,9,4,3,275.8,129.0,94.5,7,4,3,227.2,129.0,94.5
142,142,13,417.8,12,394.9,0,0,5.26253083309,6,5,2,192.0,174.5,51.3,6,5,1,192.0,174.5,28.4
143,143,15,447.0,14,423.4,0,0,3.8574603044,9,4,2,263.4,125.6,58.0,8,4,2,239.8,125.6,58.0
144,144,12,397.2,12,397.2,0,0,4.65188133985,7,3,2,235.8,98.6,62.8,7,3,2,235.8,98.6,62.8
145,145,11,340.5,10,316.2,0,0,3.95559442723,5,4,2,153.4,121.9,65.2,4,4,2,129.1,121.9,65.2
146,146,15,455.2,13,409.4,0,0,4.74399871517,8,4,3,250.6,122.0,82.6,8,3,2,250.6,98.8,60.0
147,147,15,457.1,11,361.0,0,0,5.14787982248,8,4,3,256.3,121.1,79.7,7,3,1,232.0,98.0,31.0
148,148,13,403.7,11,354.9,0,0,4.62990557582,7,3,3,224.6,100.0,79.1,6,3,2,200.4,100.0,54.5
149,149,15,459.7,12,390.0,0,0,5.49205486741,8,4,3,248.5,124.6,86.6,6,3,3,202.3,101.1,86.6
150,150,14,446.6,13,423.4,0,0,4.57955321973,7,4,3,231.3,123.7,91.6,7,3,3,231.3,100.5,91.6
151,151,15,462.7,12,392.4,0,0,5.2112332879,9,3,3,277.3,99.5,85.9,6,3,3,207.0,99.5,85.9
152,152,13,410.8,11,363.5,0,0,5.32900866328,7,4,2,222.6,129.4,58.8,6,3,2,199.7,105.0,58.8
153,153,13,414.5,13,414.5,0,0,4.55921158276,7,4,2,220.8,133.2,60.5,7,4,2,220.8,133.2,60.5
154,154,12,390.2,11,366.6,0,0,4.97134211499,7,3,2,238.1,89.2,62.9,7,2,2,238.1,65.6,62.9
155,155,11,346.3,11,346.3,0,0,3.61076672795,8,2,1,244.6,67.5,34.2,8,2,1,244.6,67.5,34.2
156,156,15,460.9,14,436.0,0,0,4.63426164048,9,4,2,266.1,140.4,54.4,8,4,2,241.2,140.4,54.4
157,157,15,470.2,13,422.4,0,0,5.66819027136,9,4,2,275.3,135.2,59.7,7,4,2,227.5,135.2,59.7
158,158,12,381.8,10,333.2,0,0,5.87410857196,7,4,1,208.1,140.2,33.5,5,4,1,159.5,140.2,33.5
159,159,16,468.7,14,421.1,0,0,4.25040684327,9,4,3,253.9,123.2,91.6,7,4,3,206.3,123.2,91.6
160,160,17,540.8,15,493.9,0,0,4.02335095923,9,4,4,288.7,139.3,112.8,8,4,3,265.4,139.3,89.2
161,161,16,530.3,15,505.6,0,0,3.30029670383,9,5,2,304.0,167.4,58.9,8,5,2,279.3,167.4,58.9
162,162,16,507.0,14,458.3,0,0,4.046047454,8,4,4,269.3,118.3,119.4,8,3,3,269.3,93.8,95.2
163,163,16,470.2,13,398.5,0,0,4.35780908256,8,4,4,234.4,122.0,113.8,6,4,3,187.3,122.0,89.2
164,164,15,460.8,14,437.4,0,0,3.22959528645,7,4,4,220.5,117.7,122.6,7,3,4,220.5,94.3,122.6
165,165,15,448.1,12,377.2,0,0,4.48688034586,7,4,4,218.2,111.8,118.1,6,3,3,195.3,87.2,94.7
166,166,14,430.3,14,430.3,0,0,2.67627960562,7,4,3,206.1,128.2,96.0,7,4,3,206.1,128.2,96.0
167,167,15,463.3,13,414.1,0,0,3.96229851523,8,4,3,238.5,133.7,91.1,6,4,3,189.3,133.7,91.1
168,168,14,433.5,12,384.9,0,0,4.67573229853,6,4,4,193.1,124.3,116.1,6,3,3,193.1,100.0,91.8
169,169,17,518.8,15,470.9,0,0,4.32712885383,9,4,4,273.9,122.0,122.9,7,4,4,226.0,122.0,122.9
170,170,15,454.2,15,454.2,0,0,2.64769441482,8,3,4,238.3,94.0,121.9,8,3,4,238.3,94.0,121.9
171,171,17,528.3,16,504.1,0,0,3.44955240063,9,4,4,282.9,128.3,117.1,9,4,3,282.9,128.3,92.9
172,172,16,495.8,16,495.8,0,0,3.09577669307,8,4,4,241.8,132.7,121.3,8,4,4,241.8,132.7,121.3
173,173,17,524.7,16,500.4,0,0,2.8666053915,9,4,4,282.5,127.8,114.4,9,4,3,282.5,127.8,90.1
174,174,17,519.4,16,496.5,0,0,3.51872094074,9,4,4,275.6,129.1,114.7,9,4,3,275.6,129.1,91.8
175,175,17,508.9,15,460.4,0,0,3.00685491346,9,4,4,270.2,125.8,112.9,8,4,3,245.9,125.8,88.7
176,176,15,449.9,13,402.7,0,0,3.59135204677,8,3,4,237.9,99.5,112.5,7,3,3,215.0,99.5,88.2
177,177,14,403.3,11,333.0,0,0,4.03016783115,9,3,2,265.0,88.6,49.7,8,2,1,241.8,65.7,25.5
178,178,17,547.7,17,547.7,0,0,2.7534603897,9,4,4,287.7,135.4,124.6,9,4,4,287.7,135.4,124.6
179,179,17,521.8,16,498.5,0,0,3.28794589908,9,4,4,276.0,126.1,119.7,9,4,3,276.0,126.1,96.4
180,180,17,522.0,16,498.8,0,0,3.84471562476,9,4,4,279.8,117.9,124.3,8,4,4,256.6,117.9,124.3
181,181,16,505.5,15,482.6,0,0,3.69043244982,8,4,4,262.7,122.8,120.0,7,4,4,239.8,122.8,120.0
182,182,17,546.0,15,497.7,0,0,4.48904712803,9,4,4,277.4,143.9,124.7,7,4,4,229.1,143.9,124.7
183,183,15,499.1,15,499.1,0,0,2.83938289741,7,4,4,235.2,136.3,127.6,7,4,4,235.2,136.3,127.6
184,184,16,506.2,15,482.1,0,0,3.83577458497,8,4,4,258.2,125.1,122.9,8,4,3,258.2,125.1,98.8
185,185,16,527.2,16,527.2,0,0,3.35618831414,8,4,4,274.8,124.3,128.1,8,4,4,274.8,124.3,128.1
186,186,17,531.8,16,508.1,0,0,4.40102762064,9,4,4,276.9,129.1,125.8,8,4,4,253.2,129.1,125.8
187,187,14,478.9,14,478.9,0,0,3.09999113788,7,4,3,244.1,137.8,97.0,7,4,3,244.1,137.8,97.0
188,188,17,529.7,15,480.5,0,0,4.62885769164,10,4,3,318.8,122.6,88.3,8,4,3,269.6,122.6,88.3
189,189,15,480.6,13,433.3,0,0,4.80339165888,7,4,4,227.6,132.9,120.1,7,3,3,227.6,108.5,97.2
190,190,16,515.8,15,492.7,0,0,4.70529843191,8,4,4,261.1,135.1,119.6,8,4,3,261.1,135.1,96.5
191,191,15,481.6,15,481.6,0,0,3.24663928804,7,4,4,230.1,129.5,122.0,7,4,4,230.1,129.5,122.0
192,192,17,536.7,16,514.0,0,0,4.25907335959,9,4,4,287.5,132.8,116.4,8,4,4,264.8,132.8,116.4
193,193,15,477.4,15,477.4,0,0,2.76159029408,8,4,3,256.5,127.2,93.7,8,4,3,256.5,127.2,93.7
194,194,16,493.0,14,444.1,0,0,4.31306155764,8,4,4,251.1,126.9,115.0,8,3,3,251.1,102.8,90.2
195,195,15,466.5,14,443.8,0,0,4.21307488659,8,4,3,248.3,123.6,94.6,7,4,3,225.6,123.6,94.6
196,196,17,525.4,15,478.7,0,0,4.11968909449,9,4,4,278.1,128.9,118.4,8,4,3,255.0,128.9,94.8
197,197,17,531.5,15,482.7,0,0,4.28849349662,9,4,4,280.5,130.6,120.4,8,4,3,256.5,130.6,95.6
198,198,17,537.5,14,464.6,0,0,4.66197856255,9,4,4,284.9,131.3,121.3,7,4,3,236.3,131.3,97.0
199,199,15,483.5,13,434.9,0,0,3.98437424136,7,4,4,232.4,130.2,120.9,6,4,3,208.0,130.2,96.7
200,200,16,496.7,13,424.9,0,0,4.46646299287,8,4,4,253.2,123.3,120.2,6,4,3,205.4,123.3,96.2
201,201,17,509.4,13,414.5,0,0,4.37520587751,9,4,4,265.5,127.9,116.0,6,4,3,194.2,127.9,92.4
202,202,17,530.5,15,482.9,0,0,3.61117546448,9,4,4,286.0,128.1,116.4,8,4,3,261.9,128.1,92.9
203,203,15,488.9,15,488.9,0,0,3.7354415816,7,4,4,225.9,134.2,128.8,7,4,4,225.9,134.2,128.8
204,204,15,472.1,14,449.6,0,0,4.17500499002,7,4,4,232.1,116.9,123.1,7,4,3,232.1,116.9,100.6
205,205,14,455.8,14,455.8,0,0,3.40829627769,7,4,3,232.2,131.3,92.3,7,4,3,232.2,131.3,92.3
206,206,16,488.1,14,439.2,0,0,4.50769249912,8,4,4,241.8,122.3,124.0,6,4,4,192.9,122.3,124.0
207,207,16,492.3,15,468.6,0,0,5.19906642261,9,3,4,286.1,98.8,107.4,9,3,3,286.1,98.8,83.7
208,208,16,511.9,15,489.4,0,0,5.02002241031,9,4,3,296.7,128.2,87.0,8,4,3,274.2,128.2,87.0
209,209,16,525.0,15,500.7,0,0,5.22849564088,8,4,4,269.8,129.5,125.7,8,4,3,269.8,129.5,101.4
210,210,15,514.2,15,514.2,0,0,4.79779711356,8,4,3,281.4,138.3,94.5,8,4,3,281.4,138.3,94.5
211,211,15,511.2,15,511.2,0,0,4.45296049195,8,4,3,271.3,141.1,98.8,8,4,3,271.3,141.1,98.8
212,212,16,527.8,16,527.8,0,0,5.26622888476,8,4,4,267.4,139.4,121.0,8,4,4,267.4,139.4,121.0
213,213,15,497.2,15,497.2,0,0,5.04846039709,9,4,2,293.9,139.7,63.6,9,4,2,293.9,139.7,63.6
214,214,15,503.4,14,479.0,0,0,4.44502932659,7,4,4,243.9,142.4,117.1,7,4,3,243.9,142.4,92.7
215,215,15,517.4,15,517.4,0,0,4.53281159463,8,4,3,283.9,145.1,88.4,8,4,3,283.9,145.1,88.4
216,216,16,537.1,16,537.1,0,0,3.92100646093,8,4,4,281.3,139.4,116.4,8,4,4,281.3,139.4,116.4
217,217,14,480.2,14,480.2,0,0,4.94368283772,8,4,2,272.6,147.3,60.3,8,4,2,272.6,147.3,60.3
218,218,17,598.7,17,598.7,0,0,4.37824669447,9,4,4,324.0,144.8,129.9,9,4,4,324.0,144.8,129.9
219,219,16,538.9,15,515.8,0,0,4.45858254755,9,4,3,310.3,135.3,93.3,9,4,2,310.3,135.3,70.2
220,220,15,527.2,15,527.2,0,0,3.95616456878,7,4,4,253.4,147.2,126.6,7,4,4,253.4,147.2,126.6
221,221,15,531.8,15,531.8,0,0,3.46572331487,8,4,3,291.3,135.8,104.7,8,4,3,291.3,135.8,104.7
222,222,16,518.9,15,494.4,0,0,5.24337280129,9,4,3,306.3,136.7,75.9,9,4,2,306.3,136.7,51.4
223,223,15,475.9,15,475.9,0,0,4.1209337823,8,4,3,265.4,128.5,82.0,8,4,3,265.4,128.5,82.0
224,224,14,474.0,14,474.0,0,0,3.7826962882,7,4,3,250.3,136.6,87.1,7,4,3,250.3,136.6,87.1
225,225,15,512.7,15,512.7,0,0,4.12227399103,7,4,4,254.3,138.2,120.2,7,4,4,254.3,138.2,120.2
226,226,14,477.0,14,477.0,0,0,4.54556902953,7,4,3,252.3,132.5,92.2,7,4,3,252.3,132.5,92.2
227,227,15,502.7,15,502.7,0,0,5.17726715924,7,4,4,249.5,136.8,116.4,7,4,4,249.5,136.8,116.4
228,228,15,507.3,15,507.3,0,0,5.24883660579,7,4,4,245.8,140.8,120.7,7,4,4,245.8,140.8,120.7
229,229,15,503.9,15,503.9,0,0,5.48328195084,7,4,4,241.0,142.3,120.6,7,4,4,241.0,142.3,120.6
230,230,14,483.9,14,483.9,0,0,3.78531720912,7,4,3,246.1,144.0,93.8,7,4,3,246.1,144.0,93.8
231,231,16,495.1,14,448.0,0,0,4.7619280059,10,3,3,308.8,99.8,86.5,8,3,3,261.7,99.8,86.5
232,232,16,504.3,14,456.9,0,0,4.38561569224,9,4,3,290.5,132.4,81.4,8,4,2,266.9,132.4,57.6
233,233,14,492.2,14,492.2,0,0,3.77984824394,7,4,3,249.2,147.3,95.7,7,4,3,249.2,147.3,95.7
234,234,17,572.3,17,572.3,0,0,4.97354767451,9,4,4,301.5,146.5,124.3,9,4,4,301.5,146.5,124.3
235,235,14,496.9,14,496.9,0,0,4.76581808067,8,4,2,284.1,145.8,67.0,8,4,2,284.1,145.8,67.0
236,236,15,502.0,15,502.0,0,0,5.62058292181,9,3,3,305.6,109.6,86.8,9,3,3,305.6,109.6,86.8
237,237,12,425.6,12,425.6,0,0,4.57946668855,8,3,1,278.8,110.6,36.2,8,3,1,278.8,110.6,36.2
238,238,13,454.7,13,454.7,0,0,5.22703769615,9,3,1,308.4,109.6,36.7,9,3,1,308.4,109.6,36.7
239,239,14,483.4,14,483.4,0,0,5.12691668796,9,3,2,308.1,110.7,64.6,9,3,2,308.1,110.7,64.6
240,240,13,453.7,13,453.7,0,0,5.00965734024,8,3,2,277.9,112.0,63.8,8,3,2,277.9,112.0,63.8
241,241,12,431.8,12,431.8,0,0,4.24324775557,7,3,2,255.3,111.8,64.7,7,3,2,255.3,111.8,64.7
242,242,13,451.9,13,451.9,0,0,4.93972645355,8,3,2,277.5,111.1,63.3,8,3,2,277.5,111.1,63.3
243,243,13,443.9,13,443.9,0,0,5.74842230306,8,3,2,277.5,113.4,53.0,8,3,2,277.5,113.4,53.0
244,244,14,476.9,14,476.9,0,0,5.65067826329,7,4,3,247.6,140.0,89.3,7,4,3,247.6,140.0,89.3
245,245,15,510.1,15,510.1,0,0,5.6502170207,9,3,3,306.4,112.4,91.3,9,3,3,306.4,112.4,91.3
246,246,15,513.6,15,513.6,0,0,5.19859871229,8,4,3,283.1,137.9,92.6,8,4,3,283.1,137.9,92.6
247,247,14,479.1,14,479.1,0,0,5.14799117975,7,4,3,250.9,138.3,89.9,7,4,3,250.9,138.3,89.9
248,248,15,504.5,15,504.5,0,0,5.52380131362,9,3,3,302.7,110.6,91.2,9,3,3,302.7,110.6,91.2
249,249,16,531.6,16,531.6,0,0,5.56518942475,9,3,4,304.7,109.8,117.1,9,3,4,304.7,109.8,117.1
250,250,15,523.3,15,523.3,0,0,5.30860038948,9,4,2,304.8,151.6,66.9,9,4,2,304.8,151.6,66.9
251,251,15,500.7,15,500.7,0,0,5.37470264958,9,3,3,301.4,109.1,90.2,9,3,3,301.4,109.1,90.2
252,252,14,480.6,14,480.6,0,0,4.69458420727,8,3,3,282.9,107.7,90.0,8,3,3,282.9,107.7,90.0
253,253,14,481.8,14,481.8,0,0,4.13909264357,8,3,3,282.7,107.8,91.3,8,3,3,282.7,107.8,91.3
254,254,14,482.1,14,482.1,0,0,4.19919537033,8,4,2,283.3,134.7,64.1,8,4,2,283.3,134.7,64.1
255,255,14,476.4,14,476.4,0,0,3.79400915846,8,4,2,278.1,137.0,61.3,8,4,2,278.1,137.0,61.3
256,256,18,580.3,16,533.2,0,0,5.18313315293,10,4,4,328.7,137.3,114.3,9,4,3,304.9,137.3,91.0
257,257,16,519.3,14,473.4,0,0,5.65425724565,9,5,2,282.7,170.0,66.6,8,4,2,259.9,146.9,66.6
258,258,14,450.4,13,425.9,0,0,4.91378415534,8,4,2,253.7,129.0,67.7,8,3,2,253.7,104.5,67.7
259,259,16,536.0,16,536.0,0,0,4.16397246228,9,4,3,302.4,143.0,90.6,9,4,3,302.4,143.0,90.6
260,260,16,532.6,16,532.6,0,0,3.54774576316,8,4,4,270.3,141.5,120.8,8,4,4,270.3,141.5,120.8
261,261,17,555.4,16,532.2,0,0,4.66700716545,9,4,4,305.4,128.7,121.3,9,4,3,305.4,128.7,98.1
262,262,17,554.1,15,505.3,0,0,4.17604337086,9,4,4,295.8,139.2,119.1,9,4,2,295.8,139.2,70.3
263,263,17,562.1,17,562.1,0,0,3.59529921851,9,4,4,298.5,139.8,123.8,9,4,4,298.5,139.8,123.8
264,264,17,554.1,16,531.1,0,0,3.90536019277,9,4,4,296.7,137.8,119.6,9,4,3,296.7,137.8,96.6
265,265,15,498.0,15,498.0,0,0,4.43299318423,7,4,4,246.6,128.5,122.9,7,4,4,246.6,128.5,122.9
266,266,15,455.1,12,383.9,0,0,4.98208218089,8,4,3,260.7,117.3,77.1,7,3,2,238.0,92.4,53.5
267,267,14,410.0,11,339.3,0,0,4.59445437337,8,3,3,244.0,85.2,80.8,7,3,1,221.2,85.2,32.9
268,268,11,318.5,10,294.9,0,0,3.08621568798,7,3,1,203.0,84.0,31.5,7,2,1,203.0,60.4,31.5
271,271,16,499.0,15,476.7,0,0,4.52737966893,8,6,2,258.3,183.8,56.9,7,6,2,236.0,183.8,56.9
272,272,19,522.7,12,375.5,2,35.6,6.30228307281,10,6,3,294.3,159.4,69.0,7,4,1,232.3,116.4,26.8
273,273,22,578.3,14,418.4,4,70.5,5.92294131038,12,6,4,325.6,162.1,90.6,8,5,1,250.3,139.8,28.3
274,274,22,569.9,14,416.7,5,86.5,6.29924237869,12,6,4,324.4,158.7,86.8,8,5,1,251.4,136.8,28.5
