,e_id,num_sat,sum_snr,num_sat_25,sum_snr_25,num_sat_u20,sum_sat_u20,snr_std,elev_0_30,elev_30_60,elev_60_90,sum_elev_0_30,sum_elev_30_60,sum_elev_60_90,elev_0_30_25,elev_30_60_25,elev_60_90_25,sum_elev_0_30_25,sum_elev_30_60_25,sum_elev_60_90_25
1,1,18,589.4,18,589.4,0,0,2.27911804981,9,7,2,290.9,233.5,65.0,9,7,2,290.9,233.5,65.0
2,2,17,573.1,17,573.1,0,0,2.95716975184,8,7,2,265.8,241.1,66.2,8,7,2,265.8,241.1,66.2
3,3,18,594.3,18,594.3,0,0,3.51203812119,9,7,2,292.3,238.5,63.5,9,7,2,292.3,238.5,63.5
4,4,17,566.7,17,566.7,0,0,3.78812967975,8,7,2,263.3,240.7,62.7,8,7,2,263.3,240.7,62.7
5,5,17,570.8,17,570.8,0,0,3.25163985778,8,7,2,267.5,239.5,63.8,8,7,2,267.5,239.5,63.8
6,6,16,538.5,16,538.5,0,0,4.17962817325,7,7,2,222.0,255.9,60.6,7,7,2,222.0,255.9,60.6
7,7,18,607.2,18,607.2,0,0,2.46170672502,9,7,2,296.0,243.2,68.0,9,7,2,296.0,243.2,68.0
8,8,18,608.6,17,585.0,0,0,3.58737801824,9,7,2,287.2,254.6,66.8,8,7,2,263.6,254.6,66.8
9,9,17,581.3,17,581.3,0,0,2.81834849429,8,7,2,258.0,254.2,69.1,8,7,2,258.0,254.2,69.1
10,10,18,605.3,18,605.3,0,0,3.43884480528,9,7,2,284.0,253.4,67.9,9,7,2,284.0,253.4,67.9
11,11,17,580.4,17,580.4,0,0,2.59640588688,8,7,2,261.9,251.9,66.6,8,7,2,261.9,251.9,66.6
12,12,18,573.2,17,548.9,0,0,3.84343936388,9,7,2,267.5,242.3,63.4,8,7,2,243.2,242.3,63.4
13,13,18,563.2,15,492.9,0,0,4.82882142348,9,7,2,262.2,236.4,64.6,6,7,2,191.9,236.4,64.6
14,14,18,583.7,16,534.9,0,0,4.18313217234,9,7,2,271.7,243.7,68.3,7,7,2,222.9,243.7,68.3
15,15,17,569.5,17,569.5,0,0,2.57681974535,8,7,2,255.6,245.2,68.7,8,7,2,255.6,245.2,68.7
16,16,17,569.2,17,569.2,0,0,2.54121902197,8,7,2,265.4,236.5,67.3,8,7,2,265.4,236.5,67.3
17,17,18,562.4,15,491.3,0,0,4.16529389151,9,7,2,270.1,222.2,70.1,7,6,2,222.6,198.6,70.1
18,18,17,540.7,17,540.7,0,0,3.09706929779,8,7,2,250.4,223.0,67.3,8,7,2,250.4,223.0,67.3
19,19,18,569.2,17,545.6,0,0,3.69762333136,9,7,2,282.4,220.7,66.1,9,6,2,282.4,197.1,66.1
20,20,18,567.2,16,518.5,0,0,3.51080498376,9,7,2,277.1,223.6,66.5,8,6,2,252.2,199.8,66.5
21,21,18,573.3,17,549.0,0,0,3.75895010373,9,7,2,282.4,225.2,65.7,8,7,2,258.1,225.2,65.7
22,22,17,534.1,17,534.1,0,0,3.97385758648,8,7,2,236.8,230.7,66.6,8,7,2,236.8,230.7,66.6
23,23,17,535.3,17,535.3,0,0,3.57104367674,9,6,2,265.7,202.9,66.7,9,6,2,265.7,202.9,66.7
24,24,18,551.7,15,482.5,0,0,4.82886541296,9,7,2,267.3,216.6,67.8,8,5,2,243.3,171.4,67.8
25,25,17,565.1,17,565.1,0,0,3.10927218645,8,7,2,261.8,236.9,66.4,8,7,2,261.8,236.9,66.4
26,26,17,555.1,15,506.8,0,0,4.50459732483,8,7,2,242.6,242.7,69.8,6,7,2,194.3,242.7,69.8
27,27,17,548.2,15,499.9,0,0,4.53681022954,9,6,2,274.0,206.9,67.3,7,6,2,225.7,206.9,67.3
28,28,18,562.4,15,493.2,0,0,5.32477254109,9,7,2,260.0,236.1,66.3,6,7,2,190.8,236.1,66.3
29,29,16,521.8,16,521.8,0,0,3.13366133035,7,6,3,218.2,202.8,100.8,7,6,3,218.2,202.8,100.8
30,30,18,575.8,15,505.0,0,0,4.46738361235,9,7,2,271.0,235.0,69.8,7,6,2,223.0,212.2,69.8
31,31,17,547.6,16,524.1,0,0,3.4418168082,8,7,2,246.2,234.6,66.8,7,7,2,222.7,234.6,66.8
32,32,16,516.4,15,493.0,0,0,3.52316145907,7,7,2,218.1,231.0,67.3,6,7,2,194.7,231.0,67.3
33,33,17,530.1,16,505.2,0,0,3.64181192782,8,7,2,242.5,222.4,65.2,7,7,2,217.6,222.4,65.2
34,34,16,529.5,16,529.5,0,0,3.46284444737,8,6,2,254.7,208.0,66.8,8,6,2,254.7,208.0,66.8
35,35,18,585.4,18,585.4,0,0,2.89838810285,9,7,2,279.3,239.5,66.6,9,7,2,279.3,239.5,66.6
36,36,17,553.6,16,530.3,0,0,4.00249003379,8,7,2,247.2,242.4,64.0,7,7,2,223.9,242.4,64.0
37,37,16,513.3,15,489.5,0,0,4.12249418839,8,6,2,242.3,207.1,63.9,7,6,2,218.5,207.1,63.9
38,38,15,500.0,15,500.0,0,0,2.84245031786,7,6,2,229.2,201.9,68.9,7,6,2,229.2,201.9,68.9
39,39,17,546.5,17,546.5,0,0,4.13130089183,8,7,2,255.3,221.9,69.3,8,7,2,255.3,221.9,69.3
40,40,17,537.6,15,490.9,0,0,5.08066548443,8,7,2,235.5,234.6,67.5,7,6,2,211.7,211.7,67.5
41,41,18,578.1,18,578.1,0,0,3.48783600532,9,7,2,275.2,239.1,63.8,9,7,2,275.2,239.1,63.8
42,42,18,573.2,17,550.6,0,0,4.45991588185,9,7,2,260.8,245.7,66.7,8,7,2,238.2,245.7,66.7
43,43,18,577.4,18,577.4,0,0,4.19054335317,9,7,2,265.1,242.7,69.6,9,7,2,265.1,242.7,69.6
44,44,18,578.3,18,578.3,0,0,4.51726173636,9,7,2,272.0,238.7,67.6,9,7,2,272.0,238.7,67.6
45,45,16,539.5,16,539.5,0,0,3.35742336721,7,6,3,231.6,207.6,100.3,7,6,3,231.6,207.6,100.3
46,46,19,601.6,15,506.9,0,0,5.31206284751,10,7,2,296.2,239.9,65.5,7,6,2,225.5,215.9,65.5
47,47,17,548.0,14,477.5,0,0,4.93886894649,9,6,2,272.0,210.2,65.8,6,6,2,201.5,210.2,65.8
48,48,17,551.8,14,477.7,0,0,4.80104921131,9,6,2,271.6,215.0,65.2,6,6,2,197.5,215.0,65.2
49,49,18,570.7,17,546.9,0,0,5.08856529211,9,7,2,270.8,233.9,66.0,8,7,2,247.0,233.9,66.0
50,50,19,615.7,17,568.5,0,0,4.35895931568,10,7,2,308.5,238.0,69.2,8,7,2,261.3,238.0,69.2
51,51,19,613.7,19,613.7,0,0,3.98692306868,10,7,2,304.2,241.3,68.2,10,7,2,304.2,241.3,68.2
52,52,19,614.0,19,614.0,0,0,3.87560219807,10,7,2,303.2,242.4,68.4,10,7,2,303.2,242.4,68.4
53,53,19,611.0,17,561.7,0,0,4.69743615526,10,7,2,299.9,240.7,70.4,8,7,2,250.6,240.7,70.4
54,54,18,570.8,17,546.5,0,0,4.19241456315,8,7,3,233.9,233.2,103.7,7,7,3,209.6,233.2,103.7
55,55,16,514.5,15,490.1,0,0,3.82203588855,7,7,2,212.5,233.0,69.0,6,7,2,188.1,233.0,69.0
56,56,17,562.1,16,538.8,0,0,3.83877278184,7,7,3,219.8,238.9,103.4,6,7,3,196.5,238.9,103.4
57,57,16,530.9,16,530.9,0,0,3.75112760824,6,7,3,184.2,244.2,102.5,6,7,3,184.2,244.2,102.5
58,58,17,543.3,15,496.4,0,0,4.99150012816,8,7,2,228.4,249.5,65.4,6,7,2,181.5,249.5,65.4
59,59,16,510.1,15,485.4,0,0,4.87828094722,7,7,2,194.9,250.7,64.5,6,7,2,170.2,250.7,64.5
60,60,16,516.7,15,491.9,0,0,4.58235292544,7,7,2,202.5,251.3,62.9,6,7,2,177.7,251.3,62.9
61,61,16,520.0,15,495.4,0,0,4.29262934187,7,7,2,213.5,241.8,64.7,6,7,2,188.9,241.8,64.7
62,62,16,517.7,14,470.8,0,0,4.90047191605,7,7,2,212.8,243.5,61.4,6,6,2,189.8,219.6,61.4
63,63,17,539.9,15,490.6,0,0,4.83245005452,8,7,2,235.3,241.5,63.1,6,7,2,186.0,241.5,63.1
64,64,17,541.9,15,494.9,0,0,4.50104563015,8,7,2,236.7,239.5,65.7,6,7,2,189.7,239.5,65.7
65,65,16,509.2,15,486.4,0,0,4.63270979018,7,7,2,210.5,232.3,66.4,6,7,2,187.7,232.3,66.4
66,66,16,515.9,16,515.9,0,0,3.7184170019,7,7,2,208.9,238.7,68.3,7,7,2,208.9,238.7,68.3
67,67,16,510.0,15,486.7,0,0,4.10649891432,7,7,2,206.4,234.1,69.5,6,7,2,183.1,234.1,69.5
68,68,18,564.2,15,492.1,0,0,4.70196732571,9,7,2,270.7,227.4,66.1,6,7,2,198.6,227.4,66.1
69,69,17,540.0,16,515.1,0,0,4.0575456215,8,6,3,243.4,199.3,97.3,7,6,3,218.5,199.3,97.3
70,70,16,538.4,16,538.4,0,0,3.88947297201,8,6,2,276.3,196.9,65.2,8,6,2,276.3,196.9,65.2
71,71,16,537.3,16,537.3,0,0,4.31697714456,8,6,2,272.5,198.7,66.1,8,6,2,272.5,198.7,66.1
72,72,16,540.7,16,540.7,0,0,3.94503379791,8,6,2,274.2,200.6,65.9,8,6,2,274.2,200.6,65.9
73,73,15,501.3,15,501.3,0,0,4.01554123731,7,6,2,244.9,191.4,65.0,7,6,2,244.9,191.4,65.0
74,74,16,536.5,16,536.5,0,0,4.47492551148,8,6,2,271.4,203.9,61.2,8,6,2,271.4,203.9,61.2
75,75,15,501.8,15,501.8,0,0,4.71999798224,7,6,2,246.9,194.0,60.9,7,6,2,246.9,194.0,60.9
76,76,15,505.7,15,505.7,0,0,4.21881274204,7,6,2,246.9,194.7,64.1,7,6,2,246.9,194.7,64.1
77,77,16,527.2,16,527.2,0,0,5.05384342192,8,7,1,277.3,215.2,34.7,8,7,1,277.3,215.2,34.7
78,78,15,506.1,15,506.1,0,0,4.34622989333,7,6,2,251.2,193.7,61.2,7,6,2,251.2,193.7,61.2
79,79,15,504.8,15,504.8,0,0,4.38175872497,7,6,2,249.8,191.5,63.5,7,6,2,249.8,191.5,63.5
80,80,16,532.0,16,532.0,0,0,4.72440472441,7,7,2,249.0,219.5,63.5,7,7,2,249.0,219.5,63.5
81,81,17,552.9,17,552.9,0,0,5.12231995923,8,7,2,269.6,219.7,63.6,8,7,2,269.6,219.7,63.6
82,82,17,560.6,17,560.6,0,0,4.82435609846,8,7,2,276.1,224.0,60.5,8,7,2,276.1,224.0,60.5
83,83,15,504.0,15,504.0,0,0,4.63403557542,7,6,2,246.2,196.3,61.5,7,6,2,246.2,196.3,61.5
84,84,15,509.1,15,509.1,0,0,4.53916291842,7,6,2,247.0,199.1,63.0,7,6,2,247.0,199.1,63.0
85,85,18,594.4,18,594.4,0,0,4.29439519203,9,7,2,299.2,232.4,62.8,9,7,2,299.2,232.4,62.8
86,86,17,565.1,17,565.1,0,0,4.25985017687,9,6,2,293.4,206.7,65.0,9,6,2,293.4,206.7,65.0
87,87,17,569.3,17,569.3,0,0,3.72002727694,9,6,2,296.9,207.3,65.1,9,6,2,296.9,207.3,65.1
88,88,17,574.1,17,574.1,0,0,3.22485749799,9,6,2,299.7,209.3,65.1,9,6,2,299.7,209.3,65.1
89,89,16,557.6,16,557.6,0,0,3.96602235664,8,6,2,287.8,204.2,65.6,8,6,2,287.8,204.2,65.6
90,90,17,566.3,17,566.3,0,0,4.1995360388,9,6,2,301.4,199.3,65.6,9,6,2,301.4,199.3,65.6
91,91,17,567.0,17,567.0,0,0,4.3639313765,9,6,2,300.8,200.8,65.4,9,6,2,300.8,200.8,65.4
92,92,18,593.5,18,593.5,0,0,4.42729575615,10,6,2,322.0,206.6,64.9,10,6,2,322.0,206.6,64.9
93,93,18,604.1,18,604.1,0,0,4.38072501237,10,6,2,337.5,203.6,63.0,10,6,2,337.5,203.6,63.0
94,94,18,594.3,18,594.3,0,0,4.81373647217,10,6,2,339.4,192.0,62.9,10,6,2,339.4,192.0,62.9
95,95,17,550.0,14,478.6,0,0,4.73446375621,9,6,2,297.7,186.6,65.7,8,4,2,275.1,137.8,65.7
96,96,17,549.1,15,502.1,0,0,4.38120987856,9,6,2,287.9,196.5,64.7,7,6,2,240.9,196.5,64.7
97,97,17,551.2,17,551.2,0,0,3.30880065352,7,7,3,225.3,226.4,99.5,7,7,3,225.3,226.4,99.5
98,98,17,550.5,16,525.6,0,0,3.25254425299,8,7,2,254.9,231.2,64.4,7,7,2,230.0,231.2,64.4
99,99,17,549.5,16,526.6,0,0,3.93788163417,8,7,2,254.2,230.7,64.6,7,7,2,231.3,230.7,64.6
100,100,18,576.7,16,530.3,0,0,4.20869392747,9,7,2,275.8,235.1,65.8,7,7,2,229.4,235.1,65.8
101,101,18,568.1,15,496.9,0,0,4.73648403837,9,7,2,262.0,237.2,68.9,6,7,2,190.8,237.2,68.9
102,102,19,594.1,18,571.1,0,0,4.57773022743,10,7,2,287.8,237.2,69.1,9,7,2,264.8,237.2,69.1
103,103,17,547.4,17,547.4,0,0,3.53694783677,8,7,2,249.5,231.5,66.4,8,7,2,249.5,231.5,66.4
104,104,17,536.7,15,490.4,0,0,3.88663812084,8,7,2,234.1,235.7,66.9,6,7,2,187.8,235.7,66.9
105,105,17,527.5,16,504.5,0,0,3.5490781736,8,7,2,227.3,231.6,68.6,7,7,2,204.3,231.6,68.6
106,106,16,509.9,15,486.9,0,0,3.47480814818,7,7,2,206.7,235.3,67.9,6,7,2,183.7,235.3,67.9
107,107,17,551.1,16,528.8,0,0,3.56777859706,8,7,2,245.1,238.5,67.5,7,7,2,222.8,238.5,67.5
108,108,16,534.1,16,534.1,0,0,2.55661723116,7,7,2,223.6,243.0,67.5,7,7,2,223.6,243.0,67.5
109,109,17,534.7,14,462.6,0,0,4.6561944825,8,7,2,229.2,241.1,64.4,5,7,2,157.1,241.1,64.4
110,110,16,526.5,16,526.5,0,0,3.05777015705,7,7,2,213.7,246.8,66.0,7,7,2,213.7,246.8,66.0
111,111,16,512.6,14,464.4,0,0,4.34355844901,7,7,2,201.1,243.6,67.9,5,7,2,152.9,243.6,67.9
112,112,15,493.6,15,493.6,0,0,3.53643619374,5,7,3,150.5,242.5,100.6,5,7,3,150.5,242.5,100.6
113,113,14,456.5,14,456.5,0,0,3.27847626092,5,7,2,151.2,239.3,66.0,5,7,2,151.2,239.3,66.0
114,114,16,507.9,15,484.9,0,0,4.74832865333,7,7,2,196.7,244.5,66.7,6,7,2,173.7,244.5,66.7
115,115,15,485.6,15,485.6,0,0,4.22196072707,6,7,2,173.4,246.9,65.3,6,7,2,173.4,246.9,65.3
116,116,16,502.6,15,478.6,0,0,4.23050430406,7,7,2,199.4,235.0,68.2,6,7,2,175.4,235.0,68.2
117,117,15,477.9,15,477.9,0,0,4.13828812088,6,7,2,176.1,234.0,67.8,6,7,2,176.1,234.0,67.8
118,118,15,479.0,14,455.6,0,0,4.53552118074,6,7,2,174.1,237.1,67.8,5,7,2,150.7,237.1,67.8
119,119,14,447.4,14,447.4,0,0,4.24929211946,5,7,2,148.0,231.4,68.0,5,7,2,148.0,231.4,68.0
120,120,14,444.9,12,399.4,0,0,4.89445189379,5,7,2,147.0,229.9,68.0,4,6,2,124.0,207.4,68.0
121,121,14,446.2,13,423.1,0,0,4.36038611054,5,7,2,149.3,229.8,67.1,5,6,2,149.3,206.7,67.1
122,122,13,431.0,13,431.0,0,0,3.64065364658,5,6,2,153.5,209.8,67.7,5,6,2,153.5,209.8,67.7
123,123,16,500.1,14,453.0,0,0,4.8697664215,7,7,2,197.0,234.4,68.7,5,7,2,149.9,234.4,68.7
124,124,18,568.5,17,544.5,0,0,3.91336322933,9,7,2,270.5,231.4,66.6,8,7,2,246.5,231.4,66.6
125,125,17,540.7,15,492.8,0,0,4.27133916182,8,6,3,240.2,200.5,100.0,6,6,3,192.3,200.5,100.0
126,126,18,548.5,17,524.2,0,0,3.83786177533,9,7,2,252.8,227.4,68.3,8,7,2,228.5,227.4,68.3
127,127,18,548.3,17,525.4,0,0,3.89284999014,9,7,2,253.1,227.6,67.6,8,7,2,230.2,227.6,67.6
128,128,17,545.8,16,523.4,0,0,3.7417359922,7,7,3,201.1,242.6,102.1,6,7,3,178.7,242.6,102.1
129,129,17,530.1,16,507.1,0,0,4.00175512965,8,6,3,229.8,199.0,101.3,7,6,3,206.8,199.0,101.3
130,130,17,520.2,14,449.3,0,0,4.75052628663,9,6,2,246.1,207.3,66.8,6,6,2,175.2,207.3,66.8
131,131,16,484.4,14,438.7,0,0,4.6749688056,8,6,2,221.9,197.3,65.2,7,5,2,199.5,174.0,65.2
132,132,17,538.9,16,515.8,0,0,4.03779023725,8,7,2,243.2,229.3,66.4,8,6,2,243.2,206.2,66.4
133,133,17,547.4,17,547.4,0,0,3.51390096616,8,7,2,236.5,241.2,69.7,8,7,2,236.5,241.2,69.7
134,134,17,546.2,16,521.4,0,0,3.7263864376,8,7,2,234.5,241.8,69.9,7,7,2,209.7,241.8,69.9
135,135,16,516.6,16,516.6,0,0,2.96172809916,7,7,2,211.7,236.2,68.7,7,7,2,211.7,236.2,68.7
136,136,16,516.1,16,516.1,0,0,3.37420978403,7,7,2,208.5,239.3,68.3,7,7,2,208.5,239.3,68.3
137,137,17,539.6,17,539.6,0,0,3.35672065108,8,7,2,238.4,234.7,66.5,8,7,2,238.4,234.7,66.5
138,138,17,536.1,16,512.8,0,0,3.60276650237,8,7,2,235.0,234.9,66.2,7,7,2,211.7,234.9,66.2
139,139,17,541.9,17,541.9,0,0,3.29593109223,8,7,2,236.4,237.7,67.8,8,7,2,236.4,237.7,67.8
140,140,17,544.0,17,544.0,0,0,3.35912935148,8,7,2,235.5,239.8,68.7,8,7,2,235.5,239.8,68.7
141,141,16,528.0,16,528.0,0,0,2.54401257859,7,7,2,223.6,235.4,69.0,7,7,2,223.6,235.4,69.0
142,142,16,533.9,16,533.9,0,0,3.68957427535,7,7,2,228.4,236.7,68.8,7,7,2,228.4,236.7,68.8
143,143,15,515.1,15,515.1,0,0,3.2008481019,5,7,3,167.3,245.2,102.6,5,7,3,167.3,245.2,102.6
144,144,17,549.7,17,549.7,0,0,3.66877724461,8,7,2,255.2,233.9,60.6,8,7,2,255.2,233.9,60.6
145,145,17,539.5,17,539.5,0,0,3.54188176971,8,7,2,255.7,225.0,58.8,8,7,2,255.7,225.0,58.8
146,146,17,551.3,16,526.4,0,0,4.18266731672,8,7,2,252.8,239.0,59.5,7,7,2,227.9,239.0,59.5
147,147,17,548.8,16,526.0,0,0,3.61580476763,8,7,2,249.0,237.9,61.9,7,7,2,226.2,237.9,61.9
148,148,16,525.7,15,503.2,0,0,3.88449374651,7,7,2,219.6,244.4,61.7,6,7,2,197.1,244.4,61.7
149,149,15,496.4,15,496.4,0,0,3.26287924269,6,7,2,200.3,234.0,62.1,6,7,2,200.3,234.0,62.1
150,150,16,535.3,16,535.3,0,0,3.73433952215,8,6,2,256.5,216.0,62.8,8,6,2,256.5,216.0,62.8
151,151,16,522.0,16,522.0,0,0,4.18290170416,8,6,2,258.2,204.5,59.3,8,6,2,258.2,204.5,59.3
152,152,16,524.0,16,524.0,0,0,4.35308319853,8,6,2,257.3,207.7,59.0,8,6,2,257.3,207.7,59.0
153,153,16,515.7,13,445.0,0,0,5.14311432889,8,6,2,257.2,205.5,53.0,6,6,1,209.7,205.5,29.8
154,154,17,547.7,14,477.1,0,0,5.02484269581,9,7,1,286.6,231.8,29.3,7,6,1,239.2,208.6,29.3
155,155,16,517.0,15,492.7,0,0,4.28016744221,8,7,1,253.5,233.6,29.9,7,7,1,229.2,233.6,29.9
156,156,15,488.6,14,464.1,0,0,3.99293423556,7,7,1,218.5,237.3,32.8,6,7,1,194.0,237.3,32.8
157,157,13,430.9,13,430.9,0,0,3.65116770924,5,7,1,164.9,233.2,32.8,5,7,1,164.9,233.2,32.8
158,158,14,458.0,13,435.5,0,0,4.73511548764,6,7,1,187.5,237.8,32.7,5,7,1,165.0,237.8,32.7
159,159,15,482.3,13,435.7,0,0,4.98252183232,7,7,1,215.2,233.4,33.7,5,7,1,168.6,233.4,33.7
160,160,14,458.9,13,436.1,0,0,4.41120576076,6,7,1,187.4,238.0,33.5,5,7,1,164.6,238.0,33.5
161,161,14,458.3,13,434.2,0,0,3.87568498022,6,7,1,192.2,233.1,33.0,5,7,1,168.1,233.1,33.0
162,162,17,531.5,13,435.8,0,0,4.86003358739,9,7,1,276.7,224.4,30.4,6,6,1,204.9,200.5,30.4
163,163,17,546.2,16,521.3,0,0,4.19266691765,9,6,2,288.9,199.9,57.4,8,6,2,264.0,199.9,57.4
164,164,16,525.5,15,500.6,0,0,3.986806366,8,7,1,258.6,233.4,33.5,7,7,1,233.7,233.4,33.5
165,165,16,512.6,15,487.7,0,0,4.10509845599,8,6,2,257.5,193.4,61.7,7,6,2,232.6,193.4,61.7
166,166,15,471.3,13,423.5,0,0,3.77552266959,7,6,2,222.7,193.6,55.0,7,5,1,222.7,169.6,31.2
167,167,16,505.9,15,482.0,0,0,3.94279406005,8,6,2,254.7,190.8,60.4,7,6,2,230.8,190.8,60.4
168,168,16,507.8,15,484.3,0,0,3.91541824075,7,7,2,229.8,222.1,55.9,7,7,1,229.8,222.1,32.4
169,169,17,527.5,17,527.5,0,0,3.97991279834,8,7,2,256.0,217.4,54.1,8,7,2,256.0,217.4,54.1
170,170,16,498.7,15,474.1,0,0,3.76806205717,8,7,1,251.4,221.7,25.6,8,6,1,251.4,197.1,25.6
171,171,16,499.4,16,499.4,0,0,3.45482754032,8,6,2,250.6,193.6,55.2,8,6,2,250.6,193.6,55.2
172,172,15,467.3,14,444.1,0,0,3.73895834743,8,5,2,247.8,160.3,59.2,7,5,2,224.6,160.3,59.2
173,173,14,447.9,14,447.9,0,0,3.49933274644,7,5,2,227.4,162.7,57.8,7,5,2,227.4,162.7,57.8
174,174,15,475.2,15,475.2,0,0,3.72830869353,7,6,2,226.8,194.9,53.5,7,6,2,226.8,194.9,53.5
175,175,15,465.7,14,442.2,0,0,4.05548423508,8,5,2,244.7,168.7,52.3,7,5,2,221.2,168.7,52.3
176,176,14,451.3,14,451.3,0,0,3.18279198742,7,5,2,226.5,170.5,54.3,7,5,2,226.5,170.5,54.3
177,177,16,505.4,15,482.1,0,0,3.91269301973,8,6,2,259.7,187.9,57.8,8,5,2,259.7,164.6,57.8
178,178,17,538.4,16,515.5,0,0,4.1248885903,8,7,2,260.5,220.1,57.8,8,6,2,260.5,197.2,57.8
179,179,16,506.6,15,482.8,0,0,3.94983122002,8,6,2,256.4,191.9,58.3,8,5,2,256.4,168.1,58.3
180,180,16,521.3,16,521.3,0,0,3.30821578297,7,7,2,234.4,223.8,63.1,7,7,2,234.4,223.8,63.1
181,181,17,527.4,17,527.4,0,0,3.7420798715,8,7,2,226.4,239.9,61.1,8,7,2,226.4,239.9,61.1
182,182,16,494.1,15,469.2,0,0,3.33331041659,6,7,3,175.1,230.2,88.8,5,7,3,150.2,230.2,88.8
183,183,17,512.0,15,464.4,0,0,3.7177337341,8,7,2,222.3,228.2,61.5,6,7,2,174.7,228.2,61.5
184,184,17,519.3,16,494.8,0,0,2.78637704893,8,7,2,232.0,225.9,61.4,7,7,2,207.5,225.9,61.4
185,185,18,544.0,18,544.0,0,0,3.06719944221,9,7,2,260.8,223.2,60.0,9,7,2,260.8,223.2,60.0
186,186,18,550.1,17,526.5,0,0,3.40883607683,9,7,2,264.3,225.6,60.2,8,7,2,240.7,225.6,60.2
187,187,18,536.8,17,512.9,0,0,3.1217558324,9,7,2,257.1,220.3,59.4,8,7,2,233.2,220.3,59.4
188,188,18,560.3,18,560.3,0,0,3.04511287448,9,7,2,262.1,236.6,61.6,9,7,2,262.1,236.6,61.6
189,189,17,517.4,16,492.7,0,0,3.95441860083,8,7,2,229.9,230.0,57.5,7,7,2,205.2,230.0,57.5
190,190,17,525.9,16,503.0,0,0,4.43366963932,8,7,2,235.7,235.7,54.5,7,7,2,212.8,235.7,54.5
191,191,16,493.2,15,470.1,0,0,4.05273570156,8,6,2,235.2,201.2,56.8,7,6,2,212.1,201.2,56.8
192,192,15,472.8,14,449.0,0,0,4.38588645544,7,7,1,211.6,233.0,28.2,7,6,1,211.6,209.2,28.2
193,193,16,496.8,16,496.8,0,0,2.89344085822,7,7,2,217.8,226.9,52.1,7,7,2,217.8,226.9,52.1
194,194,16,500.5,15,475.7,0,0,3.16464189654,7,7,2,220.8,227.2,52.5,7,7,1,220.8,227.2,27.7
195,195,16,496.8,15,473.4,0,0,3.24653661615,7,7,2,220.1,224.8,51.9,7,7,1,220.1,224.8,28.5
196,196,16,503.2,16,503.2,0,0,2.82630500831,7,7,2,221.8,225.9,55.5,7,7,2,221.8,225.9,55.5
197,197,16,492.6,15,468.0,0,0,3.19204740984,7,7,2,219.3,221.4,51.9,7,7,1,219.3,221.4,27.3
198,198,16,502.3,15,478.9,0,0,3.71473978452,8,7,1,240.5,233.4,28.4,7,7,1,217.1,233.4,28.4
199,199,16,502.9,15,478.6,0,0,3.39680609789,8,7,1,242.4,231.5,29.0,7,7,1,218.1,231.5,29.0
200,200,17,525.9,14,452.3,0,0,4.0379359171,8,7,2,243.6,233.2,49.1,7,7,0,219.1,233.2,0
201,201,16,497.0,16,497.0,0,0,3.04606303283,7,7,2,219.9,222.0,55.1,7,7,2,219.9,222.0,55.1
202,202,17,521.6,16,496.7,0,0,2.89681620364,8,7,2,251.2,212.5,57.9,7,7,2,226.3,212.5,57.9
203,203,17,545.1,16,520.8,0,0,4.38134413971,8,7,2,270.2,211.4,63.5,8,6,2,270.2,187.1,63.5
204,204,17,528.2,16,505.1,0,0,3.7927174799,8,7,2,251.2,216.0,61.0,7,7,2,228.1,216.0,61.0
205,205,16,511.8,16,511.8,0,0,4.38100064673,8,6,2,261.7,192.3,57.8,8,6,2,261.7,192.3,57.8
206,206,16,513.9,16,513.9,0,0,4.79947479766,8,6,2,259.1,195.9,58.9,8,6,2,259.1,195.9,58.9
207,207,17,535.0,16,510.1,0,0,4.52116753531,8,7,2,260.1,215.4,59.5,7,7,2,235.2,215.4,59.5
208,208,18,564.7,15,492.9,0,0,4.74673950704,9,7,2,285.3,219.1,60.3,7,6,2,237.4,195.2,60.3
209,209,18,563.5,16,515.9,0,0,4.57993992026,9,7,2,287.7,215.7,60.1,8,6,2,264.8,191.0,60.1
210,210,17,556.8,16,532.9,0,0,4.60476894739,8,7,2,267.9,230.3,58.6,7,7,2,244.0,230.3,58.6
211,211,17,541.5,15,492.4,0,0,4.67120402667,8,7,2,259.1,223.4,59.0,6,7,2,210.0,223.4,59.0
212,212,18,566.1,17,541.8,0,0,4.61471431784,9,7,2,286.8,222.1,57.2,9,7,1,286.8,222.1,32.9
213,213,17,530.6,17,530.6,0,0,3.35072424129,8,7,2,261.2,211.1,58.3,8,7,2,261.2,211.1,58.3
214,214,18,575.5,14,480.1,0,0,5.98201279873,9,7,2,294.3,233.0,48.2,7,7,0,247.1,233.0,0
215,215,16,533.8,15,509.0,0,0,5.1336634093,7,7,2,247.4,231.4,55.0,7,7,1,247.4,231.4,30.2
216,216,17,564.5,16,539.7,0,0,5.22702958049,8,7,2,275.3,233.4,55.8,7,7,2,250.5,233.4,55.8
217,217,17,542.4,14,470.1,0,0,5.88817359079,8,7,2,260.6,231.6,50.2,6,7,1,212.6,231.6,25.9
218,218,16,545.7,15,521.2,0,0,4.86613724289,7,7,2,255.1,236.4,54.2,7,7,1,255.1,236.4,29.7
219,219,15,474.5,15,474.5,0,0,3.46300172573,7,7,1,215.9,226.5,32.1,7,7,1,215.9,226.5,32.1
220,220,18,536.0,16,488.6,0,0,3.37857532724,9,7,2,262.6,216.0,57.4,7,7,2,215.2,216.0,57.4
221,221,18,554.3,16,506.0,0,0,3.3273328344,10,6,2,304.1,194.0,56.2,9,6,1,280.0,194.0,32.0
222,222,17,533.5,15,486.2,0,0,3.93973909259,9,6,2,279.8,197.8,55.9,8,6,1,256.3,197.8,32.1
223,223,17,521.1,17,521.1,0,0,3.00647585369,9,7,1,273.2,216.6,31.3,9,7,1,273.2,216.6,31.3
224,224,17,523.6,17,523.6,0,0,3.23129231113,8,7,2,235.8,228.4,59.4,8,7,2,235.8,228.4,59.4
225,225,18,529.1,16,480.5,0,0,3.24752796886,9,7,2,246.5,223.2,59.4,7,7,2,197.9,223.2,59.4
226,226,18,542.0,17,518.0,0,0,3.06112030413,9,7,2,264.0,220.3,57.7,8,7,2,240.0,220.3,57.7
227,227,18,556.7,18,556.7,0,0,3.00290164685,10,7,1,302.9,221.3,32.5,10,7,1,302.9,221.3,32.5
228,228,18,551.7,18,551.7,0,0,2.89731112667,9,7,2,278.0,215.8,57.9,9,7,2,278.0,215.8,57.9
229,229,18,546.7,18,546.7,0,0,2.97277955803,9,7,2,273.6,215.2,57.9,9,7,2,273.6,215.2,57.9
230,230,18,542.5,17,518.4,0,0,3.27614172086,9,7,2,267.2,217.9,57.4,9,7,1,267.2,217.9,33.3
231,231,15,497.4,14,473.4,0,0,4.1239370925,8,6,1,260.3,205.5,31.6,7,6,1,236.3,205.5,31.6
232,232,17,547.2,14,474.6,0,0,5.56685305547,8,7,2,263.5,233.9,49.8,7,6,1,240.1,209.0,25.5
233,233,16,512.9,12,416.6,0,0,5.66768250699,7,7,2,237.0,227.3,48.6,6,6,0,213.1,203.5,0
234,234,17,542.2,17,542.2,0,0,4.55596732158,9,7,1,286.2,227.8,28.2,9,7,1,286.2,227.8,28.2
235,235,18,558.8,16,512.1,0,0,4.93418116721,9,7,2,285.2,222.3,51.3,9,6,1,285.2,198.8,28.1
236,236,17,533.0,15,485.7,0,0,4.75974233114,8,7,2,253.6,226.1,53.3,7,7,1,229.5,226.1,30.1
237,237,17,539.2,16,516.1,0,0,4.24900507386,9,7,1,280.8,228.6,29.8,8,7,1,257.7,228.6,29.8
238,238,17,540.0,16,517.1,0,0,3.67592525367,9,7,1,288.1,222.7,29.2,9,6,1,288.1,199.8,29.2
239,239,17,525.4,13,428.8,0,0,4.87999367164,8,7,2,246.5,230.2,48.7,6,7,0,198.6,230.2,0
240,240,15,487.0,15,487.0,0,0,2.83893004661,7,7,1,233.3,227.5,26.2,7,7,1,233.3,227.5,26.2
241,241,18,573.9,17,551.0,0,0,4.00620841724,9,7,2,290.8,227.1,56.0,8,7,2,267.9,227.1,56.0
242,242,18,580.0,17,555.1,0,0,4.23605748386,9,7,2,300.7,226.2,53.1,9,7,1,300.7,226.2,28.2
243,243,18,559.9,16,511.5,0,0,4.68495366569,9,7,2,278.9,224.1,56.9,7,7,2,230.5,224.1,56.9
244,244,18,549.5,16,503.0,0,0,5.16740981373,9,7,2,275.5,222.7,51.3,7,7,2,229.0,222.7,51.3
245,245,16,502.6,15,479.5,0,0,4.88519873359,8,6,2,248.4,197.9,56.3,7,6,2,225.3,197.9,56.3
246,246,18,584.3,18,584.3,0,0,4.16598818005,9,7,2,292.5,236.3,55.5,9,7,2,292.5,236.3,55.5
247,247,17,547.8,16,522.9,0,0,4.17994159824,8,7,2,259.2,237.0,51.6,8,7,1,259.2,237.0,26.7
248,248,17,549.7,16,525.5,0,0,4.04118503296,8,7,2,266.3,223.6,59.8,7,7,2,242.1,223.6,59.8
249,249,16,504.7,15,480.5,0,0,3.91390150617,7,7,2,226.6,221.9,56.2,6,7,2,202.4,221.9,56.2
250,250,15,480.9,15,480.9,0,0,3.83569699384,7,7,1,227.4,222.1,31.4,7,7,1,227.4,222.1,31.4
251,251,15,487.1,15,487.1,0,0,3.66283782775,7,7,1,227.8,227.6,31.7,7,7,1,227.8,227.6,31.7
252,252,17,544.2,16,519.6,0,0,4.90699530682,9,7,1,286.9,225.6,31.7,8,7,1,262.3,225.6,31.7
253,253,16,527.8,16,527.8,0,0,4.40134449155,9,6,1,298.1,196.5,33.2,9,6,1,298.1,196.5,33.2
254,254,16,508.3,15,485.6,0,0,5.0228436501,9,6,1,280.9,194.5,32.9,8,6,1,258.2,194.5,32.9
255,255,17,521.5,15,474.9,0,0,4.97161058056,8,7,2,248.1,215.7,57.7,7,6,2,225.4,191.8,57.7
256,256,16,505.8,15,482.6,0,0,4.64081530193,8,7,1,255.2,218.0,32.6,7,7,1,232.0,218.0,32.6
257,257,15,474.3,14,450.1,0,0,4.87562450212,8,6,1,250.8,191.9,31.6,7,6,1,226.6,191.9,31.6
258,258,16,507.2,15,483.8,0,0,4.48404579221,7,7,2,227.4,225.0,54.8,7,7,1,227.4,225.0,31.4
259,259,17,523.8,14,454.5,0,0,5.12590020788,8,7,2,250.7,217.6,55.5,7,6,1,227.0,195.2,32.3
260,260,17,541.4,15,493.1,0,0,4.74158697683,9,7,1,285.9,223.7,31.8,8,6,1,261.6,199.7,31.8
261,261,16,507.4,15,484.3,0,0,4.36911508966,8,7,1,251.1,224.2,32.1,7,7,1,228.0,224.2,32.1
262,262,17,533.8,14,461.9,0,0,5.14854348336,8,7,2,249.2,227.2,57.4,6,7,1,201.7,227.2,33.0
263,263,16,474.4,10,331.0,0,0,5.09129976856,6,7,3,182.2,209.8,82.4,4,4,2,135.2,137.8,58.0
264,264,17,526.2,16,501.7,0,0,4.8505305956,8,7,2,250.4,221.2,54.6,7,7,2,225.9,221.2,54.6
265,265,18,575.7,16,526.4,0,0,4.95191585028,10,6,2,317.7,197.2,60.8,9,5,2,292.9,172.7,60.8
266,266,16,493.6,15,470.4,0,0,3.6105401258,7,6,3,221.5,181.2,90.9,7,5,3,221.5,158.0,90.9
267,267,17,528.9,13,435.5,0,0,5.88673109129,10,6,1,318.1,183.4,27.4,7,5,1,247.0,161.1,27.4
268,268,16,501.3,15,478.3,0,0,4.60965924265,9,6,1,285.7,185.4,30.2,9,5,1,285.7,162.4,30.2
269,269,16,492.4,15,467.9,0,0,4.34058367811,9,6,1,280.6,182.3,29.5,8,6,1,256.1,182.3,29.5
270,270,16,502.4,15,478.6,0,0,4.72793118957,9,6,1,287.6,183.3,31.5,8,6,1,263.8,183.3,31.5
271,271,16,501.9,15,477.9,0,0,4.43166165225,9,6,1,287.0,184.9,30.0,9,5,1,287.0,160.9,30.0
272,272,15,439.0,10,324.7,0,0,5.20695505573,7,6,2,205.0,175.6,58.4,4,4,2,138.5,127.8,58.4
273,273,16,473.4,13,407.9,1,19.2,5.79515602321,8,7,1,240.5,203.2,29.7,6,6,1,196.5,181.7,29.7
274,274,17,494.7,13,407.3,1,19.9,5.95850232861,9,7,1,263.6,201.6,29.5,7,5,1,223.5,154.3,29.5
275,275,17,497.0,12,387.0,0,0,6.18970326192,9,7,1,268.1,199.5,29.4,7,4,1,226.1,131.5,29.4
276,276,17,509.5,13,417.7,0,0,5.7328837318,9,7,1,269.7,209.6,30.2,6,6,1,200.4,187.1,30.2
277,277,16,522.9,14,474.6,0,0,4.50454862704,8,7,1,254.4,235.6,32.9,6,7,1,206.1,235.6,32.9
278,278,16,500.7,14,454.5,0,0,4.47116222773,7,7,2,226.3,220.2,54.2,6,7,1,202.5,220.2,31.8
279,279,15,489.2,14,466.4,0,0,4.03924792623,7,7,1,232.4,225.0,31.8,6,7,1,209.6,225.0,31.8
280,280,14,453.9,14,453.9,0,0,4.36122399394,6,6,2,208.8,189.2,55.9,6,6,2,208.8,189.2,55.9
281,281,17,527.2,14,456.5,0,0,5.34449276744,8,7,2,255.4,219.6,52.2,6,7,1,209.1,219.6,27.8
282,282,14,453.0,14,453.0,0,0,3.85181561299,5,7,2,175.5,220.2,57.3,5,7,2,175.5,220.2,57.3
283,283,16,513.2,15,489.7,0,0,4.34104442118,8,7,1,265.7,220.7,26.8,7,7,1,242.2,220.7,26.8
284,284,15,443.5,12,372.5,0,0,5.1675728852,6,6,3,192.2,173.0,78.3,6,4,2,192.2,125.6,54.7
285,285,13,412.9,12,390.1,0,0,5.90233547865,7,5,1,231.7,150.3,30.9,7,4,1,231.7,127.5,30.9
286,286,17,479.9,9,300.8,1,19.4,6.47927124624,8,7,2,231.3,196.0,52.6,5,3,1,164.4,107.6,28.8
287,287,18,519.4,13,409.3,1,17.9,6.18881554972,9,7,2,258.8,207.1,53.5,7,5,1,220.0,159.4,29.9
288,288,18,528.8,14,439.6,1,17.9,5.81514812472,9,7,2,265.2,209.7,53.9,7,6,1,222.5,186.2,30.9
289,289,17,503.7,12,393.8,1,17.9,6.18170331562,8,7,2,229.3,219.7,54.7,5,6,1,166.9,195.2,31.7
290,290,15,483.4,15,483.4,0,0,4.10808726202,7,7,1,227.3,226.6,29.5,7,7,1,227.3,226.6,29.5
291,291,13,441.7,13,441.7,0,0,3.07195753176,5,7,1,178.0,232.3,31.4,5,7,1,178.0,232.3,31.4
292,292,14,439.1,13,415.1,0,0,3.84319721523,6,6,2,191.6,192.1,55.4,5,6,2,167.6,192.1,55.4
293,293,15,464.9,12,393.4,0,0,4.56984942963,7,6,2,217.0,193.9,54.0,5,6,1,168.9,193.9,30.6
294,294,14,445.4,14,445.4,0,0,3.28747205729,8,5,1,251.7,164.7,29.0,8,5,1,251.7,164.7,29.0
295,295,16,483.6,13,412.2,0,0,4.46041851549,7,7,2,218.1,206.4,59.1,6,5,2,193.5,159.6,59.1
296,296,15,493.9,14,469.2,0,0,4.0319202562,6,7,2,214.0,220.8,59.1,6,7,1,214.0,220.8,34.4
297,297,14,463.8,14,463.8,0,0,3.31510031672,6,7,1,196.6,233.6,33.6,6,7,1,196.6,233.6,33.6
298,298,15,478.5,15,478.5,0,0,3.86227172233,7,7,1,229.1,216.5,32.9,7,7,1,229.1,216.5,32.9
299,299,15,482.8,13,436.5,0,0,5.08455176654,6,7,2,200.3,223.9,58.6,5,6,2,176.9,201.0,58.6
300,300,15,482.3,12,411.1,0,0,5.04647920643,7,6,2,224.9,194.6,62.8,5,5,2,178.1,170.2,62.8
301,301,15,499.8,14,475.6,0,0,4.54692989044,7,6,2,242.1,198.5,59.2,6,6,2,217.9,198.5,59.2
302,302,15,474.0,13,428.9,0,0,4.97709037204,7,6,2,220.2,192.3,61.5,5,6,2,175.1,192.3,61.5
303,303,15,468.3,12,396.4,0,0,4.91923338975,7,6,2,223.9,185.4,59.0,5,5,2,176.9,160.5,59.0
304,304,14,444.9,13,421.0,0,0,4.46734796073,6,6,2,201.4,182.5,61.0,5,6,2,177.5,182.5,61.0
305,305,15,474.2,14,451.2,0,0,4.61780199208,7,6,2,227.2,186.6,60.4,6,6,2,204.2,186.6,60.4
306,306,14,444.9,13,420.4,0,0,4.40841478075,6,6,2,202.8,182.6,59.5,6,5,2,202.8,158.1,59.5
307,307,14,446.2,14,446.2,0,0,4.09003076374,6,6,2,202.8,183.5,59.9,6,6,2,202.8,183.5,59.9
308,308,13,434.3,12,410.6,0,0,4.16402480349,6,6,1,203.9,197.1,33.3,5,6,1,180.2,197.1,33.3
309,309,14,455.1,13,431.6,0,0,4.47857537199,6,6,2,204.2,195.0,55.9,6,6,1,204.2,195.0,32.4
310,310,14,458.2,12,408.7,0,0,4.55030490465,7,6,1,230.7,194.5,33.0,5,6,1,181.2,194.5,33.0
311,311,15,476.8,13,428.9,0,0,4.72151105756,6,7,2,204.9,215.1,56.8,6,6,1,204.9,191.0,33.0
312,312,14,449.5,14,449.5,0,0,3.70269429672,6,6,2,203.4,190.0,56.1,6,6,2,203.4,190.0,56.1
313,313,15,481.6,13,434.1,0,0,4.67828825025,7,6,2,230.2,193.9,57.5,6,6,1,207.3,193.9,32.9
314,314,14,458.5,14,458.5,0,0,3.80743200353,6,6,2,207.2,194.4,56.9,6,6,2,207.2,194.4,56.9
315,315,16,516.4,14,468.4,0,0,4.63443631955,8,7,1,252.7,232.7,31.0,6,7,1,204.7,232.7,31.0
316,316,15,483.0,13,436.4,0,0,4.8369116475,7,7,1,227.0,223.2,32.8,6,6,1,202.6,201.0,32.8
317,317,15,491.5,14,468.5,0,0,4.41922208194,7,7,1,229.6,229.4,32.5,6,7,1,206.6,229.4,32.5
318,318,17,532.1,15,484.6,0,0,3.94382428615,8,7,2,253.0,216.5,62.6,7,6,2,228.8,193.2,62.6
319,319,17,551.6,15,505.7,0,0,5.14029639795,8,7,2,242.1,239.5,70.0,6,7,2,196.2,239.5,70.0
320,320,18,596.0,17,571.7,0,0,4.40866645022,9,7,2,292.1,237.2,66.7,8,7,2,267.8,237.2,66.7
321,321,17,574.4,16,550.1,0,0,4.14380295636,8,7,2,266.7,242.5,65.2,7,7,2,242.4,242.5,65.2
322,322,16,532.6,15,507.9,0,0,4.10038616068,7,7,2,226.9,239.8,65.9,6,7,2,202.2,239.8,65.9
323,323,17,569.9,17,569.9,0,0,4.66710957282,8,7,2,259.8,240.0,70.1,8,7,2,259.8,240.0,70.1
324,324,17,537.7,15,489.7,0,0,4.6040423415,8,7,2,224.0,245.7,68.0,6,7,2,176.0,245.7,68.0
325,325,13,398.2,10,326.0,0,0,4.23583612671,5,7,1,135.9,230.9,31.4,2,7,1,63.7,230.9,31.4
