,e_id,num_sat,sum_snr,num_sat_25,sum_snr_25,num_sat_u20,sum_sat_u20,snr_std,elev_0_30,elev_30_60,elev_60_90,sum_elev_0_30,sum_elev_30_60,sum_elev_60_90,elev_0_30_25,elev_30_60_25,elev_60_90_25,sum_elev_0_30_25,sum_elev_30_60_25,sum_elev_60_90_25
1,1,18,498.8,10,324.2,2,38.9,6.41348660695,10,5,3,275.6,142.5,80.7,4,4,2,142.5,121.8,59.9
2,2,18,486.0,9,292.3,2,38.9,6.64963510719,10,5,3,270.6,137.5,77.9,5,2,2,166.5,68.7,57.1
3,3,17,471.4,10,312.3,0,0,5.32397463202,10,4,3,273.3,113.9,84.2,6,2,2,181.9,69.0,61.4
4,4,11,352.9,11,352.9,0,0,4.4357227555,6,2,3,185.9,70.3,96.7,6,2,3,185.9,70.3,96.7
5,5,15,433.0,11,343.2,0,0,6.22651779163,7,5,3,199.9,138.7,94.4,5,3,3,153.6,95.2,94.4
6,6,18,473.1,11,341.9,4,68.6,7.53175629858,10,5,3,238.8,141.1,93.2,5,3,3,149.3,99.4,93.2
7,7,18,476.7,11,343.0,3,51.1,7.38498078376,10,5,3,244.4,139.2,93.1,5,3,3,151.4,98.5,93.1
8,8,19,498.3,10,322.0,5,87.6,7.55107366209,10,6,3,249.3,155.2,93.8,4,3,3,130.0,98.2,93.8
9,9,19,502.2,11,351.4,6,105.7,7.76781483871,10,6,3,253.9,155.3,93.0,5,3,3,158.4,100.0,93.0
10,10,20,546.1,12,384.5,4,69.7,7.23867354816,11,6,3,293.6,160.8,91.7,6,3,3,195.1,97.7,91.7
11,11,19,512.8,13,403.0,5,87.4,7.5011032327,10,6,3,264.5,154.9,93.4,7,3,3,212.8,96.8,93.4
12,12,19,525.4,12,384.8,3,52.8,7.1533495201,10,6,3,278.5,158.8,88.1,7,3,2,223.5,97.2,64.1
13,13,19,527.0,10,336.6,4,75.4,7.16815570006,10,6,3,279.8,161.3,85.9,5,3,2,171.5,100.6,64.5
14,14,20,558.6,10,339.1,2,36.3,6.85358914807,11,6,3,308.8,162.2,87.6,5,3,2,172.4,101.3,65.4
15,15,21,587.0,12,391.7,2,35.7,6.71547608496,12,6,3,334.7,162.6,89.7,6,4,2,199.1,126.9,65.7
16,16,20,570.3,12,392.2,1,19.4,6.22493077535,12,5,3,334.8,145.5,90.0,7,3,2,224.7,101.9,65.6
17,17,20,570.9,12,396.4,1,17.0,6.54397875109,12,5,3,335.2,145.6,90.1,7,3,2,227.2,103.1,66.1
18,18,17,497.6,12,390.8,1,17.0,6.51016174011,10,5,2,284.6,146.1,66.9,7,3,2,222.6,101.3,66.9
19,19,14,434.6,12,389.9,0,0,5.43134978063,8,4,2,235.9,131.9,66.8,6,4,2,191.2,131.9,66.8
20,20,17,509.4,10,344.6,0,0,6.11442364173,12,3,2,333.9,105.4,70.1,5,3,2,169.1,105.4,70.1
21,21,16,483.5,11,366.1,0,0,5.89046899661,10,4,2,288.3,128.1,67.1,5,4,2,170.9,128.1,67.1
22,22,15,462.8,12,391.6,0,0,5.23516498125,10,3,2,293.6,104.4,64.8,7,3,2,222.4,104.4,64.8
23,23,14,436.0,11,363.9,0,0,5.45227042132,9,3,2,264.7,105.2,66.1,6,3,2,192.6,105.2,66.1
24,24,13,410.9,12,387.5,0,0,5.14270705927,8,3,2,240.8,104.4,65.7,7,3,2,217.4,104.4,65.7
25,25,14,432.5,12,385.7,0,0,5.48529001908,8,4,2,239.3,127.8,65.4,7,3,2,215.6,104.7,65.4
26,26,15,459.5,12,388.0,0,0,5.37954680336,9,4,2,266.2,128.8,64.5,7,3,2,219.6,103.9,64.5
27,27,15,456.2,10,337.7,0,0,5.92679950572,8,4,3,238.6,128.5,89.1,5,3,2,167.3,105.9,64.5
28,28,15,459.7,12,388.5,0,0,5.56749067183,9,3,3,262.6,107.9,89.2,7,3,2,216.2,107.9,64.4
29,29,12,373.9,10,325.6,0,0,5.23909401143,7,3,2,207.9,105.6,60.4,5,3,2,159.6,105.6,60.4
30,30,13,410.8,13,410.8,0,0,4.51792725336,8,3,2,242.2,107.5,61.1,8,3,2,242.2,107.5,61.1
31,31,14,429.9,13,407.4,0,0,4.87560083646,8,4,2,241.1,129.7,59.1,8,3,2,241.1,107.2,59.1
32,32,14,434.3,13,411.0,0,0,4.9185955737,8,4,2,241.6,130.4,62.3,8,3,2,241.6,107.1,62.3
33,33,14,431.6,13,407.0,0,0,5.28501925932,8,4,2,234.2,133.2,64.2,8,3,2,234.2,108.6,64.2
34,34,17,505.8,14,438.3,0,0,5.49819489095,9,5,3,262.4,157.3,86.1,8,4,2,240.0,134.6,63.7
35,35,16,477.3,13,406.2,0,0,5.28919889964,9,4,3,258.0,132.7,86.6,8,3,2,235.0,108.4,62.8
36,36,17,498.1,14,426.7,0,0,5.14890765114,9,5,3,253.5,156.2,88.4,8,3,3,230.4,107.9,88.4
37,37,17,502.8,15,455.8,0,0,5.31819158781,9,5,3,254.4,160.1,88.3,8,5,2,230.2,160.1,65.5
38,38,14,419.6,13,395.2,0,0,4.95478456745,8,4,2,224.9,132.7,62.0,7,4,2,200.5,132.7,62.0
39,39,16,464.2,13,393.3,0,0,5.14261606578,8,5,3,225.8,155.2,83.2,8,3,2,225.8,107.6,59.9
40,40,16,463.5,14,414.5,0,0,4.62280127917,8,5,3,221.4,159.0,83.1,7,5,2,197.1,159.0,58.4
41,41,13,398.5,11,353.1,0,0,5.3255070783,7,3,3,204.2,97.0,97.3,5,3,3,158.8,97.0,97.3
42,42,10,304.6,9,280.9,0,0,5.98427569181,5,3,2,148.0,96.2,60.4,4,3,2,124.3,96.2,60.4
43,43,11,326.9,8,254.6,0,0,5.9897943507,5,4,2,140.5,124.5,61.9,4,2,2,115.9,76.8,61.9
44,44,11,283.2,7,198.5,0,0,4.61830350591,5,4,2,128.3,104.4,50.5,3,2,2,86.7,61.3,50.5
45,45,15,403.8,7,221.6,0,0,5.09526390737,7,5,3,196.5,130.2,77.1,4,2,1,126.8,62.7,32.1
46,46,15,411.0,8,251.5,0,0,5.68695248542,10,3,2,272.9,85.1,53.0,5,2,1,158.9,62.2,30.4
47,47,12,346.0,9,279.4,0,0,5.61691169324,6,3,3,179.5,88.9,77.6,4,3,2,135.2,88.9,55.3
48,48,12,340.6,8,245.4,0,0,4.80923984417,8,2,2,223.1,61.3,56.2,5,2,1,152.5,61.3,31.6
49,49,12,354.3,10,306.2,0,0,4.80134924219,7,3,2,211.3,86.7,56.3,6,3,1,187.0,86.7,32.5
50,50,13,373.7,10,302.5,0,0,4.39196527472,8,3,2,232.4,86.9,54.4,6,3,1,184.4,86.9,31.2
51,51,14,387.1,10,298.0,0,0,4.81579931859,8,3,3,227.6,85.3,74.2,7,2,1,207.0,60.9,30.1
52,52,16,420.6,9,272.2,2,37.4,5.6781305609,8,5,3,225.2,122.9,72.5,6,2,1,179.6,61.5,31.1
53,53,19,476.4,10,304.8,6,105.4,6.83348309635,10,6,3,262.5,144.6,69.3,6,3,1,184.6,89.1,31.1
54,54,19,453.5,8,243.3,9,163.5,6.48922633906,10,6,3,240.4,133.5,79.6,4,2,2,119.2,64.0,60.1
55,55,20,471.2,8,248.2,8,137.3,7.04731378462,11,6,3,255.0,136.5,79.7,4,2,2,124.5,63.5,60.2
56,56,19,446.4,8,239.8,7,117.7,6.66137070348,11,5,3,253.7,115.0,77.7,4,2,2,120.4,59.5,59.9
57,57,19,443.0,8,244.2,8,133.1,7.32273955702,11,5,3,255.8,112.4,74.8,5,2,1,148.5,64.9,30.8
58,58,17,412.7,8,242.6,6,97.9,7.46203134305,10,5,2,241.1,121.8,49.8,4,3,1,124.3,92.8,25.5
59,59,18,438.9,8,245.3,5,80.2,7.32499749046,11,5,2,272.8,120.3,45.8,4,3,1,126.1,91.4,27.8
60,60,17,416.8,6,196.9,4,63.3,7.49284953256,10,5,2,242.8,121.6,52.4,3,2,1,98.9,67.4,30.6
61,61,18,434.4,5,170.5,5,84.0,7.33581063326,10,6,2,239.0,143.3,52.1,2,2,1,74.0,68.0,28.5
62,62,18,434.0,6,198.2,6,101.8,7.56414832412,9,6,3,215.2,146.5,72.3,3,2,1,98.8,68.8,30.6
63,63,18,424.5,6,195.3,6,98.2,7.6500865047,9,6,3,210.3,144.5,69.7,3,2,1,98.1,68.4,28.8
64,64,17,407.3,5,164.4,5,80.1,7.27633654591,9,6,2,215.6,143.8,47.9,3,2,0,97.0,67.4,0
65,65,17,411.7,7,219.2,5,81.9,7.18759654667,9,6,2,224.7,139.8,47.2,5,2,0,153.0,66.2,0
66,66,17,386.7,5,161.5,8,133.1,7.49667573387,10,5,2,226.5,115.3,44.9,3,2,0,95.2,66.3,0
67,67,17,408.7,7,217.2,6,99.3,7.26498957531,10,5,2,238.8,117.0,52.9,4,2,1,120.2,66.9,30.1
68,68,19,442.2,6,190.3,6,98.1,6.90787329431,11,5,3,257.8,116.9,67.5,3,2,1,93.8,66.8,29.7
69,69,17,420.9,7,230.5,5,79.3,8.21005928903,9,5,3,232.7,122.0,66.2,4,2,1,131.8,70.3,28.4
70,70,10,284.5,6,190.0,0,0,5.7494444176,6,3,1,164.7,92.4,27.4,3,2,1,94.0,68.6,27.4
71,71,9,264.7,7,218.8,0,0,5.70842457348,5,3,1,144.5,91.9,28.3,4,2,1,121.7,68.8,28.3
72,72,7,211.2,6,187.8,0,0,5.49020773308,4,2,1,113.4,69.2,28.6,3,2,1,90.0,69.2,28.6
73,73,7,215.3,7,215.3,0,0,5.77663602883,4,2,1,118.5,67.8,29.0,4,2,1,118.5,67.8,29.0
74,74,11,309.9,6,196.1,0,0,6.5562322883,7,2,2,192.7,67.6,49.6,3,2,1,100.8,67.6,27.7
75,75,13,351.9,6,192.5,0,0,6.35431410085,8,3,2,214.1,90.2,47.6,3,2,1,100.4,66.8,25.3
76,76,11,306.9,7,216.0,0,0,6.571301241,6,3,2,166.9,89.5,50.5,4,2,1,124.0,65.9,26.1
77,77,13,340.0,8,231.3,0,0,5.522471576,7,4,2,174.0,110.4,55.6,3,3,2,86.5,89.2,55.6
78,78,14,364.4,7,210.1,0,0,5.51897824594,8,4,2,200.2,106.0,58.2,4,1,2,114.3,37.6,58.2
79,79,17,438.7,6,196.9,1,20.0,6.31649334958,10,5,2,257.3,126.2,55.2,3,1,2,101.3,40.4,55.2
80,80,15,395.5,6,198.5,1,20.0,6.58240801213,9,4,2,235.5,103.7,56.3,3,1,2,102.0,40.2,56.3
81,81,12,329.1,6,190.3,0,0,6.26884431861,6,4,2,164.4,114.9,49.8,3,2,1,95.5,66.5,28.3
82,82,12,332.9,9,267.3,0,0,5.54853925631,7,3,2,192.0,92.8,48.1,5,3,1,148.8,92.8,25.7
83,83,9,253.1,7,209.3,0,0,5.20307067456,5,3,1,135.9,90.6,26.6,3,3,1,92.1,90.6,26.6
84,84,9,274.8,8,252.4,0,0,5.07469210889,6,2,1,176.6,66.9,31.3,5,2,1,154.2,66.9,31.3
85,85,11,311.2,6,201.2,0,0,7.37596834937,7,2,2,198.1,64.5,48.6,4,1,1,132.5,41.9,26.8
86,86,10,282.4,5,167.7,0,0,7.07691081381,5,3,2,141.5,88.6,52.3,3,1,1,98.1,41.3,28.3
87,87,15,399.4,7,221.4,0,0,5.61877804035,9,3,3,239.5,79.8,80.1,4,1,2,125.6,37.6,58.2
88,88,14,366.2,6,186.8,0,0,5.68259343362,8,4,2,207.2,113.9,45.1,3,3,0,93.0,93.8,0
89,89,9,262.7,7,214.6,0,0,5.73943473794,6,3,0,170.7,92.0,0,4,3,0,122.6,92.0,0
90,90,12,315.5,6,185.8,0,0,6.36616886837,8,3,1,208.9,81.5,25.1,4,1,1,122.1,38.6,25.1
91,91,12,327.5,6,192.2,0,0,5.72354917438,7,3,2,191.5,83.3,52.7,4,1,1,125.3,37.3,29.6
92,92,11,288.2,5,151.5,0,0,4.97594212185,6,3,2,156.5,81.4,50.3,3,1,1,88.8,36.2,26.5
93,93,11,299.2,6,187.7,0,0,5.82528969237,6,3,2,172.6,80.0,46.6,4,1,1,124.8,37.4,25.5
94,94,10,277.8,8,234.0,0,0,5.43012175022,5,3,2,140.7,88.6,48.5,4,3,1,117.1,88.6,28.3
95,95,8,233.8,7,210.0,0,0,5.13635501666,4,2,2,112.6,66.7,54.5,3,2,2,88.8,66.7,54.5
96,96,9,264.9,8,241.4,0,0,4.80156224577,5,2,2,141.0,67.0,56.9,4,2,2,117.5,67.0,56.9
97,97,9,264.9,8,241.1,0,0,4.60787369619,5,2,2,140.6,65.5,58.8,4,2,2,116.8,65.5,58.8
98,98,8,241.2,6,195.8,0,0,5.39788318298,4,2,2,112.8,67.2,61.2,2,2,2,67.4,67.2,61.2
99,99,10,285.6,7,215.0,0,0,5.29448350225,5,3,2,146.7,88.1,50.8,4,2,1,122.0,65.5,27.5
100,100,11,303.0,7,211.9,0,0,5.12393669679,6,3,2,167.7,86.1,49.2,4,2,1,121.9,63.2,26.8
101,101,10,285.3,7,216.7,0,0,5.43630797918,6,2,2,161.0,67.0,57.3,3,2,2,92.4,67.0,57.3
102,102,9,249.7,5,156.4,0,0,6.16484207241,4,3,2,111.4,84.8,53.5,3,1,1,86.6,41.0,28.8
103,103,12,321.9,7,208.5,0,0,5.42839755361,8,2,2,206.5,63.9,51.5,4,1,2,117.9,39.1,51.5
104,104,10,300.3,9,276.4,0,0,4.70060279822,5,3,2,151.5,93.5,55.3,4,3,2,127.6,93.5,55.3
105,105,10,296.7,8,248.3,0,0,5.01244008,6,2,2,172.4,66.7,57.6,4,2,2,124.0,66.7,57.6
106,106,11,314.4,8,243.7,0,0,5.31861225919,6,3,2,173.9,87.6,52.9,5,1,2,151.2,39.6,52.9
107,107,10,273.9,7,203.9,0,0,5.04654997663,5,3,2,132.1,87.6,54.2,4,1,2,109.2,40.5,54.2
108,108,10,299.0,9,276.1,0,0,4.74763098819,6,2,2,176.9,67.8,54.3,5,2,2,154.0,67.8,54.3
109,109,12,328.6,5,167.4,0,0,6.06222781332,8,2,2,214.7,61.3,52.6,3,1,1,98.7,39.4,29.3
110,110,10,293.7,8,247.8,0,0,5.31226045212,5,3,2,155.2,89.6,48.9,5,2,1,155.2,67.2,25.4
111,111,10,288.1,9,264.4,0,0,4.50393654978,5,3,2,143.8,87.5,56.8,5,2,2,143.8,63.8,56.8
112,112,11,316.5,10,293.8,0,0,4.65576866029,6,3,2,172.9,88.8,54.8,5,3,2,150.2,88.8,54.8
113,113,10,294.5,7,224.0,0,0,5.75832730342,6,1,3,177.2,39.9,77.4,5,1,1,153.1,39.9,31.0
114,114,13,347.6,7,213.7,1,19.9,5.83460059495,7,3,3,187.5,86.4,73.7,4,1,2,120.9,39.0,53.8
115,115,18,457.9,10,297.6,5,91.3,6.1922284204,9,6,3,240.5,141.3,76.1,6,2,2,178.6,67.7,51.3
116,116,19,462.2,9,269.4,6,104.1,6.37284535312,10,6,3,238.8,143.4,80.0,4,2,3,123.3,66.1,80.0
117,117,19,449.1,8,236.4,7,125.8,5.86734944193,11,5,3,262.9,115.1,71.1,5,2,1,146.9,60.8,28.7
118,118,19,466.3,8,246.2,7,127.1,6.48907764285,11,5,3,272.7,120.7,72.9,5,2,1,150.4,67.0,28.8
119,119,18,449.8,10,294.0,4,69.4,6.14442730676,11,4,3,282.0,95.6,72.2,7,2,1,203.6,63.7,26.7
120,120,19,454.8,9,262.5,7,124.6,6.16452309828,11,5,3,277.1,112.1,65.6,6,2,1,176.0,61.1,25.4
121,121,19,460.6,8,240.4,6,104.5,6.2243532274,11,5,3,268.4,115.4,76.8,5,2,1,145.9,65.2,29.3
122,122,19,451.8,8,243.9,7,119.9,6.63673103496,11,5,3,267.3,119.0,65.5,5,2,1,149.2,65.0,29.7
123,123,19,456.9,8,241.1,6,103.3,6.24049218332,11,5,3,267.4,115.3,74.2,5,2,1,146.9,64.9,29.3
124,124,20,466.8,7,211.3,6,102.0,6.19714705158,11,6,3,268.4,128.4,70.0,5,1,1,149.2,37.1,25.0
125,125,20,477.0,9,261.5,5,86.3,5.60061086894,11,6,3,272.7,130.1,74.2,5,2,2,147.5,60.0,54.0
126,126,19,441.8,7,202.3,5,86.6,5.49245628325,11,5,3,256.5,110.4,74.9,4,1,2,114.2,34.4,53.7
127,127,19,453.7,8,239.1,5,83.0,6.33399811839,11,5,3,263.6,119.2,70.9,5,2,1,150.3,63.7,25.1
128,128,19,453.0,7,213.5,5,83.6,6.31112912855,11,5,3,266.6,117.0,69.4,4,2,1,119.3,66.9,27.3
129,129,19,472.9,8,248.8,4,67.1,6.49947816169,11,5,3,273.4,124.8,74.7,5,2,1,149.0,68.5,31.3
130,130,20,492.1,8,247.6,5,82.5,6.53617262866,11,6,3,263.0,152.7,76.4,4,3,1,122.5,94.4,30.7
131,131,20,479.0,7,215.5,6,102.7,6.42720369744,11,6,3,259.4,144.8,74.8,4,2,1,120.0,64.6,30.9
132,132,20,480.4,9,270.7,7,119.2,6.87134400398,11,6,3,271.7,138.3,70.4,6,2,1,174.9,64.3,31.5
133,133,20,484.5,9,270.3,6,100.8,6.68862939307,11,6,3,275.4,138.0,71.1,6,2,1,174.6,64.3,31.4
134,134,20,490.4,10,295.0,6,104.3,6.43972866378,11,6,3,280.5,138.8,71.1,7,2,1,199.3,64.6,31.1
135,135,20,487.0,7,216.8,5,88.0,6.08168086184,11,6,3,280.5,137.3,69.2,4,2,1,122.0,64.9,29.9
136,136,20,482.4,9,269.6,6,96.8,6.92543747431,11,6,3,273.6,139.9,68.9,6,2,1,176.3,64.4,28.9
137,137,20,449.5,6,187.9,10,169.3,7.16305396498,11,6,3,247.4,136.8,65.3,3,2,1,91.3,70.4,26.2
138,138,19,444.1,7,207.7,8,148.4,5.93107092684,11,6,2,262.2,142.0,39.9,4,2,1,118.9,63.4,25.4
139,139,19,437.1,5,161.3,10,183.5,6.28768405379,11,6,2,248.5,139.8,48.8,2,2,1,63.8,67.2,30.3
140,140,19,441.6,5,161.6,9,164.7,6.2393300735,11,6,2,247.9,139.7,54.0,2,2,1,63.5,67.1,31.0
141,141,19,442.7,5,162.9,9,164.1,6.37895846601,11,6,2,249.5,138.5,54.7,2,2,1,64.5,67.7,30.7
142,142,19,436.8,7,214.7,8,131.6,7.13044292974,11,6,2,253.3,134.2,49.3,4,2,1,121.7,65.5,27.5
143,143,19,445.5,7,212.2,6,100.4,6.58992230784,11,6,2,257.1,140.0,48.4,4,2,1,120.7,64.9,26.6
144,144,18,417.9,6,183.7,6,99.4,6.82333797906,11,5,2,258.7,115.2,44.0,4,2,0,122.5,61.2,0
145,145,18,420.0,7,208.3,6,101.8,6.57759119149,11,5,2,262.2,116.0,41.8,5,2,0,147.0,61.3,0
146,146,17,402.3,4,132.7,5,90.2,6.38689490054,11,4,2,265.3,94.6,42.4,3,1,0,97.7,35.0,0
147,147,19,438.3,4,125.3,5,88.2,5.6644164779,11,6,2,272.6,124.9,40.8,4,0,0,125.3,0,0
148,148,20,448.2,4,131.6,6,104.9,5.79372618941,11,6,3,257.5,131.8,58.9,3,1,0,95.8,35.8,0
149,149,20,471.4,8,238.3,7,124.9,6.14646667864,11,6,3,273.4,140.2,57.8,6,2,0,172.5,65.8,0
150,150,20,466.7,7,210.9,7,124.0,6.09229668905,11,6,3,269.2,137.9,59.6,5,2,0,146.9,64.0,0
151,151,20,472.0,7,216.4,7,120.6,6.68848185119,11,6,3,264.1,140.7,67.2,5,2,0,150.4,66.0,0
152,152,20,471.1,7,213.4,6,100.7,6.47460423501,11,6,3,264.7,138.7,67.7,5,2,0,148.8,64.6,0
153,153,20,464.0,7,213.8,7,114.5,6.86792698364,11,6,3,264.4,132.1,67.5,4,2,1,122.2,66.5,25.1
154,154,20,468.3,8,237.8,6,97.0,6.76953508471,11,6,3,267.2,132.7,68.4,6,2,0,172.1,65.7,0
155,155,20,466.8,6,186.6,5,76.9,6.64659786341,11,6,3,267.2,132.7,66.9,4,2,0,121.7,64.9,0
156,156,19,436.8,5,164.4,7,110.0,7.33582493557,11,5,3,260.2,114.0,62.6,3,2,0,97.3,67.1,0
157,157,20,449.0,5,162.6,10,173.6,6.82715167548,11,6,3,261.2,131.6,56.2,3,2,0,96.9,65.7,0
158,158,20,454.1,6,189.2,9,155.3,6.87523970874,11,6,3,263.4,133.0,57.7,4,2,0,121.2,68.0,0
159,159,20,451.7,6,185.6,11,198.6,6.53180679445,11,6,3,261.1,134.1,56.5,4,2,0,117.1,68.5,0
160,160,20,444.9,6,187.0,10,171.6,6.87745936872,11,6,3,262.9,132.1,49.9,4,2,0,119.2,67.8,0
161,161,20,446.3,6,184.3,9,150.9,6.61603116839,11,6,3,254.8,131.0,60.5,3,2,1,93.6,64.4,26.3
162,162,19,413.9,3,100.6,10,178.7,6.00122794452,10,6,3,233.0,121.4,59.5,2,1,0,71.5,29.1,0
163,163,18,376.1,4,116.4,10,170.0,5.64961968759,10,6,2,209.2,118.1,48.8,2,1,1,64.5,25.6,26.3
164,164,18,365.5,2,61.5,10,168.5,5.20728813042,10,6,2,203.5,120.4,41.6,1,1,0,35.4,26.1,0
165,165,18,382.3,3,98.5,9,149.0,6.24501108075,10,6,2,217.0,129.5,35.8,2,1,0,66.2,32.3,0
166,166,18,389.9,5,143.7,8,131.2,5.79626034499,10,6,2,223.1,121.6,45.2,3,1,1,90.3,27.1,26.3
167,167,18,392.7,7,196.0,9,150.5,5.84407694115,10,6,2,217.7,127.9,47.1,3,3,1,88.1,79.7,28.2
168,168,18,405.9,5,149.8,7,122.6,5.61785493918,10,6,2,234.6,125.1,46.2,3,1,1,95.2,27.3,27.3
169,169,18,429.4,7,215.7,7,122.7,6.67287945803,10,6,2,252.4,129.6,47.4,4,2,1,132.3,54.9,28.5
170,170,19,432.2,6,185.5,8,134.8,6.6587760321,10,6,3,248.1,116.7,67.4,4,1,1,129.0,27.5,29.0
171,171,19,428.1,6,182.7,9,157.9,6.33228523183,10,6,3,240.3,121.8,66.0,4,1,1,126.4,27.6,28.7
172,172,19,425.2,6,182.5,8,135.5,6.48678819237,10,6,3,244.3,116.0,64.9,4,1,1,126.9,27.9,27.7
173,173,18,388.0,6,175.1,9,148.7,6.48212222167,10,6,2,239.3,109.5,39.2,4,1,1,123.6,26.0,25.5
174,174,18,393.3,4,122.9,6,95.5,6.21669952154,10,6,2,238.8,116.9,37.6,3,1,0,96.4,26.5,0
175,175,18,404.2,5,151.7,8,137.4,6.21224807488,10,6,2,240.1,126.0,38.1,3,2,0,96.9,54.8,0
176,176,18,394.8,4,123.9,9,159.8,5.93196723643,10,6,2,229.9,132.4,32.5,2,2,0,69.3,54.6,0
177,177,19,420.4,4,117.7,9,163.8,4.73917973508,10,6,3,227.6,134.8,58.0,3,1,0,88.9,28.8,0
178,178,19,429.6,4,121.8,7,120.5,5.31704750327,10,6,3,234.3,138.6,56.7,3,1,0,91.0,30.8,0
179,179,19,459.3,7,213.0,5,88.0,5.97465406765,10,6,3,259.1,144.0,56.2,5,2,0,151.7,61.3,0
180,180,19,437.5,5,152.4,7,124.1,5.74077444497,10,6,3,244.1,134.9,58.5,4,1,0,117.0,35.4,0
181,181,19,455.8,6,182.6,5,90.5,5.71381315924,10,6,3,253.1,132.1,70.6,5,1,0,147.0,35.6,0
182,182,19,455.8,7,211.1,5,89.7,5.69277268286,10,6,3,252.2,126.8,76.8,4,1,2,127.3,30.6,53.2
183,183,19,433.0,5,148.8,7,126.9,5.22705512341,10,6,3,238.5,134.0,60.5,3,2,0,92.2,56.6,0
184,184,19,448.4,7,205.9,7,129.1,5.20811332869,10,6,3,241.2,142.8,64.4,4,2,1,120.8,58.7,26.4
185,185,19,431.9,6,169.4,5,86.3,4.85478602705,10,6,3,229.9,137.9,64.1,4,2,0,113.2,56.2,0
186,186,19,425.0,5,151.0,7,119.8,5.54737702098,10,6,3,223.6,133.8,67.6,3,2,0,92.4,58.6,0
187,187,19,446.4,6,180.7,7,125.3,5.90569157529,10,6,3,249.8,132.0,64.6,4,1,1,125.1,27.4,28.2
188,188,19,430.0,6,174.7,8,143.3,5.57704149284,10,6,3,244.3,124.4,61.3,4,1,1,121.4,26.8,26.5
189,189,19,429.2,5,151.4,9,168.2,5.2574703187,10,6,3,230.8,138.5,59.9,3,2,0,94.5,56.9,0
190,190,19,439.9,7,196.8,5,92.7,4.44988993885,10,6,3,234.4,138.0,67.5,4,2,1,112.9,58.4,25.5
191,191,19,422.7,6,174.1,9,158.8,5.56131163796,10,6,3,224.6,136.2,61.9,3,3,0,90.9,83.2,0
192,192,19,445.6,8,227.6,5,80.7,5.97051723248,10,6,3,253.7,129.5,62.4,4,3,1,124.7,77.3,25.6
193,193,18,411.2,7,205.2,9,157.9,6.5741223724,10,6,2,248.3,120.5,42.4,4,2,1,127.4,51.5,26.3
194,194,18,407.9,5,147.5,6,103.0,5.62924494873,10,6,2,240.0,123.0,44.9,3,2,0,93.9,53.6,0
195,195,19,424.6,5,153.6,9,158.7,5.98250861735,10,6,3,232.1,129.9,62.6,3,2,0,94.5,59.1,0
196,196,18,401.9,6,174.7,7,112.1,6.52288329927,10,6,2,238.3,115.3,48.3,3,2,1,97.1,50.2,27.4
197,197,18,396.5,4,121.5,7,118.4,6.03634146654,10,6,2,239.9,111.8,44.8,3,1,0,96.1,25.4,0
198,198,19,423.6,5,148.2,6,101.1,5.6746486611,10,6,3,246.4,115.7,61.5,4,1,0,122.6,25.6,0
199,199,19,430.3,5,147.0,6,105.2,5.34648050601,10,6,3,248.0,119.3,63.0,4,1,0,121.2,25.8,0
200,200,19,432.5,6,174.9,5,83.2,5.55729855698,10,6,3,241.5,125.2,65.8,4,2,0,122.7,52.2,0
201,201,19,430.0,6,175.8,6,103.9,5.54467238102,10,6,3,233.0,132.9,64.1,4,2,0,120.3,55.5,0
202,202,19,424.4,6,177.4,6,95.0,6.06467096536,10,6,3,245.2,117.5,61.7,5,1,0,150.3,27.1,0
203,203,19,422.7,5,151.5,7,118.6,5.67072094388,10,6,3,253.9,108.6,60.2,5,0,0,151.5,0,0
204,204,19,420.6,5,150.6,10,177.4,5.62782872344,10,6,3,248.2,113.1,59.3,5,0,0,150.6,0,0
205,205,19,416.7,4,121.5,9,155.1,5.50232805593,10,6,3,245.8,113.4,57.5,4,0,0,121.5,0,0
206,206,19,424.7,7,197.1,8,138.9,5.1186335439,10,6,3,242.8,127.2,54.7,5,2,0,139.9,57.2,0
207,207,19,420.7,7,187.0,7,121.8,4.42835758235,10,6,3,235.5,124.2,61.0,5,2,0,134.6,52.4,0
208,208,19,411.9,5,137.8,6,98.0,4.63076414949,10,6,3,228.8,120.3,62.8,3,2,0,82.9,54.9,0
209,209,1,31.3,1,31.3,0,0,,0,1,0,0,31.3,0,0,1,0,0,31.3,0
210,210,10,286.0,8,236.2,0,0,4.04557371292,5,4,1,133.0,118.0,35.0,4,3,1,108.1,93.1,35.0
211,211,20,554.5,15,441.9,0,0,3.5630966721,11,7,2,295.7,208.3,50.5,8,6,1,228.9,183.8,29.2
212,212,20,565.2,15,449.4,0,0,3.941466465,11,7,2,292.0,216.6,56.6,7,6,2,200.6,192.2,56.6
213,213,20,548.9,15,441.7,1,19.3,4.43116653288,11,7,2,284.1,207.6,57.2,7,6,2,197.3,187.2,57.2
214,214,20,556.2,13,405.4,2,38.2,5.6292375851,11,7,2,278.3,220.3,57.6,5,6,2,147.9,199.9,57.6
215,215,20,552.1,14,431.6,3,54.4,6.08712835243,11,7,2,281.5,210.1,60.5,6,6,2,177.1,194.0,60.5
216,216,20,563.8,16,480.2,2,36.9,5.09622151051,11,7,2,291.8,215.7,56.3,8,6,2,227.8,196.1,56.3
217,217,20,554.9,14,424.4,0,0,4.86420599893,11,7,2,286.3,210.5,58.1,6,6,2,176.1,190.2,58.1
218,218,20,558.4,14,430.4,1,19.8,5.31993272613,11,7,2,278.3,220.8,59.3,6,6,2,173.3,197.8,59.3
219,219,20,560.5,15,449.9,0,0,4.67241344151,11,7,2,289.8,210.2,60.5,8,5,2,224.2,165.2,60.5
220,220,20,552.9,12,373.6,1,18.6,5.3155655242,11,7,2,286.6,209.8,56.5,5,6,1,154.2,185.5,33.9
221,221,20,520.0,12,352.0,2,32.6,5.38125401155,11,7,2,281.8,183.4,54.8,5,5,2,149.4,147.8,54.8
222,222,20,514.5,11,327.4,3,54.2,5.33320038211,11,7,2,273.7,191.4,49.4,4,6,1,120.8,176.5,30.1
223,223,21,552.2,12,363.5,3,53.7,5.52190874521,12,7,2,311.1,191.0,50.1,6,5,1,181.7,151.5,30.3
