,e_id,num_sat,sum_snr,num_sat_25,sum_snr_25,snr_std,elev_0_30,elev_30_60,elev_60_90,elev_0_30_25,elev_30_60_25,elev_60_90_25
1,1,18,498.8,10,324.2,6.41348660695,10,5,3,4,4,2
2,2,18,486.0,9,292.3,6.64963510719,10,5,3,5,2,2
3,3,17,471.4,10,312.3,5.32397463202,10,4,3,6,2,2
4,4,11,352.9,11,352.9,4.4357227555,6,2,3,6,2,3
5,5,15,433.0,11,343.2,6.22651779163,7,5,3,5,3,3
6,6,18,473.1,11,341.9,7.53175629858,10,5,3,5,3,3
7,7,18,476.7,11,343.0,7.38498078376,10,5,3,5,3,3
8,8,19,498.3,10,322.0,7.55107366209,10,6,3,4,3,3
9,9,19,502.2,11,351.4,7.76781483871,10,6,3,5,3,3
10,10,20,546.1,12,384.5,7.23867354816,11,6,3,6,3,3
11,11,19,512.8,13,403.0,7.5011032327,10,6,3,7,3,3
12,12,19,525.4,12,384.8,7.1533495201,10,6,3,7,3,2
13,13,19,527.0,10,336.6,7.16815570006,10,6,3,5,3,2
14,14,20,558.6,10,339.1,6.85358914807,11,6,3,5,3,2
15,15,21,587.0,12,391.7,6.71547608496,12,6,3,6,4,2
16,16,20,570.3,12,392.2,6.22493077535,12,5,3,7,3,2
17,17,20,570.9,12,396.4,6.54397875109,12,5,3,7,3,2
18,18,17,497.6,12,390.8,6.51016174011,10,5,2,7,3,2
19,19,14,434.6,12,389.9,5.43134978063,8,4,2,6,4,2
20,20,17,509.4,10,344.6,6.11442364173,12,3,2,5,3,2
21,21,16,483.5,10,341.1,5.89046899661,10,4,2,5,3,2
22,22,15,462.8,12,391.6,5.23516498125,10,3,2,7,3,2
23,23,14,436.0,11,363.9,5.45227042132,9,3,2,6,3,2
24,24,13,410.9,12,387.5,5.14270705927,8,3,2,7,3,2
25,25,14,432.5,12,385.7,5.48529001908,8,4,2,7,3,2
26,26,15,459.5,12,388.0,5.37954680336,9,4,2,7,3,2
27,27,15,456.2,10,337.7,5.92679950572,8,4,3,5,3,2
28,28,15,459.7,12,388.5,5.56749067183,9,3,3,7,3,2
29,29,12,373.9,10,325.6,5.23909401143,7,3,2,5,3,2
30,30,13,410.8,13,410.8,4.51792725336,8,3,2,8,3,2
31,31,14,429.9,13,407.4,4.87560083646,8,4,2,8,3,2
32,32,14,434.3,13,411.0,4.9185955737,8,4,2,8,3,2
33,33,14,431.6,13,407.0,5.28501925932,8,4,2,8,3,2
34,34,17,505.8,14,438.3,5.49819489095,9,5,3,8,4,2
35,35,16,477.3,13,406.2,5.28919889964,9,4,3,8,3,2
36,36,17,498.1,14,426.7,5.14890765114,9,5,3,8,3,3
37,37,17,502.8,15,455.8,5.31819158781,9,5,3,8,5,2
38,38,14,419.6,13,395.2,4.95478456745,8,4,2,7,4,2
39,39,16,464.2,13,393.3,5.14261606578,8,5,3,8,3,2
40,40,16,463.5,14,414.5,4.62280127917,8,5,3,7,5,2
41,41,13,398.5,11,353.1,5.3255070783,7,3,3,5,3,3
42,42,10,304.6,9,280.9,5.98427569181,5,3,2,4,3,2
43,43,11,326.9,8,254.6,5.9897943507,5,4,2,4,2,2
44,44,11,283.2,6,173.5,4.61830350591,5,4,2,3,2,1
45,45,15,403.8,7,221.6,5.09526390737,7,5,3,4,2,1
46,46,15,411.0,8,251.5,5.68695248542,10,3,2,5,2,1
47,47,12,346.0,9,279.4,5.61691169324,6,3,3,4,3,2
48,48,12,340.6,8,245.4,4.80923984417,8,2,2,5,2,1
49,49,12,354.3,10,306.2,4.80134924219,7,3,2,6,3,1
50,50,13,373.7,10,302.5,4.39196527472,8,3,2,6,3,1
51,51,14,387.1,10,298.0,4.81579931859,8,3,3,7,2,1
52,52,16,420.6,9,272.2,5.6781305609,8,5,3,6,2,1
53,53,19,476.4,9,279.8,6.83348309635,10,6,3,6,2,1
54,54,19,453.5,7,218.3,6.48922633906,10,6,3,3,2,2
55,55,20,471.2,8,248.2,7.04731378462,11,6,3,4,2,2
56,56,19,446.4,8,239.8,6.66137070348,11,5,3,4,2,2
57,57,19,443.0,7,219.2,7.32273955702,11,5,3,4,2,1
58,58,17,412.7,8,242.6,7.46203134305,10,5,2,4,3,1
59,59,18,438.9,7,220.3,7.32499749046,11,5,2,4,2,1
60,60,17,416.8,6,196.9,7.49284953256,10,5,2,3,2,1
61,61,18,434.4,5,170.5,7.33581063326,10,6,2,2,2,1
62,62,18,434.0,6,198.2,7.56414832412,9,6,3,3,2,1
63,63,18,424.5,6,195.3,7.6500865047,9,6,3,3,2,1
64,64,17,407.3,5,164.4,7.27633654591,9,6,2,3,2,0
65,65,17,411.7,7,219.2,7.18759654667,9,6,2,5,2,0
66,66,17,386.7,4,136.5,7.49667573387,10,5,2,2,2,0
67,67,17,408.7,7,217.2,7.26498957531,10,5,2,4,2,1
68,68,19,442.2,6,190.3,6.90787329431,11,5,3,3,2,1
69,69,17,420.9,7,230.5,8.21005928903,9,5,3,4,2,1
70,70,10,284.5,6,190.0,5.7494444176,6,3,1,3,2,1
71,71,9,264.7,7,218.8,5.70842457348,5,3,1,4,2,1
72,72,7,211.2,6,187.8,5.49020773308,4,2,1,3,2,1
73,73,7,215.3,7,215.3,5.77663602883,4,2,1,4,2,1
74,74,11,309.9,6,196.1,6.5562322883,7,2,2,3,2,1
75,75,13,351.9,6,192.5,6.35431410085,8,3,2,3,2,1
76,76,11,306.9,7,216.0,6.571301241,6,3,2,4,2,1
77,77,13,340.0,8,231.3,5.522471576,7,4,2,3,3,2
78,78,14,364.4,7,210.1,5.51897824594,8,4,2,4,1,2
79,79,17,438.7,6,196.9,6.31649334958,10,5,2,3,1,2
80,80,15,395.5,6,198.5,6.58240801213,9,4,2,3,1,2
81,81,12,329.1,5,165.3,6.26884431861,6,4,2,3,1,1
82,82,12,332.9,9,267.3,5.54853925631,7,3,2,5,3,1
83,83,9,253.1,7,209.3,5.20307067456,5,3,1,3,3,1
84,84,9,274.8,8,252.4,5.07469210889,6,2,1,5,2,1
85,85,11,311.2,6,201.2,7.37596834937,7,2,2,4,1,1
86,86,10,282.4,5,167.7,7.07691081381,5,3,2,3,1,1
87,87,15,399.4,7,221.4,5.61877804035,9,3,3,4,1,2
88,88,14,366.2,6,186.8,5.68259343362,8,4,2,3,3,0
89,89,9,262.7,7,214.6,5.73943473794,6,3,0,4,3,0
90,90,12,315.5,6,185.8,6.36616886837,8,3,1,4,1,1
91,91,12,327.5,6,192.2,5.72354917438,7,3,2,4,1,1
92,92,11,288.2,4,126.5,4.97594212185,6,3,2,2,1,1
93,93,11,299.2,6,187.7,5.82528969237,6,3,2,4,1,1
94,94,10,277.8,8,234.0,5.43012175022,5,3,2,4,3,1
95,95,8,233.8,7,210.0,5.13635501666,4,2,2,3,2,2
96,96,9,264.9,8,241.4,4.80156224577,5,2,2,4,2,2
97,97,9,264.9,8,241.1,4.60787369619,5,2,2,4,2,2
98,98,8,241.2,6,195.8,5.39788318298,4,2,2,2,2,2
99,99,10,285.6,7,215.0,5.29448350225,5,3,2,4,2,1
100,100,11,303.0,7,211.9,5.12393669679,6,3,2,4,2,1
101,101,10,285.3,7,216.7,5.43630797918,6,2,2,3,2,2
102,102,9,249.7,5,156.4,6.16484207241,4,3,2,3,1,1
103,103,12,321.9,7,208.5,5.42839755361,8,2,2,4,1,2
104,104,10,300.3,9,276.4,4.70060279822,5,3,2,4,3,2
105,105,10,296.7,8,248.3,5.01244008,6,2,2,4,2,2
106,106,11,314.4,8,243.7,5.31861225919,6,3,2,5,1,2
107,107,10,273.9,7,203.9,5.04654997663,5,3,2,4,1,2
108,108,10,299.0,9,276.1,4.74763098819,6,2,2,5,2,2
109,109,12,328.6,5,167.4,6.06222781332,8,2,2,3,1,1
110,110,10,293.7,8,247.8,5.31226045212,5,3,2,5,2,1
111,111,10,288.1,9,264.4,4.50393654978,5,3,2,5,2,2
112,112,11,316.5,10,293.8,4.65576866029,6,3,2,5,3,2
113,113,10,294.5,7,224.0,5.75832730342,6,1,3,5,1,1
114,114,13,347.6,6,188.7,5.83460059495,7,3,3,4,1,1
115,115,18,457.9,10,297.6,6.1922284204,9,6,3,6,2,2
116,116,19,462.2,9,269.4,6.37284535312,10,6,3,4,2,3
117,117,19,449.1,8,236.4,5.86734944193,11,5,3,5,2,1
118,118,19,466.3,8,246.2,6.48907764285,11,5,3,5,2,1
119,119,18,449.8,10,294.0,6.14442730676,11,4,3,7,2,1
120,120,19,454.8,9,262.5,6.16452309828,11,5,3,6,2,1
121,121,19,460.6,8,240.4,6.2243532274,11,5,3,5,2,1
122,122,19,451.8,8,243.9,6.63673103496,11,5,3,5,2,1
123,123,19,456.9,8,241.1,6.24049218332,11,5,3,5,2,1
124,124,20,466.8,6,186.3,6.19714705158,11,6,3,5,1,0
125,125,20,477.0,9,261.5,5.60061086894,11,6,3,5,2,2
126,126,19,441.8,7,202.3,5.49245628325,11,5,3,4,1,2
127,127,19,453.7,8,239.1,6.33399811839,11,5,3,5,2,1
128,128,19,453.0,7,213.5,6.31112912855,11,5,3,4,2,1
129,129,19,472.9,8,248.8,6.49947816169,11,5,3,5,2,1
130,130,20,492.1,8,247.6,6.53617262866,11,6,3,4,3,1
131,131,20,479.0,7,215.5,6.42720369744,11,6,3,4,2,1
132,132,20,480.4,8,245.7,6.87134400398,11,6,3,6,1,1
133,133,20,484.5,8,245.3,6.68862939307,11,6,3,6,1,1
134,134,20,490.4,10,295.0,6.43972866378,11,6,3,7,2,1
135,135,20,487.0,7,216.8,6.08168086184,11,6,3,4,2,1
136,136,20,482.4,9,269.6,6.92543747431,11,6,3,6,2,1
137,137,20,449.5,6,187.9,7.16305396498,11,6,3,3,2,1
138,138,19,444.1,7,207.7,5.93107092684,11,6,2,4,2,1
139,139,19,437.1,5,161.3,6.28768405379,11,6,2,2,2,1
140,140,19,441.6,5,161.6,6.2393300735,11,6,2,2,2,1
141,141,19,442.7,5,162.9,6.37895846601,11,6,2,2,2,1
142,142,19,436.8,7,214.7,7.13044292974,11,6,2,4,2,1
143,143,19,445.5,7,212.2,6.58992230784,11,6,2,4,2,1
144,144,18,417.9,5,158.7,6.82333797906,11,5,2,4,1,0
145,145,18,420.0,6,183.3,6.57759119149,11,5,2,4,2,0
146,146,17,402.3,4,132.7,6.38689490054,11,4,2,3,1,0
147,147,19,438.3,4,125.3,5.6644164779,11,6,2,4,0,0
148,148,20,448.2,4,131.6,5.79372618941,11,6,3,3,1,0
149,149,20,471.4,8,238.3,6.14646667864,11,6,3,6,2,0
150,150,20,466.7,7,210.9,6.09229668905,11,6,3,5,2,0
151,151,20,472.0,7,216.4,6.68848185119,11,6,3,5,2,0
152,152,20,471.1,7,213.4,6.47460423501,11,6,3,5,2,0
153,153,20,464.0,7,213.8,6.86792698364,11,6,3,4,2,1
154,154,20,468.3,7,212.8,6.76953508471,11,6,3,5,2,0
155,155,20,466.8,6,186.6,6.64659786341,11,6,3,4,2,0
156,156,19,436.8,5,164.4,7.33582493557,11,5,3,3,2,0
157,157,20,449.0,5,162.6,6.82715167548,11,6,3,3,2,0
158,158,20,454.1,5,164.2,6.87523970874,11,6,3,3,2,0
159,159,20,451.7,6,185.6,6.53180679445,11,6,3,4,2,0
160,160,20,444.9,6,187.0,6.87745936872,11,6,3,4,2,0
161,161,20,446.3,5,159.3,6.61603116839,11,6,3,2,2,1
162,162,19,413.9,3,100.6,6.00122794452,10,6,3,2,1,0
163,163,18,376.1,4,116.4,5.64961968759,10,6,2,2,1,1
164,164,18,365.5,2,61.5,5.20728813042,10,6,2,1,1,0
165,165,18,382.3,3,98.5,6.24501108075,10,6,2,2,1,0
166,166,18,389.9,5,143.7,5.79626034499,10,6,2,3,1,1
167,167,18,392.7,7,196.0,5.84407694115,10,6,2,3,3,1
168,168,18,405.9,5,149.8,5.61785493918,10,6,2,3,1,1
169,169,18,429.4,7,215.7,6.67287945803,10,6,2,4,2,1
170,170,19,432.2,6,185.5,6.6587760321,10,6,3,4,1,1
171,171,19,428.1,6,182.7,6.33228523183,10,6,3,4,1,1
172,172,19,425.2,6,182.5,6.48678819237,10,6,3,4,1,1
173,173,18,388.0,6,175.1,6.48212222167,10,6,2,4,1,1
174,174,18,393.3,4,122.9,6.21669952154,10,6,2,3,1,0
175,175,18,404.2,5,151.7,6.21224807488,10,6,2,3,2,0
176,176,18,394.8,4,123.9,5.93196723643,10,6,2,2,2,0
177,177,19,420.4,4,117.7,4.73917973508,10,6,3,3,1,0
178,178,19,429.6,4,121.8,5.31704750327,10,6,3,3,1,0
179,179,19,459.3,7,213.0,5.97465406765,10,6,3,5,2,0
180,180,19,437.5,5,152.4,5.74077444497,10,6,3,4,1,0
181,181,19,455.8,6,182.6,5.71381315924,10,6,3,5,1,0
182,182,19,455.8,7,211.1,5.69277268286,10,6,3,4,1,2
183,183,19,433.0,5,148.8,5.22705512341,10,6,3,3,2,0
184,184,19,448.4,7,205.9,5.20811332869,10,6,3,4,2,1
185,185,19,431.9,6,169.4,4.85478602705,10,6,3,4,2,0
186,186,19,425.0,5,151.0,5.54737702098,10,6,3,3,2,0
187,187,19,446.4,6,180.7,5.90569157529,10,6,3,4,1,1
188,188,19,430.0,6,174.7,5.57704149284,10,6,3,4,1,1
189,189,19,429.2,5,151.4,5.2574703187,10,6,3,3,2,0
190,190,19,439.9,7,196.8,4.44988993885,10,6,3,4,2,1
191,191,19,422.7,6,174.1,5.56131163796,10,6,3,3,3,0
192,192,19,445.6,8,227.6,5.97051723248,10,6,3,4,3,1
193,193,18,411.2,7,205.2,6.5741223724,10,6,2,4,2,1
194,194,18,407.9,5,147.5,5.62924494873,10,6,2,3,2,0
195,195,19,424.6,5,153.6,5.98250861735,10,6,3,3,2,0
196,196,18,401.9,5,149.7,6.52288329927,10,6,2,3,1,1
197,197,18,396.5,3,96.5,6.03634146654,10,6,2,2,1,0
198,198,19,423.6,5,148.2,5.6746486611,10,6,3,4,1,0
199,199,19,430.3,5,147.0,5.34648050601,10,6,3,4,1,0
200,200,19,432.5,6,174.9,5.55729855698,10,6,3,4,2,0
201,201,19,430.0,6,175.8,5.54467238102,10,6,3,4,2,0
202,202,19,424.4,6,177.4,6.06467096536,10,6,3,5,1,0
203,203,19,422.7,5,151.5,5.67072094388,10,6,3,5,0,0
204,204,19,420.6,5,150.6,5.62782872344,10,6,3,5,0,0
205,205,19,416.7,4,121.5,5.50232805593,10,6,3,4,0,0
206,206,19,424.7,7,197.1,5.1186335439,10,6,3,5,2,0
207,207,19,420.7,6,162.0,4.42835758235,10,6,3,4,2,0
208,208,19,411.9,5,137.8,4.63076414949,10,6,3,3,2,0
209,209,1,31.3,1,31.3,,0,1,0,0,1,0
210,210,10,286.0,8,236.2,4.04557371292,5,4,1,4,3,1
211,211,20,554.5,15,441.9,3.5630966721,11,7,2,8,6,1
212,212,20,565.2,15,449.4,3.941466465,11,7,2,7,6,2
213,213,20,548.9,15,441.7,4.43116653288,11,7,2,7,6,2
214,214,20,556.2,13,405.4,5.6292375851,11,7,2,5,6,2
215,215,20,552.1,14,431.6,6.08712835243,11,7,2,6,6,2
216,216,20,563.8,16,480.2,5.09622151051,11,7,2,8,6,2
217,217,20,554.9,14,424.4,4.86420599893,11,7,2,6,6,2
218,218,20,558.4,13,405.4,5.31993272613,11,7,2,5,6,2
219,219,20,560.5,15,449.9,4.67241344151,11,7,2,8,5,2
220,220,20,552.9,12,373.6,5.3155655242,11,7,2,5,6,1
221,221,20,520.0,11,327.0,5.38125401155,11,7,2,4,5,2
222,222,20,514.5,11,327.4,5.33320038211,11,7,2,4,6,1
223,223,21,552.2,12,363.5,5.52190874521,12,7,2,6,5,1
