,e_id,num_sat,sum_snr,num_sat_25,sum_snr_25,num_sat_u20,sum_sat_u20,snr_std,elev_0_30,elev_30_60,elev_60_90,sum_elev_0_30,sum_elev_30_60,sum_elev_60_90,elev_0_30_25,elev_30_60_25,elev_60_90_25,sum_elev_0_30_25,sum_elev_30_60_25,sum_elev_60_90_25
1,1,20,502.4,10,301.9,5,88.3,6.12128297526,12,6,2,286.6,156.7,59.1,6,3,1,173.9,90.3,37.7
2,2,21,527.9,11,321.2,3,49.1,5.69337125001,12,7,2,295.6,170.7,61.6,5,4,2,151.7,107.9,61.6
3,3,20,502.7,9,270.0,2,31.8,5.62656060223,11,7,2,273.1,171.1,58.5,5,2,2,151.6,59.9,58.5
4,4,20,488.7,9,277.0,6,104.2,6.67747785667,11,7,2,258.4,171.1,59.2,4,3,2,126.9,90.9,59.2
5,5,21,529.0,9,276.5,4,67.9,5.82716953262,12,7,2,297.4,174.1,57.5,5,3,1,156.9,86.9,32.7
6,6,21,480.9,7,199.7,6,103.6,4.74626168684,12,7,2,263.0,164.4,53.5,3,3,1,86.5,82.6,30.6
7,7,21,511.2,10,292.1,5,81.1,5.70390843445,12,7,2,279.5,174.4,57.3,5,3,2,146.4,88.4,57.3
8,8,21,527.8,11,320.0,4,67.8,5.21395563208,12,7,2,285.2,186.3,56.3,5,5,1,148.5,139.9,31.6
9,9,21,520.5,12,337.6,4,69.9,4.80429867039,12,7,2,285.7,180.1,54.7,5,5,2,145.8,137.1,54.7
10,10,21,549.2,14,408.9,3,49.2,5.64850591286,12,7,2,306.7,186.8,55.7,7,5,2,208.1,145.1,55.7
11,11,21,542.8,14,407.7,4,68.4,5.70312362198,12,7,2,296.5,191.6,54.7,6,6,2,180.4,172.6,54.7
12,12,21,528.8,11,325.7,5,92.5,5.67737783203,12,7,2,295.2,181.3,52.3,6,4,1,179.4,116.7,29.6
13,13,20,526.2,10,307.8,3,54.6,5.68783558871,11,7,2,293.5,179.8,52.9,6,3,1,186.7,90.6,30.5
14,14,20,521.5,11,327.4,3,53.4,5.09632220331,11,7,2,272.4,195.5,53.6,4,6,1,118.6,177.3,31.5
15,15,20,497.3,9,260.6,3,53.4,5.063312313,11,7,2,264.6,177.6,55.1,4,4,1,115.0,112.9,32.7
16,16,20,516.8,11,321.4,3,53.2,5.21651224479,11,7,2,275.2,185.2,56.4,5,5,1,144.6,142.4,34.4
17,17,20,542.9,13,392.3,2,35.2,5.02388767474,11,7,2,287.4,198.2,57.3,6,6,1,177.9,180.0,34.4
18,18,20,503.1,10,292.4,4,71.5,5.44682186427,11,7,2,275.1,173.2,54.8,6,3,1,170.8,85.8,35.8
19,19,20,538.0,14,417.9,4,73.0,5.60084580079,11,7,2,286.6,192.3,59.1,7,5,2,209.7,149.1,59.1
20,20,20,539.4,13,393.6,4,75.7,5.97548500564,11,7,2,295.4,183.3,60.7,7,4,2,215.2,117.7,60.7
21,21,20,515.5,10,304.4,4,73.2,5.95313937524,11,7,2,283.1,178.7,53.7,6,3,1,179.1,94.7,30.6
22,22,20,501.5,11,326.5,6,110.6,6.08024194463,11,7,2,271.4,182.2,47.9,6,4,1,177.7,122.0,26.8
23,23,20,527.0,12,356.7,2,36.8,5.45213623029,11,7,2,298.9,173.8,54.3,8,3,1,236.1,83.7,36.9
24,24,20,491.0,11,312.9,4,70.6,5.20844456022,11,7,2,271.3,169.5,50.2,6,4,1,170.8,107.6,34.5
25,25,20,506.9,11,317.1,3,53.5,4.74413488315,11,7,2,270.8,183.1,53.0,6,4,1,169.0,113.1,35.0
26,26,20,525.4,10,312.9,4,73.0,6.16382485492,11,7,2,282.3,185.1,58.0,5,4,1,153.3,123.7,35.9
27,27,20,543.1,11,348.5,4,77.6,5.9664390332,11,7,2,297.8,184.8,60.5,6,4,1,190.1,121.0,37.4
28,28,20,530.9,13,385.6,3,56.4,5.81219000305,11,7,2,287.4,185.6,57.9,7,5,1,203.6,146.1,35.9
29,29,20,522.9,11,329.9,1,14.5,5.60999812365,11,7,2,274.1,196.3,52.5,5,5,1,147.1,151.3,31.5
30,30,21,547.6,11,329.8,3,56.1,5.25546427653,12,7,2,309.2,179.9,58.5,6,4,1,181.4,114.7,33.7
31,31,21,558.9,13,394.6,4,77.5,5.65908877067,12,7,2,321.4,178.3,59.2,7,5,1,217.8,140.6,36.2
32,32,21,554.8,13,386.1,2,35.7,5.57239796206,12,7,2,309.2,188.5,57.1,6,6,1,183.7,170.2,32.2
33,33,20,545.0,13,391.8,1,17.4,5.4475972492,11,7,2,296.8,189.4,58.8,7,5,1,210.2,145.6,36.0
34,34,20,545.8,13,396.5,2,35.6,6.23132156296,11,7,2,298.5,183.7,63.6,6,5,2,187.8,145.1,63.6
35,35,20,535.8,11,339.0,1,17.4,5.65619362432,11,7,2,283.6,193.3,58.9,5,5,1,151.4,150.4,37.2
36,36,20,514.2,10,309.1,3,50.7,6.35592554029,11,7,2,279.4,181.4,53.4,5,4,1,158.1,116.8,34.2
37,37,21,547.9,11,336.5,3,53.1,5.68971921644,12,7,2,294.9,197.2,55.8,5,5,1,147.7,154.1,34.7
38,38,20,518.7,10,316.0,5,84.7,6.73641127323,11,7,2,264.8,200.4,53.5,4,5,1,129.0,151.0,36.0
39,39,20,511.6,11,336.6,5,84.9,6.86651677574,11,7,2,261.7,192.4,57.5,4,6,1,129.0,168.6,39.0
40,40,21,540.0,11,337.6,4,70.3,6.36995178273,12,7,2,292.5,188.1,59.4,5,5,1,153.2,145.9,38.5
41,41,21,521.5,9,274.2,5,86.9,6.23853615308,12,7,2,290.6,169.2,61.7,6,2,1,177.0,58.0,39.2
42,42,21,538.0,10,305.8,4,73.3,6.01303742277,12,7,2,299.5,176.6,61.9,5,4,1,155.6,110.9,39.3
43,43,21,558.1,10,317.0,1,14.9,6.15620863535,12,7,2,308.4,188.6,61.1,6,3,1,185.7,93.5,37.8
44,44,21,556.9,10,316.7,3,51.7,6.37162609132,12,7,2,306.4,188.5,62.0,6,3,1,184.3,94.7,37.7
45,45,21,554.7,12,366.6,2,31.7,6.0446907046,12,7,2,305.6,190.1,59.0,5,6,1,160.9,167.5,38.2
46,46,21,542.8,10,312.3,3,47.6,6.31962174878,12,7,2,295.2,187.2,60.4,5,4,1,157.8,115.6,38.9
47,47,21,544.2,11,337.8,3,47.9,6.30486206941,12,7,2,296.4,186.5,61.3,5,5,1,158.4,140.4,39.0
48,48,21,547.4,10,313.5,3,51.5,6.12293502606,12,7,2,300.9,184.8,61.7,5,4,1,160.0,114.5,39.0
49,49,21,532.6,11,328.2,4,70.6,5.80383288788,12,7,2,295.2,177.1,60.3,6,4,1,177.1,113.3,37.8
50,50,21,528.9,11,326.6,4,70.5,5.82642992872,12,7,2,293.3,174.5,61.1,6,4,1,173.3,114.7,38.6
51,51,21,552.0,11,338.1,1,14.9,5.73988551404,12,7,2,316.1,173.6,62.3,7,3,1,210.1,90.6,37.4
52,52,21,555.6,13,392.2,4,72.9,6.15780573164,12,7,2,312.9,188.6,54.1,8,4,1,233.7,123.2,35.3
53,53,21,535.5,10,302.8,4,69.9,5.75065213693,12,7,2,302.3,169.8,63.4,6,3,1,175.9,88.4,38.5
54,54,21,539.6,11,335.4,5,90.7,6.05396367601,12,7,2,309.8,168.5,61.3,7,3,1,211.5,84.7,39.2
55,55,21,558.8,12,368.8,2,37.3,5.81789521751,12,7,2,320.7,177.0,61.1,7,4,1,214.4,115.4,39.0
56,56,21,556.9,11,342.7,2,37.3,5.96167921375,12,7,2,322.5,173.4,61.0,7,3,1,214.1,89.7,38.9
57,57,21,544.0,11,341.0,3,48.4,6.59723246449,12,7,2,322.0,167.8,54.2,7,3,1,214.1,88.0,38.9
58,58,21,532.7,11,333.6,5,82.5,6.46686425815,12,7,2,312.9,167.5,52.3,6,4,1,184.7,111.9,37.0
59,59,21,500.9,8,232.3,5,88.4,5.14019640166,12,7,2,283.3,168.9,48.7,3,4,1,87.8,111.1,33.4
60,60,21,526.7,10,290.1,4,73.3,4.65688941759,12,7,2,303.6,171.0,52.1,6,3,1,173.5,83.2,33.4
61,61,21,532.5,12,344.0,3,55.3,4.70303853148,12,7,2,303.3,169.0,60.2,6,4,2,173.3,110.5,60.2
62,62,21,540.7,11,318.3,2,37.6,4.37328469776,12,7,2,317.0,167.0,56.7,7,2,2,206.6,55.0,56.7
63,63,21,534.0,10,289.7,2,38.1,4.30524596941,12,7,2,312.5,167.7,53.8,7,2,1,205.3,54.2,30.2
64,64,22,541.4,10,290.3,2,32.0,5.02364969689,13,7,2,323.8,163.9,53.7,7,2,1,205.5,54.6,30.2
65,65,22,541.7,11,314.9,4,65.6,5.23149180383,13,7,2,315.6,167.9,58.2,7,2,2,201.4,55.3,58.2
66,66,22,545.7,12,342.6,5,86.1,5.19032775116,13,7,2,314.2,171.1,60.4,6,4,2,174.5,107.7,60.4
67,67,22,549.5,14,391.6,3,49.7,4.90926546908,13,7,2,313.2,175.8,60.5,7,5,2,197.5,133.6,60.5
68,68,22,544.5,12,341.2,4,69.1,4.94722144239,13,7,2,312.6,172.5,59.4,6,4,2,172.2,109.6,59.4
69,69,22,545.5,12,347.3,6,105.9,5.4566235219,13,7,2,313.2,173.7,58.6,7,4,1,201.8,111.3,34.2
70,70,21,529.4,12,352.2,5,84.0,5.77796718249,12,7,2,298.7,171.1,59.6,7,4,1,205.4,111.8,35.0
71,71,21,530.2,13,376.4,6,107.0,5.67094516352,12,7,2,292.8,177.8,59.6,7,4,2,202.7,114.1,59.6
72,72,22,552.9,13,377.1,6,107.8,5.47386747266,13,7,2,314.6,179.6,58.7,7,4,2,203.1,115.3,58.7
73,73,22,555.0,14,402.5,6,110.7,5.36657927922,13,7,2,314.8,180.0,60.2,7,5,2,200.8,141.5,60.2
74,74,22,575.5,13,383.1,3,54.0,5.05725872394,13,7,2,326.0,188.7,60.8,7,4,2,204.3,118.0,60.8
75,75,22,569.6,13,375.6,4,77.4,4.27772849056,13,7,2,332.1,179.3,58.2,7,4,2,203.2,114.2,58.2
76,76,22,557.8,13,371.6,4,73.3,5.0032110901,13,7,2,334.3,167.2,56.3,7,4,2,206.5,108.8,56.3
77,77,22,556.9,12,353.7,6,109.8,5.59117463206,13,7,2,327.9,172.4,56.6,8,3,1,234.4,87.6,31.7
78,78,22,544.0,11,319.9,5,87.2,5.44838829976,13,7,2,328.2,164.2,51.6,7,3,1,206.7,83.4,29.8
79,79,22,547.4,10,294.6,4,71.4,5.15074071082,13,7,2,327.2,167.2,53.0,6,3,1,180.8,83.1,30.7
80,80,22,557.1,12,358.0,5,87.2,6.01315477125,13,7,2,326.1,173.1,57.9,7,4,1,211.0,112.6,34.4
81,81,22,555.1,11,332.0,5,87.0,5.92809182851,13,7,2,323.1,174.1,57.9,7,3,1,211.2,86.5,34.3
82,82,21,544.3,15,426.5,4,74.6,5.0095527792,12,7,2,308.7,178.7,56.9,7,6,2,210.1,159.5,56.9
83,83,21,542.6,11,325.2,3,54.8,4.86163307855,12,7,2,309.7,176.3,56.6,6,4,1,182.1,111.3,31.8
84,84,22,561.7,11,325.5,3,54.2,4.90484564716,13,7,2,331.2,176.3,54.2,7,3,1,206.5,88.7,30.3
85,85,22,570.0,15,429.2,2,36.3,4.6541235266,13,7,2,331.2,183.7,55.1,7,6,2,207.7,166.4,55.1
86,86,21,554.8,14,409.6,2,35.9,4.62737712399,12,7,2,313.9,184.0,56.9,7,5,2,207.9,144.8,56.9
87,87,21,555.5,14,407.0,2,36.3,4.65388214802,12,7,2,313.3,183.6,58.6,7,5,2,205.9,142.5,58.6
88,88,22,561.8,11,325.7,3,55.0,5.02105523481,13,7,2,332.6,173.6,55.6,7,3,1,202.6,91.4,31.7
89,89,22,587.7,15,443.7,4,75.3,5.51148544963,13,7,2,336.3,188.1,63.3,8,5,2,232.4,148.0,63.3
90,90,22,574.9,10,309.7,2,39.2,5.77361703611,13,7,2,331.9,178.5,64.5,6,2,2,180.8,64.4,64.5
91,91,22,570.1,14,410.9,5,92.8,5.92704017152,13,7,2,326.6,178.9,64.6,8,4,2,228.1,118.2,64.6
92,92,22,576.3,15,437.4,5,92.1,5.56806175328,13,7,2,327.1,184.3,64.9,8,5,2,229.4,143.1,64.9
93,93,21,532.7,10,298.3,4,73.0,5.38695956299,12,7,2,300.3,175.0,57.4,6,3,1,173.2,90.8,34.3
94,94,21,542.1,13,375.4,2,36.2,4.65191204929,12,7,2,310.5,177.0,54.6,8,4,1,231.4,112.0,32.0
95,95,22,577.7,14,411.5,4,77.5,4.77519973064,13,7,2,333.6,190.9,53.2,8,5,1,232.1,148.8,30.6
96,96,22,563.6,13,378.2,5,92.4,4.99253121827,13,7,2,319.2,193.7,50.7,6,6,1,174.8,175.3,28.1
97,97,22,574.8,14,411.0,4,74.5,5.19772677585,13,7,2,331.5,188.2,55.1,7,6,1,206.4,169.8,34.8
98,98,22,574.5,11,338.6,4,73.2,5.84419088494,13,7,2,327.4,190.0,57.1,6,4,1,175.8,123.3,39.5
99,99,22,529.2,9,259.8,6,112.8,5.0459533313,13,7,2,298.0,174.6,56.6,4,4,1,107.0,115.8,37.0
100,100,22,539.2,10,296.9,6,107.0,5.81319591561,13,7,2,296.6,183.6,59.0,5,4,1,140.4,121.2,35.3
101,101,22,541.3,10,305.5,8,147.2,6.35628502408,13,7,2,304.2,179.3,57.8,5,4,1,145.2,122.5,37.8
102,102,22,555.2,9,283.3,6,111.0,6.09789545699,13,7,2,323.7,176.4,55.1,5,3,1,159.5,88.7,35.1
103,103,22,535.6,10,297.3,5,89.6,5.69006881478,13,7,2,302.2,179.8,53.6,5,4,1,146.2,117.9,33.2
104,104,22,555.5,12,349.7,5,91.1,5.12396330978,13,7,2,306.7,188.9,59.9,4,6,2,117.6,172.2,59.9
105,105,21,530.1,12,341.7,4,73.9,4.63945809643,12,7,2,291.9,182.4,55.8,6,5,1,162.4,146.2,33.1
106,106,21,532.4,11,335.2,6,108.6,6.20287183872,12,7,2,288.7,181.8,61.9,5,5,1,150.2,148.0,37.0
107,107,21,543.6,13,379.2,3,52.4,5.60564766234,12,7,2,300.9,182.7,60.0,7,5,1,199.2,142.5,37.5
108,108,22,583.4,14,408.5,1,18.7,4.77988208299,13,7,2,329.3,197.1,57.0,7,6,1,199.3,173.5,35.7
109,109,22,569.9,12,355.6,2,37.0,4.99918824579,13,7,2,333.5,183.0,53.4,7,4,1,203.1,117.5,35.0
110,110,22,583.3,13,385.1,2,37.6,4.92972475369,13,7,2,327.7,197.2,58.4,7,5,1,198.8,150.5,35.8
111,111,22,569.2,14,401.1,2,36.5,5.05476501438,13,7,2,322.6,190.3,56.3,8,5,1,220.2,145.6,35.3
112,112,22,575.6,14,404.0,1,17.9,4.71143951863,13,7,2,333.5,185.1,57.0,8,5,1,224.0,143.4,36.6
113,113,22,573.7,12,358.8,2,36.7,4.85405395797,13,7,2,327.3,187.7,58.7,6,5,1,179.6,143.3,35.9
114,114,22,567.6,11,335.0,4,71.9,5.46739251859,13,7,2,325.4,182.1,60.1,6,4,1,180.6,117.5,36.9
115,115,22,582.8,13,388.8,3,55.5,5.16258601597,13,7,2,341.0,184.9,56.9,7,5,1,209.5,141.8,37.5
116,116,22,585.2,12,361.0,0,0,4.78648892096,13,7,2,330.8,196.5,57.9,5,6,1,151.8,172.5,36.7
117,117,22,583.3,12,362.9,2,36.2,5.4419267819,13,7,2,335.3,190.9,57.1,6,5,1,182.0,145.0,35.9
118,118,22,556.1,9,281.7,4,73.0,5.85856571251,13,7,2,316.5,185.2,54.4,4,4,1,124.1,121.8,35.8
119,119,22,554.8,10,291.8,1,17.5,4.71983013855,13,7,2,311.0,183.3,60.5,5,4,1,140.6,114.7,36.5
120,120,22,567.9,11,330.0,1,18.7,5.1785542618,13,7,2,313.7,195.8,58.4,5,5,1,144.2,149.9,35.9
121,121,22,559.9,12,347.8,2,36.1,4.81493213125,13,7,2,324.5,182.0,53.4,7,4,1,199.5,112.5,35.8
122,122,22,569.5,12,354.0,3,55.6,4.94043524731,13,7,2,318.1,191.3,60.1,6,5,1,171.1,144.4,38.5
123,123,22,575.4,14,412.0,3,53.6,5.38310649141,13,7,2,321.3,192.5,61.6,7,6,1,202.4,170.3,39.3
124,124,22,574.0,12,357.7,2,34.2,5.06903851979,13,7,2,331.2,181.1,61.7,7,4,1,202.8,116.9,38.0
125,125,22,578.0,12,364.1,2,35.1,5.53595879924,13,7,2,325.0,194.1,58.9,6,5,1,177.4,148.9,37.8
126,126,22,578.6,12,357.2,2,35.4,4.93471666577,13,7,2,333.7,182.6,62.3,7,4,1,203.7,115.6,37.9
127,127,22,550.0,11,318.6,3,52.2,4.98148954583,13,7,2,330.6,163.7,55.7,8,2,1,226.4,55.4,36.8
128,128,22,547.9,9,261.1,3,54.0,4.73753776442,13,7,2,333.5,158.7,55.7,7,1,1,198.9,25.7,36.5
129,129,22,572.4,14,403.1,1,16.1,4.77100731738,13,7,2,331.1,182.8,58.5,8,5,1,227.9,138.2,37.0
130,130,22,578.0,13,384.1,2,34.8,5.08472800398,13,7,2,333.7,186.8,57.5,7,5,1,206.1,141.7,36.3
131,131,22,564.4,11,321.9,2,34.8,4.71145789516,13,7,2,331.7,172.5,60.2,7,3,1,204.2,81.2,36.5
132,132,22,547.3,10,288.0,2,31.2,4.93750774014,13,7,2,319.5,170.2,57.6,6,3,1,172.1,78.7,37.2
133,133,22,525.9,9,258.2,6,109.6,4.85037821527,13,7,2,314.5,158.3,53.1,5,3,1,144.3,81.2,32.7
134,134,22,565.0,10,302.3,2,36.3,4.92473217678,13,7,2,331.2,180.8,53.0,5,4,1,152.6,114.9,34.8
135,135,22,580.9,12,360.4,2,39.2,4.82379787865,13,7,2,338.1,188.9,53.9,6,5,1,181.5,144.2,34.7
136,136,22,556.4,10,295.5,4,74.8,4.90567301251,13,7,2,328.4,169.8,58.2,7,2,1,200.7,59.1,35.7
137,137,22,569.3,13,379.8,3,56.8,4.89352651281,13,7,2,324.4,186.7,58.2,6,6,1,175.4,167.2,37.2
138,138,22,555.6,14,393.2,3,52.3,4.82214408672,13,7,2,323.8,174.8,57.0,8,5,1,226.6,131.0,35.6
139,139,22,555.9,11,327.0,4,72.6,5.24734729932,13,7,2,327.2,175.1,53.6,6,4,1,182.1,111.4,33.5
140,140,22,554.0,10,296.2,4,74.3,5.17849365519,13,7,2,323.8,176.3,53.9,5,4,1,152.6,109.8,33.8
141,141,22,574.2,13,382.2,2,36.1,4.78449877954,13,7,2,339.2,178.2,56.8,8,4,1,235.2,110.6,36.4
142,142,22,567.8,12,349.8,3,56.0,4.87539098221,13,7,2,330.2,175.5,62.1,7,4,1,200.2,111.1,38.5
143,143,22,569.0,12,356.4,3,51.8,5.20526706277,13,7,2,340.8,170.0,58.2,8,3,1,232.1,86.8,37.5
144,144,22,602.4,15,454.7,1,16.0,5.59835319014,13,7,2,344.8,198.8,58.8,9,5,1,262.6,154.0,38.1
145,145,22,578.2,14,418.3,4,71.3,6.10991671392,13,7,2,327.6,193.0,57.6,7,6,1,206.1,173.2,39.0
146,146,22,591.9,15,443.0,2,34.5,4.89931747168,13,7,2,341.1,192.2,58.6,9,5,1,260.7,145.1,37.2
147,147,22,566.1,10,302.7,2,34.4,5.51745165156,13,7,2,321.9,182.6,61.6,5,4,1,148.9,114.6,39.2
148,148,22,564.2,13,378.0,3,52.9,5.03026339107,13,7,2,329.3,178.9,56.0,9,3,1,255.1,89.3,33.6
149,149,22,590.0,14,429.9,4,68.4,6.15085254359,13,7,2,340.6,196.4,53.0,8,5,1,241.5,151.0,37.4
150,150,22,591.7,15,447.4,2,35.6,5.48829727023,13,7,2,334.1,198.9,58.7,8,6,1,232.7,176.1,38.6
151,151,22,581.1,15,432.5,1,19.0,4.87024937804,13,7,2,341.1,180.3,59.7,9,5,1,256.5,136.4,39.6
152,152,22,595.6,14,422.8,2,36.3,5.19681054367,13,7,2,345.9,194.7,55.0,8,5,1,236.5,148.6,37.7
153,153,22,586.3,16,468.9,3,52.2,5.4025346785,13,7,2,340.9,189.3,56.1,10,5,1,287.4,144.5,37.0
154,154,22,547.4,9,270.2,3,52.2,5.31123125924,13,7,2,314.2,178.1,55.1,5,3,1,148.1,86.1,36.0
155,155,22,556.9,12,356.8,4,69.7,5.65266860321,13,7,2,333.4,171.3,52.2,8,3,1,234.7,86.8,35.3
156,156,22,551.4,11,318.1,4,73.3,4.83031552302,13,7,2,323.1,177.1,51.2,6,4,1,173.6,110.3,34.2
157,157,22,547.1,10,290.6,4,72.8,4.8295111025,13,7,2,324.2,170.9,52.0,6,3,1,172.8,82.8,35.0
158,158,22,560.2,14,404.3,5,85.5,5.6621168391,13,7,2,347.5,161.2,51.5,9,4,1,262.4,106.6,35.3
159,159,22,524.2,12,331.3,7,124.5,5.23742774181,13,7,2,311.9,161.3,51.0,7,4,1,191.8,104.7,34.8
160,160,22,565.2,14,405.0,5,86.8,5.51784197731,13,7,2,347.1,166.0,52.1,9,4,1,263.1,106.4,35.5
161,161,22,584.4,14,414.3,2,34.0,5.33278676853,13,7,2,346.8,180.1,57.5,9,4,1,266.9,110.2,37.2
162,162,22,577.8,12,366.9,3,54.3,5.72542744959,13,7,2,334.8,184.4,58.6,6,5,1,186.9,141.7,38.3
163,163,21,529.0,9,270.2,3,53.8,5.46332360033,12,7,2,296.2,174.5,58.3,5,3,1,144.7,87.9,37.6
164,164,22,555.5,11,330.0,5,89.3,6.09306788002,13,7,2,313.9,180.0,61.6,5,5,1,150.3,140.2,39.5
165,165,22,572.9,13,387.8,3,55.1,5.70176740276,13,7,2,325.2,186.1,61.6,7,5,1,204.6,143.8,39.4
166,166,22,559.1,11,321.9,2,35.1,4.94226624849,13,7,2,315.2,184.3,59.6,5,5,1,142.3,142.3,37.3
167,167,22,575.7,14,411.7,4,68.2,5.54731907481,13,7,2,330.4,192.3,53.0,7,6,1,201.5,174.4,35.8
168,168,22,568.6,14,403.2,3,54.2,5.1088836981,13,7,2,330.0,183.5,55.1,8,5,1,229.1,138.8,35.3
169,169,22,576.1,16,455.7,3,55.4,4.78532433638,13,7,2,338.1,186.5,51.5,9,6,1,257.0,167.0,31.7
170,170,22,553.3,11,325.9,4,70.6,5.38231230182,13,7,2,328.2,175.2,49.9,6,4,1,180.5,110.8,34.6
171,171,22,570.2,14,405.5,3,51.0,5.18465100664,13,7,2,329.9,187.6,52.7,9,4,1,253.7,117.2,34.6
172,172,22,543.8,11,318.7,5,90.2,5.17334158968,13,7,2,308.4,176.0,59.4,6,4,1,166.6,116.8,35.3
173,173,22,555.5,11,334.4,5,82.6,6.42908199031,13,7,2,315.2,183.4,56.9,6,4,1,170.7,124.3,39.4
174,174,20,499.9,10,295.0,4,64.9,6.12849041256,11,7,2,263.7,178.0,58.2,5,4,1,144.8,115.3,34.9
175,175,22,552.2,9,280.4,2,28.5,6.19185332667,13,7,2,306.9,185.1,60.2,4,4,1,121.9,120.3,38.2
176,176,21,534.2,13,381.2,4,65.0,6.63200393475,12,7,2,289.2,184.4,60.6,8,4,1,220.2,118.7,42.3
177,177,21,540.5,9,295.3,5,88.0,7.3808858676,12,7,2,283.7,193.1,63.7,4,4,1,125.7,127.5,42.1
178,178,21,521.5,8,252.8,4,62.6,6.80920944995,12,7,2,286.0,172.3,63.2,4,3,1,121.7,89.5,41.6
179,179,21,526.6,11,332.7,5,80.8,6.98805443324,12,7,2,291.9,176.7,58.0,6,4,1,174.0,117.1,41.6
180,180,21,544.9,12,357.9,3,49.2,5.72299039381,12,7,2,304.4,183.7,56.8,6,5,1,180.5,142.2,35.2
181,181,21,540.6,11,329.0,4,69.7,6.07590087383,12,7,2,301.4,177.3,61.9,5,4,2,152.8,114.3,61.9
182,182,22,558.1,13,376.6,3,50.0,5.49314606393,13,7,2,321.3,181.6,55.2,7,5,1,200.1,139.9,36.6
183,183,22,563.0,11,328.9,4,71.4,5.20099890506,13,7,2,326.7,184.6,51.7,6,4,1,178.7,117.1,33.1
184,184,22,565.2,16,454.0,5,88.3,5.20301278024,13,7,2,322.6,193.3,49.3,9,6,1,247.1,173.3,33.6
185,185,21,552.4,13,385.2,2,34.7,5.39467109196,12,7,2,304.0,188.7,59.7,8,4,1,225.5,120.5,39.2
186,186,22,595.6,17,498.6,4,72.5,5.68726076991,13,7,2,332.4,196.6,66.6,9,6,2,259.9,172.1,66.6
187,187,21,574.1,16,472.9,3,52.9,5.74408184051,12,7,2,311.8,194.5,67.8,9,5,2,258.9,146.2,67.8
188,188,21,564.9,14,421.0,3,52.3,5.87843516593,12,7,2,314.7,183.2,67.0,8,4,2,238.2,115.8,67.0
189,189,21,568.6,16,469.7,3,52.3,5.4566385955,12,7,2,311.8,190.7,66.1,9,5,2,259.5,144.1,66.1
190,190,21,561.2,16,464.6,3,52.3,5.31854348125,12,7,2,307.9,187.3,66.0,9,5,2,255.6,143.0,66.0
191,191,21,561.9,15,443.8,3,49.2,5.78814058473,12,7,2,308.2,187.3,66.4,9,4,2,259.0,118.4,66.4
192,192,21,564.2,16,469.2,3,48.6,5.76032406496,12,7,2,308.4,189.5,66.3,9,5,2,259.8,143.1,66.3
193,193,21,554.9,13,385.3,2,29.7,5.45957001621,12,7,2,305.8,185.0,64.1,8,4,1,231.6,114.5,39.2
194,194,21,550.1,13,384.5,2,29.7,5.52045978071,12,7,2,301.8,186.2,62.1,8,4,1,230.2,115.8,38.5
195,195,21,556.6,13,388.4,2,29.7,5.59602324785,12,7,2,306.7,186.6,63.3,8,4,1,233.2,115.8,39.4
196,196,21,558.7,15,439.9,2,29.7,5.63936842124,12,7,2,309.8,183.8,65.1,8,5,2,234.1,140.7,65.1
197,197,21,563.7,15,440.6,3,49.3,5.60130086931,12,7,2,313.6,183.7,66.4,8,5,2,234.8,139.4,66.4
198,198,21,560.5,14,412.7,2,30.4,5.45792128579,12,7,2,315.5,180.3,64.7,9,4,1,261.3,111.3,40.1
199,199,21,549.6,14,410.9,5,92.5,5.33780318644,12,7,2,305.2,191.3,53.1,7,6,1,204.2,171.4,35.3
200,200,21,533.5,11,323.5,3,52.4,5.28795576669,12,7,2,316.8,165.5,51.2,9,1,1,257.8,31.9,33.8
201,201,22,557.7,13,371.6,3,54.2,4.91816361392,13,7,2,332.5,169.2,56.0,8,4,1,231.7,107.3,32.6
202,202,21,521.8,10,295.9,4,69.7,6.10660454325,12,7,2,305.1,164.7,52.0,6,3,1,182.0,83.6,30.3
203,203,20,499.2,9,277.5,6,108.0,6.77754807395,11,7,2,287.9,159.6,51.7,5,3,1,162.3,84.4,30.8
204,204,20,501.9,9,272.4,4,72.4,6.14178741341,11,7,2,288.8,161.6,51.5,4,4,1,135.4,106.2,30.8
205,205,21,521.0,9,271.4,5,90.7,6.11546439462,12,7,2,309.7,159.6,51.7,5,3,1,159.9,81.0,30.5
206,206,21,524.7,8,247.8,6,112.5,6.11647657678,12,7,2,308.5,164.7,51.5,4,3,1,133.9,84.3,29.6
207,207,20,502.4,9,273.3,4,69.7,6.29298690691,11,7,2,283.0,166.3,53.1,4,4,1,133.7,108.8,30.8
208,208,20,503.1,8,249.9,4,71.7,6.19885176125,11,7,2,276.6,173.7,52.8,4,3,1,134.5,84.8,30.6
209,209,20,493.8,8,241.3,5,89.5,5.89450234496,11,7,2,279.4,161.2,53.2,4,3,1,130.7,81.0,29.6
210,210,20,498.3,9,272.2,5,90.6,6.10817183435,11,7,2,281.5,164.1,52.7,4,4,1,133.0,109.3,29.9
211,211,20,494.6,9,270.4,5,88.9,6.37000371809,11,7,2,276.6,165.0,53.0,4,4,1,132.7,107.9,29.8
212,212,21,538.8,12,341.6,2,35.8,4.60429923317,12,7,2,309.1,174.8,54.9,8,3,1,226.3,81.3,34.0
213,213,21,529.7,7,219.5,2,35.8,5.38060449781,12,7,2,298.3,171.8,59.6,5,1,1,150.6,31.1,37.8
214,214,21,515.5,7,223.7,6,111.4,6.43083346446,12,7,2,291.3,164.9,59.3,5,1,1,153.9,31.8,38.0
215,215,21,529.9,9,279.4,5,92.0,6.5275059045,12,7,2,296.1,173.2,60.6,5,3,1,155.2,85.8,38.4
216,216,21,520.5,11,328.9,7,123.1,7.10607386074,12,7,2,289.4,170.7,60.4,6,4,1,176.5,113.4,39.0
217,217,21,520.2,9,281.5,6,97.4,7.36906662048,12,7,2,284.2,174.3,61.7,5,3,1,154.7,88.2,38.6
218,218,22,546.6,11,338.2,8,138.2,7.3502657725,13,7,2,311.0,174.2,61.4,6,4,1,184.0,116.4,37.8
219,219,21,493.6,7,215.1,7,120.7,6.52881889705,12,7,2,273.2,162.3,58.1,4,2,1,118.1,61.1,35.9
220,220,22,522.5,10,294.8,7,116.4,6.53304785576,13,7,2,298.7,164.4,59.4,6,3,1,169.8,88.2,36.8
221,221,21,509.3,8,247.3,6,101.8,6.67851922567,12,7,2,281.6,167.2,60.5,4,3,1,120.6,88.6,38.1
222,222,21,513.2,9,276.8,4,60.5,7.12569127808,12,7,2,277.0,176.7,59.5,5,3,1,150.3,88.8,37.7
223,223,21,516.7,10,300.9,5,79.8,6.96839121968,12,7,2,282.7,174.2,59.8,6,3,1,177.3,86.2,37.4
224,224,21,505.2,8,245.5,6,99.3,6.88044849037,12,7,2,277.8,168.3,59.1,4,3,1,125.5,82.3,37.7
225,225,21,515.7,9,273.2,4,64.1,6.61147271253,12,7,2,282.9,173.2,59.6,5,3,1,152.8,82.5,37.9
226,226,21,512.2,9,267.4,4,64.1,6.09482606494,12,7,2,278.5,175.8,57.9,5,3,1,149.9,80.6,36.9
227,227,21,510.1,10,290.9,5,82.6,6.23834150732,12,7,2,277.0,174.0,59.1,5,4,1,148.2,105.4,37.3
228,228,20,489.5,8,243.2,5,84.9,6.5735414632,11,7,2,259.9,170.7,58.9,5,2,1,151.0,55.1,37.1
229,229,21,518.5,11,321.6,5,84.2,6.49252683952,12,7,2,284.3,172.6,61.6,6,4,1,176.0,108.1,37.5
230,230,21,510.7,11,316.0,6,102.5,6.15512949073,12,7,2,280.1,170.4,60.2,6,4,1,174.8,105.3,35.9
231,231,22,520.6,9,266.1,6,95.7,6.50307952358,13,7,2,293.5,167.2,59.9,5,2,2,151.0,55.2,59.9
232,232,22,530.4,9,272.9,6,96.8,6.77536919331,13,7,2,298.8,170.6,61.0,5,2,2,154.1,57.8,61.0
233,233,22,532.5,10,304.4,6,95.5,6.98655015847,13,7,2,297.7,172.7,62.1,5,3,2,154.5,87.8,62.1
234,234,22,538.3,10,299.3,5,78.5,6.66600375492,13,7,2,300.7,175.8,61.8,5,3,2,153.0,84.5,61.8
235,235,22,538.4,12,354.1,6,96.5,6.97971085621,13,7,2,299.8,177.3,61.3,7,3,2,203.3,89.5,61.3
236,236,22,532.0,12,351.3,7,118.4,6.93182009793,13,7,2,298.3,173.2,60.5,6,4,2,177.8,113.0,60.5
237,237,22,533.4,12,348.3,8,137.6,6.62065507281,13,7,2,305.2,168.2,60.0,7,3,2,204.8,83.5,60.0
238,238,21,514.3,10,292.6,4,63.1,6.17388894959,12,7,2,285.7,169.1,59.5,5,4,1,151.9,105.6,35.1
239,239,21,534.2,10,301.5,3,57.6,5.44145901303,12,7,2,298.9,177.3,58.0,5,4,1,152.5,114.0,35.0
240,240,22,562.7,13,379.5,4,71.9,5.81205084845,13,7,2,328.7,171.5,62.5,8,3,2,229.9,87.1,62.5
241,241,22,565.7,13,382.2,5,93.7,5.7812748186,13,7,2,334.7,168.8,62.2,7,4,2,209.4,110.6,62.2
242,242,22,557.3,12,355.3,5,88.4,6.05344344065,13,7,2,318.2,177.6,61.5,6,4,2,182.5,111.3,61.5
243,243,22,569.3,13,385.5,4,71.4,5.8382100827,13,7,2,316.6,189.8,62.9,6,5,2,177.9,144.7,62.9
244,244,22,555.4,8,242.0,3,55.8,4.98509466622,13,7,2,323.3,171.7,60.4,5,2,1,151.6,54.1,36.3
245,245,22,554.6,12,349.7,4,70.9,5.58696689933,13,7,2,325.1,167.7,61.8,6,4,2,178.6,109.3,61.8
246,246,22,575.8,13,385.0,3,55.4,5.60808785155,13,7,2,325.4,190.1,60.3,7,5,1,206.0,140.8,38.2
247,247,22,552.7,12,351.7,6,109.8,5.95322496181,13,7,2,318.0,180.8,53.9,6,5,1,177.8,136.8,37.1
248,248,22,532.1,10,300.9,9,160.8,6.60643953201,13,7,2,303.6,171.8,56.7,6,3,1,177.7,85.1,38.1
249,249,22,559.5,12,359.1,6,107.7,6.14510152294,13,7,2,315.5,189.3,54.7,6,5,1,176.9,146.1,36.1
250,250,21,532.6,11,332.4,5,88.1,6.26533927178,12,7,2,293.9,186.4,52.3,5,5,1,152.4,142.8,37.2
251,251,23,572.6,10,303.7,5,88.1,5.98023093662,14,7,2,336.8,183.6,52.2,5,4,1,151.1,115.5,37.1
252,252,22,547.7,9,277.8,7,127.3,6.20878619168,13,7,2,314.0,182.1,51.6,5,3,1,151.6,89.9,36.3
253,253,21,543.6,10,305.1,4,74.2,5.80252408132,13,6,2,327.9,162.3,53.4,5,4,1,155.5,113.4,36.2
254,254,21,538.8,10,304.6,4,75.2,5.69021716884,13,6,2,320.0,166.2,52.6,5,4,1,151.6,118.2,34.8
255,255,22,550.3,11,327.5,5,94.6,5.77773192067,14,6,2,331.4,162.8,56.1,5,5,1,150.7,140.8,36.0
256,256,23,583.1,11,329.6,5,93.3,6.22552440765,14,7,2,348.4,176.1,58.6,6,4,1,186.0,109.6,34.0
257,257,22,576.9,14,416.9,4,74.2,5.99252962074,13,7,2,330.3,189.1,57.5,8,5,1,235.9,144.9,36.1
258,258,22,569.4,11,341.1,5,90.6,6.69282745885,13,7,2,325.7,186.5,57.2,6,4,1,182.5,121.2,37.4
259,259,21,547.5,12,368.7,4,68.4,7.01905569554,13,6,2,333.5,158.4,55.6,7,4,1,210.9,119.8,38.0
260,260,21,543.9,12,371.0,5,83.6,7.27083213945,13,6,2,333.6,153.8,56.5,7,4,1,212.9,120.1,38.0
261,261,22,555.7,10,313.2,6,105.8,7.10584327564,13,7,2,325.5,172.9,57.3,5,4,1,157.4,118.2,37.6
262,262,22,553.0,11,335.4,5,90.7,6.70888149464,13,7,2,318.9,176.4,57.7,6,4,1,179.5,118.3,37.6
263,263,22,545.9,12,352.8,6,106.1,6.36083967612,13,7,2,319.3,168.9,57.7,7,4,1,201.1,114.6,37.1
264,264,22,541.7,12,353.5,7,124.5,6.22261098301,13,7,2,316.1,167.5,58.1,7,4,1,205.6,110.8,37.1
265,265,22,556.8,10,314.8,6,108.8,6.83728636584,13,7,2,321.5,177.0,58.3,6,3,1,189.9,86.9,38.0
266,266,22,552.9,12,355.3,5,88.1,6.15841556336,13,7,2,314.9,184.3,53.7,6,5,1,180.0,142.0,33.3
267,267,22,561.3,14,404.3,3,49.2,5.95301407888,13,7,2,325.1,178.9,57.3,8,5,1,234.3,134.7,35.3
268,268,22,547.9,10,301.3,4,68.5,6.00535295126,13,7,2,310.4,175.7,61.8,6,3,1,175.5,86.3,39.5
269,269,22,557.7,12,364.5,5,79.7,7.0092286105,13,7,2,321.4,178.9,57.4,7,4,1,212.4,112.5,39.6
270,270,22,552.9,10,305.6,5,86.4,6.30225857955,13,7,2,323.7,171.4,57.8,6,3,1,181.7,84.1,39.8
271,271,22,520.2,8,232.3,6,110.1,4.96221218647,13,7,2,306.8,164.9,48.5,5,2,1,148.6,54.6,29.1
272,272,22,548.5,12,348.3,6,110.6,5.55126638179,13,7,2,318.4,176.3,53.8,7,4,1,207.5,107.0,33.8
273,273,22,517.1,8,243.9,7,121.0,6.22647781447,13,7,2,304.2,161.4,51.5,4,3,1,124.6,84.6,34.7
274,274,22,511.2,8,233.0,8,136.4,5.88966370247,13,7,2,301.5,159.1,50.6,4,3,1,117.4,81.8,33.8
275,275,22,561.4,13,391.2,6,104.2,6.63717067974,13,7,2,326.8,180.0,54.6,7,5,1,212.2,143.8,35.2
276,276,21,549.7,13,385.1,4,67.4,6.44607669532,12,7,2,294.1,194.5,61.1,5,7,1,152.7,194.5,37.9
277,277,22,569.1,10,319.2,5,88.1,6.76801907881,13,7,2,308.1,196.5,64.5,4,5,1,131.0,148.6,39.6
278,278,22,574.1,10,319.3,4,71.0,6.82421998143,13,7,2,322.8,189.1,62.2,5,4,1,162.4,117.6,39.3
279,279,22,555.3,9,301.2,8,143.5,7.98430955902,13,7,2,323.8,173.3,58.2,5,3,1,167.4,93.8,40.0
280,280,22,557.5,10,322.6,6,106.3,7.6933279127,13,7,2,319.6,176.5,61.4,5,4,1,164.2,118.1,40.3
281,281,23,570.3,9,294.9,7,123.8,7.61436908751,14,7,2,342.9,167.9,59.5,5,3,1,164.4,90.6,39.9
282,282,23,544.8,9,289.6,10,169.7,7.93709955885,14,7,2,315.5,169.3,60.0,5,3,1,158.6,91.3,39.7
283,283,23,561.8,11,339.8,8,136.1,7.53833942356,14,7,2,321.2,178.9,61.7,5,5,1,155.6,143.4,40.8
284,284,22,570.7,11,342.2,6,112.2,6.49913247624,13,7,2,322.4,187.0,61.3,6,4,1,184.5,119.2,38.5
285,285,22,570.8,10,318.2,5,91.2,6.66681385119,13,7,2,326.2,183.6,61.0,5,4,1,165.1,114.5,38.6
286,286,22,559.4,12,370.6,7,121.4,7.5445459214,13,7,2,318.2,182.9,58.3,7,4,1,212.8,119.4,38.4
287,287,22,577.0,11,349.4,3,49.1,6.86149933762,13,7,2,332.3,187.0,57.7,6,4,1,191.5,120.1,37.8
288,288,22,554.9,10,313.3,4,62.4,7.0013557747,13,7,2,330.0,171.3,53.6,6,3,1,192.2,85.1,36.0
289,289,22,555.8,11,341.5,5,80.8,6.96908448278,13,7,2,321.5,174.8,59.5,6,4,1,191.5,114.0,36.0
290,290,23,587.9,12,367.0,4,64.2,6.55194205286,14,7,2,348.7,181.1,58.1,6,5,1,190.1,141.5,35.4
291,291,23,594.2,11,352.0,4,63.8,7.18550363236,14,7,2,357.3,173.8,63.1,7,3,1,222.3,90.3,39.4
292,292,23,589.1,9,297.0,4,67.7,7.02801564829,14,7,2,346.8,177.2,65.1,5,3,1,163.5,92.7,40.8
293,293,22,565.8,11,350.3,5,84.0,7.41007270472,13,7,2,324.2,179.0,62.6,7,3,1,218.2,92.9,39.2
294,294,22,576.3,13,403.3,5,78.1,7.48480856852,13,7,2,327.7,187.0,61.6,7,5,1,226.1,138.2,39.0
295,295,22,576.4,12,380.7,5,82.2,7.6646995406,13,7,2,330.8,183.2,62.4,7,4,1,228.3,112.7,39.7
296,296,22,570.9,11,355.0,6,99.5,8.00658954802,13,7,2,326.2,181.5,63.2,7,3,1,226.7,88.4,39.9
297,297,22,579.2,12,381.9,5,83.6,7.56622707879,13,7,2,334.7,182.0,62.5,7,4,1,229.3,113.4,39.2
298,298,22,573.7,12,375.6,5,85.4,7.34930717941,13,7,2,335.1,177.9,60.7,7,4,1,223.1,113.3,39.2
299,299,22,562.1,9,295.3,5,86.3,7.61544483271,13,7,2,326.5,174.1,61.5,6,2,1,192.7,62.6,40.0
300,300,22,559.3,11,337.8,5,84.8,6.86883450419,13,7,2,322.7,175.3,61.3,6,4,1,187.7,110.9,39.2
301,301,22,569.3,11,343.1,4,65.2,6.68138364756,13,7,2,329.0,182.2,58.1,7,3,1,216.4,88.0,38.7
302,302,23,589.7,14,409.9,3,45.1,6.06088345874,14,7,2,350.4,182.3,57.0,8,5,1,238.4,137.7,33.8
303,303,22,579.0,15,447.8,4,62.0,6.87394226417,13,7,2,330.7,187.2,61.1,8,5,2,244.3,142.4,61.1
304,304,23,584.7,11,336.7,5,83.7,6.69354889711,14,7,2,342.2,186.5,56.0,6,4,1,183.0,114.5,39.2
305,305,23,574.5,11,339.3,6,101.6,6.95400189046,14,7,2,338.5,179.8,56.2,6,4,1,186.6,114.8,37.9
306,306,23,555.3,8,258.1,7,119.8,7.01127832249,14,7,2,329.2,168.2,57.9,5,2,1,155.3,63.2,39.6
307,307,23,568.8,12,359.7,8,137.1,6.83782493212,14,7,2,344.0,169.8,55.0,8,3,1,237.4,85.6,36.7
308,308,23,584.0,12,368.9,6,100.9,6.87332875842,14,7,2,348.0,182.5,53.5,7,4,1,215.4,118.3,35.2
309,309,23,550.1,9,278.0,8,134.0,6.79863971514,14,7,2,328.8,176.2,45.1,5,3,1,154.8,91.8,31.4
310,310,23,570.5,13,376.8,7,120.1,6.165555218,14,7,2,339.8,179.8,50.9,8,4,1,232.1,110.7,34.0
311,311,23,558.7,9,276.0,5,82.7,6.45994040526,14,7,2,328.4,177.1,53.2,5,3,1,150.3,93.2,32.5
312,312,23,562.2,11,338.0,8,134.7,7.22003689785,14,7,2,332.2,177.9,52.1,6,4,1,181.0,123.7,33.3
313,313,22,531.9,10,314.0,11,193.0,7.64435252596,13,7,2,302.1,178.2,51.6,5,4,1,156.2,123.6,34.2
314,314,22,507.8,9,268.3,10,170.8,6.66259182827,13,7,2,286.5,170.6,50.7,5,3,1,143.1,91.9,33.3
315,315,22,519.6,9,275.9,9,150.9,7.12110454004,13,7,2,296.0,172.3,51.3,5,3,1,144.7,96.2,35.0
316,316,22,541.5,11,332.3,7,117.9,6.98660592403,13,7,2,308.1,178.3,55.1,6,4,1,176.4,117.5,38.4
317,317,21,544.9,11,338.4,4,73.4,6.13804684306,12,7,2,307.2,182.9,54.8,6,4,1,182.7,117.6,38.1
318,318,21,533.9,11,333.5,6,110.5,6.18262927579,12,7,2,302.8,176.9,54.2,6,4,1,181.0,115.3,37.2
319,319,21,536.1,11,328.0,3,54.5,5.72120117258,12,7,2,305.3,176.0,54.8,6,4,1,181.0,109.8,37.2
320,320,21,544.5,12,349.5,2,36.9,4.78237836825,12,7,2,304.4,181.9,58.2,6,5,1,176.2,137.4,35.9
321,321,20,503.4,11,322.5,4,67.3,6.12055209068,11,7,2,275.3,171.2,56.9,6,4,1,175.1,110.4,37.0
322,322,21,536.2,10,301.6,4,75.4,5.98383934722,12,7,2,295.5,182.4,58.3,6,3,1,175.4,87.4,38.8
323,323,19,498.1,11,330.2,3,54.7,6.23736617829,10,7,2,256.4,184.8,56.9,6,4,1,177.2,114.5,38.5
