,e_id,num_sat,sum_snr,num_sat_25,sum_snr_25,snr_std,elev_0_30,elev_30_60,elev_60_90,elev_0_30_25,elev_30_60_25,elev_60_90_25
1,1,20,502.4,10,301.9,6.12128297526,11,7,2,6,3,1
2,2,21,527.9,11,321.2,5.69337125001,11,8,2,5,4,2
3,3,20,502.7,9,270.0,5.62656060223,10,8,2,4,3,2
4,4,20,488.7,9,277.0,6.67747785667,10,8,2,4,3,2
5,5,21,529.0,9,276.5,5.82716953262,11,8,2,5,3,1
6,6,21,480.9,7,199.7,4.74626168684,11,8,2,3,3,1
7,7,21,511.2,10,292.1,5.70390843445,11,8,2,5,3,2
8,8,21,527.8,11,320.0,5.21395563208,11,8,2,5,5,1
9,9,21,520.5,11,312.6,4.80429867039,11,8,2,4,5,2
10,10,21,549.2,14,408.9,5.64850591286,11,8,2,6,6,2
11,11,21,542.8,13,382.7,5.70312362198,11,8,2,5,7,1
12,12,21,528.8,11,325.7,5.67737783203,11,8,2,6,4,1
13,13,20,526.2,10,307.8,5.68783558871,10,8,2,5,4,1
14,14,20,521.5,11,327.4,5.09632220331,10,8,2,4,6,1
15,15,20,497.3,8,235.6,5.063312313,10,8,2,4,3,1
16,16,20,516.8,9,271.4,5.21651224479,10,8,2,4,4,1
17,17,20,542.9,13,392.3,5.02388767474,10,8,2,5,7,1
18,18,20,503.1,10,292.4,5.44682186427,10,8,2,5,4,1
19,19,20,538.0,14,417.9,5.60084580079,10,8,2,6,6,2
20,20,20,539.4,13,393.6,5.97548500564,10,8,2,6,5,2
21,21,20,515.5,9,279.4,5.95313937524,10,8,2,4,4,1
22,22,20,501.5,10,301.5,6.08024194463,10,8,2,4,5,1
23,23,20,527.0,12,356.7,5.45213623029,10,8,2,7,4,1
24,24,20,491.0,10,287.9,5.20844456022,10,8,2,5,4,1
25,25,20,506.9,11,317.1,4.74413488315,10,8,2,5,5,1
26,26,20,525.4,10,312.9,6.16382485492,10,8,2,4,5,1
27,27,20,543.1,11,348.5,5.9664390332,10,8,2,5,5,1
28,28,20,530.9,10,310.6,5.81219000305,10,8,2,5,4,1
29,29,20,522.9,11,329.9,5.60999812365,10,8,2,4,6,1
30,30,21,547.6,11,329.8,5.25546427653,11,8,2,6,4,1
31,31,21,558.9,13,394.6,5.65908877067,11,8,2,6,6,1
32,32,21,554.8,13,386.1,5.57239796206,11,8,2,5,7,1
33,33,20,545.0,13,391.8,5.4475972492,10,8,2,6,6,1
34,34,20,545.8,13,396.5,6.23132156296,10,8,2,6,5,2
35,35,20,535.8,11,339.0,5.65619362432,10,8,2,4,6,1
36,36,20,514.2,10,309.1,6.35592554029,10,8,2,4,5,1
37,37,21,547.9,11,336.5,5.68971921644,11,8,2,5,5,1
38,38,20,518.7,10,316.0,6.73641127323,10,8,2,4,5,1
39,39,20,511.6,11,336.6,6.86651677574,10,8,2,4,6,1
40,40,21,540.0,10,312.6,6.36995178273,11,8,2,5,4,1
41,41,21,521.5,9,274.2,6.23853615308,11,8,2,6,2,1
42,42,21,538.0,10,305.8,6.01303742277,11,8,2,5,4,1
43,43,21,558.1,10,317.0,6.15620863535,11,8,2,6,3,1
44,44,21,556.9,10,316.7,6.37162609132,11,8,2,6,3,1
45,45,21,554.7,12,366.6,6.0446907046,11,8,2,5,6,1
46,46,21,542.8,10,312.3,6.31962174878,11,8,2,5,4,1
47,47,21,544.2,11,337.8,6.30486206941,11,8,2,5,5,1
48,48,21,547.4,10,313.5,6.12293502606,11,8,2,5,4,1
49,49,21,532.6,11,328.2,5.80383288788,11,8,2,6,4,1
50,50,21,528.9,11,326.6,5.82642992872,11,8,2,6,4,1
51,51,21,552.0,11,338.1,5.73988551404,11,8,2,6,4,1
52,52,21,555.6,13,392.2,6.15780573164,11,8,2,8,4,1
53,53,21,535.5,10,302.8,5.75065213693,11,8,2,5,4,1
54,54,21,539.6,11,335.4,6.05396367601,11,8,2,6,4,1
55,55,21,558.8,12,368.8,5.81789521751,11,8,2,6,5,1
56,56,21,556.9,11,342.7,5.96167921375,11,8,2,6,4,1
57,57,21,544.0,11,341.0,6.59723246449,11,8,2,6,4,1
58,58,21,532.7,11,333.6,6.46686425815,11,8,2,5,5,1
59,59,21,500.9,8,232.3,5.14019640166,11,8,2,3,4,1
60,60,21,526.7,10,290.1,4.65688941759,11,8,2,5,4,1
61,61,21,532.5,11,319.0,4.70303853148,11,8,2,5,4,2
62,62,21,540.7,10,293.3,4.37328469776,11,8,2,6,3,1
63,63,21,534.0,10,289.7,4.30524596941,11,8,2,6,3,1
64,64,22,541.4,10,290.3,5.02364969689,12,8,2,6,3,1
65,65,22,541.7,11,314.9,5.23149180383,12,8,2,6,3,2
66,66,22,545.7,12,342.6,5.19032775116,12,8,2,5,5,2
67,67,22,549.5,14,391.6,4.90926546908,12,8,2,6,6,2
68,68,22,544.5,12,341.2,4.94722144239,12,8,2,6,4,2
69,69,22,545.5,12,347.3,5.4566235219,12,8,2,6,5,1
70,70,21,529.4,12,352.2,5.77796718249,11,8,2,6,5,1
71,71,21,530.2,13,376.4,5.67094516352,11,8,2,6,5,2
72,72,22,552.9,13,377.1,5.47386747266,12,8,2,6,5,2
73,73,22,555.0,13,377.5,5.36657927922,12,8,2,5,6,2
74,74,22,575.5,13,383.1,5.05725872394,12,8,2,6,5,2
75,75,22,569.6,13,375.6,4.27772849056,12,8,2,6,5,2
76,76,22,557.8,12,346.6,5.0032110901,12,8,2,6,5,1
77,77,22,556.9,11,328.7,5.59117463206,12,8,2,6,4,1
78,78,22,544.0,11,319.9,5.44838829976,12,8,2,6,4,1
79,79,22,547.4,10,294.6,5.15074071082,12,8,2,5,4,1
80,80,22,557.1,11,333.0,6.01315477125,12,8,2,6,4,1
81,81,22,555.1,11,332.0,5.92809182851,12,8,2,6,4,1
82,82,21,544.3,13,376.5,5.0095527792,11,8,2,6,5,2
83,83,21,542.6,11,325.2,4.86163307855,11,8,2,5,5,1
84,84,22,561.7,11,325.5,4.90484564716,12,8,2,6,4,1
85,85,22,570.0,15,429.2,4.6541235266,12,8,2,6,7,2
86,86,21,554.8,14,409.6,4.62737712399,11,8,2,6,6,2
87,87,21,555.5,14,407.0,4.65388214802,11,8,2,6,6,2
88,88,22,561.8,11,325.7,5.02105523481,12,8,2,7,3,1
89,89,22,587.7,15,443.7,5.51148544963,12,8,2,7,6,2
90,90,22,574.9,9,284.7,5.77361703611,12,8,2,4,3,2
91,91,22,570.1,13,385.9,5.92704017152,12,8,2,6,5,2
92,92,22,576.3,13,387.4,5.56806175328,12,8,2,6,5,2
93,93,21,532.7,10,298.3,5.38695956299,11,8,2,6,3,1
94,94,21,542.1,13,375.4,4.65191204929,11,8,2,7,5,1
95,95,22,577.7,14,411.5,4.77519973064,12,8,2,7,6,1
96,96,22,563.6,13,378.2,4.99253121827,12,8,2,5,7,1
97,97,22,574.8,14,411.0,5.19772677585,12,8,2,6,7,1
98,98,22,574.5,11,338.6,5.84419088494,12,8,2,5,5,1
99,99,22,529.2,9,259.8,5.0459533313,12,8,2,4,4,1
100,100,22,539.2,10,296.9,5.81319591561,12,8,2,4,5,1
101,101,22,541.3,10,305.5,6.35628502408,12,8,2,5,4,1
102,102,22,555.2,9,283.3,6.09789545699,12,8,2,4,4,1
103,103,22,535.6,10,297.3,5.69006881478,12,8,2,4,5,1
104,104,22,555.5,11,324.7,5.12396330978,12,8,2,3,7,1
105,105,21,530.1,12,341.7,4.63945809643,11,8,2,5,6,1
106,106,21,532.4,11,335.2,6.20287183872,11,8,2,4,6,1
107,107,21,543.6,13,379.2,5.60564766234,11,8,2,6,6,1
108,108,22,583.4,14,408.5,4.77988208299,12,8,2,6,7,1
109,109,22,569.9,12,355.6,4.99918824579,12,8,2,6,5,1
110,110,22,583.3,13,385.1,4.92972475369,12,8,2,6,6,1
111,111,22,569.2,13,376.1,5.05476501438,12,8,2,7,5,1
112,112,22,575.6,14,404.0,4.71143951863,12,8,2,7,6,1
113,113,22,573.7,11,333.8,4.85405395797,12,8,2,5,5,1
114,114,22,567.6,11,335.0,5.46739251859,12,8,2,5,5,1
115,115,22,582.8,13,388.8,5.16258601597,12,8,2,6,6,1
116,116,22,585.2,12,361.0,4.78648892096,12,8,2,5,6,1
117,117,22,583.3,12,362.9,5.4419267819,12,8,2,5,6,1
118,118,22,556.1,9,281.7,5.85856571251,12,8,2,4,4,1
119,119,22,554.8,10,291.8,4.71983013855,12,8,2,4,5,1
120,120,22,567.9,10,305.0,5.1785542618,12,8,2,4,5,1
121,121,22,559.9,12,347.8,4.81493213125,12,8,2,6,5,1
122,122,22,569.5,12,354.0,4.94043524731,12,8,2,5,6,1
123,123,22,575.4,13,387.0,5.38310649141,12,8,2,5,7,1
124,124,22,574.0,12,357.7,5.06903851979,12,8,2,6,5,1
125,125,22,578.0,12,364.1,5.53595879924,12,8,2,5,6,1
126,126,22,578.6,12,357.2,4.93471666577,12,8,2,6,5,1
127,127,22,550.0,11,318.6,4.98148954583,12,8,2,7,3,1
128,128,22,547.9,9,261.1,4.73753776442,12,8,2,6,2,1
129,129,22,572.4,13,378.1,4.77100731738,12,8,2,6,6,1
130,130,22,578.0,12,359.1,5.08472800398,12,8,2,5,6,1
131,131,22,564.4,11,321.9,4.71145789516,12,8,2,6,4,1
132,132,22,547.3,10,288.0,4.93750774014,12,8,2,5,4,1
133,133,22,525.9,9,258.2,4.85037821527,12,8,2,4,4,1
134,134,22,565.0,10,302.3,4.92473217678,12,8,2,4,5,1
135,135,22,580.9,12,360.4,4.82379787865,12,8,2,5,6,1
136,136,22,556.4,9,270.5,4.90567301251,12,8,2,5,3,1
137,137,22,569.3,13,379.8,4.89352651281,12,8,2,5,7,1
138,138,22,555.6,13,368.2,4.82214408672,12,8,2,7,5,1
139,139,22,555.9,11,327.0,5.24734729932,12,8,2,6,4,1
140,140,22,554.0,10,296.2,5.17849365519,12,8,2,5,4,1
141,141,22,574.2,13,382.2,4.78449877954,12,8,2,7,5,1
142,142,22,567.8,12,349.8,4.87539098221,12,8,2,7,4,1
143,143,22,569.0,12,356.4,5.20526706277,12,8,2,7,4,1
144,144,22,602.4,15,454.7,5.59835319014,12,8,2,8,6,1
145,145,22,578.2,14,418.3,6.10991671392,12,8,2,7,6,1
146,146,22,591.9,15,443.0,4.89931747168,12,8,2,8,6,1
147,147,22,566.1,10,302.7,5.51745165156,12,8,2,5,4,1
148,148,22,564.2,13,378.0,5.03026339107,12,8,2,8,4,1
149,149,22,590.0,14,429.9,6.15085254359,12,8,2,7,6,1
150,150,22,591.7,15,447.4,5.48829727023,12,8,2,7,7,1
151,151,22,581.1,15,432.5,4.87024937804,12,8,2,8,6,1
152,152,22,595.6,14,422.8,5.19681054367,12,8,2,7,6,1
153,153,22,586.3,16,468.9,5.4025346785,12,8,2,9,6,1
154,154,22,547.4,9,270.2,5.31123125924,12,8,2,4,4,1
155,155,22,556.9,12,356.8,5.65266860321,12,8,2,7,4,1
156,156,22,551.4,11,318.1,4.83031552302,12,8,2,5,5,1
157,157,22,547.1,10,290.6,4.8295111025,12,8,2,5,4,1
158,158,22,560.2,14,404.3,5.6621168391,12,8,2,8,5,1
159,159,22,524.2,9,256.3,5.23742774181,12,8,2,5,3,1
160,160,22,565.2,14,405.0,5.51784197731,12,8,2,8,5,1
161,161,22,584.4,14,414.3,5.33278676853,12,8,2,8,5,1
162,162,22,577.8,12,366.9,5.72542744959,12,8,2,5,6,1
163,163,21,529.0,9,270.2,5.46332360033,11,8,2,4,4,1
164,164,22,555.5,11,330.0,6.09306788002,12,8,2,5,5,1
165,165,22,572.9,13,387.8,5.70176740276,12,8,2,6,6,1
166,166,22,559.1,11,321.9,4.94226624849,12,8,2,5,5,1
167,167,22,575.7,14,411.7,5.54731907481,12,8,2,6,7,1
168,168,22,568.6,13,378.2,5.1088836981,12,8,2,6,6,1
169,169,22,576.1,16,455.7,4.78532433638,12,8,2,8,7,1
170,170,22,553.3,11,325.9,5.38231230182,12,8,2,5,5,1
171,171,22,570.2,14,405.5,5.18465100664,12,8,2,8,5,1
172,172,22,543.8,11,318.7,5.17334158968,12,8,2,6,4,1
173,173,22,555.5,11,334.4,6.42908199031,12,8,2,6,4,1
174,174,20,499.9,10,295.0,6.12849041256,10,8,2,4,5,1
175,175,22,552.2,9,280.4,6.19185332667,12,8,2,3,5,1
176,176,21,534.2,13,381.2,6.63200393475,11,8,2,7,5,1
177,177,21,540.5,9,295.3,7.3808858676,11,8,2,3,5,1
178,178,21,521.5,8,252.8,6.80920944995,11,8,2,3,4,1
179,179,21,526.6,11,332.7,6.98805443324,11,8,2,5,5,1
180,180,21,544.9,12,357.9,5.72299039381,11,8,2,5,6,1
181,181,21,540.6,11,329.0,6.07590087383,11,8,2,5,4,2
182,182,22,558.1,13,376.6,5.49314606393,12,8,2,6,6,1
183,183,22,563.0,11,328.9,5.20099890506,12,8,2,5,5,1
184,184,22,565.2,14,404.0,5.20301278024,12,8,2,6,7,1
185,185,21,552.4,12,360.2,5.39467109196,11,8,2,7,4,1
186,186,22,595.6,17,498.6,5.68726076991,12,8,2,8,7,2
187,187,21,574.1,16,472.9,5.74408184051,11,8,2,8,6,2
188,188,21,564.9,14,421.0,5.87843516593,11,8,2,7,5,2
189,189,21,568.6,16,469.7,5.4566385955,11,8,2,8,6,2
190,190,21,561.2,16,464.6,5.31854348125,11,8,2,8,6,2
191,191,21,561.9,15,443.8,5.78814058473,11,8,2,8,5,2
192,192,21,564.2,16,469.2,5.76032406496,11,8,2,8,6,2
193,193,21,554.9,13,385.3,5.45957001621,11,8,2,7,5,1
194,194,21,550.1,13,384.5,5.52045978071,11,8,2,7,5,1
195,195,21,556.6,13,388.4,5.59602324785,11,8,2,7,5,1
196,196,21,558.7,14,414.9,5.63936842124,11,8,2,7,5,2
197,197,21,563.7,15,440.6,5.60130086931,11,8,2,7,6,2
198,198,21,560.5,14,412.7,5.45792128579,11,8,2,8,5,1
199,199,21,549.6,14,410.9,5.33780318644,11,8,2,6,7,1
200,200,21,533.5,11,323.5,5.28795576669,11,8,2,8,2,1
201,201,22,557.7,13,371.6,4.91816361392,12,8,2,7,5,1
202,202,21,521.8,10,295.9,6.10660454325,11,8,2,5,4,1
203,203,20,499.2,9,277.5,6.77754807395,10,8,2,4,4,1
204,204,20,501.9,9,272.4,6.14178741341,10,8,2,3,5,1
205,205,21,521.0,9,271.4,6.11546439462,11,8,2,4,4,1
206,206,21,524.7,8,247.8,6.11647657678,11,8,2,3,4,1
207,207,20,502.4,9,273.3,6.29298690691,10,8,2,3,5,1
208,208,20,503.1,8,249.9,6.19885176125,10,8,2,3,4,1
209,209,20,493.8,8,241.3,5.89450234496,10,8,2,3,4,1
210,210,20,498.3,9,272.2,6.10817183435,10,8,2,3,5,1
211,211,20,494.6,9,270.4,6.37000371809,10,8,2,3,5,1
212,212,21,538.8,11,316.6,4.60429923317,11,8,2,8,2,1
213,213,21,529.7,7,219.5,5.38060449781,11,8,2,5,1,1
214,214,21,515.5,7,223.7,6.43083346446,11,8,2,5,1,1
215,215,21,529.9,9,279.4,6.5275059045,11,8,2,5,3,1
216,216,21,520.5,11,328.9,7.10607386074,11,8,2,6,4,1
217,217,21,520.2,9,281.5,7.36906662048,11,8,2,5,3,1
218,218,22,546.6,11,338.2,7.3502657725,12,8,2,6,4,1
219,219,21,493.6,7,215.1,6.52881889705,11,8,2,4,2,1
220,220,22,522.5,10,294.8,6.53304785576,12,8,2,6,3,1
221,221,21,509.3,8,247.3,6.67851922567,11,8,2,4,3,1
222,222,21,513.2,9,276.8,7.12569127808,11,8,2,5,3,1
223,223,21,516.7,10,300.9,6.96839121968,11,8,2,6,3,1
224,224,21,505.2,7,220.5,6.88044849037,11,8,2,4,2,1
225,225,21,515.7,9,273.2,6.61147271253,11,8,2,5,3,1
226,226,21,512.2,9,267.4,6.09482606494,11,8,2,5,3,1
227,227,21,510.1,10,290.9,6.23834150732,11,8,2,5,4,1
228,228,20,489.5,8,243.2,6.5735414632,10,8,2,5,2,1
229,229,21,518.5,10,296.6,6.49252683952,11,8,2,5,4,1
230,230,21,510.7,11,316.0,6.15512949073,11,8,2,6,4,1
231,231,22,520.6,9,266.1,6.50307952358,12,8,2,5,2,2
232,232,22,530.4,9,272.9,6.77536919331,13,7,2,5,2,2
233,233,22,532.5,10,304.4,6.98655015847,13,7,2,5,3,2
234,234,22,538.3,10,299.3,6.66600375492,13,7,2,5,3,2
235,235,22,538.4,11,329.1,6.97971085621,13,7,2,6,3,2
236,236,22,532.0,11,326.3,6.93182009793,13,7,2,6,3,2
237,237,22,533.4,12,348.3,6.62065507281,13,7,2,7,3,2
238,238,21,514.3,10,292.6,6.17388894959,12,7,2,5,4,1
239,239,21,534.2,9,276.5,5.44145901303,12,7,2,4,4,1
240,240,22,562.7,12,354.5,5.81205084845,13,7,2,7,3,2
241,241,22,565.7,12,357.2,5.7812748186,13,7,2,6,4,2
242,242,22,557.3,12,355.3,6.05344344065,13,7,2,6,4,2
243,243,22,569.3,13,385.5,5.8382100827,13,7,2,6,5,2
244,244,22,555.4,8,242.0,4.98509466622,13,7,2,5,2,1
245,245,22,554.6,12,349.7,5.58696689933,13,7,2,6,4,2
246,246,22,575.8,11,335.0,5.60808785155,13,7,2,6,4,1
247,247,22,552.7,11,326.7,5.95322496181,13,7,2,6,4,1
248,248,22,532.1,10,300.9,6.60643953201,13,7,2,6,3,1
249,249,22,559.5,12,359.1,6.14510152294,13,7,2,6,5,1
250,250,21,532.6,10,307.4,6.26533927178,12,7,2,5,4,1
251,251,23,572.6,10,303.7,5.98023093662,14,7,2,5,4,1
252,252,22,547.7,9,277.8,6.20878619168,13,7,2,5,3,1
253,253,21,543.6,10,305.1,5.80252408132,13,6,2,5,4,1
254,254,21,538.8,10,304.6,5.69021716884,13,6,2,5,4,1
255,255,22,550.3,11,327.5,5.77773192067,14,6,2,5,5,1
256,256,23,583.1,11,329.6,6.22552440765,14,7,2,6,4,1
257,257,22,576.9,13,391.9,5.99252962074,13,7,2,7,5,1
258,258,22,569.4,10,316.1,6.69282745885,13,7,2,5,4,1
259,259,21,547.5,11,343.7,7.01905569554,13,6,2,6,4,1
260,260,21,543.9,12,371.0,7.27083213945,13,6,2,7,4,1
261,261,22,555.7,10,313.2,7.10584327564,13,7,2,5,4,1
262,262,22,553.0,11,335.4,6.70888149464,13,7,2,6,4,1
263,263,22,545.9,12,352.8,6.36083967612,13,7,2,7,4,1
264,264,22,541.7,12,353.5,6.22261098301,13,7,2,7,4,1
265,265,22,556.8,10,314.8,6.83728636584,13,7,2,6,3,1
266,266,22,552.9,12,355.3,6.15841556336,13,7,2,6,5,1
267,267,22,561.3,14,404.3,5.95301407888,13,7,2,8,5,1
268,268,22,547.9,10,301.3,6.00535295126,13,7,2,6,3,1
269,269,22,557.7,12,364.5,7.0092286105,13,7,2,7,4,1
270,270,22,552.9,10,305.6,6.30225857955,13,7,2,6,3,1
271,271,22,520.2,8,232.3,4.96221218647,13,7,2,5,2,1
272,272,22,548.5,12,348.3,5.55126638179,13,7,2,7,4,1
273,273,22,517.1,7,218.9,6.22647781447,13,7,2,4,2,1
274,274,22,511.2,8,233.0,5.88966370247,13,7,2,4,3,1
275,275,22,561.4,13,391.2,6.63717067974,13,7,2,7,5,1
276,276,21,549.7,13,385.1,6.44607669532,12,7,2,5,7,1
277,277,22,569.1,10,319.2,6.76801907881,13,7,2,4,5,1
278,278,22,574.1,10,319.3,6.82421998143,13,7,2,5,4,1
279,279,22,555.3,9,301.2,7.98430955902,13,7,2,5,3,1
280,280,22,557.5,10,322.6,7.6933279127,13,7,2,5,4,1
281,281,23,570.3,9,294.9,7.61436908751,14,7,2,5,3,1
282,282,23,544.8,9,289.6,7.93709955885,14,7,2,5,3,1
283,283,23,561.8,11,339.8,7.53833942356,14,7,2,5,5,1
284,284,22,570.7,11,342.2,6.49913247624,13,7,2,6,4,1
285,285,22,570.8,10,318.2,6.66681385119,13,7,2,5,4,1
286,286,22,559.4,12,370.6,7.5445459214,13,7,2,7,4,1
287,287,22,577.0,11,349.4,6.86149933762,13,7,2,6,4,1
288,288,22,554.9,10,313.3,7.0013557747,13,7,2,6,3,1
289,289,22,555.8,11,341.5,6.96908448278,13,7,2,6,4,1
290,290,23,587.9,12,367.0,6.55194205286,14,7,2,6,5,1
291,291,23,594.2,11,352.0,7.18550363236,14,7,2,7,3,1
292,292,23,589.1,9,297.0,7.02801564829,14,7,2,5,3,1
293,293,22,565.8,10,325.3,7.41007270472,13,7,2,6,3,1
294,294,22,576.3,13,403.3,7.48480856852,13,7,2,7,5,1
295,295,22,576.4,12,380.7,7.6646995406,13,7,2,7,4,1
296,296,22,570.9,11,355.0,8.00658954802,13,7,2,7,3,1
297,297,22,579.2,12,381.9,7.56622707879,13,7,2,7,4,1
298,298,22,573.7,12,375.6,7.34930717941,13,7,2,7,4,1
299,299,22,562.1,9,295.3,7.61544483271,13,7,2,6,2,1
300,300,22,559.3,11,337.8,6.86883450419,13,7,2,6,4,1
301,301,22,569.3,11,343.1,6.68138364756,13,7,2,7,3,1
302,302,23,589.7,13,384.9,6.06088345874,14,7,2,8,4,1
303,303,22,579.0,15,447.8,6.87394226417,13,7,2,8,5,2
304,304,23,584.7,11,336.7,6.69354889711,14,7,2,6,4,1
305,305,23,574.5,11,339.3,6.95400189046,14,7,2,6,4,1
306,306,23,555.3,8,258.1,7.01127832249,14,7,2,5,2,1
307,307,23,568.8,12,359.7,6.83782493212,14,7,2,8,3,1
308,308,23,584.0,12,368.9,6.87332875842,14,7,2,7,4,1
309,309,23,550.1,9,278.0,6.79863971514,14,7,2,5,3,1
310,310,23,570.5,13,376.8,6.165555218,14,7,2,8,4,1
311,311,23,558.7,9,276.0,6.45994040526,14,7,2,5,3,1
312,312,23,562.2,11,338.0,7.22003689785,14,7,2,6,4,1
313,313,22,531.9,10,314.0,7.64435252596,13,7,2,5,4,1
314,314,22,507.8,9,268.3,6.66259182827,13,7,2,5,3,1
315,315,22,519.6,9,275.9,7.12110454004,13,7,2,5,3,1
316,316,22,541.5,11,332.3,6.98660592403,13,7,2,6,4,1
317,317,21,544.9,11,338.4,6.13804684306,12,7,2,6,4,1
318,318,21,533.9,11,333.5,6.18262927579,12,7,2,6,4,1
319,319,21,536.1,11,328.0,5.72120117258,12,7,2,6,4,1
320,320,21,544.5,12,349.5,4.78237836825,12,7,2,6,5,1
321,321,20,503.4,11,322.5,6.12055209068,11,7,2,6,4,1
322,322,21,536.2,10,301.6,5.98383934722,12,7,2,6,3,1
323,323,19,498.1,10,305.2,6.23736617829,10,7,2,6,3,1
