,e_id,num_sat,sum_snr,num_sat_25,sum_snr_25,num_sat_u20,sum_sat_u20,snr_std,elev_0_30,elev_30_60,elev_60_90,sum_elev_0_30,sum_elev_30_60,sum_elev_60_90,elev_0_30_25,elev_30_60_25,elev_60_90_25,sum_elev_0_30_25,sum_elev_30_60_25,sum_elev_60_90_25
1,1,21,495.8,7,210.2,8,149.5,5.82442312696,11,6,4,256.2,150.2,89.4,4,2,1,121.6,62.0,26.6
2,2,22,570.4,12,377.1,5,81.4,7.24734314656,12,6,4,278.6,179.4,112.4,4,5,3,123.9,157.4,95.8
3,3,21,536.6,12,363.8,5,82.8,7.00689796184,12,6,3,281.2,173.4,82.0,4,5,3,125.8,156.0,82.0
4,4,21,559.5,12,378.6,5,89.3,7.37831765571,12,6,3,302.5,189.9,67.1,6,5,1,185.7,166.0,26.9
5,5,22,579.9,10,324.6,5,93.9,6.56779002412,12,6,4,306.9,179.4,93.6,5,4,1,156.9,135.9,31.8
6,6,22,578.8,13,393.2,4,76.6,6.09479942956,12,6,4,308.6,168.1,102.1,7,4,2,204.0,127.6,61.6
7,7,22,588.6,11,359.0,5,95.4,7.02727524739,12,6,4,304.8,179.1,104.7,4,5,2,137.6,155.7,65.7
8,8,22,589.7,12,385.7,5,91.7,7.17857110551,12,6,4,305.2,176.9,107.6,5,5,2,164.9,154.5,66.3
9,9,22,585.9,12,386.5,5,89.8,7.17219408308,12,6,4,306.1,181.3,98.5,5,5,2,163.7,158.9,63.9
10,10,23,604.2,11,362.0,6,107.7,7.2135878592,13,6,4,328.3,180.7,95.2,5,5,1,162.9,162.2,36.9
11,11,23,600.7,12,383.7,7,126.9,7.05121860351,13,6,4,315.1,185.7,99.9,5,5,2,159.0,161.1,63.6
12,12,23,601.2,13,405.6,5,92.2,6.78211143916,13,6,4,319.4,179.6,102.2,6,5,2,182.9,159.5,63.2
13,13,23,600.9,12,384.0,6,109.5,7.00819114201,13,6,4,320.1,181.0,99.8,5,5,2,157.5,162.0,64.5
14,14,23,581.2,12,376.7,8,139.6,7.28107352116,13,6,4,306.6,176.9,97.7,5,5,2,154.3,157.9,64.5
15,15,23,580.3,12,378.6,10,180.6,7.29304991585,13,6,4,295.4,180.5,104.4,5,5,2,150.4,161.5,66.7
16,16,23,575.8,13,394.1,8,138.2,6.93224407426,13,6,4,298.1,176.6,101.1,6,5,2,171.5,159.2,63.4
17,17,24,603.3,13,406.0,9,152.0,7.39528713027,14,6,4,328.9,177.7,96.7,6,5,2,183.2,160.0,62.8
18,18,23,582.3,13,396.9,7,121.3,6.62513479615,14,6,3,318.9,181.2,82.2,6,5,2,173.2,160.0,63.7
19,19,23,581.2,13,399.2,8,139.0,6.82125253645,14,6,3,319.1,179.5,82.6,6,5,2,175.0,160.0,64.2
20,20,23,585.8,12,378.8,8,140.4,7.00593480769,13,6,4,297.5,185.2,103.1,5,5,2,146.1,165.2,67.5
21,21,23,588.7,13,405.5,7,120.6,7.02149157042,13,6,4,307.7,184.2,96.8,6,5,2,179.8,163.6,62.1
22,22,23,592.8,13,407.1,7,120.9,6.9920875665,13,6,4,312.4,186.7,93.7,6,5,2,181.5,164.4,61.2
23,23,22,575.7,14,423.8,6,106.4,6.20363843806,13,6,3,312.7,180.6,82.4,7,5,2,205.1,156.3,62.4
24,24,23,590.7,13,389.7,6,107.1,5.80561265845,13,6,4,319.7,171.2,99.8,6,5,2,184.1,148.1,57.5
25,25,23,587.1,12,364.7,6,108.0,6.14596818257,13,6,4,314.9,174.7,97.5,6,4,2,179.5,127.6,57.6
26,26,23,561.5,10,305.2,8,146.3,6.20251447163,13,6,4,289.2,174.0,98.3,4,4,2,114.8,131.7,58.7
27,27,22,565.7,13,389.8,5,85.0,6.20263350019,13,6,3,313.2,172.8,79.7,6,5,2,175.1,151.1,63.6
28,28,22,577.3,12,372.8,3,45.7,6.26894531199,13,6,3,317.5,173.9,85.9,6,4,2,180.9,126.4,65.5
29,29,22,554.3,13,393.0,6,97.2,7.14092679544,13,6,3,295.6,173.4,85.3,6,5,2,173.1,152.7,67.2
30,30,21,547.6,11,344.5,4,59.6,6.732971466,12,6,3,286.1,171.6,89.9,5,4,2,155.4,123.0,66.1
31,31,22,573.2,16,462.5,4,64.9,5.61229324767,13,6,3,310.1,173.6,89.5,7,6,3,199.4,173.6,89.5
32,32,22,573.7,13,399.4,5,84.4,6.58113695621,13,6,3,316.5,170.7,86.5,7,4,2,211.9,122.5,65.0
33,33,23,600.2,13,405.4,4,63.1,7.0740549167,13,6,4,312.5,179.8,107.9,6,5,2,184.8,156.5,64.1
34,34,22,618.3,15,473.2,2,33.6,6.74483769248,12,6,4,320.0,171.4,126.9,7,5,3,219.3,150.9,103.0
35,35,23,654.8,17,532.5,2,35.0,6.41740777336,13,6,4,353.6,176.8,124.4,9,5,3,272.8,154.8,104.9
36,36,22,627.6,15,479.7,3,55.1,6.88747530067,13,6,3,345.0,184.1,98.5,7,6,2,218.6,184.1,77.0
37,37,20,601.1,15,497.2,2,34.0,7.10385180915,11,6,3,305.4,197.7,98.0,7,6,2,223.8,197.7,75.7
38,38,21,617.1,14,468.2,2,34.0,7.28788623088,12,6,3,320.9,197.0,99.2,6,6,2,195.3,197.0,75.9
39,39,20,590.2,14,464.4,1,15.5,7.59521317396,11,6,3,306.8,184.2,99.2,7,5,2,226.0,161.5,76.9
40,40,19,550.3,12,405.6,2,34.5,8.00626216896,11,5,3,306.9,147.7,95.7,7,3,2,224.6,106.7,74.3
41,41,18,522.7,13,424.5,3,53.3,7.55778826104,10,5,3,275.9,149.2,97.6,6,4,3,196.7,130.2,97.6
42,42,21,610.8,14,467.7,4,73.2,7.51832998174,12,6,3,335.6,178.5,96.7,8,4,2,258.1,137.1,72.5
43,43,20,592.7,14,469.5,4,76.4,7.43882241671,11,6,3,311.0,182.0,99.7,7,5,2,234.6,159.9,75.0
44,44,20,607.8,15,506.3,3,56.8,7.36277264708,11,6,3,314.7,189.4,103.7,7,5,3,237.5,165.1,103.7
45,45,21,648.8,17,562.3,1,17.7,6.62212021867,12,6,3,354.1,191.9,102.8,8,6,3,267.6,191.9,102.8
46,46,21,645.5,16,538.6,2,38.8,6.8947426486,12,6,3,353.6,191.8,100.1,8,5,3,269.1,169.4,100.1
47,47,21,638.8,17,559.6,3,58.8,7.1153087809,12,6,3,337.6,200.5,100.7,8,6,3,258.4,200.5,100.7
48,48,21,646.0,16,550.5,4,75.1,7.81309645342,12,6,3,337.5,196.7,111.8,8,5,3,261.7,177.0,111.8
49,49,18,551.9,12,420.2,2,39.7,7.89282167459,11,5,2,317.2,157.5,77.2,7,3,2,229.1,113.9,77.2
50,50,13,442.9,12,419.7,0,0,6.51375270938,7,4,2,221.3,143.2,78.4,6,4,2,198.1,143.2,78.4
51,51,15,491.4,12,421.3,0,0,7.05091686034,10,3,2,300.3,112.9,78.2,7,3,2,230.2,112.9,78.2
52,52,16,505.6,11,390.1,0,0,7.17560682684,9,5,2,266.7,161.9,77.0,5,4,2,175.2,137.9,77.0
53,53,11,396.4,11,396.4,0,0,4.47420891941,6,3,2,205.2,114.2,77.0,6,3,2,205.2,114.2,77.0
54,54,16,507.3,12,410.9,0,0,6.22558899489,9,4,3,261.5,140.0,105.8,5,4,3,165.1,140.0,105.8
55,55,14,439.8,12,391.7,0,0,6.33025180479,7,5,2,215.3,150.9,73.6,6,4,2,192.1,126.0,73.6
56,56,13,421.8,12,397.1,0,0,6.63646685426,7,4,2,217.0,126.1,78.7,7,3,2,217.0,101.4,78.7
57,57,12,388.7,11,364.3,0,0,5.31078804858,6,4,2,184.4,131.7,72.6,5,4,2,160.0,131.7,72.6
58,58,11,369.1,10,346.5,0,0,5.71443149165,4,5,2,143.2,153.8,72.1,4,4,2,143.2,131.2,72.1
59,59,12,388.2,10,340.9,0,0,6.86526169798,6,4,2,178.6,135.7,73.9,4,4,2,131.3,135.7,73.9
60,60,14,426.6,10,333.1,0,0,7.91701464437,7,5,2,197.5,155.0,74.1,4,4,2,127.9,131.1,74.1
61,61,14,459.7,13,436.1,0,0,5.84368260377,8,4,2,252.5,131.5,75.7,8,3,2,252.5,107.9,75.7
62,62,11,372.8,10,350.1,0,0,6.74113559357,6,3,2,187.4,104.6,80.8,5,3,2,164.7,104.6,80.8
63,63,13,417.0,12,393.8,0,0,5.23388858724,6,5,2,191.2,147.4,78.4,6,4,2,191.2,124.2,78.4
64,64,11,358.4,9,309.9,0,0,6.40184632459,6,3,2,186.1,94.8,77.5,4,3,2,137.6,94.8,77.5
65,65,13,417.9,12,394.4,0,0,4.88903797364,7,4,2,217.3,126.7,73.9,7,3,2,217.3,103.2,73.9
66,66,13,429.2,12,405.8,0,0,5.40043920341,7,4,2,214.9,136.9,77.4,6,4,2,191.5,136.9,77.4
67,67,15,472.5,14,447.8,0,0,4.24230395624,8,4,3,250.7,123.6,98.2,7,4,3,226.0,123.6,98.2
68,68,13,395.2,11,347.9,0,0,4.0914545091,8,3,2,225.2,100.3,69.7,6,3,2,177.9,100.3,69.7
69,69,12,374.4,11,351.1,0,0,4.1400483089,6,4,2,178.4,126.1,69.9,6,3,2,178.4,102.8,69.9
70,70,11,355.2,10,330.3,0,0,4.2366152871,6,3,2,179.6,103.1,72.5,5,3,2,154.7,103.1,72.5
71,71,11,356.9,11,356.9,0,0,3.74015070187,6,3,2,184.8,102.3,69.8,6,3,2,184.8,102.3,69.8
72,72,12,366.1,9,293.2,0,0,4.65099370288,7,3,2,200.3,95.4,70.4,5,2,2,152.3,70.5,70.4
73,73,10,324.8,10,324.8,0,0,3.69828789216,5,3,2,153.3,101.6,69.9,5,3,2,153.3,101.6,69.9
74,74,15,448.9,13,401.7,0,0,4.70477973777,7,4,4,197.0,124.0,127.9,6,4,3,174.2,124.0,103.5
75,75,10,320.7,9,296.4,0,0,4.2739651119,5,2,3,151.7,70.6,98.4,4,2,3,127.4,70.6,98.4
76,76,15,414.6,8,253.8,0,0,5.31746448709,8,4,3,206.4,118.3,89.9,4,2,2,115.8,71.1,66.9
77,77,10,307.5,8,260.6,0,0,4.46150198924,5,3,2,146.7,93.6,67.2,4,2,2,123.1,70.3,67.2
78,78,11,320.3,8,248.9,0,0,4.98614443871,3,5,3,79.7,145.8,94.8,2,3,3,55.5,98.6,94.8
79,79,11,340.1,9,293.1,0,0,4.93575084092,5,4,2,151.2,120.6,68.3,5,2,2,151.2,73.6,68.3
80,80,13,384.1,9,290.8,0,0,5.06451961931,6,4,3,171.0,125.5,87.6,4,3,2,124.9,102.3,63.6
81,81,12,351.6,10,305.5,0,0,4.5519226707,6,3,3,159.7,100.1,91.8,4,3,3,113.6,100.1,91.8
82,82,10,308.7,8,262.1,0,0,5.3808404961,4,3,3,122.0,96.1,90.6,3,3,2,98.5,96.1,67.5
83,83,10,309.4,8,260.3,0,0,4.51791495665,4,3,3,120.4,97.5,91.5,3,3,2,95.5,97.5,67.3
84,84,11,326.3,8,256.6,0,0,5.11376040254,5,4,2,137.0,123.8,65.5,3,3,2,90.8,100.3,65.5
85,85,11,345.2,10,322.3,0,0,4.95576798929,6,3,2,176.9,99.8,68.5,5,3,2,154.0,99.8,68.5
86,86,11,343.2,10,319.2,0,0,5.14373405222,6,3,2,168.6,104.3,70.3,5,3,2,144.6,104.3,70.3
87,87,12,376.6,11,352.2,0,0,5.32725979934,7,3,2,201.1,107.4,68.1,6,3,2,176.7,107.4,68.1
88,88,13,416.1,12,392.1,0,0,5.82458318086,6,4,3,188.6,134.4,93.1,5,4,3,164.6,134.4,93.1
89,89,14,428.0,10,332.1,0,0,6.23617592038,8,4,2,227.1,130.9,70.0,4,4,2,131.2,130.9,70.0
90,90,11,349.6,10,326.0,0,0,4.94789211318,5,4,2,155.1,130.3,64.2,4,4,2,131.5,130.3,64.2
91,91,12,376.4,11,353.3,0,0,4.5961116636,6,3,3,182.3,101.2,92.9,6,3,2,182.3,101.2,69.8
92,92,13,409.4,11,360.8,0,0,5.20519957006,7,3,3,206.7,108.0,94.7,6,3,2,182.6,108.0,70.2
93,93,12,380.8,11,356.1,0,0,5.23872526711,7,3,2,201.8,109.9,69.1,6,3,2,177.1,109.9,69.1
94,94,13,408.4,12,384.6,0,0,5.12572696533,6,4,3,179.9,131.8,96.7,6,3,3,179.9,108.0,96.7
95,95,11,342.0,9,295.1,0,0,5.50335434902,6,3,2,168.0,101.1,72.9,4,3,2,121.1,101.1,72.9
96,96,12,359.8,10,312.4,0,0,5.47620195745,6,4,2,185.6,111.8,62.4,6,3,1,185.6,88.2,38.6
97,97,16,475.4,13,410.6,0,0,5.76586217895,9,4,3,255.8,126.5,93.1,8,3,2,234.5,104.4,71.7
98,98,14,423.4,11,358.6,0,0,6.20170129086,7,4,3,204.9,124.4,94.1,6,3,2,183.6,102.3,72.7
99,99,12,385.1,10,336.6,0,0,5.02764328187,6,4,2,186.6,123.0,75.5,5,3,2,162.6,98.5,75.5
100,100,13,404.0,10,333.3,0,0,5.36270358528,7,4,2,208.3,123.5,72.2,5,3,2,161.4,99.7,72.2
101,101,13,401.8,12,378.3,0,0,4.96344328373,7,4,2,206.9,130.4,64.5,7,3,2,206.9,106.9,64.5
102,102,15,454.2,13,407.6,0,0,4.55164020672,8,5,2,233.8,158.5,61.9,6,5,2,187.2,158.5,61.9
103,103,14,407.0,10,311.8,0,0,4.43906237006,8,5,1,219.8,152.9,34.3,4,5,1,124.6,152.9,34.3
104,104,14,417.4,11,349.8,0,0,5.02422701944,6,5,3,181.3,146.8,89.3,4,4,3,136.0,124.5,89.3
105,105,15,454.4,13,407.9,0,0,4.60627935799,8,4,3,238.9,127.3,88.2,7,4,2,216.2,127.3,64.4
106,106,12,356.4,10,308.5,0,0,4.16849656787,5,5,2,152.4,144.5,59.5,4,4,2,128.8,120.2,59.5
107,107,15,445.6,13,399.0,0,0,3.99936899785,8,4,3,241.5,119.8,84.3,8,3,2,241.5,97.5,60.0
108,108,14,399.4,11,329.3,0,0,3.5827425188,8,4,2,225.0,118.2,56.2,7,3,1,200.9,95.4,33.0
109,109,17,479.0,11,342.5,0,0,4.72540069885,10,4,3,275.3,116.5,87.2,6,3,2,183.3,92.2,67.0
110,110,17,474.5,12,358.6,0,0,4.33530309681,10,4,3,270.0,112.8,91.7,7,3,2,201.8,88.5,68.3
111,111,11,334.7,9,287.3,0,0,5.09138309482,6,3,2,181.7,84.6,68.4,6,1,2,181.7,37.2,68.4
112,112,12,382.3,12,382.3,0,0,4.57054966524,7,3,2,212.5,104.5,65.3,7,3,2,212.5,104.5,65.3
113,113,13,413.4,12,389.9,0,0,4.55796007003,8,3,2,241.6,109.2,62.6,7,3,2,218.1,109.2,62.6
114,114,13,404.0,13,404.0,0,0,3.71397223247,8,3,2,239.9,104.4,59.7,8,3,2,239.9,104.4,59.7
115,115,15,443.5,14,419.9,0,0,4.25989045243,8,4,3,232.1,128.7,82.7,7,4,3,208.5,128.7,82.7
116,116,16,476.5,13,405.7,0,0,4.11342821338,9,4,3,262.4,125.8,88.3,7,3,3,215.5,101.9,88.3
117,117,11,333.2,9,287.5,0,0,4.3493573193,7,3,1,209.3,93.2,30.7,5,3,1,163.6,93.2,30.7
118,118,11,334.6,9,286.8,0,0,4.61081732057,5,4,2,166.4,112.4,55.8,5,3,1,166.4,88.7,31.7
119,119,12,364.2,12,364.2,0,0,4.03608721412,6,4,2,188.9,116.6,58.7,6,4,2,188.9,116.6,58.7
120,120,12,392.8,12,392.8,0,0,4.25832517938,7,3,2,219.5,95.4,77.9,7,3,2,219.5,95.4,77.9
121,121,14,445.2,14,445.2,0,0,4.23120277499,8,4,2,252.4,120.1,72.7,8,4,2,252.4,120.1,72.7
122,122,12,410.5,12,410.5,0,0,4.90759306554,6,4,2,199.3,131.8,79.4,6,4,2,199.3,131.8,79.4
123,123,12,425.0,12,425.0,0,0,3.86777674765,6,4,2,207.3,138.2,79.5,6,4,2,207.3,138.2,79.5
124,124,14,459.1,13,435.1,0,0,6.45248482676,8,4,2,248.5,134.1,76.5,7,4,2,224.5,134.1,76.5
125,125,15,491.7,15,491.7,0,0,4.8769428363,9,4,2,280.6,132.9,78.2,9,4,2,280.6,132.9,78.2
126,126,16,479.1,11,361.2,0,0,5.6355974247,9,4,3,249.1,134.1,95.9,5,4,2,154.6,134.1,72.5
127,127,15,480.6,12,409.9,0,0,5.9823311271,8,4,3,241.1,137.7,101.8,6,4,2,192.9,137.7,79.3
128,128,15,494.6,13,446.3,0,0,6.13729426966,8,4,3,263.4,128.4,102.8,8,3,2,263.4,103.7,79.2
129,129,14,463.2,13,440.6,0,0,6.30834089402,8,4,2,254.4,129.5,79.3,7,4,2,231.8,129.5,79.3
130,130,14,457.6,12,408.7,0,0,6.22734134441,8,4,2,245.7,131.4,80.5,7,3,2,221.0,107.2,80.5
131,131,12,398.2,11,376.0,0,0,6.20144167012,7,3,2,215.0,104.3,78.9,6,3,2,192.8,104.3,78.9
132,132,13,435.6,12,411.5,0,0,6.0083915677,8,3,2,247.0,107.1,81.5,7,3,2,222.9,107.1,81.5
133,133,12,402.2,11,377.7,0,0,6.09841012565,7,3,2,221.5,100.4,80.3,7,2,2,221.5,75.9,80.3
134,134,15,470.3,14,446.2,0,0,4.32432763835,8,4,3,241.1,132.3,96.9,8,4,2,241.1,132.3,72.8
135,135,12,387.1,12,387.1,0,0,4.76129438729,6,4,2,176.9,135.6,74.6,6,4,2,176.9,135.6,74.6
136,136,12,393.2,12,393.2,0,0,5.74224114204,5,5,2,157.6,158.0,77.6,5,5,2,157.6,158.0,77.6
137,137,13,428.6,11,382.5,0,0,6.35339602304,6,5,2,189.3,160.9,78.4,5,4,2,167.3,136.8,78.4
138,138,14,449.1,12,403.1,0,0,6.08859950695,8,4,2,239.1,134.5,75.5,6,4,2,193.1,134.5,75.5
139,139,14,448.2,12,399.5,0,0,6.28255914819,7,4,3,208.9,133.7,105.6,5,4,3,160.2,133.7,105.6
140,140,14,441.1,12,394.5,0,0,6.87777516416,8,3,3,233.7,101.8,105.6,6,3,3,187.1,101.8,105.6
141,141,13,411.9,12,389.2,0,0,6.85235314252,7,3,3,203.8,103.9,104.2,6,3,3,181.1,103.9,104.2
142,142,13,407.5,9,313.4,0,0,6.87078542146,7,3,3,204.1,102.8,100.6,4,3,2,132.6,102.8,78.0
143,143,13,412.5,10,341.3,0,0,6.52934205662,7,3,3,201.7,106.3,104.5,4,3,3,130.5,106.3,104.5
144,144,15,470.1,13,422.3,0,0,6.33164388494,8,4,3,232.7,135.4,102.0,7,4,2,208.4,135.4,78.5
145,145,14,452.0,12,404.1,0,0,5.37985660988,7,4,3,214.2,133.1,104.7,5,4,3,166.3,133.1,104.7
146,146,13,416.8,11,367.7,0,0,5.30919618234,7,4,2,215.4,125.7,75.7,5,4,2,166.3,125.7,75.7
147,147,14,439.9,12,393.9,0,0,6.04498248027,7,4,3,208.4,126.5,105.0,5,4,3,162.4,126.5,105.0
148,148,11,351.0,10,327.3,0,0,4.80904450914,6,3,2,180.0,102.4,68.6,5,3,2,156.3,102.4,68.6
149,149,10,314.9,9,292.1,0,0,4.76175737867,5,3,2,147.5,96.8,70.6,4,3,2,124.7,96.8,70.6
150,150,14,437.6,12,391.0,0,0,4.87532472855,8,4,2,239.5,124.7,73.4,6,4,2,192.9,124.7,73.4
151,151,11,332.7,9,285.4,0,0,4.57654097247,5,4,2,155.9,111.4,65.4,4,3,2,132.3,87.7,65.4
152,152,13,396.0,11,348.5,0,0,4.59919167926,6,4,3,181.4,117.9,96.7,4,4,3,133.9,117.9,96.7
153,153,11,361.7,11,361.7,0,0,4.44293105547,5,3,3,162.8,99.2,99.7,5,3,3,162.8,99.2,99.7
154,154,15,449.8,10,331.2,0,0,5.74205869834,8,4,3,228.2,117.7,103.9,4,3,3,131.8,95.5,103.9
155,155,16,460.8,10,320.8,0,0,5.99043682325,8,5,3,222.7,138.8,99.3,4,4,2,129.0,116.6,75.2
156,156,15,473.5,12,403.2,0,0,6.07414505056,8,4,3,243.9,127.2,102.4,6,3,3,195.8,105.0,102.4
157,157,14,450.5,10,354.1,0,0,6.96454521917,7,5,2,216.8,155.5,78.2,4,4,2,143.2,132.7,78.2
158,158,12,401.4,9,328.2,0,0,6.3023083794,6,4,2,193.0,129.1,79.3,4,3,2,143.7,105.2,79.3
159,159,14,444.7,10,347.2,0,0,5.96046037753,7,4,3,217.9,127.2,99.6,5,3,2,168.5,102.3,76.4
160,160,13,417.6,12,393.7,0,0,5.65569828376,6,4,3,190.8,124.5,102.3,5,4,3,166.9,124.5,102.3
161,161,12,384.4,10,336.8,0,0,6.4505578805,6,3,3,178.3,103.0,103.1,4,3,3,130.7,103.0,103.1
162,162,16,474.0,11,359.9,1,19.7,6.92449757504,8,5,3,227.1,147.7,99.2,5,4,2,153.5,128.0,78.4
163,163,15,438.6,11,350.3,1,19.7,6.49415121475,8,4,3,227.2,110.7,100.7,7,2,2,203.2,67.2,79.9
164,164,10,342.1,9,318.1,0,0,4.6412282857,4,4,2,142.3,126.4,73.4,4,3,2,142.3,102.4,73.4
165,165,11,340.2,10,316.0,0,0,4.97756786174,6,3,2,176.7,102.3,61.2,6,3,1,176.7,102.3,37.0
166,166,16,454.7,11,337.5,0,0,4.3973050459,9,5,2,241.5,142.4,70.8,5,4,2,148.3,118.4,70.8
167,167,13,378.4,10,308.8,0,0,4.93160919283,8,3,2,228.2,86.0,64.2,5,3,2,158.6,86.0,64.2
168,168,12,350.4,8,255.1,0,0,5.45743862665,7,4,1,201.4,109.1,39.9,5,2,1,154.3,60.9,39.9
169,169,14,388.5,9,280.3,0,0,5.97684635135,7,4,3,198.8,105.6,84.1,5,3,1,157.5,83.8,39.0
170,170,18,475.9,9,276.0,1,19.7,5.46745869442,10,5,3,256.8,134.8,84.3,3,4,2,99.8,111.6,64.6
171,171,16,445.8,9,282.8,0,0,5.5726564581,9,4,3,247.6,107.3,90.9,4,3,2,133.1,83.1,66.6
172,172,14,406.2,10,310.9,0,0,4.69776659584,8,4,2,227.7,115.3,63.2,5,4,1,156.0,115.3,39.6
173,173,13,396.6,11,347.3,0,0,5.23903005311,8,3,2,227.5,98.1,71.0,6,3,2,178.2,98.1,71.0
174,174,13,389.2,11,341.1,0,0,5.28575735058,6,4,3,176.5,121.1,91.6,5,4,2,152.7,121.1,67.3
175,175,14,411.8,13,387.0,0,0,4.70856129306,7,4,3,197.5,125.5,88.8,6,4,3,172.7,125.5,88.8
176,176,13,388.0,11,339.6,0,0,5.05793360056,7,4,2,201.2,126.4,60.4,6,4,1,176.7,126.4,36.5
177,177,14,439.0,13,416.7,0,0,5.60531537378,8,4,2,238.0,136.6,64.4,7,4,2,215.7,136.6,64.4
178,178,13,398.7,12,375.1,0,0,5.8271469027,6,4,3,173.9,131.9,92.9,5,4,3,150.3,131.9,92.9
179,179,13,396.3,12,372.5,0,0,5.75787086718,7,3,3,203.4,101.5,91.4,6,3,3,179.6,101.5,91.4
180,180,15,457.0,14,432.7,0,0,5.4784860613,8,4,3,233.3,130.5,93.2,7,4,3,209.0,130.5,93.2
181,181,14,430.3,12,381.2,0,0,5.58371356204,7,4,3,202.9,135.0,92.4,5,4,3,153.8,135.0,92.4
182,182,15,451.4,11,356.2,0,0,5.97356876662,7,5,3,197.0,158.2,96.2,4,4,3,125.7,134.3,96.2
183,183,14,419.5,13,396.3,0,0,5.8930998951,7,4,3,195.0,128.5,96.0,6,4,3,171.8,128.5,96.0
184,184,15,459.4,12,389.0,0,0,5.84483491966,7,5,3,207.6,155.4,96.4,5,4,3,160.9,131.7,96.4
185,185,15,458.1,12,389.1,0,0,5.91098251441,8,4,3,227.8,133.3,97.0,5,4,3,158.8,133.3,97.0
186,186,14,442.1,12,393.0,0,0,5.44457084152,7,4,3,215.9,133.2,93.0,7,3,2,215.9,108.6,68.5
187,187,16,472.4,11,356.3,0,0,6.5575910211,8,5,3,220.9,158.4,93.1,5,4,2,151.8,136.3,68.2
188,188,13,409.8,11,360.8,0,0,5.96030673793,7,4,2,206.1,139.8,63.9,6,4,1,181.7,139.8,39.3
189,189,11,349.9,10,325.1,0,0,5.98372033863,5,4,2,144.8,136.8,68.3,4,4,2,120.0,136.8,68.3
190,190,16,481.4,12,389.0,0,0,5.97906068431,8,5,3,229.2,159.9,92.3,6,4,2,181.9,137.0,70.1
191,191,15,463.5,12,395.3,0,0,6.08956953675,8,4,3,243.0,129.8,90.7,7,3,2,219.9,106.9,68.5
192,192,16,455.4,13,386.0,0,0,4.96412127169,9,4,3,245.8,118.9,90.7,7,3,3,198.5,96.8,90.7
193,193,14,408.0,11,337.9,0,0,5.01731069333,7,5,2,198.0,139.5,70.5,5,4,2,151.3,116.1,70.5
194,194,14,404.7,12,355.9,0,0,4.83010818253,8,4,2,227.4,110.9,66.4,6,4,2,178.6,110.9,66.4
195,195,14,413.6,12,365.7,0,0,4.81898717187,7,4,3,215.3,110.5,87.8,7,4,1,215.3,110.5,39.9
196,196,14,408.5,11,336.9,0,0,4.87003057508,8,4,2,238.0,107.9,62.6,7,3,1,213.9,83.9,39.1
197,197,12,359.5,10,312.3,0,0,5.12949728767,6,5,1,179.2,141.8,38.5,5,4,1,156.7,117.1,38.5
198,198,13,377.7,10,304.1,0,0,4.94513487929,8,4,1,226.0,112.6,39.1,6,3,1,177.0,88.0,39.1
199,199,12,363.0,11,339.2,0,0,4.3061267135,7,4,1,213.5,110.4,39.1,7,3,1,213.5,86.6,39.1
200,200,14,405.1,12,358.2,0,0,4.75145437538,8,5,1,230.7,134.3,40.1,7,4,1,206.3,111.8,40.1
201,201,14,407.7,11,335.9,0,0,4.88328051328,8,5,1,229.5,138.7,39.5,6,4,1,181.8,114.6,39.5
202,202,15,427.3,11,330.3,0,0,4.64479227072,9,4,2,252.0,110.1,65.2,6,3,2,179.0,86.1,65.2
203,203,13,384.8,13,384.8,0,0,4.22709514127,7,4,2,204.2,113.3,67.3,7,4,2,204.2,113.3,67.3
204,204,12,357.6,12,357.6,0,0,4.40598766144,6,4,2,180.3,111.7,65.6,6,4,2,180.3,111.7,65.6
205,205,14,409.5,10,314.9,0,0,5.10229963237,7,5,2,200.5,145.5,63.5,4,4,2,128.9,122.5,63.5
206,206,13,388.4,12,364.3,0,0,4.40192265685,7,4,2,202.3,120.1,66.0,6,4,2,178.2,120.1,66.0
207,207,11,324.3,9,276.6,0,0,4.66214932876,5,5,1,150.7,135.4,38.2,5,3,1,150.7,87.7,38.2
208,208,14,406.1,10,310.8,0,0,4.85219447351,9,2,3,259.7,60.2,86.2,7,2,1,212.9,60.2,37.7
209,209,10,308.7,9,285.5,0,0,5.45793001054,7,2,1,207.1,62.8,38.8,6,2,1,183.9,62.8,38.8
210,210,14,420.4,11,347.4,0,0,4.93689852367,8,3,3,230.8,91.3,98.3,5,3,3,157.8,91.3,98.3
211,211,15,442.4,13,396.9,0,0,4.68561120676,9,3,3,266.0,83.9,92.5,8,3,2,243.6,83.9,69.4
212,212,14,423.6,12,376.1,0,0,5.18440179558,8,3,3,242.0,88.7,92.9,7,2,3,217.1,66.1,92.9
213,213,15,451.2,11,358.3,0,0,7.01856721235,8,4,3,223.4,124.1,103.7,5,3,3,153.1,101.5,103.7
214,214,16,496.9,14,448.9,0,0,5.89587073015,9,4,3,271.7,122.8,102.4,9,3,2,271.7,99.3,77.9
215,215,12,399.2,10,350.0,0,0,6.62753667845,8,2,2,248.2,72.1,78.9,6,2,2,199.0,72.1,78.9
216,216,14,427.7,10,341.6,0,0,8.09185250255,9,2,3,263.7,62.6,101.4,7,1,2,220.4,42.3,78.9
217,217,13,415.0,11,367.7,0,0,7.19943908071,8,3,2,245.7,89.4,79.9,7,2,2,220.9,66.9,79.9
218,218,15,453.8,10,344.7,0,0,8.09707766214,8,4,3,243.0,110.3,100.5,6,2,2,198.1,67.3,79.3
219,219,14,430.3,10,343.2,1,18.8,8.38328071845,7,4,3,218.3,112.8,99.2,6,2,2,195.2,67.6,80.4
220,220,14,432.5,11,369.1,1,18.8,7.94156197441,7,4,3,219.0,115.0,98.5,6,3,2,196.1,93.3,79.7
221,221,17,524.5,12,409.0,0,0,6.96438418375,8,5,4,235.6,157.2,131.7,5,4,3,165.9,135.0,108.1
222,222,18,540.9,12,408.7,2,38.0,7.42010385214,9,5,4,256.6,157.7,126.6,6,3,3,191.1,109.1,108.5
223,223,14,438.1,12,396.6,1,18.1,7.40659418104,7,4,3,219.1,122.4,96.6,6,4,2,195.7,122.4,78.5
224,224,14,441.0,12,398.3,0,0,7.68635154023,8,3,3,240.5,97.9,102.6,7,3,2,219.3,97.9,81.1
225,225,16,497.4,13,430.0,0,0,6.83480065547,9,3,4,265.5,104.6,127.3,7,3,3,219.6,104.6,105.8
226,226,14,450.0,13,425.4,0,0,5.28506084467,8,3,3,245.0,100.5,104.5,7,3,3,220.4,100.5,104.5
227,227,17,492.6,11,359.2,0,0,6.55720304434,9,4,4,238.7,119.4,134.5,4,3,4,127.4,97.3,134.5
228,228,14,408.3,8,270.4,0,0,6.58350002107,7,4,3,196.2,113.9,98.2,4,2,2,124.3,69.7,76.4
229,229,16,476.1,11,357.4,0,0,6.09961405883,9,3,4,251.3,94.9,129.9,6,2,3,180.0,70.4,107.0
230,230,13,404.4,9,307.5,0,0,6.4269564516,7,3,3,205.6,96.4,102.4,5,2,2,158.5,71.5,77.5
231,231,13,406.5,9,312.5,0,0,6.78827231522,9,2,2,257.6,71.9,77.0,5,2,2,163.6,71.9,77.0
232,232,14,426.0,10,336.4,0,0,6.70274668974,8,2,4,226.0,69.5,130.5,5,2,3,159.5,69.5,107.4
233,233,14,408.1,8,271.9,0,0,6.96306188176,8,3,3,224.9,90.4,92.8,4,2,2,133.3,66.3,72.3
234,234,15,415.8,8,268.9,2,36.3,7.63022186534,8,4,3,216.4,107.1,92.3,4,2,2,131.2,65.9,71.8
235,235,16,438.1,8,268.4,2,36.1,7.63555007842,9,4,3,240.4,104.1,93.6,4,2,2,127.3,68.0,73.1
236,236,16,472.0,11,366.0,2,35.5,7.78828179596,9,4,3,263.0,113.9,95.1,6,3,2,192.5,96.1,77.4
237,237,16,451.1,9,301.3,3,56.0,8.12965507673,9,4,3,246.7,108.4,96.0,6,1,2,180.5,42.5,78.3
238,238,16,463.8,12,383.7,2,34.8,7.9743651785,9,4,3,258.2,111.0,94.6,7,3,2,212.9,93.9,76.9
239,239,16,480.7,11,377.0,3,55.2,8.02753334884,9,4,3,262.6,127.9,90.2,6,3,2,194.9,108.3,73.8
240,240,14,422.3,10,337.1,2,39.2,7.92974993716,8,4,2,232.4,115.0,74.9,6,2,2,188.9,73.3,74.9
241,241,16,463.1,11,358.6,2,38.4,7.49274927291,9,5,2,256.8,133.1,73.2,7,2,2,214.0,71.4,73.2
242,242,18,493.7,10,339.9,6,108.9,8.86764147671,11,5,2,291.1,129.7,72.9,6,2,2,193.0,74.0,72.9
249,249,2,27.5,0,0,2,27.5,0.494974746831,1,0,1,14.1,0,13.4,0,0,0,0,0,0
250,250,2,28.6,0,0,2,28.6,0.989949493661,1,0,1,15.0,0,13.6,0,0,0,0,0,0
251,251,3,42.3,0,0,3,42.3,0.793725393319,1,0,2,15.0,0,27.3,0,0,0,0,0,0
252,252,3,41.8,0,0,3,41.8,0.321455025366,1,0,2,14.3,0,27.5,0,0,0,0,0,0
253,253,3,41.8,0,0,3,41.8,0.321455025366,1,0,2,14.3,0,27.5,0,0,0,0,0,0
254,254,3,40.8,0,0,3,40.8,0.529150262213,1,0,2,14.2,0,26.6,0,0,0,0,0,0
255,255,3,40.5,0,0,3,40.5,0.556776436283,1,0,2,14.1,0,26.4,0,0,0,0,0,0
256,256,5,79.7,0,0,5,79.7,2.60057685908,2,0,3,31.9,0,47.8,0,0,0,0,0,0
257,257,5,79.2,0,0,5,79.2,2.39227924791,2,0,3,31.9,0,47.3,0,0,0,0,0,0
258,258,6,99.3,0,0,6,99.3,1.83929334256,3,0,3,49.4,0,49.9,0,0,0,0,0,0
259,259,6,101.5,0,0,6,101.5,2.02328116352,3,0,3,49.2,0,52.3,0,0,0,0,0,0
260,260,6,102.8,0,0,6,102.8,2.27830346237,3,0,3,49.1,0,53.7,0,0,0,0,0,0
261,261,6,101.3,0,0,6,101.3,2.17477968233,3,0,3,47.9,0,53.4,0,0,0,0,0,0
262,262,7,115.0,0,0,7,115.0,2.55911070863,3,1,3,47.9,13.2,53.9,0,0,0,0,0,0
263,263,7,118.6,0,0,6,96.0,3.12562374727,3,1,3,47.6,14.3,56.7,0,0,0,0,0,0
264,264,7,122.0,1,25.1,6,96.9,3.82740742789,3,1,3,47.5,14.6,59.9,0,0,1,0,0,25.1
265,265,7,115.9,0,0,7,115.9,2.25304027398,3,1,3,47.1,14.4,54.4,0,0,0,0,0,0
266,266,8,128.1,0,0,8,128.1,1.9526081459,3,2,3,43.0,32.1,53.0,0,0,0,0,0,0
267,267,8,128.6,0,0,7,108.0,2.71595813138,3,2,3,43.3,29.8,55.5,0,0,0,0,0,0
