,e_id,num_sat,sum_snr,num_sat_25,sum_snr_25,snr_std,elev_0_30,elev_30_60,elev_60_90,elev_0_30_25,elev_30_60_25,elev_60_90_25
1,1,15,415.7,11,340.2,6.48491289364,8,4,3,5,3,3
2,2,16,449.8,12,367.8,5.84715030307,9,4,3,6,3,3
3,3,15,430.3,12,367.4,5.35388599413,8,4,3,6,3,3
4,4,17,457.6,11,327.9,5.20002828047,9,5,3,5,3,3
5,5,17,466.8,11,331.8,4.45562268706,9,5,3,6,3,2
6,6,17,454.7,10,297.5,4.40157892793,9,5,3,4,3,3
7,7,18,469.7,12,353.4,5.74614676234,10,5,3,6,4,2
8,8,18,461.2,11,323.0,5.65608007635,10,5,3,4,4,3
9,9,19,442.4,8,234.1,5.98806805776,11,5,3,3,3,2
10,10,18,447.5,8,243.3,6.06233685179,10,5,3,2,3,3
11,11,18,457.1,11,327.8,6.40133002928,10,5,3,4,4,3
12,12,13,369.2,9,274.4,3.86048356211,6,4,3,4,3,2
13,13,11,322.3,8,249.2,4.62536485047,5,3,3,3,3,2
14,14,15,408.4,8,245.5,5.06309711352,7,5,3,3,3,2
15,15,12,368.1,10,320.9,4.46524457235,6,3,3,4,3,3
16,16,11,316.6,8,243.9,4.88606553002,5,3,3,4,3,1
17,17,15,425.3,10,308.8,5.14210444227,7,5,3,4,3,3
18,18,14,386.4,8,249.4,5.37100477636,6,5,3,4,3,1
19,19,15,424.8,11,337.5,5.28031384349,8,4,3,5,3,3
20,20,12,361.3,12,361.3,3.93664793571,6,3,3,6,3,3
21,21,11,319.3,9,271.5,4.29373751156,5,3,3,4,3,2
22,22,13,360.9,9,269.8,4.94377360282,6,4,3,4,3,2
23,23,15,396.1,9,261.7,5.04089939065,8,4,3,3,4,2
24,24,12,323.1,6,191.2,6.22898284415,8,3,1,4,2,0
25,25,16,414.0,8,243.1,6.10797293161,8,5,3,3,3,2
26,26,16,411.0,9,269.8,6.07704698024,8,5,3,5,2,2
27,27,17,428.7,7,219.6,6.03865002444,9,5,3,3,2,2
28,28,17,428.4,9,269.5,6.08502259651,9,5,3,5,2,2
29,29,16,406.9,7,223.2,6.61913576937,9,4,3,4,2,1
30,30,16,402.9,8,249.0,7.173675836,9,4,3,5,2,1
31,31,16,407.7,8,250.4,6.98486160684,9,4,3,5,2,1
32,32,15,385.3,8,247.4,6.89667276577,8,4,3,5,2,1
33,33,16,399.3,8,244.1,6.92049793488,9,4,3,5,2,1
34,34,16,420.5,6,198.8,6.37633319393,9,4,3,4,2,0
35,35,17,431.4,7,222.4,6.91298862756,10,4,3,5,2,0
36,36,17,434.7,8,248.5,6.7985076217,10,4,3,6,2,0
37,37,17,438.6,9,276.2,6.6346627646,10,4,3,7,2,0
38,38,18,450.3,7,224.0,6.70927803603,11,4,3,5,2,0
39,39,18,453.8,7,225.3,6.74466140858,11,4,3,5,2,0
40,40,18,443.6,8,245.3,6.95652230747,11,4,3,5,2,1
41,41,18,452.0,9,277.6,7.21712741363,11,4,3,6,2,1
42,42,18,442.3,9,275.6,7.40681765081,11,4,3,6,2,1
43,43,18,449.1,9,277.0,7.28764062522,11,4,3,5,2,2
44,44,18,454.3,8,254.1,7.10170972694,11,4,3,4,2,2
45,45,18,450.6,10,303.8,7.27720049599,11,4,3,6,2,2
46,46,18,457.4,10,304.3,7.10433909572,11,4,3,6,2,2
47,47,18,456.1,10,307.8,7.3952400342,11,4,3,7,2,1
48,48,18,445.3,10,299.0,6.89118267736,11,4,3,6,3,1
49,49,18,443.2,8,240.2,6.24900514958,10,5,3,4,3,1
50,50,19,456.5,8,240.4,6.33673961954,11,5,3,4,2,2
51,51,19,442.8,7,214.0,6.92832140038,11,5,3,3,2,2
52,52,19,454.0,9,267.6,6.63169776186,11,5,3,4,3,2
53,53,19,468.7,11,318.4,6.32859933877,11,5,3,7,3,1
54,54,19,470.3,11,319.8,6.47193672036,11,5,3,7,3,1
55,55,19,466.8,9,267.7,6.32622870205,11,5,3,5,3,1
56,56,19,465.4,8,250.1,7.1095767716,11,5,3,5,2,1
57,57,18,463.3,8,252.8,6.64902813676,11,4,3,3,3,2
58,58,18,471.4,11,334.0,6.67055768803,11,4,3,6,3,2
59,59,17,452.9,11,341.3,7.09560240779,11,4,2,7,3,1
60,60,17,453.6,9,293.1,7.27377440657,11,4,2,5,3,1
61,61,19,496.1,10,313.7,6.64871706395,11,5,3,6,3,1
62,62,19,489.2,12,355.1,6.48377191499,11,5,3,6,4,2
63,63,19,500.5,11,334.6,6.31684835178,11,5,3,5,4,2
64,64,19,500.9,11,342.2,6.95023664875,11,5,3,6,3,2
65,65,19,502.1,11,340.7,6.73406284045,11,5,3,6,3,2
66,66,19,504.7,11,338.2,6.30116484172,11,5,3,5,4,2
67,67,18,488.7,12,365.4,6.21925378539,10,5,3,5,5,2
68,68,13,382.6,11,339.1,5.10838927898,6,4,3,5,4,2
69,69,14,411.0,10,315.5,5.28709812595,7,4,3,5,3,2
70,70,14,414.9,11,341.7,4.90629221477,6,5,3,4,4,3
71,71,11,324.9,11,324.9,3.57191061682,6,3,2,6,3,2
72,72,13,381.3,11,334.4,4.99272547736,6,4,3,6,3,2
73,73,11,319.8,8,246.5,4.55501721382,6,3,2,5,1,2
74,74,12,363.2,10,315.3,4.97545490535,6,4,2,6,2,2
75,75,11,328.2,10,305.3,4.50006060565,6,3,2,5,3,2
76,76,12,371.1,12,371.1,4.25806720985,6,4,2,6,4,2
77,77,13,381.9,11,333.1,4.94909989226,7,4,2,6,3,2
78,78,12,371.7,12,371.7,4.14183204962,6,4,2,6,4,2
79,79,11,341.3,11,341.3,3.99577049118,6,3,2,6,3,2
80,80,13,376.2,9,279.9,4.53845393307,8,3,2,5,2,2
81,81,14,396.2,11,322.8,3.6683679037,8,4,2,6,3,2
82,82,13,369.0,11,320.9,3.7795163169,7,4,2,7,2,2
83,83,11,324.6,10,300.0,3.50783538538,7,2,2,7,1,2
84,84,11,321.0,10,296.3,3.04985841698,7,2,2,7,1,2
85,85,13,375.9,12,351.0,3.12058919486,8,3,2,8,2,2
86,86,11,318.1,10,294.2,3.17169298067,8,2,1,7,2,1
87,87,13,367.7,12,345.4,3.25930620272,6,4,3,6,4,2
88,88,13,358.2,8,238.9,3.53662159521,7,4,2,4,2,2
89,89,10,277.2,7,208.8,3.96591029203,5,2,3,4,2,1
90,90,10,312.5,9,287.7,4.39526260118,5,2,3,5,2,2
91,91,13,397.2,10,330.8,6.15841096721,6,4,3,5,2,3
92,92,14,403.5,9,292.4,6.75188618335,7,4,3,5,2,2
93,93,11,344.0,8,269.7,5.9203194017,5,3,3,4,3,1
94,94,11,345.8,11,345.8,4.24176206953,5,3,3,5,3,3
95,95,12,362.7,9,291.5,4.82571238264,6,3,3,4,3,2
96,96,13,396.1,11,347.2,3.95987891553,7,3,3,5,3,3
97,97,10,315.6,10,315.6,3.2263498467,5,3,2,5,3,2
98,98,12,327.0,9,264.1,4.75901059236,6,4,2,4,3,2
99,99,9,283.8,9,283.8,4.05030863022,3,3,3,3,3,3
100,100,13,350.4,7,216.3,5.92868948203,6,4,3,2,3,2
101,101,11,303.7,8,239.2,4.94660581519,5,3,3,3,3,2
102,102,8,234.9,6,188.5,4.74430109259,2,3,3,2,3,1
103,103,10,280.6,6,187.2,5.08334972675,4,3,3,2,2,2
104,104,7,203.8,5,155.2,4.08877674104,1,3,3,1,2,2
105,105,9,253.9,6,183.6,4.52671084907,3,3,3,1,3,2
106,106,8,238.3,5,167.0,5.35815466635,3,3,2,2,2,1
107,107,8,222.9,5,158.7,5.74603900837,2,3,3,1,2,2
108,108,10,284.6,6,195.2,6.43414502651,4,3,3,2,3,1
109,109,9,244.0,5,155.5,5.77417622792,3,3,3,2,3,0
110,110,9,254.4,6,185.2,5.59888381733,5,3,1,3,3,0
