,e_id,num_sat,sum_snr,num_sat_25,sum_snr_25,snr_std,elev_0_30,elev_30_60,elev_60_90,elev_0_30_25,elev_30_60_25,elev_60_90_25
1,1,20,516.6,11,334.3,5.713888896,11,6,3,5,3,3
2,2,19,570.6,15,493.7,7.26582966369,10,6,3,7,5,3
3,3,19,577.6,14,477.1,7.43968338633,10,6,3,7,4,3
4,4,18,555.6,15,499.6,6.60285143395,9,6,3,7,5,3
5,5,19,564.2,13,437.9,6.55341079,10,6,3,6,4,3
6,6,20,607.3,15,503.8,6.49860511349,11,6,3,7,5,3
7,7,20,617.1,15,512.1,6.33532078696,11,6,3,7,5,3
8,8,20,616.3,15,514.2,6.7188873609,11,6,3,7,5,3
9,9,20,583.2,14,455.9,6.3883446501,11,6,3,7,5,2
10,10,15,467.9,14,449.5,5.43342389641,7,5,3,6,5,3
11,11,15,497.7,15,497.7,3.74570229921,7,5,3,7,5,3
12,12,15,493.1,15,493.1,3.77405932777,7,6,2,7,6,2
13,13,16,478.4,16,478.4,2.92643127375,7,6,3,7,6,3
14,14,17,514.4,17,514.4,2.56808752371,8,6,3,8,6,3
15,15,16,478.3,15,454.0,3.55592814888,8,6,2,7,6,2
16,16,14,418.0,12,371.9,3.78127253422,8,4,2,7,3,2
17,17,14,417.6,13,394.5,4.09491778286,7,5,2,7,4,2
18,18,12,362.3,10,315.1,4.00532789109,6,4,2,5,3,2
19,19,15,434.3,11,340.6,4.35379418548,7,6,2,6,3,2
20,20,14,409.4,11,340.3,4.15001654968,6,6,2,6,3,2
21,21,12,369.0,11,345.4,3.74517871888,6,4,2,6,3,2
22,22,13,394.3,11,346.6,4.02996786906,6,5,2,6,3,2
23,23,12,366.0,11,342.4,3.99203752943,6,4,2,6,3,2
24,24,15,445.4,12,372.4,4.22263740649,7,5,3,6,4,2
25,25,14,412.0,13,388.2,4.17712241242,8,4,2,7,4,2
26,26,12,371.9,12,371.9,3.40813420919,6,4,2,6,4,2
27,27,17,488.1,12,368.7,4.12157165911,8,6,3,6,4,2
28,28,15,435.1,12,364.8,3.93636283655,8,5,2,6,4,2
29,29,12,369.2,12,369.2,2.8627175053,6,4,2,6,4,2
30,30,14,407.8,11,335.2,3.60926768013,7,4,3,5,3,3
31,31,14,404.2,11,331.6,3.47151675373,7,4,3,5,3,3
32,32,14,400.9,13,377.0,3.45445245419,6,5,3,6,4,3
33,33,15,416.5,11,321.7,3.49850308125,8,5,2,5,5,1
34,34,13,374.1,10,303.5,4.13222172811,5,5,3,4,5,1
35,35,13,392.8,11,345.0,4.08061395582,6,5,2,6,4,1
36,36,13,386.8,10,314.6,4.68092145213,6,5,2,5,3,2
37,37,13,391.0,13,391.0,3.95309031985,6,5,2,6,5,2
38,38,13,398.8,12,373.8,3.8345260129,6,5,2,6,4,2
39,39,15,442.5,11,347.6,5.08639642295,8,5,2,6,3,2
43,43,1,17.5,0,0,,0,0,1,0,0,0
44,44,1,21.8,0,0,,0,0,1,0,0,0
45,45,1,20.9,0,0,,0,0,1,0,0,0
46,46,4,81.0,0,0,2.47857485934,1,2,1,0,0,0
47,47,4,82.4,1,25.3,3.16859590355,1,2,1,0,1,0
48,48,6,116.4,1,26.7,3.71214223865,1,4,1,0,1,0
49,49,8,152.7,1,25.3,2.95511058531,1,5,2,0,1,0
50,50,8,146.5,0,0,2.7020825302,1,5,2,0,0,0
51,51,8,144.8,1,25.1,3.00095222983,1,5,2,0,1,0
52,52,8,147.0,1,25.8,3.34653338759,1,5,2,0,1,0
53,53,8,150.0,1,25.3,3.2684640342,1,5,2,0,1,0
54,54,9,162.8,0,0,3.02301358103,1,5,3,0,0,0
55,55,9,161.7,0,0,2.90043100245,1,5,3,0,0,0
