,e_id,num_sat,sum_snr,num_sat_25,sum_snr_25,num_sat_u20,sum_sat_u20,snr_std,elev_0_30,elev_30_60,elev_60_90,sum_elev_0_30,sum_elev_30_60,sum_elev_60_90,elev_0_30_25,elev_30_60_25,elev_60_90_25,sum_elev_0_30_25,sum_elev_30_60_25,sum_elev_60_90_25
1,1,20,502.3,10,303.0,6,109.9,6.07421426584,12,7,1,267.1,204.4,30.8,4,5,1,109.7,162.5,30.8
2,2,20,503.9,9,276.0,4,68.8,6.25918062571,12,7,1,272.8,202.0,29.1,3,5,1,89.1,157.8,29.1
3,3,20,532.8,12,371.4,4,72.0,6.28342849758,12,7,1,294.6,208.6,29.6,5,6,1,154.0,187.8,29.6
4,4,19,500.8,10,315.9,4,68.3,6.70649070259,11,7,1,261.9,209.5,29.4,4,5,1,117.7,168.8,29.4
5,5,19,493.2,9,288.4,4,71.0,7.02110435991,11,7,1,262.2,197.7,33.3,4,4,1,121.8,133.3,33.3
6,6,19,498.6,10,315.0,4,67.9,7.0858478509,12,6,1,288.0,178.8,31.8,4,5,1,123.6,159.6,31.8
7,7,20,511.6,12,364.0,6,99.6,6.93788986576,12,7,1,273.4,207.0,31.2,5,6,1,143.6,189.2,31.2
8,8,20,505.7,11,334.4,6,101.8,6.83345293006,12,7,1,272.5,201.6,31.6,5,5,1,143.7,159.1,31.6
9,9,19,490.1,9,287.7,5,88.5,6.68393377886,12,6,1,278.0,178.6,33.5,3,5,1,94.4,159.8,33.5
10,10,20,514.4,11,337.4,6,106.4,6.52997944705,12,7,1,282.7,199.7,32.0,5,5,1,147.9,157.5,32.0
11,11,20,517.7,12,357.1,4,70.9,5.95184845237,12,7,1,302.2,182.7,32.8,7,4,1,200.3,124.0,32.8
12,12,21,549.3,14,407.1,4,71.4,5.43466387448,12,8,1,299.0,218.5,31.8,7,6,1,197.5,177.8,31.8
13,13,21,540.1,11,333.6,4,71.8,5.86426628383,12,8,1,292.5,219.2,28.4,4,6,1,128.2,177.0,28.4
14,14,21,577.1,14,429.2,3,56.1,5.64815182583,12,8,1,309.2,238.7,29.2,7,6,1,206.6,193.4,29.2
15,15,20,568.3,14,440.0,2,37.1,5.86158546901,11,8,1,279.9,258.1,30.3,6,7,1,174.5,235.2,30.3
16,16,19,554.7,12,400.7,1,18.7,6.48763556349,10,8,1,265.9,257.5,31.3,5,6,1,159.3,210.1,31.3
17,17,20,566.4,12,393.9,3,54.8,6.77414589683,12,8,0,319.0,247.4,0,5,7,0,163.1,230.8,0
18,18,18,518.7,12,394.3,3,58.0,6.74948799801,10,8,0,267.5,251.2,0,5,7,0,162.6,231.7,0
19,19,20,572.0,12,395.3,2,38.2,6.2660320694,11,8,1,300.7,250.2,21.1,5,7,0,164.6,230.7,0
20,20,20,564.1,11,367.7,2,34.5,6.54357660128,11,8,1,296.1,246.7,21.3,4,7,0,136.8,230.9,0
21,21,20,565.3,13,420.8,3,58.2,6.78514437654,11,8,1,291.6,252.3,21.4,6,7,0,188.3,232.5,0
22,22,21,587.3,13,420.6,3,53.8,6.80245053884,12,8,1,310.2,248.8,28.3,5,7,1,163.0,229.3,28.3
23,23,21,574.9,12,391.1,4,73.3,7.09590760664,12,8,1,303.3,239.0,32.6,4,7,1,140.4,218.1,32.6
24,24,21,583.0,14,436.1,1,17.7,5.55738033524,12,8,1,316.7,239.1,27.2,6,7,1,189.9,219.0,27.2
25,25,21,586.6,14,441.2,2,35.3,6.19195714886,12,8,1,323.4,241.4,21.8,7,7,0,223.4,217.8,0
26,26,20,535.3,13,386.1,2,35.3,5.54989568418,11,8,1,281.8,218.5,35.0,7,5,1,201.0,150.1,35.0
27,27,21,545.1,12,361.7,4,71.1,6.0698905615,12,8,1,283.6,225.2,36.3,6,5,1,169.9,155.5,36.3
28,28,22,563.4,13,390.1,6,104.6,6.38897182956,13,8,1,304.0,222.9,36.5,5,7,1,146.8,206.8,36.5
29,29,21,545.2,14,413.1,6,108.7,6.11902575501,12,8,1,283.6,223.8,37.8,6,7,1,170.3,205.0,37.8
30,30,22,583.1,14,425.4,5,92.1,6.28304424795,13,8,1,320.6,225.0,37.5,7,6,1,207.0,180.9,37.5
31,31,22,596.6,15,462.7,5,90.1,6.64333797077,13,8,1,333.1,226.6,36.9,8,6,1,243.0,182.8,36.9
32,32,21,558.8,14,418.7,4,70.1,6.09892652537,12,8,1,296.2,226.7,35.9,7,6,1,201.7,181.1,35.9
33,33,22,567.1,12,350.7,3,58.2,4.79919951839,13,8,1,336.5,204.0,26.6,6,5,1,179.6,144.5,26.6
34,34,22,598.0,16,478.1,3,51.1,5.83443279682,13,8,1,334.4,231.2,32.4,7,8,1,214.5,231.2,32.4
35,35,21,565.9,12,358.3,1,19.2,4.2774547394,12,8,1,310.2,227.9,27.8,5,6,1,151.2,179.3,27.8
36,36,20,546.5,13,395.7,2,37.0,5.14923346365,11,8,1,273.1,248.1,25.3,5,7,1,146.9,223.5,25.3
37,37,21,565.7,14,416.1,2,37.3,5.60254194009,12,8,1,310.5,232.5,22.7,7,7,0,204.1,212.0,0
38,38,21,580.4,13,397.1,0,0,4.62973824211,12,8,1,320.7,231.9,27.8,6,6,1,184.7,184.6,27.8
39,39,21,567.6,13,398.7,3,57.7,5.7597867024,12,8,1,320.5,216.2,30.9,7,5,1,214.4,153.4,30.9
40,40,21,589.5,14,430.6,0,0,5.27059226816,12,8,1,331.3,234.2,24.0,8,6,0,241.8,188.8,0
41,41,21,569.9,14,425.0,2,35.4,5.66502217034,12,8,1,309.3,230.3,30.3,6,7,1,185.9,208.8,30.3
42,42,21,565.3,12,375.1,3,58.2,5.69355943568,12,8,1,301.7,231.6,32.0,5,6,1,155.9,187.2,32.0
43,43,20,546.8,13,399.1,3,56.3,5.62601102025,11,8,1,285.1,228.9,32.8,6,6,1,179.3,187.0,32.8
44,44,20,570.1,15,465.9,2,38.4,5.8045785014,11,8,1,306.2,238.2,25.7,8,6,1,246.8,193.4,25.7
45,45,21,580.7,13,413.3,4,74.6,6.32547382001,12,8,1,317.8,236.1,26.8,6,6,1,195.4,191.1,26.8
46,46,21,585.5,14,427.6,1,19.9,5.42564457439,12,8,1,319.7,238.0,27.8,6,7,1,182.1,217.7,27.8
47,47,21,586.4,15,452.7,2,37.0,5.50789476678,12,8,1,325.8,236.0,24.6,8,7,0,233.8,218.9,0
48,48,21,548.9,14,404.2,3,58.0,5.15960039058,12,8,1,300.5,220.8,27.6,7,6,1,197.9,178.7,27.6
49,49,21,534.6,11,317.4,1,13.9,4.86596048366,12,8,1,287.0,215.5,32.1,6,4,1,160.4,124.9,32.1
50,50,21,544.2,14,391.4,2,33.1,4.41398750726,12,8,1,299.1,214.0,31.1,8,5,1,213.6,146.7,31.1
51,51,20,504.2,11,313.6,2,33.7,4.75216294245,11,8,1,250.5,222.2,31.5,3,7,1,80.0,202.1,31.5
52,52,21,538.7,13,369.4,2,38.1,4.3448382073,12,8,1,283.2,224.5,31.0,5,7,1,133.4,205.0,31.0
53,53,22,547.4,11,314.0,4,74.3,4.39671266415,13,8,1,294.8,223.7,28.9,4,6,1,107.5,177.6,28.9
54,54,21,539.4,12,353.3,5,92.8,5.21998905308,12,8,1,284.5,223.0,31.9,5,6,1,139.8,181.6,31.9
55,55,21,542.1,10,305.3,3,54.1,5.2704160855,12,8,1,294.2,215.7,32.2,5,4,1,145.8,127.3,32.2
56,56,21,541.4,12,352.8,2,35.0,5.02141604008,12,8,1,294.0,217.5,29.9,6,5,1,172.5,150.4,29.9
57,57,21,540.2,11,328.6,3,53.3,5.30263187124,12,8,1,294.0,215.4,30.8,5,5,1,143.3,154.5,30.8
58,58,21,529.8,10,303.9,3,47.8,5.79155789552,12,8,1,290.8,208.4,30.6,5,4,1,144.3,129.0,30.6
59,59,21,531.7,12,346.7,2,31.4,5.17915234837,12,8,1,290.2,214.2,27.3,6,5,1,167.7,151.7,27.3
60,60,21,529.0,11,324.0,5,91.0,5.38394880751,12,8,1,291.2,208.0,29.8,6,4,1,168.8,125.4,29.8
61,61,21,523.1,10,298.2,4,70.6,5.58138914267,12,8,1,282.9,211.0,29.2,5,4,1,143.0,126.0,29.2
62,62,21,515.8,8,240.5,6,115.5,5.14397474629,12,8,1,279.0,208.4,28.4,3,4,1,83.2,128.9,28.4
63,63,21,532.0,11,320.5,3,58.8,4.86686072672,12,8,1,290.3,212.3,29.4,5,5,1,140.4,150.7,29.4
64,64,21,523.9,9,269.6,2,35.3,5.1191424133,12,8,1,288.2,206.2,29.5,4,4,1,118.3,121.8,29.5
65,65,21,519.1,10,293.1,3,47.6,5.64487546786,12,8,1,276.5,210.0,32.6,5,4,1,139.4,121.1,32.6
66,66,21,527.5,10,292.8,4,73.6,5.04545528646,12,8,1,288.8,207.1,31.6,5,4,1,140.4,120.8,31.6
67,67,21,527.6,11,316.4,3,53.5,4.63507332864,12,8,1,286.0,211.9,29.7,5,5,1,139.3,147.4,29.7
68,68,20,551.1,14,421.9,1,19.6,5.29830906492,11,8,1,290.4,228.1,32.6,6,7,1,180.8,208.5,32.6
69,69,21,586.2,15,457.3,2,37.4,5.52478829588,12,8,1,316.4,240.1,29.7,9,5,1,253.1,174.5,29.7
70,70,21,610.4,15,478.8,0,0,5.83552339841,12,8,1,326.1,252.9,31.4,7,7,1,217.7,229.7,31.4
71,71,21,579.8,15,453.1,1,18.1,5.08988258822,12,8,1,326.4,220.9,32.5,8,6,1,239.6,181.0,32.5
72,72,21,568.7,13,397.3,3,57.0,5.54487322196,12,8,1,315.8,219.6,33.3,7,5,1,211.1,152.9,33.3
73,73,20,554.5,13,407.8,3,57.0,6.08292476398,12,7,1,317.5,203.0,34.0,6,6,1,190.5,183.3,34.0
74,74,20,541.5,11,355.7,4,73.0,6.79921628611,12,7,1,311.0,197.2,33.3,6,4,1,191.5,130.9,33.3
75,75,21,559.5,12,374.8,4,72.1,6.4431026244,12,8,1,311.7,214.6,33.2,6,5,1,187.2,154.4,33.2
76,76,21,567.0,13,404.0,4,76.9,6.32004746818,12,8,1,313.6,220.5,32.9,6,6,1,190.1,181.0,32.9
77,77,21,574.5,13,406.8,2,36.4,6.2476052555,12,8,1,315.4,224.8,34.3,5,7,1,164.8,207.7,34.3
78,78,21,554.8,13,387.8,1,14.6,5.68529850119,12,8,1,297.9,225.2,31.7,5,7,1,151.8,204.3,31.7
79,79,21,573.8,14,421.7,2,39.7,5.53623561293,12,8,1,311.1,234.2,28.5,6,7,1,183.4,209.8,28.5
80,80,20,553.6,12,376.8,2,38.5,5.7836975971,12,7,1,318.4,205.9,29.3,5,6,1,164.2,183.3,29.3
81,81,19,513.6,11,344.1,2,37.0,6.07015033967,11,7,1,287.0,202.2,24.4,6,5,0,184.1,160.0,0
82,82,19,517.9,11,353.6,4,72.2,7.09438868946,11,7,1,286.9,205.7,25.3,5,5,1,167.8,160.5,25.3
83,83,19,533.9,12,389.7,3,56.2,6.61857655055,11,7,1,289.1,214.6,30.2,5,6,1,165.6,193.9,30.2
84,84,20,551.0,13,399.8,1,16.3,5.27940387384,11,8,1,295.7,223.3,32.0,6,6,1,186.4,181.4,32.0
85,85,19,525.2,13,396.7,3,57.1,5.50941777419,11,7,1,293.4,205.6,26.2,6,6,1,184.5,186.0,26.2
86,86,19,531.9,14,434.0,4,73.8,6.33951222135,10,8,1,269.1,235.2,27.6,7,6,1,213.2,193.2,27.6
87,87,19,507.5,11,342.6,4,72.0,6.33402581625,10,8,1,256.5,220.3,30.7,5,5,1,157.4,154.5,30.7
88,88,19,531.9,16,472.1,2,38.5,4.96492963855,10,8,1,264.4,236.4,31.1,7,8,1,204.6,236.4,31.1
89,89,18,530.2,16,485.6,0,0,4.75323075543,10,7,1,280.9,219.2,30.1,8,7,1,236.3,219.2,30.1
90,90,18,481.6,12,355.0,2,35.5,5.0215092906,10,7,1,244.0,205.4,32.2,4,7,1,117.4,205.4,32.2
91,91,20,524.0,11,326.0,0,0,4.49689951668,11,8,1,278.6,216.0,29.4,5,5,1,150.1,146.5,29.4
92,92,20,506.5,10,301.6,3,54.5,5.53618479689,11,8,1,283.6,192.9,30.0,6,3,1,177.4,94.2,30.0
93,93,20,513.2,13,371.2,5,94.1,4.9407436048,11,8,1,272.0,206.9,34.3,6,6,1,165.8,171.1,34.3
94,94,20,514.0,11,323.7,3,56.1,5.1585391649,11,8,1,266.9,211.7,35.4,5,5,1,143.6,144.7,35.4
95,95,20,535.3,12,375.7,4,69.7,6.5295502384,11,8,1,274.3,227.8,33.2,5,6,1,154.5,188.0,33.2
96,96,19,558.8,14,456.8,3,56.7,7.02154578872,10,8,1,264.5,265.3,29.0,5,8,1,162.5,265.3,29.0
97,97,19,544.3,13,417.8,2,36.5,6.27777105004,11,7,1,296.6,217.4,30.3,6,6,1,189.3,198.2,30.3
98,98,19,541.3,14,434.9,2,35.2,6.03516498319,11,7,1,298.6,209.9,32.8,7,6,1,215.1,187.0,32.8
99,99,19,540.7,13,408.6,1,18.1,5.65364344565,11,7,1,294.4,214.2,32.1,6,6,1,186.9,189.6,32.1
100,100,20,562.7,15,460.7,2,38.0,5.53878905633,11,8,1,296.7,235.7,30.3,7,7,1,215.5,214.9,30.3
101,101,20,532.6,11,332.4,2,38.1,4.99369075619,11,8,1,292.4,210.9,29.3,6,4,1,183.4,119.7,29.3
102,102,20,501.4,8,253.0,4,74.1,6.37677529461,11,8,1,272.7,195.2,33.5,4,3,1,129.9,89.6,33.5
103,103,20,503.5,7,225.7,5,92.8,6.44130380721,11,8,1,281.1,187.7,34.7,5,1,1,155.8,35.2,34.7
104,104,19,485.6,8,251.7,2,36.4,5.99437845814,11,7,1,278.3,173.1,34.2,4,3,1,128.4,89.1,34.2
105,105,20,525.7,12,353.1,2,36.1,5.3758010419,11,8,1,288.9,205.4,31.4,7,4,1,204.3,117.4,31.4
106,106,20,566.5,13,414.6,2,32.8,5.76229806131,11,8,1,304.0,238.1,24.4,7,6,0,217.3,197.3,0
107,107,19,552.3,13,424.8,2,36.0,6.86691363889,10,8,1,265.1,259.6,27.6,5,7,1,157.1,240.1,27.6
108,108,18,535.6,12,401.8,1,20.0,6.61195194301,9,8,1,251.7,257.0,26.9,5,6,1,162.6,212.3,26.9
109,109,18,529.7,11,371.5,0,0,6.68182834749,9,8,1,257.8,246.3,25.6,4,6,1,142.4,203.5,25.6
110,110,19,537.0,12,395.6,3,54.4,7.24731448548,10,8,1,263.9,244.7,28.4,4,7,1,140.0,227.2,28.4
111,111,19,532.9,11,364.1,3,54.5,6.98175148521,10,8,1,245.5,257.2,30.2,3,7,1,99.1,234.8,30.2
112,112,19,559.2,14,451.3,1,19.2,6.32868712307,10,8,1,275.3,250.9,33.0,6,7,1,186.6,231.7,33.0
113,113,20,562.6,12,392.2,3,58.3,6.95845566654,11,8,1,274.2,255.5,32.9,4,7,1,126.0,233.3,32.9
114,114,20,540.4,12,377.5,4,73.7,6.63178947034,11,8,1,258.3,247.3,34.8,5,6,1,142.7,200.0,34.8
115,115,20,548.6,13,408.1,4,72.6,6.3602466023,11,8,1,270.1,246.7,31.8,6,6,1,176.8,199.5,31.8
116,116,19,521.5,13,408.9,5,91.4,6.66736399862,10,8,1,250.7,236.8,34.0,6,6,1,178.9,196.0,34.0
117,117,19,546.2,12,384.4,0,0,4.98156249708,10,8,1,271.5,242.8,31.9,5,6,1,156.5,196.0,31.9
118,118,19,528.8,12,379.9,2,38.8,5.77937449822,10,8,1,260.8,234.5,33.5,5,6,1,155.2,191.2,33.5
119,119,19,537.2,12,380.2,1,17.7,5.21108243237,10,8,1,263.6,243.4,30.2,5,6,1,149.0,201.0,30.2
120,120,19,518.8,10,319.2,1,19.7,5.55792464107,10,8,1,255.2,239.2,24.4,4,6,0,121.9,197.3,0
121,121,19,517.5,12,365.5,1,19.5,5.19136147057,10,8,1,255.7,235.0,26.8,5,6,1,145.6,193.1,26.8
122,122,19,510.5,10,309.9,2,39.3,5.09640969829,10,8,1,253.5,228.4,28.6,4,5,1,119.3,162.0,28.6
123,123,19,522.1,12,369.7,1,16.0,5.35916441946,10,8,1,263.0,229.9,29.2,5,6,1,148.7,191.8,29.2
124,124,20,542.1,11,350.9,3,53.9,6.10551734952,11,8,1,280.0,233.6,28.5,4,6,1,125.7,196.7,28.5
125,125,21,563.3,12,376.9,3,53.4,6.21682433095,12,8,1,298.4,235.0,29.9,5,6,1,152.2,194.8,29.9
126,126,20,555.2,12,375.9,0,0,5.36542537677,11,8,1,288.8,237.6,28.8,5,6,1,154.0,193.1,28.8
127,127,21,564.5,12,371.5,1,14.6,5.8674201356,12,8,1,298.6,238.3,27.6,5,6,1,150.7,193.2,27.6
128,128,21,572.4,13,400.7,1,14.2,5.76745796938,12,8,1,301.3,241.9,29.2,6,6,1,175.7,195.8,29.2
129,129,21,570.6,13,404.5,2,31.8,6.15054004598,12,8,1,304.7,236.1,29.8,6,6,1,177.8,196.9,29.8
130,130,21,560.0,12,373.1,4,71.7,6.29240282669,12,8,1,299.7,233.0,27.3,5,6,1,152.5,193.3,27.3
131,131,21,554.2,12,373.1,2,29.4,6.64972967585,12,8,1,299.2,228.0,27.0,5,6,1,153.1,193.0,27.0
132,132,21,565.2,11,350.1,2,32.9,6.25709882568,12,8,1,296.9,239.2,29.1,4,6,1,127.1,193.9,29.1
133,133,21,556.9,11,346.5,4,70.7,6.54168319682,12,8,1,285.4,240.0,31.5,4,6,1,122.7,192.3,31.5
134,134,21,562.8,13,401.7,3,52.1,6.59636263406,12,8,1,290.2,241.3,31.3,5,7,1,151.0,219.4,31.3
135,135,21,560.2,13,396.9,4,72.4,6.22108549707,12,8,1,291.0,238.0,31.2,6,6,1,174.3,191.4,31.2
136,136,21,565.5,14,417.4,2,35.2,5.74387872932,12,8,1,297.0,236.4,32.1,6,7,1,172.2,213.1,32.1
137,137,21,566.1,12,368.9,2,37.0,5.6641478996,12,8,1,301.4,233.8,30.9,6,5,1,173.7,164.3,30.9
138,138,21,573.9,14,426.1,3,56.9,5.49218925904,12,8,1,306.1,236.0,31.8,6,7,1,177.4,216.9,31.8
139,139,21,571.7,15,445.6,3,58.5,5.44113083485,12,8,1,309.7,231.9,30.1,7,7,1,203.3,212.2,30.1
140,140,21,575.2,15,451.6,3,55.6,5.65286695066,12,8,1,307.7,236.2,31.3,7,7,1,202.7,217.6,31.3
141,141,21,561.3,13,400.5,5,91.7,6.29818567979,12,8,1,295.4,233.7,32.2,5,7,1,153.5,214.8,32.2
142,142,21,555.6,12,373.5,4,73.3,6.53311345597,12,8,1,293.1,229.6,32.9,5,6,1,151.8,188.8,32.9
143,143,21,555.3,11,350.0,5,89.5,6.68622250816,12,8,1,292.2,230.3,32.8,4,6,1,126.7,190.5,32.8
144,144,19,510.1,10,327.3,5,89.5,7.16785791813,10,8,1,240.7,234.0,35.4,4,5,1,121.3,170.6,35.4
145,145,17,494.7,11,359.6,1,19.9,6.29036962348,9,7,1,254.2,205.5,35.0,5,5,1,162.5,162.1,35.0
146,146,18,513.4,12,390.4,2,37.1,6.68215847089,10,7,1,259.2,221.3,32.9,5,6,1,158.2,199.3,32.9
147,147,18,533.8,12,405.5,2,37.3,7.03070762251,10,7,1,262.8,237.0,34.0,4,7,1,134.5,237.0,34.0
148,148,17,518.5,14,456.3,1,16.9,6.78408063042,9,7,1,247.5,237.3,33.7,6,7,1,185.3,237.3,33.7
149,149,18,511.2,13,410.3,3,55.7,6.83150142829,10,7,1,249.6,228.1,33.5,6,6,1,172.1,204.7,33.5
150,150,18,511.5,9,312.9,2,35.4,7.16743041986,10,7,1,259.0,222.3,30.2,3,5,1,104.4,178.3,30.2
151,151,18,515.0,11,370.8,2,33.3,7.71719919392,10,7,1,258.5,225.2,31.3,5,5,1,158.3,181.2,31.3
152,152,17,487.0,10,342.5,2,31.1,7.88940093156,9,7,1,235.2,221.6,30.2,4,5,1,129.6,182.7,30.2
153,153,18,507.4,11,360.2,2,31.4,7.21321409057,10,7,1,254.7,223.2,29.5,5,5,1,147.2,183.5,29.5
154,154,18,492.6,11,359.2,5,88.7,7.56804427297,10,7,1,246.6,215.9,30.1,5,5,1,152.1,177.0,30.1
155,155,18,498.4,12,376.2,2,33.5,6.547553552,10,7,1,254.0,216.4,28.0,6,5,1,170.4,177.8,28.0
156,156,18,503.9,11,360.4,3,52.7,6.94588089719,10,7,1,255.1,219.2,29.6,5,5,1,151.3,179.5,29.6
157,157,18,497.5,10,337.9,5,88.5,7.75614662429,10,7,1,245.2,216.8,35.5,4,5,1,124.4,178.0,35.5
158,158,18,499.1,12,382.6,4,70.0,7.12161627025,10,7,1,244.7,218.3,36.1,5,6,1,144.6,201.9,36.1
159,159,18,498.5,12,382.3,3,48.9,7.13512209568,10,7,1,246.5,216.2,35.8,5,6,1,146.7,199.8,35.8
160,160,18,493.9,12,381.1,4,67.6,7.41129018608,10,7,1,243.0,215.5,35.4,5,6,1,146.6,199.1,35.4
161,161,19,521.2,11,355.2,4,69.4,6.86480983241,11,7,1,270.0,214.9,36.3,5,5,1,146.4,172.5,36.3
162,162,19,523.2,11,362.2,3,49.6,7.50438468322,11,7,1,268.0,217.7,37.5,5,5,1,146.3,178.4,37.5
163,163,18,504.7,10,328.2,2,31.9,6.71855541974,10,7,1,241.8,226.2,36.7,3,6,1,90.2,201.3,36.7
164,164,19,524.1,11,356.2,3,50.5,7.02971970027,11,7,1,260.9,225.7,37.5,4,6,1,115.9,202.8,37.5
165,165,20,535.7,10,326.8,3,49.1,7.08922644433,12,7,1,276.3,222.8,36.6,3,6,1,88.6,201.6,36.6
166,166,20,543.7,12,384.9,2,26.3,7.27810523347,12,7,1,281.8,225.5,36.4,5,6,1,145.8,202.7,36.4
167,167,20,552.5,12,388.5,2,29.0,7.15651157302,12,7,1,290.4,225.4,36.7,5,6,1,148.4,203.4,36.7
168,168,20,535.5,11,347.8,3,50.5,6.44612286572,12,7,1,293.8,206.9,34.8,5,5,1,152.0,161.0,34.8
169,169,19,500.0,11,333.6,2,32.6,5.96873922644,11,7,1,261.6,207.1,31.3,4,6,1,116.6,185.7,31.3
170,170,20,522.1,12,363.6,4,68.4,6.49878328693,12,7,1,287.0,203.2,31.9,5,6,1,145.9,185.8,31.9
171,171,21,566.0,11,347.8,1,15.5,6.16113780463,13,7,1,321.0,212.3,32.7,5,5,1,148.4,166.7,32.7
172,172,20,547.6,10,330.2,2,36.6,6.65792760549,12,7,1,298.9,218.1,30.6,4,5,1,122.5,177.1,30.6
173,173,19,528.3,12,377.6,2,36.6,6.30136437468,11,7,1,281.2,217.3,29.8,5,6,1,148.9,198.9,29.8
174,174,13,399.6,12,377.0,0,0,4.87006818254,6,6,1,162.4,204.7,32.5,5,6,1,139.8,204.7,32.5
175,175,15,422.7,10,324.1,3,54.2,7.10193132686,7,7,1,172.3,220.6,29.8,3,6,1,91.6,202.7,29.8
176,176,16,457.9,10,337.3,3,54.8,7.32595556907,8,7,1,199.3,223.6,35.0,3,6,1,97.5,204.8,35.0
177,177,16,477.9,13,421.6,2,36.2,7.05083623882,8,7,1,212.1,229.9,35.9,6,6,1,175.9,209.8,35.9
178,178,18,514.4,11,370.0,3,53.7,7.65257016076,10,7,1,252.6,226.3,35.5,4,6,1,125.9,208.6,35.5
179,179,18,515.9,11,370.0,3,53.5,7.33245315573,10,7,1,254.7,224.5,36.7,4,6,1,126.5,206.8,36.7
180,180,18,501.0,10,334.7,3,51.7,7.40786545425,10,7,1,246.7,217.7,36.6,3,6,1,96.2,201.9,36.6
181,181,17,475.4,11,366.7,5,87.3,8.22609728064,9,7,1,217.3,224.7,33.4,4,6,1,124.4,208.9,33.4
182,182,17,481.8,10,345.8,4,69.1,8.2069375244,9,7,1,218.2,228.7,34.9,3,6,1,98.0,212.9,34.9
183,183,18,496.8,11,362.8,4,70.2,7.43054110926,10,7,1,252.7,210.4,33.7,5,5,1,153.8,175.3,33.7
184,184,18,501.7,10,330.8,3,53.2,7.34356905979,10,7,1,248.0,225.3,28.4,4,5,1,119.1,183.3,28.4
185,185,18,496.1,10,330.8,3,51.4,7.02994760995,10,7,1,250.2,214.8,31.1,4,5,1,123.4,176.3,31.1
186,186,20,540.2,10,329.5,4,73.4,6.7804595404,12,7,1,288.2,219.2,32.8,4,5,1,120.4,176.3,32.8
187,187,19,524.9,13,408.4,4,73.9,7.02082949399,11,7,1,274.9,219.6,30.4,7,5,1,197.2,180.8,30.4
188,188,18,514.1,13,410.0,2,36.1,6.62154583772,10,7,1,257.8,227.4,28.9,7,5,1,197.6,183.5,28.9
189,189,20,566.5,13,413.3,2,36.1,6.51765820069,12,7,1,307.0,227.3,32.2,7,5,1,197.6,183.5,32.2
190,190,16,480.4,12,386.4,0,0,5.81062245662,8,7,1,218.8,230.8,30.8,6,5,1,170.5,185.1,30.8
191,191,17,490.7,11,356.4,0,0,6.2942375607,9,7,1,231.5,228.4,30.8,5,5,1,142.1,183.5,30.8
192,192,16,462.6,10,324.8,1,19.3,6.17315424506,8,7,1,209.7,222.7,30.2,4,5,1,112.4,182.2,30.2
193,193,16,470.5,10,332.4,1,18.8,6.29300868689,8,7,1,214.5,224.3,31.7,4,5,1,118.6,182.1,31.7
194,194,16,459.9,10,329.3,2,37.6,6.76658148551,8,7,1,207.4,220.1,32.4,4,5,1,116.7,180.2,32.4
195,195,18,485.8,9,293.5,2,36.1,6.34784714677,10,7,1,237.4,215.6,32.8,3,5,1,88.2,172.5,32.8
196,196,17,476.7,9,304.9,3,54.4,7.12908293748,9,7,1,228.2,213.1,35.4,3,5,1,95.1,174.4,35.4
197,197,16,452.3,10,323.2,1,17.2,6.34620293299,8,7,1,201.9,219.1,31.3,4,5,1,119.8,172.1,31.3
198,198,16,456.7,11,360.2,4,73.1,7.42131782996,8,7,1,203.1,223.0,30.6,4,6,1,125.5,204.1,30.6
199,199,18,507.8,11,363.4,3,52.7,7.24884484825,10,7,1,253.4,220.6,33.8,4,6,1,125.9,203.7,33.8
200,200,18,504.1,11,362.4,3,52.5,7.55477817031,10,7,1,253.5,216.8,33.8,5,5,1,152.5,176.1,33.8
201,201,18,492.6,12,384.6,5,86.4,7.93569745628,10,7,1,245.1,214.7,32.8,5,6,1,154.2,197.6,32.8
202,202,18,509.8,12,378.2,2,37.7,6.27005540416,10,7,1,264.3,213.0,32.5,5,6,1,151.2,194.5,32.5
203,203,18,511.9,12,381.0,1,18.0,6.22557711843,10,7,1,265.9,214.5,31.5,6,5,1,179.0,170.5,31.5
204,204,18,510.8,12,389.5,3,55.7,6.7082526484,10,7,1,254.7,222.3,33.8,5,6,1,152.0,203.7,33.8
205,205,18,508.7,10,338.3,3,56.9,6.95524676171,10,7,1,250.8,224.7,33.2,4,5,1,124.6,180.5,33.2
206,206,18,510.4,12,388.9,3,54.6,6.62137556548,10,7,1,261.7,215.2,33.5,6,5,1,180.6,174.8,33.5
207,207,18,505.4,11,365.3,3,54.8,7.46596635371,10,7,1,257.9,215.1,32.4,5,5,1,156.8,176.1,32.4
208,208,18,514.5,12,386.8,2,36.4,6.44125033533,10,7,1,264.1,220.2,30.2,6,5,1,175.2,181.4,30.2
209,209,18,481.1,10,324.6,5,89.1,7.61622150842,10,7,1,234.1,216.3,30.7,4,5,1,118.4,175.5,30.7
210,210,18,500.3,11,361.1,3,50.5,7.71587151284,10,7,1,238.6,230.8,30.9,4,6,1,120.4,209.8,30.9
211,211,19,506.8,11,357.2,5,87.1,8.23156810397,11,7,1,256.1,225.1,25.6,5,5,1,144.8,186.8,25.6
212,212,18,498.8,11,348.2,2,32.6,6.69608216346,10,7,1,248.1,225.3,25.4,4,6,1,116.5,206.3,25.4
213,213,18,495.7,11,353.1,3,49.2,7.33686412327,10,7,1,247.1,222.6,26.0,5,5,1,144.0,183.1,26.0
214,214,18,500.4,12,378.3,3,49.5,7.15607516483,10,7,1,251.1,223.8,25.5,6,5,1,171.0,181.8,25.5
215,215,18,502.6,14,433.8,4,68.8,7.49474761617,10,7,1,240.9,230.5,31.2,7,6,1,191.3,211.3,31.2
216,216,18,520.5,13,414.5,1,13.6,6.83987013981,10,7,1,253.0,239.5,28.0,6,6,1,171.5,215.0,28.0
217,217,19,512.8,11,353.6,3,51.6,7.0974091311,11,7,1,274.3,212.0,26.5,5,5,1,157.4,169.7,26.5
218,218,18,502.0,10,333.5,2,32.0,7.53360228567,11,6,1,278.4,196.5,27.1,4,5,1,130.2,176.2,27.1
219,219,19,523.5,12,385.1,3,47.3,7.68572764003,11,7,1,283.5,212.1,27.9,5,6,1,160.3,196.9,27.9
220,220,19,505.3,10,328.3,4,64.0,8.14230882382,11,7,1,272.8,206.7,25.8,4,5,1,131.4,171.1,25.8
221,221,19,507.8,10,328.8,3,45.0,7.98893972281,11,7,1,272.2,209.4,26.2,4,5,1,131.4,171.2,26.2
222,222,18,474.1,10,323.2,4,57.4,8.48466706261,11,6,1,269.0,179.8,25.3,5,4,1,155.7,142.2,25.3
223,223,18,479.2,10,323.6,4,60.6,8.25801254793,11,6,1,270.9,183.3,25.0,5,4,1,155.7,142.9,25.0
224,224,18,495.9,10,337.6,4,66.5,8.24052040047,11,6,1,270.7,195.8,29.4,4,5,1,132.3,175.9,29.4
225,225,19,518.7,11,353.6,3,49.6,7.0447774194,11,7,1,275.5,210.2,33.0,5,5,1,150.9,169.7,33.0
226,226,19,536.5,12,387.7,1,15.7,6.45800197226,11,7,1,279.9,222.4,34.2,5,6,1,151.2,202.3,34.2
227,227,18,531.0,14,447.7,1,18.7,5.77051328128,10,7,1,272.6,223.6,34.8,7,6,1,210.6,202.3,34.8
228,228,18,523.1,14,443.1,2,39.0,5.8887868409,10,7,1,268.8,219.7,34.6,7,6,1,207.8,200.7,34.6
229,229,19,525.9,13,410.8,3,51.9,6.77606727529,11,7,1,277.1,213.9,34.9,6,6,1,180.4,195.5,34.9
230,230,19,527.7,13,410.4,3,53.5,6.62225558295,11,7,1,275.5,217.1,35.1,6,6,1,180.0,195.3,35.1
231,231,19,515.7,12,380.7,5,90.8,6.68890588873,11,7,1,266.8,214.2,34.7,5,6,1,151.0,195.0,34.7
232,232,17,484.3,12,384.5,2,36.4,6.33875799674,9,7,1,231.7,217.7,34.9,5,6,1,151.5,198.1,34.9
233,233,17,487.0,12,388.2,4,75.4,6.56326116034,9,7,1,232.4,219.8,34.8,5,6,1,153.2,200.2,34.8
234,234,18,514.0,14,436.3,3,56.7,6.08752071838,10,7,1,266.2,213.5,34.3,7,6,1,205.4,196.6,34.3
235,235,18,513.9,13,412.1,2,38.0,5.98618507605,10,7,1,259.2,220.6,34.1,6,6,1,176.2,201.8,34.1
236,236,18,516.1,12,388.1,2,35.6,6.0347820815,10,7,1,262.7,219.6,33.8,5,6,1,153.5,200.8,33.8
237,237,18,520.3,14,437.4,2,37.0,5.54208202778,10,7,1,268.6,218.0,33.7,7,6,1,204.5,199.2,33.7
238,238,18,516.0,12,387.0,2,37.8,5.88997153693,10,7,1,261.3,221.3,33.4,5,6,1,151.1,202.5,33.4
239,239,18,513.8,12,385.3,3,58.4,5.95682724692,10,7,1,257.8,223.3,32.7,5,6,1,148.1,204.5,32.7
240,240,18,500.7,11,355.9,3,52.2,6.79560844352,10,7,1,253.6,214.4,32.7,4,6,1,121.9,201.3,32.7
241,241,18,496.9,12,379.3,4,73.4,6.55469945667,10,7,1,247.1,217.2,32.6,5,6,1,147.4,199.3,32.6
242,242,19,516.4,12,379.1,4,74.5,6.51592740456,11,7,1,264.6,219.1,32.7,5,6,1,146.9,199.5,32.7
243,243,18,503.8,11,354.7,2,37.2,6.06008045849,10,7,1,249.1,221.5,33.2,4,6,1,122.5,199.0,33.2
244,244,18,513.1,14,432.2,2,37.7,5.58384984441,10,7,1,264.9,214.7,33.5,7,6,1,202.7,196.0,33.5
245,245,18,499.6,12,375.7,3,55.0,5.9592954797,10,7,1,258.7,207.1,33.8,5,6,1,153.8,188.1,33.8
246,246,19,527.9,11,353.1,2,35.9,5.8321201746,11,7,1,284.7,210.6,32.6,5,5,1,155.4,165.1,32.6
247,247,19,526.4,12,381.2,3,52.8,6.14351271977,11,7,1,283.4,210.1,32.9,5,6,1,155.7,192.6,32.9
248,248,18,504.8,13,400.3,1,17.3,5.73751557447,10,7,1,264.7,207.0,33.1,6,6,1,181.7,185.5,33.1
249,249,19,520.8,12,373.9,2,34.1,5.90055503386,11,7,1,279.5,209.1,32.2,5,6,1,153.9,187.8,32.2
250,250,19,519.2,12,373.9,3,54.1,6.0361726381,11,7,1,273.5,212.8,32.9,5,6,1,151.3,189.7,32.9
251,251,19,502.7,11,344.7,4,67.8,6.60389748469,11,7,1,261.3,208.1,33.3,4,6,1,123.8,187.6,33.3
252,252,19,512.2,11,354.5,4,67.6,6.96390023139,11,7,1,270.7,208.3,33.2,5,5,1,157.4,163.9,33.2
253,253,18,491.7,10,334.7,3,46.3,7.99803284638,10,7,1,246.7,211.7,33.3,4,5,1,132.4,169.0,33.3
254,254,18,510.8,10,342.8,3,54.4,7.38444753245,10,7,1,254.8,225.1,30.9,4,5,1,130.2,181.7,30.9
255,255,18,483.2,9,294.0,4,75.9,6.58029341579,10,7,1,242.7,216.7,23.8,4,5,0,118.8,175.2,0
256,256,18,479.3,11,333.5,4,76.0,5.83133579244,10,7,1,243.9,209.8,25.6,4,6,1,116.9,191.0,25.6
257,257,18,482.4,12,355.3,3,57.2,5.43691088763,10,7,1,248.2,210.3,23.9,6,6,0,166.1,189.2,0
258,258,18,488.8,11,346.1,2,35.2,6.48103316221,10,7,1,246.4,215.0,27.4,5,5,1,144.2,174.5,27.4
259,259,19,534.0,11,359.5,1,18.6,6.38657217086,11,7,1,286.3,219.2,28.5,5,5,1,156.5,174.5,28.5
260,260,18,508.0,12,389.0,4,73.7,7.04644721123,10,7,1,254.5,225.3,28.2,6,5,1,180.8,180.0,28.2
261,261,18,513.3,12,390.8,3,55.8,7.06501321759,10,7,1,261.6,225.3,26.4,6,5,1,180.0,184.4,26.4
262,262,18,507.1,12,387.1,3,53.9,7.10275883066,10,7,1,250.6,227.7,28.8,5,6,1,151.2,207.1,28.8
263,263,18,515.5,12,391.0,3,56.7,6.81496095443,10,7,1,260.3,225.7,29.5,6,5,1,178.4,183.1,29.5
264,264,18,513.8,10,340.5,3,56.8,7.02627189426,10,7,1,265.4,218.0,30.4,4,5,1,130.3,179.8,30.4
265,265,18,521.0,11,368.1,2,38.4,6.27077462353,10,7,1,265.9,222.6,32.5,5,5,1,158.7,176.9,32.5
266,266,18,500.6,12,385.1,3,49.1,7.46764699447,10,7,1,248.9,220.4,31.3,6,5,1,175.9,177.9,31.3
267,267,18,490.9,10,329.1,3,48.2,7.41062873855,10,7,1,252.4,214.2,24.3,5,5,0,153.4,175.7,0
268,268,19,523.6,12,387.7,4,72.5,7.0098593891,11,7,1,281.9,209.1,32.6,6,5,1,183.4,171.7,32.6
269,269,18,505.0,13,401.7,3,56.6,5.94229330084,11,6,1,289.0,185.2,30.8,7,5,1,204.3,166.6,30.8
270,270,18,488.8,11,349.1,4,74.2,6.65230806671,11,6,1,283.3,173.7,31.8,6,4,1,179.8,137.5,31.8
271,271,19,507.2,11,352.1,5,89.9,7.04733784916,11,7,1,279.0,195.4,32.8,6,4,1,181.8,137.5,32.8
272,272,19,516.5,12,374.0,4,76.5,6.25328919298,11,7,1,286.5,201.0,29.0,6,5,1,183.8,161.2,29.0
273,273,19,517.0,12,380.8,6,114.6,6.54292618336,11,7,1,282.9,204.6,29.5,6,5,1,186.5,164.8,29.5
274,274,19,533.1,11,357.8,2,34.8,5.94972602446,11,7,1,288.4,215.0,29.7,5,5,1,158.2,169.9,29.7
275,275,18,509.4,11,356.5,2,38.9,5.88087628524,10,7,1,264.1,216.8,28.5,5,5,1,156.9,171.1,28.5
276,276,18,516.9,13,410.1,2,39.6,5.58793342838,10,7,1,267.5,222.5,26.9,6,6,1,183.5,199.7,26.9
277,277,18,514.7,13,412.5,1,16.4,6.06886676331,10,7,1,267.9,219.4,27.4,6,6,1,186.4,198.7,27.4
278,278,17,479.4,10,321.4,1,18.9,5.66259657754,9,7,1,234.0,216.7,28.7,4,5,1,119.5,173.2,28.7
279,279,17,426.5,9,266.1,3,54.4,5.37736951875,9,7,1,212.4,193.0,21.1,4,5,0,116.3,149.8,0
280,280,17,440.6,9,273.5,2,36.7,5.75686929829,9,7,1,222.8,197.7,20.1,4,5,0,120.8,152.7,0
291,291,2,26.6,0,0,2,26.6,0.424264068712,0,2,0,0,26.6,0,0,0,0,0,0,0
292,292,2,27.4,0,0,2,27.4,0.424264068712,0,2,0,0,27.4,0,0,0,0,0,0,0
293,293,3,40.4,0,0,3,40.4,1.64418166069,1,2,0,11.6,28.8,0,0,0,0,0,0,0
294,294,3,43.3,0,0,3,43.3,3.01385688667,1,2,0,11.6,31.7,0,0,0,0,0,0,0
295,295,5,81.5,0,0,4,60.8,3.51496799416,1,4,0,11.6,69.9,0,0,0,0,0,0,0
296,296,6,97.8,0,0,5,77.1,3.06659420204,2,4,0,26.7,71.1,0,0,0,0,0,0,0
297,297,6,96.8,0,0,5,76.1,3.05853995669,2,4,0,26.3,70.5,0,0,0,0,0,0,0
298,298,9,147.4,0,0,8,126.7,2.02038225206,2,7,0,28.2,119.2,0,0,0,0,0,0,0
299,299,9,147.5,0,0,8,126.8,2.21440987875,2,7,0,32.5,115.0,0,0,0,0,0,0,0
300,300,9,146.5,0,0,8,125.8,2.30259515426,2,7,0,32.2,114.3,0,0,0,0,0,0,0
301,301,9,149.8,0,0,8,129.1,2.45107686085,2,7,0,32.0,117.8,0,0,0,0,0,0,0
