,e_id,num_sat,sum_snr,num_sat_25,sum_snr_25,snr_std,elev_0_30,elev_30_60,elev_60_90,elev_0_30_25,elev_30_60_25,elev_60_90_25
1,1,21,495.8,7,210.2,5.82442312696,10,7,4,4,2,1
2,2,22,570.4,12,377.1,7.24734314656,11,7,4,3,6,3
3,3,21,536.6,12,363.8,7.00689796184,11,7,3,4,5,3
4,4,21,559.5,12,378.6,7.37831765571,11,7,3,6,5,1
5,5,22,579.9,9,299.6,6.56779002412,11,7,4,4,4,1
6,6,22,578.8,13,393.2,6.09479942956,11,7,4,6,5,2
7,7,22,588.6,11,359.0,7.02727524739,11,7,4,3,6,2
8,8,22,589.7,12,385.7,7.17857110551,11,7,4,4,6,2
9,9,22,585.9,12,386.5,7.17219408308,11,7,4,4,6,2
10,10,23,604.2,11,362.0,7.2135878592,12,7,4,4,6,1
11,11,23,600.7,12,383.7,7.05121860351,12,7,4,4,6,2
12,12,23,601.2,13,405.6,6.78211143916,12,7,4,5,6,2
13,13,23,600.9,12,384.0,7.00819114201,12,7,4,4,6,2
14,14,23,581.2,12,376.7,7.28107352116,12,7,4,5,5,2
15,15,23,580.3,12,378.6,7.29304991585,12,7,4,5,5,2
16,16,23,575.8,13,394.1,6.93224407426,12,7,4,6,5,2
17,17,24,603.3,13,406.0,7.39528713027,13,7,4,6,5,2
18,18,23,582.3,13,396.9,6.62513479615,13,7,3,6,5,2
19,19,23,581.2,13,399.2,6.82125253645,13,7,3,6,5,2
20,20,23,585.8,12,378.8,7.00593480769,12,7,4,5,5,2
21,21,23,588.7,13,405.5,7.02149157042,12,7,4,6,5,2
22,22,23,592.8,13,407.1,6.9920875665,12,7,4,6,5,2
23,23,22,575.7,14,423.8,6.20363843806,12,7,3,7,5,2
24,24,23,590.7,13,389.7,5.80561265845,12,7,4,6,5,2
25,25,23,587.1,12,364.7,6.14596818257,12,7,4,6,4,2
26,26,23,561.5,10,305.2,6.20251447163,12,7,4,4,4,2
27,27,22,565.7,13,389.8,6.20263350019,12,7,3,6,5,2
28,28,22,577.3,12,372.8,6.26894531199,12,7,3,6,4,2
29,29,22,554.3,12,368.0,7.14092679544,12,7,3,5,5,2
30,30,21,547.6,11,344.5,6.732971466,12,6,3,5,4,2
31,31,22,573.2,16,462.5,5.61229324767,12,7,3,7,6,3
32,32,22,573.7,13,399.4,6.58113695621,12,7,3,7,4,2
33,33,23,600.2,13,405.4,7.0740549167,12,7,4,6,5,2
34,34,22,618.3,15,473.2,6.74483769248,11,7,4,6,6,3
35,35,23,654.8,17,532.5,6.41740777336,12,7,4,8,6,3
36,36,22,627.6,15,479.7,6.88747530067,12,7,3,7,6,2
37,37,20,601.1,15,497.2,7.10385180915,11,6,3,7,6,2
38,38,21,617.1,14,468.2,7.28788623088,12,6,3,6,6,2
39,39,20,590.2,14,464.4,7.59521317396,11,6,3,7,5,2
40,40,19,550.3,12,405.6,8.00626216896,11,5,3,7,3,2
41,41,18,522.7,12,399.5,7.55778826104,10,5,3,6,4,2
42,42,21,610.8,14,467.7,7.51832998174,11,7,3,7,5,2
43,43,20,592.7,14,469.5,7.43882241671,11,6,3,7,5,2
44,44,20,607.8,15,506.3,7.36277264708,11,6,3,7,5,3
45,45,21,648.8,17,562.3,6.62212021867,11,7,3,7,7,3
46,46,21,645.5,16,538.6,6.8947426486,11,7,3,7,6,3
47,47,21,638.8,17,559.6,7.1153087809,11,7,3,7,7,3
48,48,21,646.0,16,550.5,7.81309645342,11,7,3,7,6,3
49,49,18,551.9,12,420.2,7.89282167459,11,5,2,7,3,2
50,50,13,442.9,11,394.7,6.51375270938,7,4,2,5,4,2
51,51,15,491.4,12,421.3,7.05091686034,10,3,2,7,3,2
52,52,16,505.6,11,390.1,7.17560682684,9,5,2,5,4,2
53,53,11,396.4,11,396.4,4.47420891941,6,3,2,6,3,2
54,54,16,507.3,12,410.9,6.22558899489,8,5,3,4,5,3
55,55,14,439.8,12,391.7,6.33025180479,6,6,2,5,5,2
56,56,13,421.8,12,397.1,6.63646685426,6,5,2,6,4,2
57,57,12,388.7,11,364.3,5.31078804858,6,4,2,5,4,2
58,58,11,369.1,10,346.5,5.71443149165,4,5,2,4,4,2
59,59,12,388.2,10,340.9,6.86526169798,6,4,2,4,4,2
60,60,14,426.6,10,333.1,7.91701464437,7,5,2,4,4,2
61,61,14,459.7,13,436.1,5.84368260377,7,5,2,7,4,2
62,62,11,372.8,10,350.1,6.74113559357,5,4,2,4,4,2
63,63,13,417.0,12,393.8,5.23388858724,5,6,2,5,5,2
64,64,11,358.4,9,309.9,6.40184632459,6,3,2,4,3,2
65,65,13,417.9,12,394.4,4.88903797364,6,5,2,6,4,2
66,66,13,429.2,12,405.8,5.40043920341,6,5,2,5,5,2
67,67,15,472.5,14,447.8,4.24230395624,7,5,3,6,5,3
68,68,13,395.2,11,347.9,4.0914545091,7,4,2,5,4,2
69,69,12,374.4,11,351.1,4.1400483089,5,5,2,5,4,2
70,70,11,355.2,10,330.3,4.2366152871,5,4,2,5,3,2
71,71,11,356.9,11,356.9,3.74015070187,5,4,2,5,4,2
72,72,12,366.1,9,293.2,4.65099370288,6,4,2,4,3,2
73,73,10,324.8,10,324.8,3.69828789216,4,4,2,4,4,2
74,74,15,448.9,13,401.7,4.70477973777,6,5,4,6,4,3
75,75,10,320.7,9,296.4,4.2739651119,4,3,3,4,2,3
76,76,15,414.6,8,253.8,5.31746448709,7,5,3,3,3,2
77,77,10,307.5,8,260.6,4.46150198924,4,4,2,3,3,2
78,78,11,320.3,8,248.9,4.98614443871,3,5,3,2,3,3
79,79,11,340.1,9,293.1,4.93575084092,4,5,2,4,3,2
80,80,13,384.1,9,290.8,5.06451961931,5,5,3,3,4,2
81,81,12,351.6,10,305.5,4.5519226707,5,4,3,3,4,3
82,82,10,308.7,8,262.1,5.3808404961,4,3,3,3,3,2
83,83,10,309.4,8,260.3,4.51791495665,4,3,3,3,3,2
84,84,11,326.3,8,256.6,5.11376040254,5,4,2,3,3,2
85,85,11,345.2,10,322.3,4.95576798929,5,4,2,4,4,2
86,86,11,343.2,10,319.2,5.14373405222,5,4,2,4,4,2
87,87,12,376.6,11,352.2,5.32725979934,6,4,2,5,4,2
88,88,13,416.1,12,392.1,5.82458318086,5,5,3,4,5,3
89,89,14,428.0,10,332.1,6.23617592038,7,5,2,4,4,2
90,90,11,349.6,10,326.0,4.94789211318,4,5,2,3,5,2
91,91,12,376.4,11,353.3,4.5961116636,5,4,3,5,4,2
92,92,13,409.4,11,360.8,5.20519957006,7,3,3,6,3,2
93,93,12,380.8,11,356.1,5.23872526711,6,4,2,5,4,2
94,94,13,408.4,12,384.6,5.12572696533,5,5,3,5,4,3
95,95,11,342.0,9,295.1,5.50335434902,5,4,2,4,3,2
96,96,12,359.8,10,312.4,5.47620195745,5,5,2,5,4,1
97,97,16,475.4,12,385.6,5.76586217895,8,5,3,6,4,2
98,98,14,423.4,10,333.6,6.20170129086,6,5,3,4,4,2
99,99,12,385.1,10,336.6,5.02764328187,5,5,2,4,4,2
100,100,13,404.0,10,333.3,5.36270358528,6,5,2,4,4,2
101,101,13,401.8,12,378.3,4.96344328373,6,5,2,6,4,2
102,102,15,454.2,13,407.6,4.55164020672,7,6,2,5,6,2
103,103,14,407.0,9,286.8,4.43906237006,7,6,1,4,4,1
104,104,14,417.4,11,349.8,5.02422701944,5,6,3,3,5,3
105,105,15,454.4,13,407.9,4.60627935799,7,5,3,6,5,2
106,106,12,356.4,10,308.5,4.16849656787,4,6,2,4,4,2
107,107,15,445.6,13,399.0,3.99936899785,7,5,3,7,4,2
108,108,14,399.4,11,329.3,3.5827425188,7,5,2,6,4,1
109,109,17,479.0,11,342.5,4.72540069885,9,5,3,5,4,2
110,110,17,474.5,12,358.6,4.33530309681,9,5,3,7,3,2
111,111,11,334.7,9,287.3,5.09138309482,5,4,2,5,2,2
112,112,12,382.3,12,382.3,4.57054966524,6,4,2,6,4,2
113,113,13,413.4,12,389.9,4.55796007003,7,4,2,6,4,2
114,114,13,404.0,13,404.0,3.71397223247,7,4,2,7,4,2
115,115,15,443.5,14,419.9,4.25989045243,7,5,3,6,5,3
116,116,16,476.5,13,405.7,4.11342821338,8,5,3,6,4,3
117,117,11,333.2,9,287.5,4.3493573193,6,4,1,4,4,1
118,118,11,334.6,9,286.8,4.61081732057,4,5,2,4,4,1
119,119,12,364.2,12,364.2,4.03608721412,5,5,2,5,5,2
120,120,12,392.8,12,392.8,4.25832517938,6,4,2,6,4,2
121,121,14,445.2,14,445.2,4.23120277499,7,5,2,7,5,2
122,122,12,410.5,12,410.5,4.90759306554,5,5,2,5,5,2
123,123,12,425.0,12,425.0,3.86777674765,5,5,2,5,5,2
124,124,14,459.1,12,410.1,6.45248482676,7,5,2,6,4,2
125,125,15,491.7,15,491.7,4.8769428363,8,5,2,8,5,2
126,126,16,479.1,11,361.2,5.6355974247,9,4,3,5,4,2
127,127,15,480.6,12,409.9,5.9823311271,7,5,3,5,5,2
128,128,15,494.6,13,446.3,6.13729426966,7,5,3,7,4,2
129,129,14,463.2,13,440.6,6.30834089402,7,5,2,7,4,2
130,130,14,457.6,12,408.7,6.22734134441,7,5,2,6,4,2
131,131,12,398.2,11,376.0,6.20144167012,6,4,2,5,4,2
132,132,13,435.6,12,411.5,6.0083915677,7,4,2,6,4,2
133,133,12,402.2,11,377.7,6.09841012565,6,4,2,6,3,2
134,134,15,470.3,14,446.2,4.32432763835,7,5,3,7,5,2
135,135,12,387.1,12,387.1,4.76129438729,6,4,2,6,4,2
136,136,12,393.2,12,393.2,5.74224114204,5,5,2,5,5,2
137,137,13,428.6,11,382.5,6.35339602304,5,6,2,4,5,2
138,138,14,449.1,12,403.1,6.08859950695,7,5,2,5,5,2
139,139,14,448.2,12,399.5,6.28255914819,6,5,3,4,5,3
140,140,14,441.1,12,394.5,6.87777516416,7,4,3,5,4,3
141,141,13,411.9,12,389.2,6.85235314252,6,4,3,5,4,3
142,142,13,407.5,9,313.4,6.87078542146,6,4,3,4,3,2
143,143,13,412.5,10,341.3,6.52934205662,6,4,3,4,3,3
144,144,15,470.1,13,422.3,6.33164388494,7,5,3,6,5,2
145,145,14,452.0,12,404.1,5.37985660988,6,5,3,4,5,3
146,146,13,416.8,11,367.7,5.30919618234,6,5,2,4,5,2
147,147,14,439.9,12,393.9,6.04498248027,6,5,3,4,5,3
148,148,11,351.0,10,327.3,4.80904450914,5,4,2,4,4,2
149,149,10,314.9,9,292.1,4.76175737867,4,4,2,3,4,2
150,150,14,437.6,12,391.0,4.87532472855,7,5,2,5,5,2
151,151,11,332.7,9,285.4,4.57654097247,4,5,2,3,4,2
152,152,13,396.0,11,348.5,4.59919167926,5,5,3,3,5,3
153,153,11,361.7,11,361.7,4.44293105547,4,4,3,4,4,3
154,154,15,449.8,10,331.2,5.74205869834,7,5,3,3,4,3
155,155,16,460.8,10,320.8,5.99043682325,7,6,3,4,4,2
156,156,15,473.5,12,403.2,6.07414505056,7,5,3,5,4,3
157,157,14,450.5,10,354.1,6.96454521917,6,6,2,3,5,2
158,158,12,401.4,9,328.2,6.3023083794,5,5,2,3,4,2
159,159,14,444.7,10,347.2,5.96046037753,6,5,3,4,4,2
160,160,13,417.6,11,368.7,5.65569828376,5,5,3,4,5,2
161,161,12,384.4,10,336.8,6.4505578805,5,4,3,3,4,3
162,162,16,474.0,11,359.9,6.92449757504,7,6,3,5,4,2
163,163,15,438.6,11,350.3,6.49415121475,7,5,3,6,3,2
164,164,10,342.1,9,318.1,4.6412282857,4,4,2,4,3,2
165,165,11,340.2,10,316.0,4.97756786174,5,4,2,5,4,1
166,166,16,454.7,11,337.5,4.3973050459,8,6,2,4,5,2
167,167,13,378.4,10,308.8,4.93160919283,7,4,2,5,3,2
168,168,12,350.4,8,255.1,5.45743862665,6,5,1,4,3,1
169,169,14,388.5,9,280.3,5.97684635135,7,4,3,5,3,1
170,170,18,475.9,9,276.0,5.46745869442,9,6,3,3,4,2
171,171,16,445.8,9,282.8,5.5726564581,8,5,3,4,3,2
172,172,14,406.2,10,310.9,4.69776659584,8,4,2,5,4,1
173,173,13,396.6,10,322.3,5.23903005311,7,4,2,4,4,2
174,174,13,389.2,11,341.1,5.28575735058,5,5,3,4,5,2
175,175,14,411.8,13,387.0,4.70856129306,6,5,3,5,5,3
176,176,13,388.0,11,339.6,5.05793360056,6,5,2,5,5,1
177,177,14,439.0,13,416.7,5.60531537378,7,5,2,6,5,2
178,178,13,398.7,12,375.1,5.8271469027,5,5,3,4,5,3
179,179,13,396.3,12,372.5,5.75787086718,6,4,3,5,4,3
180,180,15,457.0,13,407.7,5.4784860613,7,5,3,5,5,3
181,181,14,430.3,12,381.2,5.58371356204,6,5,3,4,5,3
182,182,15,451.4,11,356.2,5.97356876662,6,6,3,3,5,3
183,183,14,419.5,12,371.3,5.8930998951,6,5,3,4,5,3
184,184,15,459.4,12,389.0,5.84483491966,6,6,3,5,4,3
185,185,15,458.1,12,389.1,5.91098251441,7,5,3,4,5,3
186,186,14,442.1,11,368.0,5.44457084152,6,5,3,5,4,2
187,187,16,472.4,11,356.3,6.5575910211,7,6,3,5,4,2
188,188,13,409.8,11,360.8,5.96030673793,6,5,2,5,5,1
189,189,11,349.9,10,325.1,5.98372033863,4,5,2,4,4,2
190,190,16,481.4,12,389.0,5.97906068431,7,6,3,5,5,2
191,191,15,463.5,12,395.3,6.08956953675,7,5,3,6,4,2
192,192,16,455.4,13,386.0,4.96412127169,8,5,3,6,4,3
193,193,14,408.0,11,337.9,5.01731069333,7,5,2,5,4,2
194,194,14,404.7,12,355.9,4.83010818253,7,5,2,5,5,2
195,195,14,413.6,12,365.7,4.81898717187,6,5,3,6,5,1
196,196,14,408.5,11,336.9,4.87003057508,7,5,2,6,4,1
197,197,12,359.5,9,287.3,5.12949728767,6,5,1,5,3,1
198,198,13,377.7,10,304.1,4.94513487929,7,5,1,6,3,1
199,199,12,363.0,11,339.2,4.3061267135,6,5,1,6,4,1
200,200,14,405.1,12,358.2,4.75145437538,7,6,1,6,5,1
201,201,14,407.7,11,335.9,4.88328051328,7,6,1,5,5,1
202,202,15,427.3,11,330.3,4.64479227072,8,5,2,5,4,2
203,203,13,384.8,12,359.8,4.22709514127,6,5,2,5,5,2
204,204,12,357.6,12,357.6,4.40598766144,5,5,2,5,5,2
205,205,14,409.5,10,314.9,5.10229963237,6,6,2,4,4,2
206,206,13,388.4,12,364.3,4.40192265685,6,5,2,5,5,2
207,207,11,324.3,9,276.6,4.66214932876,5,5,1,5,3,1
208,208,14,406.1,10,310.8,4.85219447351,8,3,3,6,3,1
209,209,10,308.7,9,285.5,5.45793001054,6,3,1,5,3,1
210,210,14,420.4,11,347.4,4.93689852367,7,4,3,4,4,3
211,211,15,442.4,13,396.9,4.68561120676,8,4,3,7,4,2
212,212,14,423.6,12,376.1,5.18440179558,7,4,3,6,3,3
213,213,15,451.2,11,358.3,7.01856721235,7,5,3,4,4,3
214,214,16,496.9,14,448.9,5.89587073015,8,5,3,8,4,2
215,215,12,399.2,10,350.0,6.62753667845,7,3,2,5,3,2
216,216,14,427.7,9,316.6,8.09185250255,8,3,3,5,2,2
217,217,13,415.0,11,367.7,7.19943908071,7,4,2,6,3,2
218,218,15,453.8,10,344.7,8.09707766214,7,5,3,5,3,2
219,219,14,430.3,9,318.2,8.38328071845,6,5,3,5,2,2
220,220,14,432.5,11,369.1,7.94156197441,6,5,3,5,4,2
221,221,17,524.5,12,409.0,6.96438418375,7,6,4,4,5,3
222,222,18,540.9,12,408.7,7.42010385214,8,6,4,5,4,3
223,223,14,438.1,12,396.6,7.40659418104,6,5,3,5,5,2
224,224,14,441.0,12,398.3,7.68635154023,7,4,3,6,4,2
225,225,16,497.4,13,430.0,6.83480065547,8,4,4,6,4,3
226,226,14,450.0,13,425.4,5.28506084467,7,4,3,6,4,3
227,227,17,492.6,11,359.2,6.55720304434,8,5,4,4,3,4
228,228,14,408.3,8,270.4,6.58350002107,6,5,3,4,2,2
229,229,16,476.1,11,357.4,6.09961405883,8,4,4,5,3,3
230,230,13,404.4,9,307.5,6.4269564516,6,4,3,4,3,2
231,231,13,406.5,9,312.5,6.78827231522,8,3,2,4,3,2
232,232,14,426.0,10,336.4,6.70274668974,7,3,4,4,3,3
233,233,14,408.1,8,271.9,6.96306188176,7,4,3,3,3,2
234,234,15,415.8,8,268.9,7.63022186534,7,5,3,3,3,2
235,235,16,438.1,8,268.4,7.63555007842,8,5,3,3,3,2
236,236,16,472.0,10,341.0,7.78828179596,8,5,3,5,3,2
237,237,16,451.1,9,301.3,8.12965507673,8,4,4,5,2,2
238,238,16,463.8,12,383.7,7.9743651785,8,4,4,6,3,3
239,239,16,480.7,11,377.0,8.02753334884,8,4,4,5,3,3
240,240,14,422.3,10,337.1,7.92974993716,7,4,3,5,3,2
241,241,16,463.1,11,358.6,7.49274927291,8,5,3,6,3,2
242,242,18,493.7,10,339.9,8.86764147671,10,5,3,5,3,2
249,249,2,27.5,0,0,0.494974746831,1,0,1,0,0,0
250,250,2,28.6,0,0,0.989949493661,1,0,1,0,0,0
251,251,3,42.3,0,0,0.793725393319,1,0,2,0,0,0
252,252,3,41.8,0,0,0.321455025366,1,0,2,0,0,0
253,253,3,41.8,0,0,0.321455025366,1,0,2,0,0,0
254,254,3,40.8,0,0,0.529150262213,1,0,2,0,0,0
255,255,3,40.5,0,0,0.556776436283,1,0,2,0,0,0
256,256,5,79.7,0,0,2.60057685908,2,0,3,0,0,0
257,257,5,79.2,0,0,2.39227924791,2,0,3,0,0,0
258,258,6,99.3,0,0,1.83929334256,3,0,3,0,0,0
259,259,6,101.5,0,0,2.02328116352,3,0,3,0,0,0
260,260,6,102.8,0,0,2.27830346237,3,0,3,0,0,0
261,261,6,101.3,0,0,2.17477968233,3,0,3,0,0,0
262,262,7,115.0,0,0,2.55911070863,3,1,3,0,0,0
263,263,7,118.6,0,0,3.12562374727,3,1,3,0,0,0
264,264,7,122.0,1,25.1,3.82740742789,3,1,3,0,0,1
265,265,7,115.9,0,0,2.25304027398,3,1,3,0,0,0
266,266,8,128.1,0,0,1.9526081459,3,2,3,0,0,0
267,267,8,128.6,0,0,2.71595813138,3,2,3,0,0,0
