,e_id,num_sat,sum_snr,num_sat_25,sum_snr_25,snr_std,elev_0_30,elev_30_60,elev_60_90,elev_0_30_25,elev_30_60_25,elev_60_90_25
1,1,20,502.3,10,303.0,6.07421426584,12,7,1,4,5,1
2,2,20,503.9,9,276.0,6.25918062571,12,7,1,3,5,1
3,3,20,532.8,12,371.4,6.28342849758,12,7,1,5,6,1
4,4,19,500.8,10,315.9,6.70649070259,11,7,1,4,5,1
5,5,19,493.2,9,288.4,7.02110435991,11,7,1,4,4,1
6,6,19,498.6,10,315.0,7.0858478509,12,6,1,4,5,1
7,7,20,511.6,12,364.0,6.93788986576,12,7,1,5,6,1
8,8,20,505.7,11,334.4,6.83345293006,12,7,1,5,5,1
9,9,19,490.1,9,287.7,6.68393377886,12,6,1,3,5,1
10,10,20,514.4,11,337.4,6.52997944705,12,7,1,5,5,1
11,11,20,517.7,12,357.1,5.95184845237,12,7,1,7,4,1
12,12,21,549.3,14,407.1,5.43466387448,12,8,1,7,6,1
13,13,21,540.1,11,333.6,5.86426628383,12,8,1,4,6,1
14,14,21,577.1,14,429.2,5.64815182583,12,8,1,7,6,1
15,15,20,568.3,14,440.0,5.86158546901,11,8,1,6,7,1
16,16,19,554.7,11,375.7,6.48763556349,10,8,1,4,6,1
17,17,20,566.4,12,393.9,6.77414589683,12,8,0,5,7,0
18,18,18,518.7,12,394.3,6.74948799801,10,8,0,5,7,0
19,19,20,572.0,12,395.3,6.2660320694,11,8,1,5,7,0
20,20,20,564.1,11,367.7,6.54357660128,11,8,1,4,7,0
21,21,20,565.3,13,420.8,6.78514437654,11,8,1,6,7,0
22,22,21,587.3,13,420.6,6.80245053884,12,8,1,5,7,1
23,23,21,574.9,12,391.1,7.09590760664,12,8,1,4,7,1
24,24,21,583.0,14,436.1,5.55738033524,12,8,1,6,7,1
25,25,21,586.6,14,441.2,6.19195714886,12,8,1,7,7,0
26,26,20,535.3,12,361.1,5.54989568418,11,8,1,6,5,1
27,27,21,545.1,12,361.7,6.0698905615,12,8,1,6,5,1
28,28,22,563.4,13,390.1,6.38897182956,13,8,1,5,7,1
29,29,21,545.2,14,413.1,6.11902575501,12,8,1,6,7,1
30,30,22,583.1,14,425.4,6.28304424795,13,8,1,7,6,1
31,31,22,596.6,15,462.7,6.64333797077,13,8,1,8,6,1
32,32,21,558.8,14,418.7,6.09892652537,12,8,1,7,6,1
33,33,22,567.1,12,350.7,4.79919951839,13,8,1,6,5,1
34,34,22,598.0,16,478.1,5.83443279682,13,8,1,7,8,1
35,35,21,565.9,12,358.3,4.2774547394,12,8,1,5,6,1
36,36,20,546.5,13,395.7,5.14923346365,11,8,1,5,7,1
37,37,21,565.7,13,391.1,5.60254194009,12,8,1,6,7,0
38,38,21,580.4,13,397.1,4.62973824211,12,8,1,6,6,1
39,39,21,567.6,13,398.7,5.7597867024,12,8,1,7,5,1
40,40,21,589.5,14,430.6,5.27059226816,12,8,1,8,6,0
41,41,21,569.9,14,425.0,5.66502217034,12,8,1,6,7,1
42,42,21,565.3,12,375.1,5.69355943568,12,8,1,5,6,1
43,43,20,546.8,13,399.1,5.62601102025,11,8,1,6,6,1
44,44,20,570.1,15,465.9,5.8045785014,11,8,1,8,6,1
45,45,21,580.7,13,413.3,6.32547382001,12,8,1,6,6,1
46,46,21,585.5,14,427.6,5.42564457439,12,8,1,6,7,1
47,47,21,586.4,15,452.7,5.50789476678,12,8,1,8,7,0
48,48,21,548.9,13,379.2,5.15960039058,12,8,1,6,6,1
49,49,21,534.6,11,317.4,4.86596048366,12,8,1,6,4,1
50,50,21,544.2,14,391.4,4.41398750726,12,8,1,8,5,1
51,51,20,504.2,11,313.6,4.75216294245,11,8,1,3,7,1
52,52,21,538.7,12,344.4,4.3448382073,12,8,1,4,7,1
53,53,22,547.4,11,314.0,4.39671266415,13,8,1,4,6,1
54,54,21,539.4,12,353.3,5.21998905308,12,8,1,5,6,1
55,55,21,542.1,10,305.3,5.2704160855,12,8,1,5,4,1
56,56,21,541.4,12,352.8,5.02141604008,12,8,1,6,5,1
57,57,21,540.2,11,328.6,5.30263187124,12,8,1,5,5,1
58,58,21,529.8,10,303.9,5.79155789552,12,8,1,5,4,1
59,59,21,531.7,11,321.7,5.17915234837,12,8,1,5,5,1
60,60,21,529.0,11,324.0,5.38394880751,12,8,1,6,4,1
61,61,21,523.1,10,298.2,5.58138914267,12,8,1,5,4,1
62,62,21,515.8,8,240.5,5.14397474629,12,8,1,3,4,1
63,63,21,532.0,10,295.5,4.86686072672,12,8,1,5,4,1
64,64,21,523.9,9,269.6,5.1191424133,12,8,1,4,4,1
65,65,21,519.1,10,293.1,5.64487546786,12,8,1,5,4,1
66,66,21,527.5,10,292.8,5.04545528646,12,8,1,5,4,1
67,67,21,527.6,11,316.4,4.63507332864,12,8,1,5,5,1
68,68,20,551.1,14,421.9,5.29830906492,11,8,1,6,7,1
69,69,21,586.2,14,432.3,5.52478829588,12,8,1,8,5,1
70,70,21,610.4,15,478.8,5.83552339841,12,8,1,7,7,1
71,71,21,579.8,15,453.1,5.08988258822,12,8,1,8,6,1
72,72,21,568.7,12,372.3,5.54487322196,12,8,1,6,5,1
73,73,20,554.5,13,407.8,6.08292476398,12,7,1,6,6,1
74,74,20,541.5,11,355.7,6.79921628611,12,7,1,6,4,1
75,75,21,559.5,12,374.8,6.4431026244,12,8,1,6,5,1
76,76,21,567.0,13,404.0,6.32004746818,12,8,1,6,6,1
77,77,21,574.5,13,406.8,6.2476052555,12,8,1,5,7,1
78,78,21,554.8,13,387.8,5.68529850119,12,8,1,5,7,1
79,79,21,573.8,14,421.7,5.53623561293,12,8,1,6,7,1
80,80,20,553.6,12,376.8,5.7836975971,12,7,1,5,6,1
81,81,19,513.6,11,344.1,6.07015033967,11,7,1,6,5,0
82,82,19,517.9,11,353.6,7.09438868946,11,7,1,5,5,1
83,83,19,533.9,12,389.7,6.61857655055,11,7,1,5,6,1
84,84,20,551.0,13,399.8,5.27940387384,11,8,1,6,6,1
85,85,19,525.2,13,396.7,5.50941777419,11,7,1,6,6,1
86,86,19,531.9,14,434.0,6.33951222135,10,8,1,7,6,1
87,87,19,507.5,11,342.6,6.33402581625,10,8,1,5,5,1
88,88,19,531.9,16,472.1,4.96492963855,10,8,1,7,8,1
89,89,18,530.2,16,485.6,4.75323075543,10,7,1,8,7,1
90,90,18,481.6,12,355.0,5.0215092906,10,7,1,4,7,1
91,91,20,524.0,10,301.0,4.49689951668,11,8,1,5,4,1
92,92,20,506.5,10,301.6,5.53618479689,11,8,1,6,3,1
93,93,20,513.2,13,371.2,4.9407436048,11,8,1,6,6,1
94,94,20,514.0,11,323.7,5.1585391649,11,8,1,5,5,1
95,95,20,535.3,12,375.7,6.5295502384,11,8,1,5,6,1
96,96,19,558.8,14,456.8,7.02154578872,10,8,1,5,8,1
97,97,19,544.3,13,417.8,6.27777105004,11,7,1,6,6,1
98,98,19,541.3,14,434.9,6.03516498319,11,7,1,7,6,1
99,99,19,540.7,13,408.6,5.65364344565,11,7,1,6,6,1
100,100,20,562.7,15,460.7,5.53878905633,11,8,1,7,7,1
101,101,20,532.6,11,332.4,4.99369075619,11,8,1,6,4,1
102,102,20,501.4,8,253.0,6.37677529461,11,8,1,4,3,1
103,103,20,503.5,7,225.7,6.44130380721,11,8,1,5,1,1
104,104,19,485.6,8,251.7,5.99437845814,11,7,1,4,3,1
105,105,20,525.7,11,328.1,5.3758010419,11,8,1,6,4,1
106,106,20,566.5,13,414.6,5.76229806131,11,8,1,7,6,0
107,107,19,552.3,12,399.8,6.86691363889,10,8,1,4,7,1
108,108,18,535.6,12,401.8,6.61195194301,9,8,1,5,6,1
109,109,18,529.7,11,371.5,6.68182834749,9,8,1,4,6,1
110,110,19,537.0,12,395.6,7.24731448548,10,8,1,4,7,1
111,111,19,532.9,11,364.1,6.98175148521,10,8,1,3,7,1
112,112,19,559.2,14,451.3,6.32868712307,10,8,1,6,7,1
113,113,20,562.6,12,392.2,6.95845566654,11,8,1,4,7,1
114,114,20,540.4,12,377.5,6.63178947034,11,8,1,5,6,1
115,115,20,548.6,13,408.1,6.3602466023,11,8,1,6,6,1
116,116,19,521.5,13,408.9,6.66736399862,10,8,1,6,6,1
117,117,19,546.2,12,384.4,4.98156249708,10,8,1,5,6,1
118,118,19,528.8,12,379.9,5.77937449822,10,8,1,5,6,1
119,119,19,537.2,12,380.2,5.21108243237,10,8,1,5,6,1
120,120,19,518.8,10,319.2,5.55792464107,10,8,1,4,6,0
121,121,19,517.5,12,365.5,5.19136147057,10,8,1,5,6,1
122,122,19,510.5,10,309.9,5.09640969829,10,8,1,4,5,1
123,123,19,522.1,12,369.7,5.35916441946,10,8,1,5,6,1
124,124,20,542.1,11,350.9,6.10551734952,11,8,1,4,6,1
125,125,21,563.3,12,376.9,6.21682433095,12,8,1,5,6,1
126,126,20,555.2,12,375.9,5.36542537677,11,8,1,5,6,1
127,127,21,564.5,12,371.5,5.8674201356,12,8,1,5,6,1
128,128,21,572.4,13,400.7,5.76745796938,12,8,1,6,6,1
129,129,21,570.6,13,404.5,6.15054004598,12,8,1,6,6,1
130,130,21,560.0,12,373.1,6.29240282669,12,8,1,5,6,1
131,131,21,554.2,12,373.1,6.64972967585,12,8,1,5,6,1
132,132,21,565.2,11,350.1,6.25709882568,12,8,1,4,6,1
133,133,21,556.9,11,346.5,6.54168319682,12,8,1,4,6,1
134,134,21,562.8,12,376.7,6.59636263406,12,8,1,4,7,1
135,135,21,560.2,13,396.9,6.22108549707,12,8,1,6,6,1
136,136,21,565.5,12,367.4,5.74387872932,12,8,1,4,7,1
137,137,21,566.1,12,368.9,5.6641478996,12,8,1,6,5,1
138,138,21,573.9,14,426.1,5.49218925904,12,8,1,6,7,1
139,139,21,571.7,15,445.6,5.44113083485,12,8,1,7,7,1
140,140,21,575.2,14,426.6,5.65286695066,12,8,1,6,7,1
141,141,21,561.3,13,400.5,6.29818567979,12,8,1,5,7,1
142,142,21,555.6,11,348.5,6.53311345597,12,8,1,4,6,1
143,143,21,555.3,11,350.0,6.68622250816,12,8,1,4,6,1
144,144,19,510.1,9,302.3,7.16785791813,10,8,1,3,5,1
145,145,17,494.7,10,334.6,6.29036962348,9,7,1,4,5,1
146,146,18,513.4,12,390.4,6.68215847089,10,7,1,5,6,1
147,147,18,533.8,12,405.5,7.03070762251,10,7,1,4,7,1
148,148,17,518.5,14,456.3,6.78408063042,9,7,1,6,7,1
149,149,18,511.2,12,385.3,6.83150142829,10,7,1,5,6,1
150,150,18,511.5,9,312.9,7.16743041986,10,7,1,3,5,1
151,151,18,515.0,11,370.8,7.71719919392,10,7,1,5,5,1
152,152,17,487.0,10,342.5,7.88940093156,9,7,1,4,5,1
153,153,18,507.4,11,360.2,7.21321409057,10,7,1,5,5,1
154,154,18,492.6,11,359.2,7.56804427297,10,7,1,5,5,1
155,155,18,498.4,12,376.2,6.547553552,10,7,1,6,5,1
156,156,18,503.9,11,360.4,6.94588089719,10,7,1,5,5,1
157,157,18,497.5,10,337.9,7.75614662429,10,7,1,4,5,1
158,158,18,499.1,12,382.6,7.12161627025,10,7,1,5,6,1
159,159,18,498.5,12,382.3,7.13512209568,10,7,1,5,6,1
160,160,18,493.9,12,381.1,7.41129018608,10,7,1,5,6,1
161,161,19,521.2,11,355.2,6.86480983241,11,7,1,5,5,1
162,162,19,523.2,11,362.2,7.50438468322,11,7,1,5,5,1
163,163,18,504.7,10,328.2,6.71855541974,10,7,1,3,6,1
164,164,19,524.1,11,356.2,7.02971970027,11,7,1,4,6,1
165,165,20,535.7,10,326.8,7.08922644433,12,7,1,3,6,1
166,166,20,543.7,12,384.9,7.27810523347,12,7,1,5,6,1
167,167,20,552.5,12,388.5,7.15651157302,12,7,1,5,6,1
168,168,20,535.5,11,347.8,6.44612286572,12,7,1,5,5,1
169,169,19,500.0,11,333.6,5.96873922644,11,7,1,4,6,1
170,170,20,522.1,12,363.6,6.49878328693,12,7,1,5,6,1
171,171,21,566.0,11,347.8,6.16113780463,13,7,1,5,5,1
172,172,20,547.6,10,330.2,6.65792760549,12,7,1,4,5,1
173,173,19,528.3,12,377.6,6.30136437468,11,7,1,5,6,1
174,174,13,399.6,12,377.0,4.87006818254,6,6,1,5,6,1
175,175,15,422.7,10,324.1,7.10193132686,7,7,1,3,6,1
176,176,16,457.9,10,337.3,7.32595556907,8,7,1,3,6,1
177,177,16,477.9,13,421.6,7.05083623882,8,7,1,6,6,1
178,178,18,514.4,10,345.0,7.65257016076,10,7,1,3,6,1
179,179,18,515.9,11,370.0,7.33245315573,10,7,1,4,6,1
180,180,18,501.0,10,334.7,7.40786545425,10,7,1,3,6,1
181,181,17,475.4,11,366.7,8.22609728064,9,7,1,4,6,1
182,182,17,481.8,10,345.8,8.2069375244,9,7,1,3,6,1
183,183,18,496.8,11,362.8,7.43054110926,10,7,1,5,5,1
184,184,18,501.7,10,330.8,7.34356905979,10,7,1,4,5,1
185,185,18,496.1,10,330.8,7.02994760995,10,7,1,4,5,1
186,186,20,540.2,10,329.5,6.7804595404,12,7,1,4,5,1
187,187,19,524.9,13,408.4,7.02082949399,11,7,1,7,5,1
188,188,18,514.1,13,410.0,6.62154583772,10,7,1,7,5,1
189,189,20,566.5,13,413.3,6.51765820069,12,7,1,7,5,1
190,190,16,480.4,12,386.4,5.81062245662,8,7,1,6,5,1
191,191,17,490.7,11,356.4,6.2942375607,9,7,1,5,5,1
192,192,16,462.6,9,299.8,6.17315424506,8,7,1,3,5,1
193,193,16,470.5,10,332.4,6.29300868689,8,7,1,4,5,1
194,194,16,459.9,10,329.3,6.76658148551,8,7,1,4,5,1
195,195,18,485.8,9,293.5,6.34784714677,10,7,1,3,5,1
196,196,17,476.7,9,304.9,7.12908293748,9,7,1,3,5,1
197,197,16,452.3,10,323.2,6.34620293299,8,7,1,4,5,1
198,198,16,456.7,11,360.2,7.42131782996,8,7,1,4,6,1
199,199,18,507.8,11,363.4,7.24884484825,10,7,1,4,6,1
200,200,18,504.1,11,362.4,7.55477817031,10,7,1,5,5,1
201,201,18,492.6,12,384.6,7.93569745628,10,7,1,5,6,1
202,202,18,509.8,12,378.2,6.27005540416,10,7,1,5,6,1
203,203,18,511.9,12,381.0,6.22557711843,10,7,1,6,5,1
204,204,18,510.8,12,389.5,6.7082526484,10,7,1,5,6,1
205,205,18,508.7,10,338.3,6.95524676171,10,7,1,4,5,1
206,206,18,510.4,12,388.9,6.62137556548,10,7,1,6,5,1
207,207,18,505.4,11,365.3,7.46596635371,10,7,1,5,5,1
208,208,18,514.5,12,386.8,6.44125033533,10,7,1,6,5,1
209,209,18,481.1,10,324.6,7.61622150842,10,7,1,4,5,1
210,210,18,500.3,11,361.1,7.71587151284,10,7,1,4,6,1
211,211,19,506.8,11,357.2,8.23156810397,11,7,1,5,5,1
212,212,18,498.8,11,348.2,6.69608216346,10,7,1,4,6,1
213,213,18,495.7,11,353.1,7.33686412327,10,7,1,5,5,1
214,214,18,500.4,11,353.3,7.15607516483,10,7,1,5,5,1
215,215,18,502.6,14,433.8,7.49474761617,10,7,1,7,6,1
216,216,18,520.5,13,414.5,6.83987013981,10,7,1,6,6,1
217,217,19,512.8,11,353.6,7.0974091311,11,7,1,5,5,1
218,218,18,502.0,10,333.5,7.53360228567,11,6,1,4,5,1
219,219,19,523.5,12,385.1,7.68572764003,11,7,1,5,6,1
220,220,19,505.3,10,328.3,8.14230882382,11,7,1,4,5,1
221,221,19,507.8,10,328.8,7.98893972281,11,7,1,4,5,1
222,222,18,474.1,10,323.2,8.48466706261,11,6,1,5,4,1
223,223,18,479.2,9,298.6,8.25801254793,11,6,1,5,4,0
224,224,18,495.9,10,337.6,8.24052040047,11,6,1,4,5,1
225,225,19,518.7,11,353.6,7.0447774194,11,7,1,5,5,1
226,226,19,536.5,12,387.7,6.45800197226,11,7,1,5,6,1
227,227,18,531.0,14,447.7,5.77051328128,10,7,1,7,6,1
228,228,18,523.1,14,443.1,5.8887868409,10,7,1,7,6,1
229,229,19,525.9,13,410.8,6.77606727529,11,7,1,6,6,1
230,230,19,527.7,13,410.4,6.62225558295,11,7,1,6,6,1
231,231,19,515.7,12,380.7,6.68890588873,11,7,1,5,6,1
232,232,17,484.3,12,384.5,6.33875799674,9,7,1,5,6,1
233,233,17,487.0,12,388.2,6.56326116034,9,7,1,5,6,1
234,234,18,514.0,14,436.3,6.08752071838,10,7,1,7,6,1
235,235,18,513.9,13,412.1,5.98618507605,10,7,1,6,6,1
236,236,18,516.1,12,388.1,6.0347820815,10,7,1,5,6,1
237,237,18,520.3,14,437.4,5.54208202778,10,7,1,7,6,1
238,238,18,516.0,12,387.0,5.88997153693,10,7,1,5,6,1
239,239,18,513.8,12,385.3,5.95682724692,10,7,1,5,6,1
240,240,18,500.7,11,355.9,6.79560844352,10,7,1,4,6,1
241,241,18,496.9,12,379.3,6.55469945667,10,7,1,5,6,1
242,242,19,516.4,12,379.1,6.51592740456,11,7,1,5,6,1
243,243,18,503.8,11,354.7,6.06008045849,10,7,1,4,6,1
244,244,18,513.1,14,432.2,5.58384984441,10,7,1,7,6,1
245,245,18,499.6,12,375.7,5.9592954797,10,7,1,5,6,1
246,246,19,527.9,11,353.1,5.8321201746,11,7,1,5,5,1
247,247,19,526.4,12,381.2,6.14351271977,11,7,1,5,6,1
248,248,18,504.8,13,400.3,5.73751557447,10,7,1,6,6,1
249,249,19,520.8,12,373.9,5.90055503386,11,7,1,5,6,1
250,250,19,519.2,12,373.9,6.0361726381,11,7,1,5,6,1
251,251,19,502.7,11,344.7,6.60389748469,11,7,1,4,6,1
252,252,19,512.2,11,354.5,6.96390023139,11,7,1,5,5,1
253,253,18,491.7,10,334.7,7.99803284638,10,7,1,4,5,1
254,254,18,510.8,10,342.8,7.38444753245,10,7,1,4,5,1
255,255,18,483.2,9,294.0,6.58029341579,10,7,1,4,5,0
256,256,18,479.3,11,333.5,5.83133579244,10,7,1,4,6,1
257,257,18,482.4,12,355.3,5.43691088763,10,7,1,6,6,0
258,258,18,488.8,10,321.1,6.48103316221,10,7,1,4,5,1
259,259,19,534.0,11,359.5,6.38657217086,11,7,1,5,5,1
260,260,18,508.0,12,389.0,7.04644721123,10,7,1,6,5,1
261,261,18,513.3,12,390.8,7.06501321759,10,7,1,6,5,1
262,262,18,507.1,11,362.1,7.10275883066,10,7,1,5,5,1
263,263,18,515.5,12,391.0,6.81496095443,10,7,1,6,5,1
264,264,18,513.8,10,340.5,7.02627189426,10,7,1,4,5,1
265,265,18,521.0,11,368.1,6.27077462353,10,7,1,5,5,1
266,266,18,500.6,11,360.1,7.46764699447,10,7,1,5,5,1
267,267,18,490.9,10,329.1,7.41062873855,10,7,1,5,5,0
268,268,19,523.6,12,387.7,7.0098593891,11,7,1,6,5,1
269,269,18,505.0,13,401.7,5.94229330084,11,6,1,7,5,1
270,270,18,488.8,11,349.1,6.65230806671,11,6,1,6,4,1
271,271,19,507.2,11,352.1,7.04733784916,11,7,1,6,4,1
272,272,19,516.5,12,374.0,6.25328919298,11,7,1,6,5,1
273,273,19,517.0,12,380.8,6.54292618336,11,7,1,6,5,1
274,274,19,533.1,11,357.8,5.94972602446,11,7,1,5,5,1
275,275,18,509.4,11,356.5,5.88087628524,10,7,1,5,5,1
276,276,18,516.9,13,410.1,5.58793342838,10,7,1,6,6,1
277,277,18,514.7,13,412.5,6.06886676331,10,7,1,6,6,1
278,278,17,479.4,10,321.4,5.66259657754,9,7,1,4,5,1
279,279,17,426.5,9,266.1,5.37736951875,9,7,1,4,5,0
280,280,17,440.6,9,273.5,5.75686929829,9,7,1,4,5,0
291,291,2,26.6,0,0,0.424264068712,0,2,0,0,0,0
292,292,2,27.4,0,0,0.424264068712,0,2,0,0,0,0
293,293,3,40.4,0,0,1.64418166069,1,2,0,0,0,0
294,294,3,43.3,0,0,3.01385688667,1,2,0,0,0,0
295,295,5,81.5,0,0,3.51496799416,1,4,0,0,0,0
296,296,6,97.8,0,0,3.06659420204,2,4,0,0,0,0
297,297,6,96.8,0,0,3.05853995669,2,4,0,0,0,0
298,298,9,147.4,0,0,2.02038225206,2,7,0,0,0,0
299,299,9,147.5,0,0,2.21440987875,2,7,0,0,0,0
300,300,9,146.5,0,0,2.30259515426,2,7,0,0,0,0
301,301,9,149.8,0,0,2.45107686085,2,7,0,0,0,0
