,e_id,num_sat,sum_snr,num_sat_25,sum_snr_25,snr_std,elev_0_30,elev_30_60,elev_60_90,elev_0_30_25,elev_30_60_25,elev_60_90_25
68,68,1,16.2,0,0,,0,1,0,0,0,0
69,69,1,16.5,0,0,,0,1,0,0,0,0
70,70,1,16.3,0,0,,0,1,0,0,0,0
71,71,1,15.7,0,0,,0,1,0,0,0,0
72,72,1,15.4,0,0,,0,1,0,0,0,0
73,73,1,14.8,0,0,,0,1,0,0,0,0
74,74,1,40.8,1,40.8,,1,0,0,1,0,0
75,75,7,207.7,5,158.7,5.77976766711,6,1,0,5,0,0
76,76,10,284.6,8,241.1,6.02682890637,8,2,0,7,1,0
77,77,12,327.7,7,215.9,5.95902040963,9,3,0,7,0,0
78,78,12,311.1,7,218.0,7.79021822544,9,3,0,6,1,0
79,79,12,311.7,6,192.6,7.80444220824,9,3,0,6,0,0
80,80,16,388.5,7,218.7,7.66126349458,9,6,1,6,1,0
81,81,17,408.0,9,274.8,8.05263931888,10,6,1,8,1,0
82,82,18,424.6,8,253.6,8.43151573066,10,7,1,7,1,0
83,83,17,400.0,7,220.9,8.04493355363,10,6,1,7,0,0
84,84,18,422.1,6,194.4,7.51095278674,10,7,1,6,0,0
85,85,18,419.3,5,171.6,8.02675468977,10,7,1,5,0,0
86,86,18,425.8,7,220.7,7.90727306473,10,7,1,6,1,0
87,87,19,441.7,7,222.8,8.11325174028,11,7,1,6,1,0
88,88,20,474.6,8,255.2,8.0432449592,12,7,1,7,1,0
89,89,20,478.7,9,280.1,7.9816417649,12,7,1,8,1,0
90,90,20,471.0,8,253.6,8.14496938704,12,7,1,7,1,0
91,91,20,473.5,9,281.5,8.20954995882,12,7,1,8,1,0
92,92,20,473.7,8,255.6,8.17462537368,12,7,1,8,0,0
93,93,19,450.0,7,229.3,8.26917053195,12,7,0,7,0,0
94,94,19,438.7,7,219.8,7.48545958931,12,7,0,7,0,0
95,95,18,423.1,9,274.5,7.96916647957,12,6,0,8,1,0
96,96,19,434.1,8,242.1,7.38364321555,12,6,1,7,1,0
97,97,19,428.6,8,235.0,6.93904538659,12,6,1,7,1,0
98,98,19,427.4,7,210.7,7.12152244056,12,6,1,6,1,0
99,99,20,448.7,8,240.4,7.19307232507,12,7,1,8,0,0
100,100,20,425.3,7,199.3,6.30240346802,12,7,1,7,0,0
101,101,19,409.3,7,201.3,6.58840022645,12,6,1,7,0,0
102,102,19,410.1,5,150.5,6.16551909664,12,6,1,5,0,0
