,e_id,num_sat,sum_snr,num_sat_25,sum_snr_25,snr_std,elev_0_30,elev_30_60,elev_60_90,elev_0_30_25,elev_30_60_25,elev_60_90_25
68,68,4,124.1,4,124.1,1.4174507634,2,2,0,2,2,0
69,69,5,147.2,4,123.9,4.89520173231,3,2,0,3,1,0
70,70,9,232.1,6,175.8,6.03933863193,5,3,1,4,2,0
71,71,10,257.0,7,198.0,4.83620604285,6,3,1,5,2,0
72,72,10,258.6,5,148.0,5.28587215551,6,3,1,2,3,0
73,73,12,293.6,7,197.5,5.1448709381,6,5,1,5,2,0
74,74,12,296.3,6,179.0,5.95108215267,6,5,1,4,2,0
75,75,13,303.0,6,172.8,6.09897006858,6,6,1,4,2,0
76,76,13,309.0,5,150.6,6.22084997078,6,6,1,5,0,0
77,77,13,304.9,6,176.5,6.46627344826,6,6,1,4,2,0
78,78,13,291.6,5,144.9,6.12840172413,6,6,1,5,0,0
79,79,13,300.2,5,152.3,6.86931116615,6,6,1,4,1,0
80,80,13,304.6,5,149.5,6.38035848201,6,6,1,3,2,0
81,81,13,308.4,5,155.8,7.24352053518,6,6,1,4,1,0
82,82,14,317.3,6,176.5,6.75683211422,7,6,1,4,2,0
83,83,15,337.0,5,147.5,6.1369683845,8,6,1,5,0,0
84,84,15,347.8,6,181.4,7.09686718275,8,6,1,6,0,0
85,85,14,328.1,6,181.0,7.20860673008,8,6,0,5,1,0
