,e_id,num_sat,sum_snr,num_sat_25,sum_snr_25,snr_std,elev_0_30,elev_30_60,elev_60_90,elev_0_30_25,elev_30_60_25,elev_60_90_25
1,1,19,411.1,4,122.6,5.78390588197,9,7,3,3,1,0
2,2,19,415.7,4,123.8,5.60967209849,9,7,3,3,1,0
3,3,20,456.5,5,149.0,5.16668222974,10,7,3,4,1,0
4,4,20,464.3,7,201.6,5.16081133972,10,7,3,4,3,0
5,5,20,468.1,4,124.7,4.81056676823,10,7,3,3,1,0
6,6,20,467.1,5,150.3,4.99531095918,10,7,3,3,2,0
7,7,20,472.1,5,151.2,5.02231598914,10,7,3,3,2,0
8,8,20,467.3,4,127.4,5.18319907312,10,7,3,3,1,0
9,9,20,459.4,4,126.9,5.37265003709,10,7,3,3,1,0
10,10,20,468.0,4,125.3,5.09106544531,10,7,3,3,1,0
11,11,20,467.6,4,127.0,5.32487706802,10,7,3,3,1,0
12,12,20,462.9,4,125.8,5.40102085867,11,6,3,4,0,0
13,13,20,465.4,6,171.5,4.88446517031,11,6,3,4,1,1
14,14,20,466.3,8,228.7,5.11790201671,11,6,3,4,3,1
15,15,20,469.4,7,202.7,4.91582835553,11,6,3,4,3,0
16,16,20,472.2,8,233.9,5.50625481659,11,6,3,4,3,1
17,17,20,472.0,9,256.0,5.48836089039,11,6,3,5,3,1
18,18,20,476.5,10,283.6,5.73492302523,11,6,3,6,3,1
19,19,20,480.8,9,264.3,5.92047295408,11,6,3,6,3,0
20,20,20,482.6,9,268.8,6.10445049038,11,6,3,5,4,0
21,21,20,471.1,9,268.1,6.37985934509,11,6,3,6,3,0
22,22,20,467.1,7,208.4,6.20284102989,11,6,3,5,2,0
23,23,20,466.0,6,183.2,6.10547640281,11,6,3,5,1,0
24,24,20,453.0,6,181.0,6.30100242651,11,6,3,5,1,0
25,25,20,454.1,6,180.4,6.22562404397,11,6,3,5,1,0
26,26,20,456.1,7,205.1,6.28670066594,11,6,3,5,2,0
27,27,20,456.8,7,208.8,6.70281951672,11,6,3,5,2,0
28,28,20,447.7,6,180.7,6.63295401366,11,6,3,5,1,0
29,29,20,442.4,6,179.2,6.66606488512,11,6,3,5,1,0
30,30,20,449.7,7,204.2,6.45097095915,11,6,3,5,1,1
31,31,20,454.8,8,231.5,6.51673150235,11,6,3,5,3,0
32,32,20,448.5,8,229.7,6.5228242995,11,6,3,5,2,1
33,33,20,452.2,9,257.9,6.60110835989,11,6,3,6,2,1
34,34,20,445.2,7,207.4,6.69574884771,11,6,3,5,2,0
35,35,20,444.8,7,207.6,6.64025998223,11,6,3,5,1,1
36,36,20,467.1,8,235.8,6.08851161485,11,6,3,5,2,1
37,37,20,480.9,9,265.7,6.16744210392,11,6,3,6,2,1
38,38,20,451.1,7,195.6,5.09638416713,11,6,3,4,2,1
39,39,20,455.0,7,196.9,5.06946483213,11,6,3,4,3,0
40,40,20,461.9,8,229.2,5.64469709224,11,6,3,5,2,1
41,41,20,471.0,7,203.9,5.56412380202,11,6,3,5,2,0
42,42,20,483.1,9,263.8,5.90311915766,11,6,3,4,4,1
43,43,20,492.5,9,258.1,4.55837863604,11,6,3,6,2,1
44,44,20,470.8,8,221.9,4.51994410771,11,6,3,5,2,1
45,45,20,478.1,7,206.9,5.34991146016,11,6,3,4,3,0
46,46,20,489.5,9,257.2,4.91698185133,11,6,3,4,4,1
47,47,20,475.6,7,204.2,5.08222910066,11,6,3,5,2,0
48,48,20,489.3,8,236.7,5.18959231742,11,6,3,5,3,0
49,49,20,487.3,7,212.8,5.1867518484,11,6,3,5,2,0
50,50,20,496.5,7,209.5,4.87278964735,11,6,3,5,1,1
51,51,20,486.1,7,214.9,5.64917087535,11,6,3,5,1,1
52,52,20,491.5,8,238.4,5.24252600827,11,6,3,6,1,1
53,53,20,490.8,10,287.8,5.37571537467,11,6,3,7,2,1
54,54,20,488.4,9,256.3,4.64288930006,11,6,3,7,2,0
55,55,20,495.7,8,239.6,5.27269780144,11,6,3,5,2,1
56,56,20,482.7,7,205.9,4.97184441049,11,6,3,6,1,0
57,57,20,491.7,9,263.1,5.08219544354,11,6,3,7,2,0
58,58,20,484.7,7,211.4,5.39290713516,11,6,3,6,1,0
59,59,20,479.3,9,254.9,4.88868457175,11,6,3,6,3,0
60,60,20,490.3,9,260.2,5.0682993099,11,6,3,7,1,1
61,61,20,483.4,7,208.4,5.08880091346,11,6,3,6,1,0
62,62,20,505.2,8,241.9,4.75885877518,11,6,3,6,2,0
63,63,20,502.2,10,287.6,4.30310781205,11,6,3,6,3,1
64,64,20,483.6,10,270.1,3.68190454149,11,6,3,7,3,0
65,65,20,489.2,8,232.5,4.55508969234,11,6,3,6,2,0
66,66,19,490.8,10,301.5,5.44375816178,11,5,3,7,3,0
67,67,14,407.2,12,358.4,4.08691291109,8,4,2,7,3,2
68,68,13,384.3,10,312.7,4.64031939661,7,3,3,6,2,2
69,69,16,455.4,11,337.4,4.40210177075,7,6,3,5,4,2
70,70,16,459.3,13,388.4,3.51083442124,8,5,3,7,4,2
71,71,14,392.1,12,345.0,2.82038303065,8,3,3,7,3,2
72,72,17,479.4,13,384.3,3.10724958766,8,6,3,7,4,2
73,73,15,436.9,14,414.8,3.65834987522,8,5,2,7,5,2
74,74,14,413.7,12,365.6,3.51036925518,6,5,3,5,4,3
75,75,16,461.5,11,339.3,4.13343581862,8,6,2,5,4,2
76,76,17,487.6,13,394.1,4.2526808154,8,6,3,6,5,2
77,77,14,408.8,11,337.3,4.41431238656,7,5,2,5,4,2
78,78,14,402.9,10,308.2,4.09242801195,7,4,3,5,3,2
79,79,15,436.7,12,366.8,3.78924543311,7,5,3,6,4,2
80,80,14,424.6,12,379.0,4.22909857124,6,5,3,6,4,2
81,81,12,340.2,9,269.6,3.84151958569,6,5,1,4,4,1
82,82,11,316.2,8,247.2,4.79945072615,5,3,3,4,2,2
83,83,16,461.3,13,390.9,4.42820034928,7,6,3,6,5,2
84,84,15,444.5,12,371.6,3.94528048372,6,6,3,4,5,3
85,85,16,471.0,13,401.2,4.12647953264,7,6,3,5,6,2
86,86,15,448.4,13,400.3,4.14960698082,6,6,3,6,4,3
87,87,14,413.9,13,390.7,3.5739672296,7,5,2,7,4,2
88,88,11,325.5,9,276.9,3.74231333414,5,5,1,5,3,1
