,e_id,num_sat,sum_snr,num_sat_25,sum_snr_25,num_sat_u20,sum_sat_u20,snr_std,elev_0_30,elev_30_60,elev_60_90,sum_elev_0_30,sum_elev_30_60,sum_elev_60_90,elev_0_30_25,elev_30_60_25,elev_60_90_25,sum_elev_0_30_25,sum_elev_30_60_25,sum_elev_60_90_25
1,1,19,438.1,4,132.9,6,106.1,6.1504575972,10,5,4,243.6,116.4,78.1,3,1,0,99.6,33.3,0
2,2,19,458.3,7,215.9,5,81.7,6.47255564736,10,5,4,254.1,123.3,80.9,4,3,0,131.5,84.4,0
3,3,19,433.3,7,198.3,6,103.7,5.10810615963,10,5,4,221.8,124.3,87.2,2,4,1,59.0,109.0,30.3
4,4,19,485.4,9,288.1,6,107.1,7.3598285322,10,5,4,264.8,136.6,84.0,5,3,1,168.1,92.5,27.5
5,5,19,487.0,9,289.9,5,84.7,7.68722263323,10,5,4,269.8,129.8,87.4,5,3,1,172.0,88.7,29.2
6,6,19,483.7,11,328.3,4,65.4,6.13435822863,10,5,4,261.2,131.7,90.8,7,3,1,204.9,90.8,32.6
7,7,19,423.4,6,169.0,6,100.0,4.98935123348,10,5,4,213.3,120.7,89.4,3,2,1,81.8,56.0,31.2
8,8,19,429.5,8,227.2,7,113.7,5.91161509086,10,5,4,226.5,127.9,75.1,4,3,1,113.6,87.7,25.9
9,9,19,453.9,8,235.8,6,100.6,6.05455702911,10,5,4,244.4,125.7,83.8,5,2,1,147.4,63.3,25.1
10,10,19,454.9,8,233.0,6,105.7,5.47533010567,10,5,4,244.1,127.7,83.1,5,3,0,146.2,86.8,0
11,11,20,493.7,9,266.4,3,50.1,5.49519167809,11,5,4,278.4,131.1,84.2,5,4,0,152.3,114.1,0
12,12,20,496.7,9,274.0,4,67.6,6.08382454157,11,5,4,277.0,137.2,82.5,5,4,0,153.8,120.2,0
13,13,20,494.0,10,300.9,6,105.4,6.2880839689,11,5,4,273.2,133.4,87.4,6,3,1,184.4,91.1,25.4
14,14,20,490.1,11,314.8,5,84.2,5.49521083356,11,5,4,271.9,129.3,88.9,7,4,0,203.6,111.2,0
15,15,20,485.2,12,335.6,5,81.7,5.76572449458,11,5,4,277.5,129.2,78.5,7,4,1,199.4,111.1,25.1
16,16,20,496.2,12,345.1,5,81.1,5.89182305805,11,5,4,284.3,126.6,85.3,7,4,1,206.8,111.0,27.3
17,17,19,471.7,10,293.4,5,84.1,5.66792555676,10,5,4,269.1,116.1,86.5,6,2,2,180.9,59.2,53.3
18,18,19,477.5,10,297.6,5,86.6,5.78427491198,10,5,4,275.1,117.2,85.2,6,2,2,185.9,59.7,52.0
19,19,19,485.3,11,324.7,5,89.6,5.62003517085,10,5,4,278.2,121.4,85.7,7,2,2,213.6,58.6,52.5
20,20,19,491.7,11,325.6,3,49.6,5.52022331949,10,5,4,274.0,133.8,83.9,6,4,1,187.5,110.8,27.3
21,21,19,483.7,12,346.5,4,66.2,5.5731813964,10,5,4,272.2,129.0,82.5,7,3,2,206.5,86.0,54.0
22,22,19,480.1,9,280.6,4,64.4,6.56667111942,10,5,4,260.4,143.6,76.1,5,4,0,155.2,125.4,0
23,23,19,473.1,8,235.7,2,32.4,5.05294193735,10,5,4,262.4,125.4,85.3,4,3,1,125.5,82.9,27.3
24,24,19,469.5,11,321.7,6,105.2,6.17835781281,10,5,4,269.1,121.4,79.0,7,3,1,209.3,85.8,26.6
25,25,19,514.1,13,388.7,2,36.5,5.00691918909,10,5,4,283.6,134.9,95.6,9,3,1,262.7,94.3,31.7
26,26,19,489.3,11,320.3,2,35.3,5.10711577889,10,5,4,262.4,137.8,89.1,8,3,0,226.4,93.9,0
27,27,19,501.4,13,373.4,1,18.7,4.09686800927,10,5,4,268.9,134.8,97.7,8,3,2,225.4,91.2,56.8
28,28,19,518.4,11,349.9,3,56.3,6.42506058405,10,5,4,293.1,130.1,95.2,7,3,1,231.0,88.1,30.8
29,29,19,497.0,11,344.7,6,107.3,7.26432040023,10,5,4,279.5,141.5,76.0,6,4,1,196.7,122.5,25.5
30,30,19,492.4,10,313.5,5,84.6,7.04550787996,10,5,4,279.7,133.7,79.0,6,4,0,195.6,117.9,0
31,31,19,512.1,12,375.8,4,71.3,6.74671676703,10,5,4,294.0,135.1,83.0,7,4,1,230.9,119.3,25.6
32,32,19,461.8,8,243.0,5,87.5,6.34511830589,10,5,4,264.3,119.9,77.6,5,3,0,159.3,83.7,0
33,33,19,475.6,8,252.9,6,104.0,6.81811741951,10,5,4,272.9,126.3,76.4,5,3,0,164.8,88.1,0
34,34,19,521.4,11,358.3,5,94.2,6.74498297415,10,5,4,297.9,137.1,86.4,7,3,1,233.5,93.6,31.2
35,35,19,493.6,11,340.9,5,86.4,6.87059587804,10,5,4,273.6,142.0,78.0,7,3,1,213.8,101.2,25.9
36,36,19,483.4,9,269.3,4,71.5,5.46446254239,10,5,4,254.0,133.9,95.5,6,2,1,171.6,68.9,28.8
37,37,19,486.0,10,299.6,4,75.5,5.54522606967,10,5,4,260.9,134.4,90.7,6,3,1,178.0,91.4,30.2
38,38,19,499.4,11,335.6,4,74.7,5.81523508246,10,5,4,259.5,144.3,95.6,6,4,1,179.9,125.5,30.2
39,39,19,509.1,11,341.0,2,38.1,5.78969138347,10,5,4,275.6,139.2,94.3,7,3,1,214.7,98.0,28.3
40,40,19,492.6,11,319.9,2,36.7,4.63343430409,10,5,4,274.9,126.8,90.9,6,3,2,183.8,83.7,52.4
41,41,19,507.3,12,355.2,1,17.4,4.97850937084,10,5,4,282.9,131.4,93.0,6,4,2,191.3,110.6,53.3
42,42,19,459.6,5,153.8,2,37.4,4.96340997667,10,5,4,250.4,119.1,90.1,3,1,1,96.3,30.2,27.3
43,43,19,445.8,4,132.3,5,91.1,6.0432892558,10,5,4,251.6,111.1,83.1,3,1,0,102.4,29.9,0
44,44,19,455.5,7,217.0,5,88.5,6.59720834101,10,5,4,258.1,109.4,88.0,4,2,1,135.2,54.2,27.6
45,45,19,478.3,9,272.7,5,94.3,5.93575251293,10,5,4,265.7,122.0,90.6,5,3,1,163.8,80.6,28.3
46,46,20,486.4,9,268.7,7,124.0,6.41581926507,11,5,4,277.2,123.7,85.5,5,3,1,162.9,79.7,26.1
47,47,20,479.6,7,215.0,6,106.3,6.25683626124,11,5,4,279.1,116.0,84.5,4,2,1,134.6,52.9,27.5
48,48,20,473.8,7,211.0,7,128.2,6.01759700248,11,5,4,274.5,114.2,85.1,4,2,1,130.0,54.3,26.7
49,49,20,492.0,9,269.0,6,108.5,6.04431006903,11,5,4,288.0,119.8,84.2,5,3,1,165.7,78.3,25.0
50,50,20,486.4,7,217.3,5,90.0,5.60174784754,11,5,4,276.5,124.5,85.4,5,2,0,156.2,61.1,0
51,51,20,489.6,8,235.9,4,73.8,4.99374345398,11,5,4,280.2,122.9,86.5,5,2,1,151.2,59.0,25.7
52,52,20,498.1,11,319.0,4,70.1,5.83207780975,11,5,4,290.4,123.3,84.4,7,4,0,210.2,108.8,0
53,53,20,502.7,11,329.0,4,67.3,6.24232370701,11,5,4,286.7,138.2,77.8,7,4,0,210.7,118.3,0
54,54,20,514.8,10,304.8,4,73.5,6.14829030579,11,5,4,292.1,137.5,85.2,5,4,1,162.0,117.5,25.3
55,55,20,504.8,9,274.0,4,76.2,5.82656349019,11,5,4,289.8,131.5,83.5,6,2,1,183.3,65.2,25.5
56,56,20,473.5,7,211.7,6,106.5,5.69134846661,11,5,4,271.3,113.7,88.5,5,2,0,151.6,60.1,0
57,57,20,509.8,9,275.8,4,71.1,5.58097331636,11,5,4,286.5,134.7,88.6,5,4,0,159.3,116.5,0
58,58,20,491.7,9,263.2,4,70.9,5.12314407987,11,5,4,284.5,126.6,80.6,6,3,0,178.2,85.0,0
59,59,20,512.7,10,307.2,4,71.3,6.02208872664,11,5,4,298.0,130.6,84.1,7,3,0,217.5,89.7,0
60,60,20,516.2,8,255.3,3,54.5,6.00595318698,11,5,4,300.7,134.6,80.9,6,2,0,190.7,64.6,0
61,61,20,494.4,10,296.6,5,89.9,5.7585268584,11,5,4,284.7,135.8,73.9,6,4,0,182.3,114.3,0
62,62,20,460.9,7,199.8,6,108.4,4.86777534836,11,5,4,259.5,118.3,83.1,3,3,1,89.5,80.4,29.9
63,63,20,486.5,9,272.0,7,128.7,5.99226475067,11,5,4,283.7,128.1,74.7,6,3,0,182.0,90.0,0
64,64,20,480.5,8,236.9,6,108.2,5.36831591744,11,5,4,283.7,118.2,78.6,5,2,1,149.5,60.6,26.8
65,65,20,497.2,9,276.4,4,64.5,6.51761984324,11,5,4,300.9,125.3,71.0,7,2,0,211.2,65.2,0
66,66,20,495.4,8,246.7,5,86.7,6.03080687628,11,5,4,287.5,135.8,72.1,6,2,0,180.9,65.8,0
67,67,20,481.8,9,263.4,4,64.2,5.95676528257,11,5,4,283.4,127.6,70.8,6,3,0,182.1,81.3,0
68,68,20,480.3,7,210.4,7,130.3,5.63226373112,11,5,4,288.1,118.3,73.9,6,1,0,181.4,29.0,0
69,69,20,503.6,9,272.7,3,54.5,5.53159346986,11,5,4,286.7,131.6,85.3,5,3,1,156.7,88.2,27.8
70,70,20,494.6,9,271.7,5,91.4,6.0203252229,11,5,4,288.9,129.0,76.7,6,3,0,185.4,86.3,0
71,71,20,482.3,6,195.5,5,90.3,6.60209496257,11,5,4,290.6,116.2,75.5,5,1,0,164.7,30.8,0
72,72,20,470.3,7,216.4,8,140.4,6.66990688801,11,5,4,284.6,115.9,69.8,6,1,0,185.9,30.5,0
73,73,20,487.4,7,219.6,5,88.2,6.04666937465,11,5,4,287.0,121.6,78.8,5,2,0,157.7,61.9,0
74,74,19,480.8,7,217.7,2,32.9,5.77643427925,10,5,4,275.6,125.5,79.7,5,2,0,161.1,56.6,0
75,75,19,482.0,8,257.3,5,89.4,6.95749417148,10,5,4,279.6,128.3,74.1,5,3,0,167.7,89.6,0
76,76,19,477.8,9,277.3,4,67.6,6.57540606444,10,5,4,276.1,129.9,71.8,6,3,0,192.3,85.0,0
77,77,19,463.4,6,186.9,5,88.3,5.87299797915,10,5,4,267.4,115.5,80.5,5,1,0,153.9,33.0,0
78,78,19,461.3,10,283.2,5,88.7,5.140966073,10,5,4,255.2,119.7,86.4,6,3,1,173.8,82.7,26.7
79,79,19,453.8,7,216.2,5,86.8,6.32984668569,10,5,4,254.7,120.3,78.8,4,2,1,130.4,59.6,26.2
80,80,19,468.4,9,260.0,3,53.8,4.65204476202,10,5,4,249.7,125.5,93.2,5,3,1,140.6,88.6,30.8
81,81,19,481.9,9,266.2,2,35.2,4.90195091846,10,5,4,257.7,126.0,98.2,5,2,2,150.7,62.8,52.7
82,82,19,460.5,7,211.9,6,109.1,5.50638119986,10,5,4,257.0,118.3,85.2,4,2,1,125.2,59.6,27.1
83,83,19,446.9,6,179.2,4,72.6,5.20358625772,10,5,4,247.8,112.0,87.1,4,1,1,121.8,30.9,26.5
84,84,19,443.5,7,196.2,5,89.8,4.74392193461,10,5,4,245.5,111.2,86.8,4,2,1,116.3,54.9,25.0
85,85,19,415.3,3,89.7,6,109.2,4.18957910767,10,5,4,234.9,99.0,81.4,3,0,0,89.7,0,0
86,86,19,434.3,7,193.7,6,103.5,4.98423244837,10,5,4,243.4,100.6,90.3,5,1,1,141.5,25.3,26.9
87,87,19,439.2,7,202.4,6,101.4,5.85436808981,10,5,4,249.5,105.9,83.8,5,1,1,147.7,27.5,27.2
88,88,19,437.5,7,208.4,6,102.2,6.00932997793,10,5,4,246.8,106.8,83.9,5,1,1,149.5,31.5,27.4
89,89,19,429.8,5,141.9,4,67.5,4.5319334784,10,5,4,242.9,106.6,80.3,4,1,0,115.7,26.2,0
90,90,19,440.2,8,234.8,7,120.3,6.20806398803,10,5,4,254.6,110.3,75.3,6,2,0,181.0,53.8,0
91,91,19,449.9,8,238.0,5,86.4,5.8749542738,10,5,4,259.4,112.6,77.9,6,2,0,178.7,59.3,0
92,92,19,452.7,6,187.3,5,88.0,5.98626595775,10,5,4,254.3,117.6,80.8,4,2,0,128.4,58.9,0
93,93,19,465.9,8,246.5,5,85.7,6.22178778767,10,5,4,258.7,126.3,80.9,4,3,1,130.1,87.8,28.6
94,94,19,444.8,8,231.9,7,124.3,5.66440099185,10,5,4,256.9,114.3,73.6,7,1,0,198.8,33.1,0
95,95,19,435.5,7,202.4,8,141.0,5.5249513771,10,5,4,252.8,110.4,72.3,6,1,0,168.6,33.8,0
96,96,19,454.6,9,259.3,5,86.9,5.66655314644,10,5,4,271.5,106.2,76.9,8,1,0,226.0,33.3,0
97,97,19,473.7,8,246.5,5,90.3,6.66917058241,10,5,4,276.7,121.3,75.7,5,3,0,164.8,81.7,0
98,98,19,487.9,10,298.3,3,55.1,5.69800929637,10,5,4,283.0,123.3,81.6,7,3,0,215.4,82.9,0
99,99,19,475.4,6,196.5,3,55.6,6.44063307338,10,5,4,263.9,120.7,90.8,3,2,1,109.8,60.4,26.3
100,100,19,497.8,11,334.3,4,73.3,6.26932567701,10,5,4,273.5,126.6,97.7,6,3,2,188.0,87.9,58.4
101,101,19,484.5,11,323.3,4,69.5,6.04621093468,10,5,4,275.4,123.2,85.9,7,3,1,212.1,85.9,25.3
102,102,19,491.6,10,310.6,5,87.4,6.84931806056,10,5,4,278.8,127.6,85.2,7,2,1,219.8,63.2,27.6
103,103,19,491.3,9,293.3,5,84.9,7.66364547642,10,5,4,288.2,126.8,76.3,6,2,1,201.7,63.6,28.0
104,104,19,501.7,10,313.8,4,73.6,6.80706117729,10,5,4,286.1,127.9,87.7,6,3,1,198.3,88.8,26.7
105,105,20,509.8,11,336.1,7,129.4,6.81267394756,11,5,4,285.6,132.5,91.7,5,4,2,167.4,114.7,54.0
106,106,20,516.3,10,316.1,6,105.4,7.14203826133,11,5,4,295.0,129.2,92.1,5,3,2,169.4,89.8,56.9
107,107,20,514.8,11,337.8,6,109.2,7.18348984239,11,5,4,304.7,130.3,79.8,7,3,1,225.2,87.5,25.1
108,108,20,509.8,9,284.0,5,90.0,6.86094208661,12,4,4,312.0,107.3,90.5,6,2,1,193.8,62.4,27.8
109,109,20,511.8,9,281.7,4,75.3,6.53330737553,12,4,4,312.6,109.4,89.8,5,3,1,164.6,89.2,27.9
110,110,20,503.9,11,335.9,6,104.2,7.21084526763,12,4,4,308.3,110.3,85.3,6,3,2,194.2,90.2,51.5
111,111,20,496.9,10,308.1,9,167.6,6.75748902291,12,4,4,304.8,109.4,82.7,6,3,1,192.4,88.2,27.5
112,112,20,507.6,11,338.7,7,128.3,7.10215682585,12,4,4,310.1,109.9,87.6,6,3,2,196.6,89.6,52.5
113,113,20,494.9,8,258.2,8,148.6,7.31857586089,12,4,4,309.1,102.6,83.2,5,2,1,166.0,64.0,28.2
114,114,20,511.8,10,312.4,7,130.2,7.02056378003,12,4,4,318.4,110.3,83.1,6,3,1,193.5,91.2,27.7
115,115,20,515.0,8,263.9,5,90.3,7.0048479453,12,4,4,318.6,112.3,84.1,5,3,0,174.3,89.6,0
116,116,20,517.8,11,336.4,5,90.5,6.49355145712,12,4,4,325.5,108.0,84.3,7,3,1,224.8,86.1,25.5
117,117,20,510.5,11,336.6,5,89.5,6.85034574617,12,4,4,315.0,108.3,87.2,6,3,2,194.9,89.7,52.0
118,118,20,499.7,9,282.6,6,106.7,6.71638021243,12,4,4,295.9,112.6,91.2,5,3,1,159.9,94.0,28.7
119,119,20,508.9,10,317.4,6,103.5,7.51317964786,12,4,4,307.6,111.8,89.5,5,3,2,168.3,94.5,54.6
120,120,20,517.3,9,288.8,3,52.8,6.60767297203,12,4,4,316.8,116.1,84.4,5,4,0,172.7,116.1,0
121,121,20,511.8,9,293.2,4,70.2,6.98606884412,12,4,4,306.5,123.2,82.1,5,4,0,170.0,123.2,0
122,122,20,522.5,11,342.9,4,71.4,6.84727183475,12,4,4,314.6,117.7,90.2,6,4,1,196.3,117.7,28.9
123,123,20,509.2,10,315.2,7,125.2,7.29220203548,12,4,4,316.1,111.8,81.3,6,3,1,199.9,86.9,28.4
124,124,20,523.5,11,351.2,6,106.3,7.42548066847,12,4,4,318.3,119.9,85.3,6,4,1,200.2,119.9,31.1
125,125,20,522.4,10,330.9,7,124.7,7.99549873366,12,4,4,314.6,122.0,85.8,6,3,1,201.6,97.8,31.5
126,126,20,513.7,9,294.6,5,90.2,7.36694430691,12,4,4,308.6,117.2,87.9,6,2,1,190.5,72.7,31.4
127,127,20,514.4,8,263.4,4,74.1,6.80894148973,12,4,4,310.4,116.9,87.1,5,2,1,161.9,70.4,31.1
128,128,20,502.4,9,288.1,5,88.1,7.16633944581,12,4,4,309.0,106.5,86.9,6,2,1,187.9,70.2,30.0
129,129,20,518.0,9,297.2,5,90.0,7.2931113857,12,4,4,318.6,116.8,82.6,6,2,1,194.7,72.6,29.9
130,130,20,509.8,8,266.1,5,86.5,7.41171902782,12,4,4,310.5,117.9,81.4,5,2,1,165.6,70.7,29.8
131,131,20,515.9,9,291.8,5,89.8,6.99808056391,12,4,4,318.6,115.9,81.4,5,3,1,171.6,92.6,27.6
132,132,20,542.2,10,324.9,2,33.7,6.33369435721,12,4,4,328.1,113.8,100.3,6,3,1,200.6,91.7,32.6
133,133,20,541.0,11,349.3,3,56.0,6.50315712801,12,4,4,337.2,109.8,94.0,7,3,1,232.5,87.5,29.3
134,134,20,541.2,11,350.6,3,55.1,6.43627875488,12,4,4,330.6,114.9,95.7,7,3,1,229.6,92.3,28.7
135,135,20,522.7,11,341.4,5,92.0,6.70202443885,12,4,4,328.7,95.0,99.0,7,2,2,225.4,58.5,57.5
136,136,20,534.6,10,317.1,3,55.6,6.2669643453,12,4,4,331.6,105.9,97.1,6,2,2,202.3,59.0,55.8
137,137,20,504.8,9,278.8,4,75.3,6.1951084269,12,4,4,316.7,93.4,94.7,6,1,2,193.7,31.6,53.5
138,138,20,521.1,11,333.9,3,54.9,5.89017692523,12,4,4,320.9,106.1,94.1,6,3,2,196.3,84.8,52.8
139,139,20,540.9,10,330.6,3,54.7,6.79926273093,12,4,4,325.0,121.5,94.4,6,3,1,202.0,97.7,30.9
140,140,20,511.0,9,282.1,2,32.6,5.93211597999,12,4,4,315.5,117.0,78.5,6,3,0,188.6,93.5,0
141,141,19,497.3,12,356.8,4,73.9,5.66302256409,11,4,4,291.1,113.3,92.9,7,3,2,210.2,92.2,54.4
142,142,19,470.1,10,283.6,5,95.0,4.56402792248,11,4,4,284.8,101.8,83.5,7,3,0,199.9,83.7,0
143,143,19,467.3,7,205.9,4,77.5,4.67005516077,11,4,4,269.8,103.5,94.0,3,3,1,98.0,82.0,25.9
144,144,19,466.4,9,259.2,6,113.3,4.95248180445,11,4,4,270.8,101.3,94.3,5,2,2,150.5,57.7,51.0
145,145,19,484.5,11,320.9,3,54.7,5.17515431869,11,4,4,282.8,103.5,98.2,6,2,3,182.8,59.8,78.3
146,146,19,481.8,10,303.2,4,63.8,7.11596919217,11,4,4,293.9,105.2,82.7,6,3,1,194.4,81.8,27.0
147,147,19,510.4,11,348.7,3,49.7,7.33516723481,11,4,4,310.4,106.5,93.5,6,3,2,208.2,85.0,55.5
148,148,19,492.8,10,316.1,4,65.2,7.15302659534,11,4,4,307.1,102.7,83.0,7,2,1,230.0,57.7,28.4
149,149,19,477.5,11,330.1,5,83.3,6.69004672227,11,4,4,295.6,101.6,80.3,7,3,1,219.4,84.3,26.4
150,150,19,472.5,10,303.9,6,100.3,7.01189882601,11,4,4,290.4,100.5,81.6,6,3,1,195.3,82.7,25.9
151,151,19,481.5,10,306.3,5,84.0,6.81618301377,11,4,4,297.9,99.0,84.6,7,2,1,222.4,56.7,27.2
152,152,19,481.8,11,330.8,6,105.7,6.74012164327,11,4,4,296.7,101.4,83.7,7,3,1,220.0,83.6,27.2
153,153,19,493.4,11,343.6,6,101.8,7.78974059129,11,4,4,310.1,99.2,84.1,7,3,1,231.6,84.3,27.7
154,154,19,486.4,8,269.8,6,104.1,8.29042285478,11,4,4,306.2,99.7,80.5,6,2,0,207.6,62.2,0
155,155,19,496.8,11,345.3,5,87.1,7.80984908241,11,4,4,317.6,101.2,78.0,8,3,0,261.1,84.2,0
156,156,19,510.8,12,372.3,3,56.0,7.26446932817,11,4,4,318.8,105.0,87.0,8,3,1,261.5,85.7,25.1
157,157,19,503.1,11,344.8,4,66.7,7.03013979214,11,4,4,303.0,116.9,83.2,7,3,1,224.5,93.9,26.4
158,158,19,500.9,11,341.4,3,49.8,6.6795051818,11,4,4,295.7,116.2,89.0,7,3,1,220.8,93.2,27.4
159,159,19,487.1,8,258.5,5,91.8,6.55754108102,11,4,4,287.1,113.7,86.3,5,3,0,167.8,90.7,0
160,160,19,484.2,8,263.3,5,84.5,7.47843292838,11,4,4,303.2,96.0,85.0,6,1,1,204.0,31.2,28.1
161,161,19,489.6,10,315.8,5,89.4,7.35028741929,11,4,4,302.2,107.3,80.1,7,3,0,228.2,87.6,0
162,162,19,475.8,9,282.4,6,106.9,7.10823589534,11,4,4,294.6,102.9,78.3,7,2,0,221.0,61.4,0
163,163,9,299.3,8,276.1,0,0,5.20867332224,5,3,1,161.4,104.6,33.3,4,3,1,138.2,104.6,33.3
164,164,15,484.0,15,484.0,0,0,4.70025328598,7,4,4,227.4,137.6,119.0,7,4,4,227.4,137.6,119.0
165,165,16,490.1,14,451.0,1,18.4,5.04456390583,8,4,4,249.6,128.1,112.4,7,4,3,231.2,128.1,91.7
166,166,16,457.9,13,394.8,2,38.3,5.08635019767,8,4,4,228.7,120.3,108.9,7,3,3,210.3,95.5,89.0
167,167,17,494.8,13,412.2,2,34.4,6.17155476645,9,4,4,263.1,124.5,107.2,7,4,2,228.7,124.5,59.0
168,168,17,488.8,14,434.1,2,34.0,6.18901422351,9,4,4,251.8,126.7,110.3,7,4,3,217.8,126.7,89.6
169,169,17,496.3,14,438.8,2,34.4,5.8228505249,9,4,4,254.1,130.6,111.6,7,4,3,219.7,130.6,88.5
170,170,16,493.1,14,453.0,1,16.2,5.81884510305,8,4,4,240.0,135.9,117.2,7,4,3,223.8,135.9,93.3
171,171,16,483.8,13,426.3,2,33.2,7.10632347514,8,4,4,244.9,132.0,106.9,6,4,3,205.0,132.0,89.3
