,e_id,num_sat,sum_snr,num_sat_25,sum_snr_25,num_sat_u20,sum_sat_u20,snr_std,elev_0_30,elev_30_60,elev_60_90,sum_elev_0_30,sum_elev_30_60,sum_elev_60_90,elev_0_30_25,elev_30_60_25,elev_60_90_25,sum_elev_0_30_25,sum_elev_30_60_25,sum_elev_60_90_25
1,1,22,516.7,9,261.1,9,158.0,5.55477447612,12,8,2,295.3,177.2,44.2,7,2,0,202.4,58.7,0
2,2,21,529.3,10,300.4,3,53.5,5.35634914755,11,8,2,297.9,186.3,45.1,7,2,1,218.1,57.3,25.0
3,3,22,610.3,15,462.4,3,55.0,5.66893448382,12,8,2,361.1,206.8,42.4,10,5,0,316.9,145.5,0
4,4,22,583.4,11,345.4,1,15.3,5.62863735211,12,8,2,356.3,182.7,44.4,9,2,0,288.3,57.1,0
5,5,22,594.4,13,400.5,1,15.3,5.54751221494,12,8,2,357.5,187.1,49.8,9,3,1,289.7,85.4,25.4
6,6,22,566.3,12,354.6,3,55.2,5.34590712075,12,8,2,337.2,183.5,45.6,10,2,0,298.9,55.7,0
7,7,21,549.7,12,364.7,3,55.1,5.64622925162,12,7,2,329.2,179.2,41.3,8,4,0,248.6,116.1,0
8,8,21,567.1,13,397.7,3,54.3,5.70845655063,11,8,2,326.1,199.6,41.4,9,4,0,285.9,111.8,0
9,9,22,570.8,12,364.6,4,73.1,6.1413297205,12,8,2,341.1,186.2,43.5,9,2,1,280.3,59.3,25.0
10,10,22,562.2,10,300.5,2,37.4,5.06018325216,12,8,2,326.2,194.8,41.2,8,2,0,243.1,57.4,0
11,11,22,559.3,12,350.5,3,53.8,5.33085643242,12,8,2,334.6,189.1,35.6,8,4,0,246.1,104.4,0
12,12,22,582.6,11,347.3,3,53.1,6.36108978112,13,7,2,368.4,171.6,42.6,8,3,0,262.9,84.4,0
13,13,23,610.5,13,390.5,1,19.4,5.08087555867,13,8,2,359.3,209.0,42.2,7,6,0,224.8,165.7,0
14,14,21,562.4,13,384.9,1,19.4,4.99746126024,12,7,2,330.9,188.0,43.5,6,7,0,196.9,188.0,0
15,15,16,437.8,13,371.1,0,0,3.80716429906,8,7,1,233.8,178.8,25.2,7,5,1,210.0,135.9,25.2
16,16,17,489.1,12,374.6,0,0,4.73124781451,10,5,2,300.5,137.1,51.5,8,3,1,255.2,89.4,30.0
17,17,19,541.2,13,403.6,1,19.3,5.2991889482,11,7,1,329.2,184.2,27.8,7,5,1,235.3,140.5,27.8
18,18,19,529.8,13,404.2,2,39.0,6.17173333818,11,7,1,326.7,175.9,27.2,8,4,1,265.0,112.0,27.2
19,19,19,512.7,12,359.2,2,39.0,5.09588757484,11,7,1,316.3,173.2,23.2,8,4,0,252.4,106.8,0
20,20,17,485.8,11,354.6,2,39.0,6.64572507441,11,5,1,339.1,119.6,27.1,8,2,1,272.9,54.6,27.1
21,21,19,531.3,13,400.5,2,39.5,5.5723733749,10,7,2,310.5,171.6,49.2,9,3,1,288.2,82.8,29.5
22,22,20,551.1,11,352.4,1,18.9,5.73103049428,11,7,2,331.1,176.6,43.4,8,3,0,265.4,87.0,0
23,23,20,580.3,13,422.7,1,18.9,6.14237010659,11,7,2,341.5,197.3,41.5,8,5,0,271.4,151.3,0
24,24,16,467.4,12,373.4,0,0,4.48030876912,8,7,1,253.1,186.2,28.1,7,4,1,229.9,115.4,28.1
25,25,18,524.8,13,409.0,0,0,5.68622920874,9,7,2,287.5,187.0,50.3,7,5,1,239.8,142.8,26.4
26,26,13,404.4,12,380.1,0,0,4.88798894203,10,3,0,319.8,84.6,0,9,3,0,295.5,84.6,0
27,27,10,306.7,9,281.8,0,0,4.01553926087,7,2,1,220.0,58.4,28.3,6,2,1,195.1,58.4,28.3
28,28,14,412.1,9,297.0,0,0,6.09256888384,11,3,0,333.4,78.7,0,7,2,0,243.0,54.0,0
29,29,14,415.9,11,347.5,0,0,5.74609757685,10,3,1,308.2,82.3,25.4,8,2,1,264.5,57.6,25.4
30,30,12,372.8,10,324.8,0,0,5.3283689016,9,3,0,288.8,84.0,0,8,2,0,265.7,59.1,0
31,31,16,455.1,14,407.4,0,0,3.81627545302,9,6,1,271.7,159.2,24.2,9,5,0,271.7,135.7,0
32,32,14,391.0,9,270.2,0,0,4.85472467276,8,5,1,239.8,126.8,24.4,6,3,0,190.5,79.7,0
33,33,16,477.2,14,433.5,0,0,6.18314914371,9,5,2,285.9,142.4,48.9,8,5,1,264.0,142.4,27.1
34,34,15,435.0,10,322.7,0,0,6.56658206375,9,6,0,289.0,146.0,0,7,3,0,243.4,79.3,0
35,35,14,395.0,9,280.9,0,0,5.99754528541,9,4,1,269.1,102.0,23.9,6,3,0,203.3,77.6,0
36,36,14,423.5,13,400.4,0,0,4.69594751641,8,5,1,266.4,128.2,28.9,8,4,1,266.4,105.1,28.9
37,37,17,489.9,14,419.9,0,0,4.90869576544,9,6,2,286.6,150.5,52.8,8,4,2,263.8,103.3,52.8
38,38,15,424.3,11,329.1,0,0,4.29282901504,9,6,0,273.9,150.4,0,8,3,0,250.7,78.4,0
39,39,18,496.1,12,358.9,0,0,4.69707529638,9,7,2,278.5,166.5,51.1,8,3,1,254.0,77.7,27.2
40,40,17,458.2,9,286.8,2,37.2,6.09755254662,9,6,2,278.8,127.0,52.4,8,0,1,258.1,0,28.7
41,41,17,455.0,9,282.0,1,19.1,5.83062402068,9,6,2,273.9,127.6,53.5,8,0,1,252.1,0,29.9
42,42,20,537.1,12,372.0,3,53.3,6.47736748021,11,7,2,320.7,165.4,51.0,8,3,1,259.2,82.7,30.1
43,43,20,557.1,11,354.4,1,18.4,5.92421213949,11,7,2,324.2,181.1,51.8,7,3,1,233.9,89.6,30.9
44,44,13,387.7,11,340.8,0,0,4.67496057847,6,6,1,195.3,162.5,29.9,6,4,1,195.3,115.6,29.9
45,45,16,478.2,13,408.0,0,0,5.10449148626,9,6,1,281.3,166.2,30.7,8,4,1,257.0,120.3,30.7
46,46,18,522.1,13,404.3,0,0,5.2901097756,10,7,1,309.4,188.2,24.5,8,5,0,263.1,141.2,0
47,47,14,425.6,12,379.5,0,0,4.9856717779,9,3,2,286.4,88.2,51.0,9,2,1,286.4,64.9,28.2
48,48,16,475.4,13,408.2,0,0,5.34862910785,10,5,1,306.4,141.9,27.1,9,3,1,284.5,96.6,27.1
49,49,16,456.6,12,364.6,0,0,5.28354363409,10,5,1,290.8,138.0,27.8,7,4,1,222.3,114.5,27.8
50,50,17,470.5,12,373.4,3,55.4,6.4864791501,11,5,1,316.9,124.8,28.8,9,2,1,279.9,64.7,28.8
51,51,19,507.3,12,370.4,4,72.1,6.81020476116,11,6,2,318.5,146.6,42.2,8,3,1,255.4,89.2,25.8
52,52,19,509.8,10,314.1,2,35.9,5.94624555979,11,6,2,312.1,151.2,46.5,7,2,1,225.5,60.0,28.6
53,53,20,534.1,12,370.0,4,71.4,6.032235773,11,7,2,319.1,168.4,46.6,8,3,1,257.9,83.6,28.5
54,54,20,561.5,14,430.0,2,37.1,5.19492414209,11,7,2,319.7,197.3,44.5,8,5,1,254.0,149.5,26.5
55,55,20,556.3,11,363.1,4,74.7,6.6176220089,11,7,2,335.9,179.0,41.4,8,3,0,267.1,96.0,0
56,56,20,555.4,10,325.9,1,17.2,5.94068045013,11,7,2,315.3,185.1,55.0,6,3,1,201.1,94.7,30.1
57,57,20,563.7,13,404.0,1,17.2,5.19364743549,11,7,2,322.1,190.3,51.3,8,4,1,255.4,120.7,27.9
58,58,20,543.9,13,398.6,3,58.2,5.62339801749,11,7,2,314.2,182.7,47.0,8,4,1,253.2,117.5,27.9
59,59,19,533.4,13,410.0,4,77.1,6.13585474488,11,7,1,324.6,189.7,19.1,8,5,0,261.6,148.4,0
60,60,20,547.6,12,377.8,3,57.0,6.14616696983,11,8,1,320.9,207.6,19.1,7,5,0,231.1,146.7,0
61,61,20,531.8,10,320.8,2,36.0,6.72144251435,11,8,1,322.5,192.6,16.7,7,3,0,236.9,83.9,0
62,62,21,546.4,9,299.4,5,88.4,7.19490229591,11,8,2,325.2,182.0,39.2,7,2,0,238.7,60.7,0
63,63,20,540.7,13,401.4,4,72.4,6.53792780627,11,8,1,318.8,204.0,17.9,7,6,0,237.7,163.7,0
64,64,20,533.4,12,369.6,4,72.5,6.22762098701,11,8,1,314.4,201.1,17.9,8,4,0,255.3,114.3,0
65,65,20,514.3,11,332.2,5,86.6,6.14999144201,11,8,1,306.7,189.7,17.9,8,3,0,244.6,87.6,0
66,66,21,507.7,10,295.4,5,84.3,5.87247007331,11,8,2,285.3,185.7,36.7,7,3,0,209.1,86.3,0
67,67,21,495.4,9,256.0,5,83.7,5.17280434212,11,8,2,279.3,176.1,40.0,6,2,1,174.6,55.8,25.6
68,68,21,484.9,8,228.6,7,119.0,5.54291482542,11,8,2,281.6,166.4,36.9,7,1,0,202.3,26.3,0
69,69,21,509.7,9,266.5,4,67.4,5.4951017149,11,8,2,297.8,169.7,42.2,7,1,1,213.0,26.0,27.5
70,70,21,521.6,11,321.5,4,65.9,5.88094177751,11,8,2,302.9,176.9,41.8,9,1,1,262.4,32.0,27.1
71,71,21,515.5,8,243.7,5,91.1,5.42647390555,11,8,2,295.6,180.9,39.0,7,1,0,210.7,33.0,0
72,72,21,512.9,7,218.2,5,92.3,5.49689955902,11,8,2,294.8,177.7,40.4,6,1,0,185.8,32.4,0
73,73,21,483.8,7,214.9,9,159.1,6.13974561285,11,8,2,287.0,162.3,34.5,6,1,0,184.0,30.9,0
74,74,21,481.4,8,240.1,10,179.7,6.04904163995,11,8,2,286.2,159.5,35.7,7,1,0,209.7,30.4,0
75,75,20,464.6,8,247.9,9,152.6,6.97115107916,11,8,1,289.6,157.5,17.5,7,1,0,216.8,31.1,0
76,76,21,498.7,8,247.9,6,103.1,6.37460736419,11,8,2,289.0,167.2,42.5,7,1,0,216.8,31.1,0
77,77,21,508.6,10,298.9,5,84.7,6.36471672957,11,8,2,293.0,173.4,42.2,8,2,0,238.5,60.4,0
78,78,21,508.3,9,275.4,6,103.7,6.32870256771,11,8,2,291.4,170.3,46.6,6,2,1,188.3,61.0,26.1
79,79,20,472.8,9,279.3,10,169.6,7.41608493678,11,7,2,289.2,150.3,33.3,7,2,0,215.0,64.3,0
80,80,20,493.3,10,303.6,8,145.9,6.49860511349,11,7,2,293.4,160.5,39.4,8,2,0,240.2,63.4,0
81,81,21,525.8,10,300.8,7,128.8,5.8583680484,11,8,2,287.6,194.4,43.8,7,3,0,210.5,90.3,0
82,82,21,535.7,12,362.4,7,125.2,6.33023733851,11,8,2,300.6,195.4,39.7,8,4,0,247.7,114.7,0
83,83,21,520.3,9,278.0,6,103.7,6.27550035949,11,8,2,290.4,186.1,43.8,7,2,0,217.8,60.2,0
84,84,20,496.0,11,327.7,6,102.6,6.52025185177,11,7,2,284.8,166.3,44.9,7,3,1,213.7,88.3,25.7
85,85,20,487.3,10,299.7,7,118.2,6.59092478137,11,7,2,288.7,156.4,42.2,7,2,1,219.0,53.3,27.4
86,86,20,492.9,10,302.9,6,99.6,6.56389446337,11,7,2,295.4,154.9,42.6,8,1,1,246.3,28.8,27.8
87,87,21,515.5,8,255.5,7,123.3,6.93654229769,11,8,2,294.7,179.3,41.5,6,1,1,196.4,33.1,26.0
88,88,21,516.8,9,275.2,6,109.2,6.12281836754,11,8,2,291.4,179.8,45.6,7,1,1,216.9,29.8,28.5
89,89,20,487.5,9,272.4,6,105.2,5.97986753946,11,7,2,298.3,142.6,46.6,8,0,1,242.9,0,29.5
90,90,21,521.6,9,279.2,4,68.4,6.12343663236,11,8,2,294.6,185.5,41.5,7,2,0,220.3,58.9,0
91,91,21,531.9,11,332.8,4,71.3,5.83841955131,11,8,2,304.4,184.1,43.4,8,2,1,247.4,59.1,26.3
92,92,21,504.1,11,323.6,8,138.7,6.15259914105,11,8,2,291.2,169.2,43.7,8,2,1,238.9,58.1,26.6
93,93,21,493.1,11,308.4,6,98.5,5.6225100309,11,8,2,280.2,174.5,38.4,8,2,1,227.5,55.6,25.3
94,94,21,484.2,9,254.4,6,99.8,5.61449654275,11,8,2,278.4,172.4,33.4,7,2,0,201.5,52.9,0
95,95,21,522.5,11,331.4,6,100.6,6.50827312331,11,8,2,297.6,187.0,37.9,8,3,0,245.4,86.0,0
96,96,20,505.8,12,352.9,6,106.9,6.01164659115,11,7,2,289.5,175.4,40.9,7,4,1,208.3,116.8,27.8
97,97,21,536.0,12,354.0,4,71.1,5.59945575587,11,8,2,296.9,198.4,40.7,7,4,1,210.6,115.8,27.6
98,98,21,512.3,11,323.2,5,79.1,6.31913571547,11,8,2,288.9,182.3,41.1,7,3,1,206.9,88.3,28.0
99,99,21,490.5,8,235.9,7,118.4,5.88128994597,11,8,2,272.7,177.2,40.6,5,2,1,146.0,62.4,27.5
100,100,21,490.7,9,262.9,7,121.0,5.90739649366,11,8,2,273.7,176.6,40.4,6,2,1,173.0,61.6,28.3
101,101,21,509.6,9,270.9,6,104.7,6.24013888734,11,8,2,298.5,175.1,36.0,8,1,0,241.1,29.8,0
102,102,20,503.6,9,284.6,5,81.9,7.05650875359,11,8,1,303.3,188.2,12.1,7,2,0,224.3,60.3,0
103,103,21,572.7,14,440.9,5,88.7,7.15200271652,11,8,2,328.1,212.7,31.9,8,6,0,271.3,169.6,0
104,104,21,547.8,11,351.1,6,106.4,7.21243965065,11,8,2,321.4,191.8,34.6,8,3,0,263.7,87.4,0
105,105,21,566.3,12,375.0,2,32.4,6.20188143496,11,8,2,321.7,206.0,38.6,7,5,0,233.2,141.8,0
106,106,21,567.9,12,384.6,4,69.9,7.0053958795,11,8,2,331.4,199.1,37.4,9,3,0,285.9,98.7,0
107,107,21,586.1,15,463.9,2,36.1,6.03878338425,11,8,2,336.0,204.9,45.2,10,4,1,319.0,118.8,26.1
108,108,21,574.3,13,401.8,2,37.1,5.72028137836,11,8,2,332.2,196.4,45.7,8,4,1,263.7,110.2,27.9
109,109,21,541.7,11,335.9,4,72.2,5.69231729531,11,8,2,301.4,191.4,48.9,7,3,1,220.7,84.1,31.1
110,110,21,553.5,11,347.1,4,71.5,6.3697387253,11,8,2,305.6,198.2,49.7,7,3,1,225.2,90.0,31.9
111,111,21,544.1,14,414.9,6,107.9,6.02668273281,11,8,2,301.1,196.2,46.8,8,5,1,248.7,137.2,29.0
112,112,20,516.4,13,380.7,5,88.0,6.09621107522,11,7,2,304.7,167.8,43.9,8,4,1,244.8,109.8,26.1
113,113,20,516.5,11,336.9,4,71.3,6.24498746364,11,7,2,308.5,171.9,36.1,7,4,0,225.4,111.5,0
114,114,21,557.5,12,368.9,4,70.2,6.02939624238,11,8,2,315.1,203.1,39.3,9,3,0,278.7,90.2,0
115,115,21,557.4,14,420.5,5,88.9,6.03635415036,11,8,2,309.0,209.4,39.0,9,5,0,271.1,149.4,0
116,116,21,581.6,11,361.5,2,37.9,6.41829231108,11,8,2,332.2,202.6,46.8,8,3,0,267.4,94.1,0
117,117,20,519.6,8,270.2,4,70.7,7.24195379279,11,7,2,305.9,173.0,40.7,6,2,0,207.4,62.8,0
118,118,20,523.6,11,333.3,3,56.2,5.39430498913,11,7,2,308.5,166.3,48.8,8,2,1,246.0,60.8,26.5
119,119,20,508.8,10,302.2,5,92.8,5.71299534303,11,7,2,302.7,159.3,46.8,8,2,0,241.9,60.3,0
120,120,20,505.2,10,300.0,6,111.6,5.72937031536,11,7,2,302.7,155.1,47.4,8,2,0,240.9,59.1,0
121,121,20,492.4,8,243.3,7,131.3,5.796060368,11,7,2,298.8,151.1,42.5,6,2,0,185.3,58.0,0
122,122,21,506.7,6,187.6,4,71.7,5.3243913133,11,8,2,279.0,183.4,44.3,4,2,0,128.3,59.3,0
123,123,21,542.4,10,309.4,5,95.4,5.83756309235,11,8,2,305.5,191.7,45.2,7,2,1,226.6,56.9,25.9
124,124,21,552.9,13,385.1,3,55.0,5.43315220265,11,8,2,306.8,203.3,42.8,7,5,1,221.4,138.6,25.1
125,125,21,548.3,12,360.8,4,75.7,5.53984699806,11,8,2,308.1,195.1,45.1,8,3,1,244.7,90.2,25.9
126,126,21,536.4,12,355.1,5,89.4,5.78260939616,11,8,2,304.9,185.1,46.4,7,4,1,216.6,112.1,26.4
127,127,21,530.4,13,385.9,6,101.1,6.60617676335,11,8,2,300.6,188.0,41.8,8,4,1,247.6,112.9,25.4
128,128,21,533.3,12,356.1,4,66.6,6.26597767236,11,8,2,294.4,194.9,44.0,7,4,1,219.0,109.5,27.6
129,129,21,542.7,11,338.0,4,71.1,6.33581655579,11,8,2,308.6,192.0,42.1,7,3,1,223.6,88.8,25.6
130,130,21,524.1,8,247.2,2,34.7,5.62206113704,11,8,2,290.9,190.5,42.7,6,2,0,185.4,61.8,0
131,131,21,539.0,10,314.1,5,93.9,6.44347214888,11,8,2,303.6,187.7,47.7,6,3,1,202.1,81.6,30.4
132,132,21,527.3,11,333.4,6,107.7,6.71043253166,11,8,2,301.7,177.2,48.4,7,3,1,223.4,80.7,29.3
133,133,21,530.8,9,285.0,5,90.3,6.71482723247,11,8,2,306.1,178.3,46.4,6,2,1,201.1,54.9,29.0
134,134,21,537.3,10,308.8,3,56.7,5.78388154394,11,8,2,306.3,186.4,44.6,7,3,0,221.7,87.1,0
135,135,19,507.9,11,339.7,1,18.6,5.76821295565,11,6,2,313.0,150.3,44.6,7,4,0,228.4,111.3,0
136,136,15,433.1,12,363.8,0,0,4.30754598129,6,7,2,194.3,186.1,52.7,6,5,1,194.3,139.3,30.2
137,137,11,309.6,9,261.6,0,0,2.84828497042,8,3,0,227.2,82.4,0,7,2,0,204.0,57.6,0
138,138,16,450.9,11,334.6,0,0,4.74892531702,8,7,1,237.4,191.1,22.4,7,4,0,215.2,119.4,0
139,139,13,347.1,7,212.4,0,0,5.7397735147,7,5,1,201.2,119.2,26.7,4,2,1,133.3,52.4,26.7
140,140,12,341.1,9,270.2,0,0,5.2904931889,8,4,0,237.6,103.5,0,7,2,0,214.3,55.9,0
141,141,12,315.7,6,184.5,0,0,6.08835824017,7,4,1,196.6,93.9,25.2,4,1,1,129.6,29.7,25.2
142,142,11,305.1,5,161.5,0,0,5.59665484504,7,3,1,205.1,75.9,24.1,4,1,0,130.8,30.7,0
143,143,15,394.2,7,212.8,1,18.5,5.45556072802,7,7,1,203.3,166.0,24.9,5,2,0,156.5,56.3,0
144,144,13,375.9,10,304.3,0,0,5.08524764291,8,3,2,241.5,82.6,51.8,6,3,1,193.2,82.6,28.5
145,145,13,362.8,10,291.9,0,0,4.72325127048,8,5,0,227.1,135.7,0,5,5,0,156.2,135.7,0
146,146,19,517.8,14,415.1,2,37.1,5.74604873138,10,7,2,306.8,172.4,38.6,10,4,0,306.8,108.3,0
147,147,19,521.5,13,395.3,2,37.1,5.92943396409,10,7,2,310.9,172.0,38.6,9,4,0,287.4,107.9,0
148,148,19,504.6,10,309.3,2,37.1,6.13091580883,10,7,2,303.2,161.9,39.5,8,2,0,255.4,53.9,0
149,149,17,472.8,11,339.9,1,17.5,5.92957443171,10,5,2,295.9,135.6,41.3,7,4,0,227.9,112.0,0
150,150,19,512.3,11,334.5,0,0,5.67540605755,10,7,2,290.0,180.2,42.1,7,4,0,224.7,109.8,0
151,151,19,515.7,11,345.8,3,57.0,6.33415045514,10,7,2,294.4,175.7,45.6,8,3,0,254.7,91.1,0
152,152,19,497.2,9,286.1,3,55.0,6.82341171031,11,6,2,297.1,155.1,45.0,6,3,0,193.8,92.3,0
153,153,18,479.8,8,263.0,3,56.9,6.87221363619,11,6,1,302.0,155.8,22.0,6,2,0,195.3,67.7,0
154,154,20,526.9,9,300.1,4,77.2,7.3943417201,11,7,2,308.4,177.4,41.1,6,3,0,205.0,95.1,0
155,155,20,528.8,10,321.9,3,53.5,7.27862045923,11,7,2,306.3,181.9,40.6,7,3,0,227.8,94.1,0
156,156,20,519.0,9,276.4,3,57.4,5.4118291489,11,7,2,301.4,176.2,41.4,5,4,0,169.0,107.4,0
157,157,20,533.5,11,340.1,2,38.1,6.04551813112,11,7,2,298.5,191.5,43.5,7,4,0,213.8,126.3,0
158,158,21,530.4,11,325.3,5,91.5,6.01003922022,11,8,2,279.9,211.3,39.2,6,5,0,181.3,144.0,0
159,159,20,502.7,8,248.9,3,52.0,6.41168957124,11,7,2,297.1,157.1,48.5,6,1,1,190.6,33.0,25.3
160,160,20,486.8,7,214.0,4,71.8,5.67685976946,11,7,2,290.2,149.9,46.7,6,1,0,188.1,25.9,0
161,161,20,469.3,6,187.5,6,105.2,6.07542721045,11,7,2,278.3,143.5,47.5,5,0,1,160.4,0,27.1
162,162,20,488.1,8,244.4,4,70.0,6.05930993118,11,7,2,281.8,157.0,49.3,5,2,1,164.5,51.0,28.9
163,163,21,513.0,8,247.0,4,71.1,5.88244361275,11,8,2,279.6,184.2,49.2,5,2,1,164.5,54.1,28.4
164,164,22,543.1,12,349.2,7,128.7,5.8816336777,12,8,2,302.7,193.5,46.9,6,5,1,191.3,129.7,28.2
165,165,22,544.6,11,318.9,4,69.5,5.2957060119,12,8,2,302.0,198.1,44.5,6,4,1,185.1,108.0,25.8
166,166,21,544.2,11,340.7,5,86.9,6.56911605273,12,7,2,316.9,181.0,46.3,6,4,1,192.0,121.1,27.6
167,167,21,526.0,9,271.2,4,67.3,5.50096528326,12,7,2,320.7,167.3,38.0,7,2,0,212.1,59.1,0
168,168,22,568.5,12,359.0,4,72.5,5.69148562838,12,8,2,331.8,192.2,44.5,9,2,1,274.3,59.0,25.7
169,169,22,559.5,8,265.1,5,90.0,6.58268915693,12,8,2,326.5,195.4,37.6,6,2,0,203.2,61.9,0
170,170,22,543.6,10,312.2,7,119.5,6.90968327376,12,8,2,318.4,189.9,35.3,7,3,0,224.6,87.6,0
171,171,22,561.2,10,311.7,4,71.8,6.04222515705,12,8,2,329.7,189.1,42.4,7,3,0,226.8,84.9,0
172,172,21,547.3,9,285.8,3,53.3,6.31327776915,12,7,2,337.9,171.6,37.8,7,2,0,224.9,60.9,0
173,173,21,551.7,11,332.0,2,36.0,5.83233596916,12,7,2,330.4,178.2,43.1,8,3,0,240.5,91.5,0
174,174,22,569.6,11,335.9,4,72.0,5.52077540197,12,8,2,332.5,194.9,42.2,8,3,0,246.0,89.9,0
175,175,21,554.5,12,360.5,1,18.2,5.40948021445,12,7,2,328.1,181.5,44.9,8,4,0,245.5,115.0,0
176,176,21,558.9,12,379.2,4,72.9,6.49802167696,12,7,2,333.1,175.9,49.9,8,3,1,258.0,91.5,29.7
177,177,21,558.0,12,377.1,4,72.7,6.39203745743,12,7,2,329.5,178.0,50.5,8,3,1,256.8,90.0,30.3
178,178,21,543.2,10,312.1,3,52.9,6.13720892046,12,7,2,321.5,178.0,43.7,7,3,0,219.8,92.3,0
179,179,22,558.3,9,290.1,3,48.9,6.6986801698,12,8,2,324.1,197.7,36.5,7,2,0,225.9,64.2,0
180,180,22,567.7,13,390.7,6,108.9,6.22601892772,12,8,2,325.2,198.1,44.4,8,4,1,248.8,116.9,25.0
181,181,22,564.3,10,302.7,2,36.9,5.2586210396,12,8,2,327.2,188.6,48.5,7,2,1,222.0,54.7,26.0
182,182,22,540.3,10,293.5,4,68.1,5.71553097903,12,8,2,314.1,175.5,50.7,6,3,1,189.0,77.2,27.3
183,183,22,565.0,11,339.9,4,67.1,6.33318067713,12,8,2,329.8,185.5,49.7,7,3,1,224.0,89.7,26.2
184,184,22,572.6,11,345.6,6,113.9,6.36659300517,12,8,2,336.6,190.6,45.4,7,3,1,229.8,89.4,26.4
185,185,22,581.5,13,398.3,4,76.2,6.09163254087,12,8,2,345.4,187.4,48.7,9,3,1,284.6,84.7,29.0
186,186,22,587.8,12,378.6,4,75.4,6.07654635335,12,8,2,347.6,188.9,51.3,9,2,1,287.4,60.1,31.1
187,187,22,574.5,12,371.4,5,88.0,6.52462700664,12,8,2,340.7,183.5,50.3,8,3,1,257.7,83.6,30.1
188,188,22,566.7,13,399.6,7,122.7,6.70938639526,12,8,2,337.2,182.3,47.2,9,3,1,281.6,87.2,30.8
189,189,22,573.4,12,376.8,6,106.7,6.59347046811,12,8,2,342.2,183.9,47.3,9,2,1,284.8,61.1,30.9
190,190,22,577.3,13,396.7,5,92.0,6.23130797941,12,8,2,338.6,189.4,49.3,8,4,1,256.2,110.6,29.9
191,191,22,585.6,12,372.3,3,53.2,6.05070923538,12,8,2,337.4,196.4,51.8,8,3,1,258.2,86.2,27.9
192,192,22,593.4,13,401.3,2,35.2,6.09521137711,12,8,2,342.5,204.5,46.4,8,5,0,257.9,143.4,0
193,193,22,569.0,10,316.2,5,86.5,6.39721259646,12,8,2,340.0,180.4,48.6,8,2,0,255.5,60.7,0
194,194,22,538.5,8,250.3,7,128.0,5.93560137108,12,8,2,314.2,180.7,43.6,6,2,0,189.3,61.0,0
195,195,21,504.0,9,284.6,10,177.2,7.18463638607,12,7,2,317.8,152.1,34.1,7,2,0,222.8,61.8,0
196,196,22,562.4,11,332.9,4,68.5,5.88812731605,12,8,2,325.3,197.5,39.6,7,4,0,221.0,111.9,0
197,197,22,570.5,10,317.3,5,91.2,6.35373054,12,8,2,335.2,191.4,43.9,7,2,1,234.6,56.7,26.0
198,198,22,574.0,11,343.7,5,93.2,5.93768506205,12,8,2,340.3,189.9,43.8,8,3,0,258.1,85.6,0
199,199,22,578.3,12,367.0,3,55.6,5.67645894438,12,8,2,341.9,191.5,44.9,7,4,1,230.9,110.3,25.8
200,200,22,587.3,15,444.7,4,73.1,5.79445361019,12,8,2,339.4,204.0,43.9,8,6,1,257.2,161.1,26.4
201,201,22,579.7,13,391.5,4,73.2,5.78575837726,12,8,2,332.4,202.0,45.3,8,4,1,250.1,113.6,27.8
202,202,22,588.9,11,344.0,2,36.1,5.7143417205,12,8,2,342.5,201.0,45.4,8,3,0,255.4,88.6,0
203,203,22,571.3,12,355.5,2,34.4,5.21265733928,12,8,2,330.6,193.9,46.8,8,3,1,246.5,82.7,26.3
204,204,22,568.4,12,353.4,3,52.6,5.3149873856,12,8,2,338.0,186.3,44.1,8,3,1,250.2,78.2,25.0
205,205,22,577.0,13,385.9,4,75.1,5.3544091149,12,8,2,336.2,194.3,46.5,9,3,1,276.9,81.9,27.1
206,206,22,575.9,14,406.4,1,18.3,4.69020578472,12,8,2,333.4,193.4,49.1,9,4,1,272.3,107.5,26.6
207,207,22,556.7,10,293.5,2,37.0,4.61740777336,12,8,2,324.5,190.3,41.9,8,2,0,240.5,53.0,0
208,208,22,569.4,10,298.9,2,37.0,4.6886526,12,8,2,333.9,192.0,43.5,9,1,0,270.3,28.6,0
209,209,22,569.3,12,357.6,4,75.2,5.42805163836,12,8,2,340.5,190.0,38.8,9,3,0,277.9,79.7,0
210,210,22,571.3,13,381.8,2,34.0,5.21959552927,12,8,2,330.7,197.1,43.5,8,4,1,246.3,109.0,26.5
211,211,22,571.1,12,352.5,2,35.8,4.78048205289,12,8,2,327.3,198.2,45.6,9,3,0,269.3,83.2,0
212,212,22,584.8,13,391.0,2,36.3,5.25217744991,12,8,2,345.6,198.0,41.2,9,4,0,282.6,108.4,0
213,213,22,567.6,11,327.1,2,34.7,4.915088528,12,8,2,327.3,198.0,42.3,8,3,0,242.6,84.5,0
214,214,22,556.8,11,323.9,3,51.2,5.44023013264,12,8,2,323.7,188.5,44.6,7,3,1,216.0,81.7,26.2
215,215,22,561.6,11,321.9,4,74.7,5.1440378635,12,8,2,325.3,193.9,42.4,7,4,0,218.7,103.2,0
216,216,22,556.2,9,272.9,4,76.2,5.27957757723,12,8,2,327.0,184.7,44.5,6,2,1,195.7,52.0,25.2
217,217,22,560.8,10,300.1,4,76.3,5.21727068685,12,8,2,329.9,186.0,44.9,7,2,1,222.2,52.3,25.6
218,218,22,572.5,13,385.4,3,51.3,5.65398568379,12,8,2,337.6,194.2,40.7,8,5,0,250.6,134.8,0
219,219,22,575.0,12,364.0,4,74.2,5.40991553975,12,8,2,331.1,200.6,43.3,8,4,0,246.1,117.9,0
220,220,22,581.6,12,360.9,1,18.7,4.7505934922,12,8,2,330.3,206.4,44.9,8,4,0,242.3,118.6,0
221,221,22,593.4,13,397.0,1,18.9,5.40759446724,12,8,2,326.6,220.5,46.3,8,4,1,242.9,128.0,26.1
222,222,22,606.6,11,365.5,2,37.5,6.52702672908,12,8,2,332.4,224.1,50.1,6,4,1,203.7,135.9,25.9
223,223,22,623.7,13,418.2,1,17.9,5.72386399625,12,8,2,339.6,232.3,51.8,7,5,1,227.7,160.7,29.8
224,224,22,622.4,15,469.3,0,0,5.53034133889,12,8,2,343.7,229.6,49.1,9,5,1,277.8,163.7,27.8
225,225,22,621.7,17,511.8,1,18.0,4.86343589019,12,8,2,332.7,239.4,49.6,8,8,1,243.4,239.4,29.0
226,226,22,641.3,17,526.0,0,0,4.81265692385,12,8,2,349.2,239.1,53.0,10,6,1,304.7,191.7,29.6
227,227,22,627.4,15,471.7,1,18.7,5.40992354172,12,8,2,337.8,238.0,51.6,9,5,1,274.9,167.5,29.3
228,228,22,618.8,14,439.9,1,18.7,5.25920343581,12,8,2,347.2,223.2,48.4,9,4,1,283.1,129.8,27.0
229,229,22,628.3,17,524.8,2,38.1,5.59529216148,12,8,2,348.7,235.2,44.4,9,7,1,285.5,214.3,25.0
230,230,22,625.8,14,443.4,1,18.7,5.19080939397,12,8,2,344.2,236.2,45.4,8,6,0,253.7,189.7,0
231,231,22,638.0,17,524.8,1,19.0,5.17641170071,12,8,2,353.9,235.1,49.0,9,7,1,288.5,210.9,25.4
232,232,22,654.4,17,540.0,1,18.1,5.41116370485,12,8,2,358.6,243.5,52.3,8,8,1,268.9,243.5,27.6
233,233,22,655.5,17,538.9,0,0,5.18132886731,12,8,2,360.8,242.8,51.9,10,6,1,315.5,195.2,28.2
234,234,18,542.8,15,473.7,0,0,5.40818793424,9,7,2,277.5,213.5,51.8,8,6,1,254.2,190.8,28.7
235,235,19,578.9,17,530.2,0,0,4.20053602817,10,7,2,314.2,210.4,54.3,10,6,1,314.2,186.1,29.9
236,236,18,562.0,17,539.0,0,0,4.39953948868,10,7,1,316.9,217.9,27.2,9,7,1,293.9,217.9,27.2
237,237,19,614.4,17,566.4,0,0,4.67858128144,10,7,2,326.0,233.2,55.2,9,7,1,302.0,233.2,31.2
238,238,19,591.5,17,543.3,0,0,5.01631257129,10,7,2,313.3,219.0,59.2,9,6,2,289.4,194.7,59.2
239,239,17,540.7,15,492.8,0,0,4.89597673966,9,6,2,291.8,192.2,56.7,7,6,2,243.9,192.2,56.7
240,240,17,517.1,13,420.5,0,0,4.8200408834,9,7,1,284.1,209.0,24.0,7,6,0,236.1,184.4,0
241,241,18,563.7,17,539.8,0,0,4.99060882765,9,7,2,296.2,212.0,55.5,9,7,1,296.2,212.0,31.6
242,242,18,558.3,16,510.3,0,0,4.65444126931,9,7,2,294.9,208.6,54.8,9,6,1,294.9,184.1,31.3
243,243,19,602.8,18,579.0,0,0,4.74339799736,10,7,2,314.0,235.4,53.4,10,7,1,314.0,235.4,29.6
244,244,18,551.2,16,506.3,0,0,5.28900697402,9,7,2,269.1,230.8,51.3,8,7,1,246.5,230.8,29.0
245,245,19,562.5,15,468.8,0,0,4.67635585617,10,7,2,300.2,215.8,46.5,8,7,0,253.0,215.8,0
246,246,15,451.5,12,383.5,0,0,4.84561657583,9,6,0,269.9,181.6,0,6,6,0,201.9,181.6,0
247,247,17,502.6,15,453.1,0,0,3.70235417952,9,7,1,267.4,207.4,27.8,8,6,1,242.6,182.7,27.8
248,248,14,428.3,13,404.6,0,0,4.46774151957,7,6,1,220.9,178.4,29.0,6,6,1,197.2,178.4,29.0
249,249,17,508.1,16,484.5,0,0,4.04951885305,9,7,1,273.3,205.2,29.6,8,7,1,249.7,205.2,29.6
250,250,15,452.3,12,381.5,0,0,4.40598078374,8,6,1,242.3,180.7,29.3,7,4,1,219.7,132.5,29.3
251,251,16,497.4,16,497.4,0,0,3.78327459573,8,6,2,247.3,192.4,57.7,8,6,2,247.3,192.4,57.7
252,252,17,530.4,15,481.5,0,0,4.72797525374,9,7,1,286.2,220.1,24.1,9,6,0,286.2,195.3,0
