,e_id,num_sat,sum_snr,num_sat_25,sum_snr_25,snr_std,elev_0_30,elev_30_60,elev_60_90,elev_0_30_25,elev_30_60_25,elev_60_90_25
1,1,22,516.7,9,261.1,5.55477447612,12,8,2,7,2,0
2,2,21,529.3,9,275.4,5.35634914755,11,8,2,7,2,0
3,3,22,610.3,15,462.4,5.66893448382,12,8,2,10,5,0
4,4,22,583.4,11,345.4,5.62863735211,12,8,2,9,2,0
5,5,22,594.4,13,400.5,5.54751221494,12,8,2,9,3,1
6,6,22,566.3,12,354.6,5.34590712075,12,8,2,10,2,0
7,7,21,549.7,12,364.7,5.64622925162,12,7,2,8,4,0
8,8,21,567.1,13,397.7,5.70845655063,11,8,2,9,4,0
9,9,22,570.8,11,339.6,6.1413297205,12,8,2,9,2,0
10,10,22,562.2,10,300.5,5.06018325216,12,8,2,8,2,0
11,11,22,559.3,12,350.5,5.33085643242,12,8,2,8,4,0
12,12,22,582.6,11,347.3,6.36108978112,13,7,2,8,3,0
13,13,23,610.5,13,390.5,5.08087555867,13,8,2,7,6,0
14,14,21,562.4,13,384.9,4.99746126024,12,7,2,6,7,0
15,15,16,437.8,13,371.1,3.80716429906,8,7,1,7,5,1
16,16,17,489.1,12,374.6,4.73124781451,10,5,2,8,3,1
17,17,19,541.2,13,403.6,5.2991889482,11,7,1,7,5,1
18,18,19,529.8,13,404.2,6.17173333818,11,7,1,8,4,1
19,19,19,512.7,11,334.2,5.09588757484,11,7,1,8,3,0
20,20,17,485.8,11,354.6,6.64572507441,11,5,1,8,2,1
21,21,19,531.3,13,400.5,5.5723733749,10,7,2,9,3,1
22,22,20,551.1,11,352.4,5.73103049428,11,7,2,8,3,0
23,23,20,580.3,13,422.7,6.14237010659,11,7,2,8,5,0
24,24,16,467.4,12,373.4,4.48030876912,8,7,1,7,4,1
25,25,18,524.8,13,409.0,5.68622920874,9,7,2,7,5,1
26,26,13,404.4,12,380.1,4.88798894203,10,3,0,9,3,0
27,27,10,306.7,9,281.8,4.01553926087,7,2,1,6,2,1
28,28,14,412.1,9,297.0,6.09256888384,11,3,0,7,2,0
29,29,14,415.9,11,347.5,5.74609757685,10,3,1,8,2,1
30,30,12,372.8,10,324.8,5.3283689016,9,3,0,8,2,0
31,31,16,455.1,14,407.4,3.81627545302,9,6,1,9,5,0
32,32,14,391.0,9,270.2,4.85472467276,8,5,1,6,3,0
33,33,16,477.2,14,433.5,6.18314914371,9,5,2,8,5,1
34,34,15,435.0,9,297.7,6.56658206375,9,6,0,7,2,0
35,35,14,395.0,9,280.9,5.99754528541,9,4,1,6,3,0
36,36,14,423.5,13,400.4,4.69594751641,8,5,1,8,4,1
37,37,17,489.9,14,419.9,4.90869576544,9,6,2,8,4,2
38,38,15,424.3,11,329.1,4.29282901504,9,6,0,8,3,0
39,39,18,496.1,12,358.9,4.69707529638,9,7,2,8,3,1
40,40,17,458.2,9,286.8,6.09755254662,9,6,2,8,0,1
41,41,17,455.0,9,282.0,5.83062402068,9,6,2,8,0,1
42,42,20,537.1,12,372.0,6.47736748021,11,7,2,8,3,1
43,43,20,557.1,11,354.4,5.92421213949,11,7,2,7,3,1
44,44,13,387.7,11,340.8,4.67496057847,6,6,1,6,4,1
45,45,16,478.2,13,408.0,5.10449148626,9,6,1,8,4,1
46,46,18,522.1,13,404.3,5.2901097756,10,7,1,8,5,0
47,47,14,425.6,12,379.5,4.9856717779,9,3,2,9,2,1
48,48,16,475.4,13,408.2,5.34862910785,10,5,1,9,3,1
49,49,16,456.6,12,364.6,5.28354363409,10,5,1,7,4,1
50,50,17,470.5,12,373.4,6.4864791501,11,5,1,9,2,1
51,51,19,507.3,11,345.4,6.81020476116,11,6,2,7,3,1
52,52,19,509.8,10,314.1,5.94624555979,11,6,2,7,2,1
53,53,20,534.1,12,370.0,6.032235773,11,7,2,8,3,1
54,54,20,561.5,13,405.0,5.19492414209,11,7,2,8,4,1
55,55,20,556.3,11,363.1,6.6176220089,11,7,2,8,3,0
56,56,20,555.4,10,325.9,5.94068045013,11,7,2,6,3,1
57,57,20,563.7,13,404.0,5.19364743549,11,7,2,8,4,1
58,58,20,543.9,13,398.6,5.62339801749,11,7,2,8,4,1
59,59,19,533.4,13,410.0,6.13585474488,11,7,1,8,5,0
60,60,20,547.6,12,377.8,6.14616696983,11,8,1,7,5,0
61,61,20,531.8,9,295.8,6.72144251435,11,8,1,6,3,0
62,62,21,546.4,9,299.4,7.19490229591,11,8,2,7,2,0
63,63,20,540.7,12,376.4,6.53792780627,11,8,1,7,5,0
64,64,20,533.4,11,344.6,6.22762098701,11,8,1,8,3,0
65,65,20,514.3,11,332.2,6.14999144201,11,8,1,8,3,0
66,66,21,507.7,10,295.4,5.87247007331,11,8,2,7,3,0
67,67,21,495.4,9,256.0,5.17280434212,11,8,2,6,2,1
68,68,21,484.9,8,228.6,5.54291482542,11,8,2,7,1,0
69,69,21,509.7,9,266.5,5.4951017149,11,8,2,7,1,1
70,70,21,521.6,9,271.5,5.88094177751,11,8,2,7,1,1
71,71,21,515.5,8,243.7,5.42647390555,11,8,2,7,1,0
72,72,21,512.9,7,218.2,5.49689955902,11,8,2,6,1,0
73,73,21,483.8,7,214.9,6.13974561285,11,8,2,6,1,0
74,74,21,481.4,8,240.1,6.04904163995,11,8,2,7,1,0
75,75,20,464.6,8,247.9,6.97115107916,11,8,1,7,1,0
76,76,21,498.7,8,247.9,6.37460736419,11,8,2,7,1,0
77,77,21,508.6,9,273.9,6.36471672957,11,8,2,7,2,0
78,78,21,508.3,9,275.4,6.32870256771,11,8,2,6,2,1
79,79,20,472.8,9,279.3,7.41608493678,11,7,2,7,2,0
80,80,20,493.3,9,278.6,6.49860511349,11,7,2,7,2,0
81,81,21,525.8,10,300.8,5.8583680484,11,8,2,7,3,0
82,82,21,535.7,12,362.4,6.33023733851,11,8,2,8,4,0
83,83,21,520.3,9,278.0,6.27550035949,11,8,2,7,2,0
84,84,20,496.0,11,327.7,6.52025185177,11,7,2,7,3,1
85,85,20,487.3,10,299.7,6.59092478137,11,7,2,7,2,1
86,86,20,492.9,10,302.9,6.56389446337,11,7,2,8,1,1
87,87,21,515.5,8,255.5,6.93654229769,11,8,2,6,1,1
88,88,21,516.8,9,275.2,6.12281836754,11,8,2,7,1,1
89,89,20,487.5,9,272.4,5.97986753946,11,7,2,8,0,1
90,90,21,521.6,9,279.2,6.12343663236,11,8,2,7,2,0
91,91,21,531.9,11,332.8,5.83841955131,11,8,2,8,2,1
92,92,21,504.1,11,323.6,6.15259914105,11,8,2,8,2,1
93,93,21,493.1,10,283.4,5.6225100309,11,8,2,7,2,1
94,94,21,484.2,9,254.4,5.61449654275,11,8,2,7,2,0
95,95,21,522.5,11,331.4,6.50827312331,11,8,2,8,3,0
96,96,20,505.8,12,352.9,6.01164659115,11,7,2,7,4,1
97,97,21,536.0,12,354.0,5.59945575587,11,8,2,7,4,1
98,98,21,512.3,11,323.2,6.31913571547,11,8,2,7,3,1
99,99,21,490.5,8,235.9,5.88128994597,11,8,2,5,2,1
100,100,21,490.7,9,262.9,5.90739649366,11,8,2,6,2,1
101,101,21,509.6,9,270.9,6.24013888734,11,8,2,8,1,0
102,102,20,503.6,9,284.6,7.05650875359,11,8,1,7,2,0
103,103,21,572.7,14,440.9,7.15200271652,11,8,2,8,6,0
104,104,21,547.8,11,351.1,7.21243965065,11,8,2,8,3,0
105,105,21,566.3,12,375.0,6.20188143496,11,8,2,7,5,0
106,106,21,567.9,12,384.6,7.0053958795,11,8,2,9,3,0
107,107,21,586.1,15,463.9,6.03878338425,11,8,2,10,4,1
108,108,21,574.3,13,401.8,5.72028137836,11,8,2,8,4,1
109,109,21,541.7,11,335.9,5.69231729531,11,8,2,7,3,1
110,110,21,553.5,11,347.1,6.3697387253,11,8,2,7,3,1
111,111,21,544.1,14,414.9,6.02668273281,11,8,2,8,5,1
112,112,20,516.4,13,380.7,6.09621107522,11,7,2,8,4,1
113,113,20,516.5,11,336.9,6.24498746364,11,7,2,7,4,0
114,114,21,557.5,12,368.9,6.02939624238,11,8,2,9,3,0
115,115,21,557.4,14,420.5,6.03635415036,11,8,2,9,5,0
116,116,21,581.6,11,361.5,6.41829231108,11,8,2,8,3,0
117,117,20,519.6,8,270.2,7.24195379279,11,7,2,6,2,0
118,118,20,523.6,11,333.3,5.39430498913,11,7,2,8,2,1
119,119,20,508.8,10,302.2,5.71299534303,11,7,2,8,2,0
120,120,20,505.2,10,300.0,5.72937031536,11,7,2,8,2,0
121,121,20,492.4,7,218.3,5.796060368,11,7,2,5,2,0
122,122,21,506.7,6,187.6,5.3243913133,11,8,2,4,2,0
123,123,21,542.4,10,309.4,5.83756309235,11,8,2,7,2,1
124,124,21,552.9,13,385.1,5.43315220265,11,8,2,7,5,1
125,125,21,548.3,12,360.8,5.53984699806,11,8,2,8,3,1
126,126,21,536.4,12,355.1,5.78260939616,11,8,2,7,4,1
127,127,21,530.4,13,385.9,6.60617676335,11,8,2,8,4,1
128,128,21,533.3,12,356.1,6.26597767236,11,8,2,7,4,1
129,129,21,542.7,10,313.0,6.33581655579,11,8,2,6,3,1
130,130,21,524.1,7,222.2,5.62206113704,11,8,2,5,2,0
131,131,21,539.0,10,314.1,6.44347214888,11,8,2,6,3,1
132,132,21,527.3,11,333.4,6.71043253166,11,8,2,7,3,1
133,133,21,530.8,9,285.0,6.71482723247,11,8,2,6,2,1
134,134,21,537.3,10,308.8,5.78388154394,11,8,2,7,3,0
135,135,19,507.9,11,339.7,5.76821295565,11,6,2,7,4,0
136,136,15,433.1,12,363.8,4.30754598129,6,7,2,6,5,1
137,137,11,309.6,8,236.6,2.84828497042,8,3,0,6,2,0
138,138,16,450.9,11,334.6,4.74892531702,8,7,1,7,4,0
139,139,13,347.1,7,212.4,5.7397735147,7,5,1,4,2,1
140,140,12,341.1,9,270.2,5.2904931889,8,4,0,7,2,0
141,141,12,315.7,6,184.5,6.08835824017,7,4,1,4,1,1
142,142,11,305.1,5,161.5,5.59665484504,7,3,1,4,1,0
143,143,15,394.2,7,212.8,5.45556072802,7,7,1,5,2,0
144,144,13,375.9,10,304.3,5.08524764291,8,3,2,6,3,1
145,145,13,362.8,10,291.9,4.72325127048,8,5,0,5,5,0
146,146,19,517.8,14,415.1,5.74604873138,10,7,2,10,4,0
147,147,19,521.5,13,395.3,5.92943396409,10,7,2,9,4,0
148,148,19,504.6,10,309.3,6.13091580883,10,7,2,8,2,0
149,149,17,472.8,11,339.9,5.92957443171,10,5,2,7,4,0
150,150,19,512.3,11,334.5,5.67540605755,10,7,2,7,4,0
151,151,19,515.7,11,345.8,6.33415045514,10,7,2,8,3,0
152,152,19,497.2,9,286.1,6.82341171031,11,6,2,6,3,0
153,153,18,479.8,8,263.0,6.87221363619,11,6,1,6,2,0
154,154,20,526.9,9,300.1,7.3943417201,11,7,2,6,3,0
155,155,20,528.8,10,321.9,7.27862045923,11,7,2,7,3,0
156,156,20,519.0,9,276.4,5.4118291489,11,7,2,5,4,0
157,157,20,533.5,11,340.1,6.04551813112,11,7,2,7,4,0
158,158,21,530.4,10,300.3,6.01003922022,11,8,2,6,4,0
159,159,20,502.7,8,248.9,6.41168957124,11,7,2,6,1,1
160,160,20,486.8,7,214.0,5.67685976946,11,7,2,6,1,0
161,161,20,469.3,6,187.5,6.07542721045,11,7,2,5,0,1
162,162,20,488.1,8,244.4,6.05930993118,11,7,2,5,2,1
163,163,21,513.0,8,247.0,5.88244361275,11,8,2,5,2,1
164,164,22,543.1,12,349.2,5.8816336777,12,8,2,6,5,1
165,165,22,544.6,11,318.9,5.2957060119,12,8,2,6,4,1
166,166,21,544.2,11,340.7,6.56911605273,12,7,2,6,4,1
167,167,21,526.0,9,271.2,5.50096528326,12,7,2,7,2,0
168,168,22,568.5,12,359.0,5.69148562838,12,8,2,9,2,1
169,169,22,559.5,8,265.1,6.58268915693,12,8,2,6,2,0
170,170,22,543.6,10,312.2,6.90968327376,12,8,2,7,3,0
171,171,22,561.2,10,311.7,6.04222515705,12,8,2,7,3,0
172,172,21,547.3,9,285.8,6.31327776915,12,7,2,7,2,0
173,173,21,551.7,11,332.0,5.83233596916,12,7,2,8,3,0
174,174,22,569.6,11,335.9,5.52077540197,12,8,2,8,3,0
175,175,21,554.5,12,360.5,5.40948021445,12,7,2,8,4,0
176,176,21,558.9,12,379.2,6.49802167696,12,7,2,8,3,1
177,177,21,558.0,12,377.1,6.39203745743,12,7,2,8,3,1
178,178,21,543.2,10,312.1,6.13720892046,12,7,2,7,3,0
179,179,22,558.3,9,290.1,6.6986801698,12,8,2,7,2,0
180,180,22,567.7,12,365.7,6.22601892772,12,8,2,8,4,0
181,181,22,564.3,10,302.7,5.2586210396,12,8,2,7,2,1
182,182,22,540.3,10,293.5,5.71553097903,12,8,2,6,3,1
183,183,22,565.0,11,339.9,6.33318067713,12,8,2,7,3,1
184,184,22,572.6,11,345.6,6.36659300517,12,8,2,7,3,1
185,185,22,581.5,12,373.3,6.09163254087,12,8,2,9,2,1
186,186,22,587.8,12,378.6,6.07654635335,12,8,2,9,2,1
187,187,22,574.5,12,371.4,6.52462700664,12,8,2,8,3,1
188,188,22,566.7,13,399.6,6.70938639526,12,8,2,9,3,1
189,189,22,573.4,12,376.8,6.59347046811,12,8,2,9,2,1
190,190,22,577.3,13,396.7,6.23130797941,12,8,2,8,4,1
191,191,22,585.6,12,372.3,6.05070923538,12,8,2,8,3,1
192,192,22,593.4,13,401.3,6.09521137711,12,8,2,8,5,0
193,193,22,569.0,10,316.2,6.39721259646,12,8,2,8,2,0
194,194,22,538.5,8,250.3,5.93560137108,12,8,2,6,2,0
195,195,21,504.0,9,284.6,7.18463638607,12,7,2,7,2,0
196,196,22,562.4,11,332.9,5.88812731605,12,8,2,7,4,0
197,197,22,570.5,10,317.3,6.35373054,12,8,2,7,2,1
198,198,22,574.0,11,343.7,5.93768506205,12,8,2,8,3,0
199,199,22,578.3,12,367.0,5.67645894438,12,8,2,7,4,1
200,200,22,587.3,14,419.7,5.79445361019,12,8,2,8,5,1
201,201,22,579.7,13,391.5,5.78575837726,12,8,2,8,4,1
202,202,22,588.9,11,344.0,5.7143417205,12,8,2,8,3,0
203,203,22,571.3,12,355.5,5.21265733928,12,8,2,8,3,1
204,204,22,568.4,11,328.4,5.3149873856,12,8,2,8,3,0
205,205,22,577.0,13,385.9,5.3544091149,12,8,2,9,3,1
206,206,22,575.9,14,406.4,4.69020578472,12,8,2,9,4,1
207,207,22,556.7,10,293.5,4.61740777336,12,8,2,8,2,0
208,208,22,569.4,10,298.9,4.6886526,12,8,2,9,1,0
209,209,22,569.3,11,332.6,5.42805163836,12,8,2,9,2,0
210,210,22,571.3,13,381.8,5.21959552927,12,8,2,8,4,1
211,211,22,571.1,12,352.5,4.78048205289,12,8,2,9,3,0
212,212,22,584.8,13,391.0,5.25217744991,12,8,2,9,4,0
213,213,22,567.6,11,327.1,4.915088528,12,8,2,8,3,0
214,214,22,556.8,11,323.9,5.44023013264,12,8,2,7,3,1
215,215,22,561.6,10,296.9,5.1440378635,12,8,2,7,3,0
216,216,22,556.2,9,272.9,5.27957757723,12,8,2,6,2,1
217,217,22,560.8,10,300.1,5.21727068685,12,8,2,7,2,1
218,218,22,572.5,13,385.4,5.65398568379,12,8,2,8,5,0
219,219,22,575.0,11,339.0,5.40991553975,12,8,2,7,4,0
220,220,22,581.6,12,360.9,4.7505934922,12,8,2,8,4,0
221,221,22,593.4,13,397.0,5.40759446724,12,8,2,8,4,1
222,222,22,606.6,11,365.5,6.52702672908,12,8,2,6,4,1
223,223,22,623.7,13,418.2,5.72386399625,12,8,2,7,5,1
224,224,22,622.4,15,469.3,5.53034133889,12,8,2,9,5,1
225,225,22,621.7,17,511.8,4.86343589019,12,8,2,8,8,1
226,226,22,641.3,16,501.0,4.81265692385,12,8,2,9,6,1
227,227,22,627.4,15,471.7,5.40992354172,12,8,2,9,5,1
228,228,22,618.8,14,439.9,5.25920343581,12,8,2,9,4,1
229,229,22,628.3,16,499.8,5.59529216148,12,8,2,9,7,0
230,230,22,625.8,14,443.4,5.19080939397,12,8,2,8,6,0
231,231,22,638.0,17,524.8,5.17641170071,12,8,2,9,7,1
232,232,22,654.4,17,540.0,5.41116370485,12,8,2,8,8,1
233,233,22,655.5,16,513.9,5.18132886731,12,8,2,9,6,1
234,234,18,542.8,15,473.7,5.40818793424,9,7,2,8,6,1
235,235,19,578.9,17,530.2,4.20053602817,10,7,2,10,6,1
236,236,18,562.0,17,539.0,4.39953948868,10,7,1,9,7,1
237,237,19,614.4,17,566.4,4.67858128144,10,7,2,9,7,1
238,238,19,591.5,17,543.3,5.01631257129,10,7,2,9,6,2
239,239,17,540.7,15,492.8,4.89597673966,9,6,2,7,6,2
240,240,17,517.1,13,420.5,4.8200408834,9,7,1,7,6,0
241,241,18,563.7,17,539.8,4.99060882765,9,7,2,9,7,1
242,242,18,558.3,16,510.3,4.65444126931,9,7,2,9,6,1
243,243,19,602.8,17,554.0,4.74339799736,10,7,2,9,7,1
244,244,18,551.2,16,506.3,5.28900697402,9,7,2,8,7,1
245,245,19,562.5,15,468.8,4.67635585617,10,7,2,8,7,0
246,246,15,451.5,12,383.5,4.84561657583,9,6,0,6,6,0
247,247,17,502.6,15,453.1,3.70235417952,9,7,1,8,6,1
248,248,14,428.3,12,379.6,4.46774151957,7,6,1,6,5,1
249,249,17,508.1,15,459.5,4.04951885305,9,7,1,8,6,1
250,250,15,452.3,12,381.5,4.40598078374,8,6,1,7,4,1
251,251,16,497.4,16,497.4,3.78327459573,8,6,2,8,6,2
252,252,17,530.4,15,481.5,4.72797525374,9,7,1,9,6,0
