,e_id,num_sat,sum_snr,num_sat_25,sum_snr_25,snr_std,elev_0_30,elev_30_60,elev_60_90,elev_0_30_25,elev_30_60_25,elev_60_90_25
1,1,21,468.4,5,139.3,4.09358964608,15,2,4,3,0,2
2,2,21,474.8,6,168.7,4.34625180609,15,2,4,4,0,2
3,3,21,487.7,5,158.7,5.4554472559,15,2,4,4,0,1
4,4,21,493.8,5,159.0,5.53843711838,15,2,4,4,0,1
5,5,21,462.4,4,110.9,3.80244908547,15,2,4,3,1,0
6,6,20,452.1,6,161.3,3.47448973914,14,2,4,5,1,0
7,7,20,461.9,4,113.9,3.82739089363,14,2,4,3,1,0
8,8,20,463.7,7,192.6,4.42603243977,14,2,4,5,1,1
9,9,20,472.6,7,195.7,4.52037492623,14,2,4,5,1,1
10,10,20,472.2,6,171.4,4.53511445918,14,2,4,4,1,1
11,11,20,468.1,9,251.7,5.47736730844,14,2,4,7,1,1
12,12,20,480.0,7,202.4,4.79012141369,14,2,4,5,1,1
13,13,20,475.3,8,234.9,5.06092096882,14,2,4,5,2,1
14,14,20,470.6,8,233.1,5.0493459712,14,2,4,5,2,1
15,15,20,470.8,8,231.6,5.27061366646,14,2,4,5,2,1
16,16,20,479.2,7,208.4,4.99108679231,14,2,4,4,2,1
17,17,20,463.6,6,176.8,4.75423357042,14,2,4,3,2,1
18,18,20,459.7,7,202.0,5.1239658777,14,2,4,4,2,1
19,19,20,467.0,8,228.1,4.81822199135,14,2,4,5,2,1
20,20,20,472.8,8,231.9,5.04343241516,14,2,4,5,2,1
21,21,20,459.7,8,229.2,5.33027845624,14,2,4,5,2,1
22,22,20,466.3,7,200.9,4.92707610529,14,2,4,4,2,1
23,23,20,465.5,10,277.3,5.11652379937,14,2,4,6,2,2
24,24,20,473.5,10,280.5,5.07821715503,14,2,4,6,2,2
25,25,20,471.9,8,231.3,5.14847703593,14,2,4,5,2,1
26,26,21,490.8,10,283.3,5.51462989303,15,2,4,6,2,2
27,27,21,492.5,10,284.3,5.43126311714,15,2,4,6,2,2
28,28,21,499.2,9,259.9,5.54807559944,15,2,4,5,2,2
29,29,21,493.2,10,283.9,5.61242244617,15,2,4,6,2,2
30,30,21,489.3,9,255.1,5.46324079645,15,2,4,6,2,1
31,31,21,490.1,9,257.2,5.53258313905,15,2,4,5,2,2
32,32,21,473.3,9,252.4,5.78597236344,15,2,4,5,2,2
33,33,21,496.7,9,263.2,6.02499950603,15,2,4,6,2,1
34,34,21,507.8,8,247.8,6.14032727529,15,2,4,5,2,1
35,35,21,508.3,9,272.7,6.24983809314,15,2,4,6,2,1
36,36,21,490.4,8,235.8,6.02458455394,15,2,4,4,2,2
37,37,21,511.8,10,296.3,5.99642750787,15,2,4,7,2,1
38,38,21,511.7,10,299.2,6.09207134999,15,2,4,7,2,1
39,39,21,513.2,10,298.5,5.96024128626,15,2,4,7,2,1
40,40,21,512.1,10,295.5,5.70037592745,15,2,4,7,2,1
41,41,20,495.6,10,290.3,5.25332977113,14,2,4,7,2,1
42,42,20,495.0,9,266.2,5.54175537457,14,2,4,6,2,1
43,43,20,492.3,11,314.7,5.48762003825,14,2,4,8,2,1
44,44,21,502.6,10,286.7,5.59073638561,15,2,4,7,2,1
45,45,21,508.7,10,287.8,5.45792128579,15,2,4,7,2,1
46,46,21,509.5,11,313.9,5.44357200655,15,2,4,8,2,1
47,47,21,518.2,12,344.4,5.62644690386,15,2,4,8,2,2
48,48,21,502.3,8,236.0,5.4259210322,15,2,4,4,2,2
49,49,20,484.7,7,219.0,5.97999075866,14,2,4,5,1,1
50,50,20,471.0,7,223.1,7.02787682245,14,2,4,5,1,1
51,51,20,479.6,6,198.7,7.06038615315,14,2,4,5,1,0
52,52,20,479.0,6,196.1,6.84324484437,14,2,4,5,1,0
53,53,20,481.1,6,188.1,5.60924753374,14,2,4,4,1,1
54,54,20,491.7,10,282.9,4.3315580034,14,2,4,6,2,2
55,55,20,487.3,10,277.5,3.94892057203,14,2,4,6,2,2
56,56,20,490.6,10,284.3,4.78408545954,14,2,4,7,2,1
57,57,20,507.8,8,251.7,5.97079735485,14,2,4,6,1,1
58,58,20,493.1,8,242.1,5.27780606333,14,2,4,6,2,0
59,59,20,484.1,7,214.3,5.53291348016,14,2,4,5,2,0
60,60,20,500.2,9,267.5,5.52838607838,14,2,4,6,2,1
61,61,20,498.6,8,241.1,5.55689235379,14,2,4,5,2,1
62,62,20,518.0,8,254.9,6.03385187265,14,2,4,6,1,1
63,63,20,513.3,9,281.3,6.3231633489,14,2,4,6,2,1
64,64,20,510.6,8,257.0,6.51444548676,14,2,4,6,1,1
65,65,20,509.6,8,252.5,6.17938848959,14,2,4,6,1,1
66,66,20,507.3,8,252.6,6.16597411948,14,2,4,5,1,2
67,67,20,504.5,9,281.6,6.53636588231,14,2,4,6,2,1
68,68,20,506.6,10,294.1,5.47588973785,14,2,4,7,2,1
69,69,20,495.0,8,242.8,5.71337304742,14,2,4,6,1,1
70,70,20,506.0,8,247.2,5.68849253919,14,2,4,7,1,0
71,71,20,502.8,10,292.5,5.26141866,14,2,4,8,1,1
72,72,20,497.4,10,287.5,5.13584923537,14,2,4,7,2,1
73,73,20,506.5,9,268.7,5.50061001402,14,2,4,5,2,2
74,74,20,510.2,9,271.7,5.56160711343,14,2,4,8,1,0
75,75,20,510.3,10,303.8,5.74577877091,14,2,4,8,2,0
76,76,20,520.2,12,358.5,5.84860757158,14,2,4,8,2,2
77,77,20,512.5,10,301.8,5.56415927352,14,2,4,8,1,1
78,78,21,534.4,13,379.0,5.79436096974,14,3,4,8,3,2
79,79,21,542.1,11,329.1,5.42874623779,14,3,4,8,2,1
80,80,21,566.1,13,395.5,5.61583221158,14,3,4,8,2,3
81,81,20,530.4,13,386.0,5.75368074412,13,3,4,9,2,2
82,82,20,559.6,14,437.2,6.08194913356,13,3,4,8,2,4
83,83,21,586.4,14,443.8,6.29181251802,14,3,4,7,3,4
84,84,20,563.8,15,465.5,5.78008377284,13,3,4,8,3,4
85,85,21,587.1,15,469.3,6.14024196824,14,3,4,8,3,4
86,86,21,581.6,15,466.2,6.34046340503,14,3,4,8,3,4
87,87,20,520.6,13,383.0,5.55073252634,13,3,4,8,3,2
88,88,21,585.5,15,470.2,6.22532079877,14,3,4,8,3,4
89,89,20,559.6,14,438.4,6.35275323653,13,3,4,9,2,3
90,90,15,462.7,14,439.1,3.34682507688,8,3,4,7,3,4
91,91,15,447.5,12,377.5,4.70572093561,9,3,3,7,3,2
92,92,16,485.3,16,485.3,4.12580800167,9,3,4,9,3,4
93,93,14,425.9,13,403.3,3.93508451115,9,2,3,8,2,3
94,94,15,438.0,14,415.1,3.38969025134,8,3,4,7,3,4
95,95,13,394.4,11,345.4,4.11734915966,6,3,4,4,3,4
96,96,15,440.3,12,370.6,4.30678313273,8,3,4,5,3,4
97,97,16,481.0,13,407.8,4.93421726315,9,3,4,8,2,3
98,98,15,460.1,13,411.4,4.95745710545,8,3,4,8,2,3
99,99,17,530.5,15,482.0,4.2485983848,10,3,4,8,3,4
100,100,17,534.4,15,486.7,4.94607687674,10,3,4,10,3,2
101,101,15,467.4,13,420.0,5.44029936151,10,3,2,9,3,1
