,e_id,num_sat,sum_snr,num_sat_25,sum_snr_25,snr_std,elev_0_30,elev_30_60,elev_60_90,elev_0_30_25,elev_30_60_25,elev_60_90_25
1,1,19,438.1,4,132.9,6.1504575972,9,6,4,3,1,0
2,2,19,458.3,7,215.9,6.47255564736,9,6,4,3,4,0
3,3,19,433.3,7,198.3,5.10810615963,9,6,4,2,4,1
4,4,19,485.4,9,288.1,7.3598285322,9,6,4,4,4,1
5,5,19,487.0,9,289.9,7.68722263323,9,6,4,4,4,1
6,6,19,483.7,11,328.3,6.13435822863,9,6,4,6,4,1
7,7,19,423.4,6,169.0,4.98935123348,9,6,4,2,3,1
8,8,19,429.5,8,227.2,5.91161509086,9,6,4,3,4,1
9,9,19,453.9,8,235.8,6.05455702911,9,6,4,5,2,1
10,10,19,454.9,8,233.0,5.47533010567,9,6,4,5,3,0
11,11,20,493.7,9,266.4,5.49519167809,10,6,4,5,4,0
12,12,20,496.7,9,274.0,6.08382454157,10,6,4,5,4,0
13,13,20,494.0,10,300.9,6.2880839689,10,6,4,6,3,1
14,14,20,490.1,11,314.8,5.49521083356,10,6,4,6,5,0
15,15,20,485.2,12,335.6,5.76572449458,10,6,4,6,5,1
16,16,20,496.2,12,345.1,5.89182305805,10,6,4,6,5,1
17,17,19,471.7,10,293.4,5.66792555676,9,6,4,5,3,2
18,18,19,477.5,10,297.6,5.78427491198,9,6,4,5,3,2
19,19,19,485.3,11,324.7,5.62003517085,9,6,4,6,3,2
20,20,19,491.7,11,325.6,5.52022331949,9,6,4,5,5,1
21,21,19,483.7,12,346.5,5.5731813964,9,6,4,6,4,2
22,22,19,480.1,9,280.6,6.56667111942,9,6,4,5,4,0
23,23,19,473.1,8,235.7,5.05294193735,9,6,4,4,3,1
24,24,19,469.5,11,321.7,6.17835781281,9,6,4,7,3,1
25,25,19,514.1,13,388.7,5.00691918909,9,6,4,8,4,1
26,26,19,489.3,11,320.3,5.10711577889,9,6,4,7,4,0
27,27,19,501.4,13,373.4,4.09686800927,9,6,4,7,4,2
28,28,19,518.4,11,349.9,6.42506058405,9,6,4,6,4,1
29,29,19,497.0,11,344.7,7.26432040023,9,6,4,6,4,1
30,30,19,492.4,10,313.5,7.04550787996,9,6,4,6,4,0
31,31,19,512.1,12,375.8,6.74671676703,9,6,4,6,5,1
32,32,19,461.8,7,218.0,6.34511830589,9,6,4,4,3,0
33,33,19,475.6,8,252.9,6.81811741951,9,6,4,4,4,0
34,34,19,521.4,11,358.3,6.74498297415,9,6,4,6,4,1
35,35,19,493.6,11,340.9,6.87059587804,9,6,4,6,4,1
36,36,19,483.4,9,269.3,5.46446254239,9,6,4,5,3,1
37,37,19,486.0,10,299.6,5.54522606967,9,6,4,5,4,1
38,38,19,499.4,11,335.6,5.81523508246,9,6,4,6,4,1
39,39,19,509.1,11,341.0,5.78969138347,9,6,4,6,4,1
40,40,19,492.6,11,319.9,4.63343430409,9,6,4,5,4,2
41,41,19,507.3,12,355.2,4.97850937084,9,6,4,5,5,2
42,42,19,459.6,5,153.8,4.96340997667,9,6,4,2,2,1
43,43,19,445.8,4,132.3,6.0432892558,9,6,4,2,2,0
44,44,19,455.5,7,217.0,6.59720834101,9,6,4,3,3,1
45,45,19,478.3,9,272.7,5.93575251293,9,6,4,4,4,1
46,46,20,486.4,9,268.7,6.41581926507,10,6,4,4,4,1
47,47,20,479.6,7,215.0,6.25683626124,10,6,4,3,3,1
48,48,20,473.8,7,211.0,6.01759700248,10,6,4,3,3,1
49,49,20,492.0,8,244.0,6.04431006903,10,6,4,4,4,0
50,50,20,486.4,7,217.3,5.60174784754,10,6,4,4,3,0
51,51,20,489.6,8,235.9,4.99374345398,10,6,4,4,3,1
52,52,20,498.1,10,294.0,5.83207780975,10,6,4,6,4,0
53,53,20,502.7,11,329.0,6.24232370701,10,6,4,6,5,0
54,54,20,514.8,10,304.8,6.14829030579,10,6,4,4,5,1
55,55,20,504.8,9,274.0,5.82656349019,10,6,4,5,3,1
56,56,20,473.5,7,211.7,5.69134846661,10,6,4,4,3,0
57,57,20,509.8,9,275.8,5.58097331636,10,6,4,4,5,0
58,58,20,491.7,9,263.2,5.12314407987,10,6,4,5,4,0
59,59,20,512.7,10,307.2,6.02208872664,10,6,4,6,4,0
60,60,20,516.2,8,255.3,6.00595318698,10,6,4,5,3,0
61,61,20,494.4,10,296.6,5.7585268584,10,6,4,5,5,0
62,62,20,460.9,7,199.8,4.86777534836,10,6,4,3,3,1
63,63,20,486.5,9,272.0,5.99226475067,10,6,4,5,4,0
64,64,20,480.5,8,236.9,5.36831591744,10,6,4,4,3,1
65,65,20,497.2,9,276.4,6.51761984324,10,6,4,6,3,0
66,66,20,495.4,8,246.7,6.03080687628,10,6,4,5,3,0
67,67,20,481.8,9,263.4,5.95676528257,10,6,4,5,4,0
68,68,20,480.3,7,210.4,5.63226373112,10,6,4,5,2,0
69,69,20,503.6,9,272.7,5.53159346986,10,6,4,4,4,1
70,70,20,494.6,9,271.7,6.0203252229,10,6,4,5,4,0
71,71,20,482.3,6,195.5,6.60209496257,10,6,4,5,1,0
72,72,20,470.3,7,216.4,6.66990688801,10,6,4,6,1,0
73,73,20,487.4,7,219.6,6.04666937465,10,6,4,5,2,0
74,74,19,480.8,7,217.7,5.77643427925,9,6,4,5,2,0
75,75,19,482.0,8,257.3,6.95749417148,9,6,4,4,4,0
76,76,19,477.8,9,277.3,6.57540606444,9,6,4,5,4,0
77,77,19,463.4,6,186.9,5.87299797915,9,6,4,4,2,0
78,78,19,461.3,10,283.2,5.140966073,9,6,4,5,4,1
79,79,19,453.8,7,216.2,6.32984668569,9,6,4,3,3,1
80,80,19,468.4,9,260.0,4.65204476202,9,6,4,4,4,1
81,81,19,481.9,8,241.2,4.90195091846,9,6,4,4,3,1
82,82,19,460.5,7,211.9,5.50638119986,9,6,4,3,3,1
83,83,19,446.9,6,179.2,5.20358625772,9,6,4,4,1,1
84,84,19,443.5,6,171.2,4.74392193461,9,6,4,4,2,0
85,85,19,415.3,3,89.7,4.18957910767,9,6,4,3,0,0
86,86,19,434.3,7,193.7,4.98423244837,9,6,4,4,2,1
87,87,19,439.2,7,202.4,5.85436808981,9,6,4,5,1,1
88,88,19,437.5,7,208.4,6.00932997793,9,6,4,4,2,1
89,89,19,429.8,5,141.9,4.5319334784,9,6,4,4,1,0
90,90,19,440.2,8,234.8,6.20806398803,9,6,4,5,3,0
91,91,19,449.9,8,238.0,5.8749542738,9,6,4,5,3,0
92,92,19,452.7,6,187.3,5.98626595775,9,6,4,3,3,0
93,93,19,465.9,8,246.5,6.22178778767,9,6,4,4,3,1
94,94,19,444.8,8,231.9,5.66440099185,9,6,4,6,2,0
95,95,19,435.5,7,202.4,5.5249513771,9,6,4,6,1,0
96,96,19,454.6,9,259.3,5.66655314644,9,6,4,7,2,0
97,97,19,473.7,8,246.5,6.66917058241,9,6,4,4,4,0
98,98,19,487.9,10,298.3,5.69800929637,9,6,4,6,4,0
99,99,19,475.4,6,196.5,6.44063307338,9,6,4,3,2,1
100,100,19,497.8,10,309.3,6.26932567701,9,6,4,5,3,2
101,101,19,484.5,11,323.3,6.04621093468,9,6,4,7,3,1
102,102,19,491.6,10,310.6,6.84931806056,9,6,4,6,3,1
103,103,19,491.3,9,293.3,7.66364547642,9,6,4,5,3,1
104,104,19,501.7,10,313.8,6.80706117729,9,6,4,5,4,1
105,105,20,509.8,11,336.1,6.81267394756,10,6,4,4,5,2
106,106,20,516.3,10,316.1,7.14203826133,10,6,4,4,4,2
107,107,20,514.8,10,312.8,7.18348984239,10,6,4,5,4,1
108,108,20,509.8,9,284.0,6.86094208661,10,6,4,5,3,1
109,109,20,511.8,9,281.7,6.53330737553,10,6,4,4,4,1
110,110,20,503.9,10,310.9,7.21084526763,10,6,4,5,4,1
111,111,20,496.9,10,308.1,6.75748902291,10,6,4,5,4,1
112,112,20,507.6,11,338.7,7.10215682585,10,6,4,5,4,2
113,113,20,494.9,8,258.2,7.31857586089,10,6,4,4,3,1
114,114,20,511.8,10,312.4,7.02056378003,10,6,4,5,4,1
115,115,20,515.0,8,263.9,7.0048479453,10,6,4,4,4,0
116,116,20,517.8,11,336.4,6.49355145712,10,6,4,6,4,1
117,117,20,510.5,9,286.6,6.85034574617,10,6,4,5,3,1
118,118,20,499.7,9,282.6,6.71638021243,10,6,4,5,3,1
119,119,20,508.9,10,317.4,7.51317964786,10,6,4,4,4,2
120,120,20,517.3,9,288.8,6.60767297203,10,6,4,4,5,0
121,121,20,511.8,9,293.2,6.98606884412,10,6,4,4,5,0
122,122,20,522.5,11,342.9,6.84727183475,10,6,4,5,5,1
123,123,20,509.2,10,315.2,7.29220203548,10,6,4,5,4,1
124,124,20,523.5,11,351.2,7.42548066847,10,6,4,5,5,1
125,125,20,522.4,10,330.9,7.99549873366,10,6,4,5,4,1
126,126,20,513.7,9,294.6,7.36694430691,10,6,4,5,3,1
127,127,20,514.4,8,263.4,6.80894148973,10,6,4,4,3,1
128,128,20,502.4,9,288.1,7.16633944581,10,6,4,5,3,1
129,129,20,518.0,9,297.2,7.2931113857,10,6,4,5,3,1
130,130,20,509.8,8,266.1,7.41171902782,10,6,4,4,3,1
131,131,20,515.9,9,291.8,6.99808056391,10,6,4,4,4,1
132,132,20,542.2,10,324.9,6.33369435721,10,6,4,5,4,1
133,133,20,541.0,11,349.3,6.50315712801,10,6,4,6,4,1
134,134,20,541.2,11,350.6,6.43627875488,10,6,4,6,4,1
135,135,20,522.7,10,316.4,6.70202443885,10,6,4,5,3,2
136,136,20,534.6,9,292.1,6.2669643453,10,6,4,4,3,2
137,137,20,504.8,9,278.8,6.1951084269,10,6,4,4,3,2
138,138,20,521.1,11,333.9,5.89017692523,10,6,4,4,5,2
139,139,20,540.9,10,330.6,6.79926273093,10,6,4,5,4,1
140,140,20,511.0,9,282.1,5.93211597999,10,6,4,5,4,0
141,141,19,497.3,12,356.8,5.66302256409,9,6,4,6,4,2
142,142,19,470.1,10,283.6,4.56402792248,9,6,4,6,4,0
143,143,19,467.3,7,205.9,4.67005516077,9,6,4,2,4,1
144,144,19,466.4,9,259.2,4.95248180445,9,6,4,5,2,2
145,145,19,484.5,11,320.9,5.17515431869,9,6,4,5,3,3
146,146,19,481.8,9,278.2,7.11596919217,9,6,4,5,3,1
147,147,19,510.4,11,348.7,7.33516723481,9,6,4,5,4,2
148,148,19,492.8,10,316.1,7.15302659534,9,6,4,6,3,1
149,149,19,477.5,11,330.1,6.69004672227,9,6,4,6,4,1
150,150,19,472.5,10,303.9,7.01189882601,9,6,4,5,4,1
151,151,19,481.5,10,306.3,6.81618301377,9,6,4,6,3,1
152,152,19,481.8,11,330.8,6.74012164327,9,6,4,6,4,1
153,153,19,493.4,11,343.6,7.78974059129,9,6,4,6,4,1
154,154,19,486.4,8,269.8,8.29042285478,9,6,4,5,3,0
155,155,19,496.8,11,345.3,7.80984908241,9,6,4,7,4,0
156,156,19,510.8,12,372.3,7.26446932817,9,6,4,7,4,1
157,157,19,503.1,11,344.8,7.03013979214,9,6,4,6,4,1
158,158,19,500.9,11,341.4,6.6795051818,9,6,4,6,4,1
159,159,19,487.1,8,258.5,6.55754108102,9,6,4,4,4,0
160,160,19,484.2,8,263.3,7.47843292838,9,6,4,5,2,1
161,161,19,489.6,10,315.8,7.35028741929,9,6,4,6,4,0
162,162,19,475.8,9,282.4,7.10823589534,9,6,4,6,3,0
163,163,9,299.3,8,276.1,5.20867332224,5,3,1,4,3,1
164,164,15,484.0,14,459.0,4.70025328598,6,5,4,6,5,3
165,165,16,490.1,14,451.0,5.04456390583,7,5,4,6,5,3
166,166,16,457.9,13,394.8,5.08635019767,7,5,4,6,4,3
167,167,17,494.8,13,412.2,6.17155476645,8,5,4,6,5,2
168,168,17,488.8,14,434.1,6.18901422351,8,5,4,6,5,3
169,169,17,496.3,14,438.8,5.8228505249,8,5,4,6,5,3
170,170,16,493.1,14,453.0,5.81884510305,7,5,4,6,5,3
171,171,16,483.8,12,401.3,7.10632347514,7,5,4,5,4,3
