,e_id,num_sat,sum_snr,num_sat_25,sum_snr_25,snr_std,elev_0_30,elev_30_60,elev_60_90,elev_0_30_25,elev_30_60_25,elev_60_90_25
1,1,16,372.9,7,199.6,5.63435518346,9,6,1,5,2,0
2,2,16,361.7,6,169.5,5.29055368873,9,6,1,5,1,0
3,3,17,403.1,8,241.6,7.22555208556,10,6,1,6,2,0
4,4,17,401.3,6,192.7,7.55227371295,10,6,1,3,3,0
5,5,17,392.1,5,152.1,6.47272558283,10,6,1,2,3,0
6,6,17,398.7,5,154.2,5.91133631752,10,6,1,2,3,0
7,7,17,404.2,7,202.3,5.80953197467,10,6,1,5,2,0
8,8,17,389.5,6,172.9,5.40114366974,10,6,1,4,2,0
9,9,18,414.4,6,184.4,6.34151174735,11,6,1,4,2,0
10,10,18,420.8,7,214.7,6.75883348407,11,6,1,5,2,0
11,11,18,415.0,5,158.0,6.49155308365,11,6,1,3,2,0
12,12,18,427.2,7,210.3,6.32213664553,11,6,1,4,3,0
13,13,18,475.4,9,288.7,6.79202723691,11,6,1,6,3,0
14,14,17,450.2,9,288.6,7.09279875068,10,6,1,6,3,0
15,15,17,440.3,8,257.7,7.2530166138,10,6,1,5,3,0
16,16,18,460.4,9,288.2,7.79642116657,10,6,2,6,3,0
17,17,18,456.7,10,315.0,7.96091965982,10,6,2,7,3,0
18,18,18,445.7,10,296.5,6.77600775131,10,6,2,7,3,0
19,19,18,460.5,8,248.6,5.91232511245,10,6,2,6,2,0
20,20,18,448.8,9,270.8,6.69284077556,10,6,2,7,2,0
21,21,19,461.6,9,272.9,7.14193202029,11,6,2,7,2,0
22,22,19,455.6,8,244.1,6.90415164532,11,6,2,6,2,0
23,23,18,427.9,7,215.1,6.96122078168,10,6,2,5,2,0
24,24,18,423.2,7,211.8,7.09174241336,10,6,2,5,2,0
25,25,19,458.9,10,291.4,6.73212599911,11,6,2,7,3,0
26,26,19,452.4,8,244.8,7.46055514295,11,6,2,5,3,0
27,27,19,452.2,7,218.8,7.23379414815,11,6,2,5,2,0
28,28,19,449.8,7,218.9,7.34036345643,11,6,2,5,2,0
29,29,19,450.8,8,241.1,7.04894334913,11,6,2,4,3,1
30,30,19,446.8,7,223.1,7.73521982435,11,6,2,4,3,0
31,31,19,436.0,7,225.1,8.73965219376,11,6,2,4,3,0
32,32,19,438.2,8,248.3,8.49922941123,11,6,2,5,3,0
33,33,19,446.8,8,244.1,7.90311212666,11,6,2,5,3,0
34,34,19,461.6,8,247.1,7.65364645731,11,6,2,6,2,0
35,35,18,430.7,7,219.7,7.54483115279,10,6,2,6,1,0
36,36,19,426.8,7,214.2,7.35528612075,11,6,2,6,1,0
37,37,18,427.9,7,214.7,6.79556997181,10,6,2,6,1,0
38,38,19,444.9,8,241.0,6.38028762482,11,6,2,6,2,0
39,39,20,460.0,9,269.5,7.0728539613,12,6,2,6,3,0
40,40,20,454.3,8,238.4,6.68322920687,12,6,2,6,2,0
41,41,19,439.4,7,225.9,7.7193726073,11,6,2,5,2,0
42,42,19,454.9,7,226.0,7.40730238717,11,6,2,5,2,0
43,43,19,444.6,7,216.6,6.96889916382,11,6,2,4,2,1
44,44,19,446.0,7,216.7,6.90666683601,11,6,2,4,3,0
45,45,19,451.4,7,221.2,7.19909838409,11,6,2,5,2,0
46,46,18,429.8,7,224.2,7.56629955057,10,6,2,5,2,0
47,47,19,434.9,6,188.9,7.22963766856,11,6,2,4,2,0
48,48,19,414.4,6,183.3,7.32574567588,11,6,2,5,1,0
49,49,19,417.0,7,204.0,6.70955938453,11,6,2,5,2,0
50,50,19,409.6,6,174.7,6.37227639331,11,6,2,3,3,0
51,51,19,448.7,6,192.3,7.13880344455,11,6,2,4,2,0
52,52,19,444.6,7,207.6,6.19722159968,11,6,2,6,1,0
53,53,18,432.3,8,230.4,5.8684851237,10,6,2,5,3,0
54,54,19,464.3,8,253.1,7.38994891926,11,6,2,5,3,0
55,55,18,453.8,7,227.6,6.92216294732,10,6,2,5,2,0
56,56,18,444.9,7,226.7,7.32588079426,10,6,2,5,2,0
57,57,18,453.8,9,280.3,7.15655921999,10,6,2,7,2,0
58,58,18,457.1,10,307.5,7.16268699353,10,6,2,7,3,0
59,59,19,483.0,9,287.1,7.22246333381,11,6,2,6,3,0
60,60,19,470.4,7,229.8,7.14580807883,11,6,2,4,3,0
61,61,18,445.8,9,272.9,6.93957110049,10,6,2,6,3,0
62,62,19,468.2,7,224.8,7.06307422755,11,6,2,5,2,0
63,63,19,468.9,5,163.2,6.08665014121,11,6,2,3,2,0
64,64,19,475.7,7,222.0,6.29481360825,11,6,2,6,1,0
65,65,18,454.4,8,247.1,6.01910900405,10,6,2,6,2,0
66,66,19,479.2,9,281.5,6.54595540496,10,7,2,7,2,0
67,67,20,489.5,7,218.4,5.99156204921,11,7,2,5,2,0
68,68,20,504.6,10,300.7,6.50150589843,11,7,2,6,4,0
69,69,20,482.5,7,219.0,6.76748223415,11,7,2,7,0,0
70,70,19,455.0,6,189.6,6.64984280692,10,7,2,6,0,0
71,71,18,436.2,4,137.5,6.49859713368,10,6,2,4,0,0
72,72,18,446.2,7,226.2,7.22397062798,10,6,2,5,2,0
73,73,20,503.0,9,277.4,6.68009612285,11,7,2,6,3,0
74,74,19,476.6,8,246.3,6.68433185873,11,6,2,5,3,0
75,75,19,462.3,7,221.1,6.99190425751,11,6,2,4,3,0
76,76,19,474.6,8,253.0,7.07370553116,11,6,2,5,3,0
77,77,17,435.7,7,229.4,7.36212984688,10,5,2,5,2,0
78,78,17,425.5,6,202.7,7.56767506453,10,5,2,4,2,0
79,79,17,439.4,9,279.9,7.12207112144,10,5,2,7,2,0
80,80,18,459.4,8,260.4,7.6524932927,10,5,3,6,2,0
81,81,19,483.8,8,258.8,7.1295325175,11,5,3,7,1,0
82,82,19,469.4,7,228.1,7.24748796973,11,5,3,6,1,0
83,83,19,459.7,6,205.1,7.77642260542,11,5,3,5,1,0
84,84,20,481.6,6,204.9,7.53075099351,11,6,3,5,1,0
85,85,21,497.2,8,253.0,7.45492486628,11,7,3,5,3,0
86,86,20,491.0,9,280.8,7.5476381806,11,6,3,6,3,0
87,87,21,506.1,8,253.5,7.49166203189,11,7,3,6,2,0
88,88,21,505.6,7,225.7,7.4016825629,11,7,3,6,1,0
89,89,21,517.7,10,301.4,7.06141763725,11,7,3,7,3,0
90,90,21,513.5,9,278.1,7.29250430563,11,7,3,6,3,0
91,91,21,518.2,9,277.5,7.02217236772,11,7,3,6,3,0
92,92,21,522.8,7,226.0,6.78022685391,11,7,3,5,2,0
93,93,21,518.7,8,253.5,6.98433962519,11,7,3,5,3,0
94,94,21,535.8,11,334.1,6.65419309265,11,7,3,8,3,0
95,95,20,518.4,10,304.0,5.8631408863,11,7,2,6,4,0
96,96,21,528.2,10,302.2,6.06841157533,12,7,2,7,3,0
97,97,21,525.3,8,253.7,6.20252252832,12,7,2,6,2,0
98,98,21,522.7,9,281.8,6.5658133359,12,7,2,6,2,1
99,99,21,533.9,8,255.9,6.13432186651,12,7,2,6,2,0
100,100,21,526.9,9,282.4,6.38755859166,12,7,2,7,2,0
101,101,21,518.4,9,282.2,6.85159001359,12,7,2,7,2,0
102,102,21,482.1,5,167.4,6.73651033018,12,7,2,4,1,0
103,103,21,478.3,5,168.7,6.89977570374,12,7,2,4,1,0
104,104,20,507.7,10,308.3,6.98225382101,12,6,2,8,2,0
105,105,19,425.4,7,197.5,5.50352359219,11,6,2,6,1,0
106,106,18,440.9,7,221.3,6.74375285834,11,5,2,5,2,0
107,107,20,475.8,7,218.7,6.67216527626,11,7,2,6,1,0
108,108,19,447.5,7,220.0,6.81903939317,11,6,2,6,1,0
109,109,19,447.9,6,187.2,6.70860493076,11,6,2,5,1,0
110,110,20,462.6,6,184.0,6.43617244871,11,6,3,4,2,0
111,111,20,463.0,7,208.4,6.29222577973,11,6,3,4,3,0
112,112,20,458.2,7,205.6,6.04073017545,11,6,3,4,3,0
113,113,20,455.0,7,201.5,5.75678089871,11,6,3,4,3,0
114,114,20,452.0,7,206.8,6.425360936,11,6,3,5,2,0
115,115,21,467.4,7,207.4,6.54343727933,11,7,3,5,2,0
116,116,21,465.8,7,205.3,6.34055352849,11,7,3,5,2,0
117,117,22,498.1,7,209.1,6.30907578251,12,7,3,6,1,0
118,118,22,498.9,9,260.0,6.43923478286,12,7,3,7,2,0
119,119,21,481.0,9,264.2,6.79760812275,11,7,3,7,2,0
120,120,20,460.6,7,221.9,7.55151431311,11,6,3,5,2,0
121,121,19,443.6,8,246.2,7.41562677512,11,5,3,6,2,0
122,122,19,443.8,6,190.9,6.98373632803,11,5,3,5,1,0
123,123,20,454.7,7,216.8,7.49029371921,11,6,3,5,2,0
124,124,20,454.7,8,244.2,7.27304142563,11,6,3,6,2,0
125,125,21,493.9,7,217.1,6.2767522691,12,6,3,5,2,0
126,126,21,488.5,6,188.4,6.41252494658,12,6,3,5,1,0
127,127,20,475.8,8,243.9,6.44269476147,11,6,3,6,2,0
128,128,21,497.6,7,214.8,6.07688046538,11,7,3,6,1,0
129,129,21,473.7,8,226.3,5.68115933842,11,7,3,7,1,0
130,130,21,495.3,9,267.8,6.35627923508,11,7,3,7,2,0
131,131,20,476.4,8,254.3,7.76033097504,10,7,3,6,2,0
132,132,18,423.5,8,253.3,8.40425701343,10,5,3,6,2,0
133,133,19,460.2,9,283.1,8.02949970403,10,6,3,7,2,0
134,134,19,455.7,9,282.9,8.10639412631,10,6,3,7,2,0
135,135,19,450.2,7,224.8,7.65023410566,10,6,3,5,2,0
136,136,19,458.3,9,272.8,7.28434996317,10,6,3,6,3,0
137,137,20,467.9,8,235.8,6.41990941074,10,7,3,5,3,0
138,138,20,462.6,7,209.9,6.36686322834,10,7,3,5,2,0
139,139,20,474.3,8,237.2,6.02523421689,10,7,3,6,2,0
140,140,20,464.9,8,235.6,6.12986434125,10,7,3,6,2,0
141,141,21,507.2,8,246.6,6.87427225586,11,7,3,6,2,0
142,142,20,463.1,6,190.9,7.2104073175,11,6,3,5,1,0
143,143,21,474.0,4,141.3,7.24438698974,11,7,3,4,0,0
144,144,21,476.9,4,138.4,6.92148139938,11,7,3,4,0,0
145,145,21,510.3,8,234.6,5.30763600862,11,7,3,5,3,0
146,146,21,493.7,8,241.2,6.46458852224,11,7,3,6,2,0
147,147,21,494.3,6,192.5,6.79966735881,11,7,3,5,1,0
148,148,21,502.1,8,250.8,6.9186635098,11,7,3,6,2,0
149,149,19,457.0,7,225.9,7.33790527338,10,6,3,5,2,0
150,150,20,477.6,8,241.8,6.397828579,11,6,3,5,3,0
151,151,21,511.8,10,297.4,6.32583139652,11,7,3,7,3,0
152,152,21,514.2,9,274.9,6.57907939717,11,7,3,6,3,0
153,153,21,509.1,9,269.1,6.24648472571,11,7,3,5,4,0
154,154,21,499.2,9,268.0,6.94414450146,11,7,3,6,3,0
155,155,21,491.7,8,242.3,7.04941740247,11,7,3,5,3,0
156,156,20,457.4,7,211.1,6.7751946952,10,7,3,5,2,0
157,157,20,465.0,7,215.7,6.86681570269,10,7,3,6,1,0
158,158,21,504.4,9,281.4,7.4854271119,11,7,3,6,3,0
159,159,21,503.2,8,255.5,7.53966021718,11,7,3,5,3,0
160,160,21,495.1,8,250.6,7.47969951013,11,7,3,5,3,0
161,161,21,488.7,6,201.1,7.54023493382,11,7,3,5,1,0
162,162,21,486.9,7,223.7,7.38114392993,11,7,3,5,2,0
163,163,21,485.3,8,249.9,7.50112689947,11,7,3,5,3,0
164,164,20,476.8,8,255.0,7.6717115362,10,7,3,5,3,0
165,165,20,476.8,8,254.3,7.48278023197,10,7,3,5,3,0
166,166,20,470.1,8,251.9,7.70724027338,10,7,3,5,3,0
167,167,19,439.2,7,214.4,7.19855411083,9,7,3,4,3,0
168,168,9,237.8,5,148.3,4.36857464677,6,3,0,4,1,0
169,169,12,330.3,8,242.4,5.42839755361,7,5,0,5,3,0
170,170,10,310.9,10,310.9,5.4222688978,8,2,0,8,2,0
171,171,14,393.2,8,266.9,6.99723650317,9,5,0,6,2,0
172,172,15,403.4,8,255.7,6.28074912123,9,6,0,6,2,0
173,173,11,301.4,6,190.9,5.45582257776,7,4,0,5,1,0
174,174,12,329.2,7,222.3,6.1554607439,8,4,0,5,2,0
175,175,10,289.3,5,171.5,5.83629448652,6,4,0,4,1,0
176,176,11,311.8,6,195.5,5.55686307846,6,5,0,5,1,0
177,177,11,309.6,7,219.6,5.37538159322,6,5,0,5,2,0
178,178,9,260.0,6,190.2,5.08415293939,6,3,0,4,2,0
179,179,11,313.5,7,224.9,5.84653743681,6,4,1,5,2,0
180,180,11,323.5,8,256.1,5.76583984263,7,4,0,6,2,0
181,181,8,242.0,7,219.9,4.93008258407,6,2,0,6,1,0
182,182,12,331.0,7,218.1,5.38530548358,8,4,0,5,2,0
183,183,10,286.8,6,198.1,6.32697926871,7,3,0,4,2,0
184,184,12,331.9,5,170.3,5.91015433322,8,4,0,4,1,0
185,185,13,351.9,5,169.8,5.87727042872,8,5,0,4,1,0
186,186,11,298.5,5,166.3,6.11903141474,8,3,0,4,1,0
187,187,9,261.7,6,193.7,5.94659099354,6,3,0,4,2,0
188,188,10,281.2,5,168.1,6.1506639208,6,4,0,4,1,0
189,189,9,258.6,5,168.1,6.27714106899,6,3,0,4,1,0
190,190,10,286.8,5,174.1,6.83695838806,6,4,0,4,1,0
191,191,11,301.8,5,173.3,7.06686249014,8,3,0,4,1,0
192,192,11,326.2,8,257.0,5.75940337819,7,4,0,6,2,0
193,193,13,358.7,8,245.6,5.1105220768,7,6,0,5,3,0
194,194,15,393.6,6,190.7,5.23597446245,8,6,1,4,2,0
195,195,13,344.4,7,210.5,4.90636687351,6,6,1,5,2,0
196,196,11,298.7,6,185.8,4.94112611383,5,6,0,5,1,0
197,197,11,297.4,5,160.8,5.11630193153,6,5,0,4,1,0
198,198,10,279.8,7,212.5,4.87711207809,6,4,0,5,2,0
199,199,11,300.9,8,236.0,4.83391428066,7,4,0,6,2,0
200,200,10,268.3,5,151.8,4.56850328031,6,4,0,4,1,0
201,201,10,277.8,7,206.4,3.52792038207,6,4,0,6,1,0
202,202,12,318.3,6,183.3,4.48292213953,7,5,0,5,1,0
203,203,12,331.6,6,193.4,5.87356687872,7,5,0,4,2,0
204,204,12,346.3,10,306.6,5.47713567036,6,6,0,6,4,0
205,205,15,411.7,8,263.4,7.06185595462,8,6,1,5,3,0
206,206,15,395.5,6,207.4,7.86399268517,8,6,1,5,1,0
207,207,16,411.9,6,205.3,7.51416162988,8,7,1,5,1,0
208,208,16,406.2,5,176.0,7.17252861038,8,7,1,4,1,0
209,209,17,414.1,5,168.1,7.02033286457,9,7,1,4,1,0
210,210,16,409.2,6,206.4,7.67076701945,8,7,1,5,1,0
211,211,17,409.4,6,182.7,5.60772182955,9,7,1,5,1,0
212,212,17,392.4,4,123.1,5.29034914894,9,7,1,4,0,0
213,213,20,462.7,9,263.9,7.07629660799,10,7,3,7,2,0
214,214,20,463.2,7,213.1,6.87155846875,10,7,3,6,1,0
215,215,21,458.0,7,202.4,6.35986672517,11,7,3,5,2,0
216,216,21,463.7,6,177.9,6.13576556329,11,7,3,4,2,0
217,217,21,476.3,8,231.7,6.07820853933,11,7,3,5,3,0
218,218,21,478.5,8,236.0,6.24414011008,11,7,3,5,3,0
219,219,21,480.6,8,236.3,6.41391344768,11,7,3,5,3,0
220,220,21,484.6,7,214.6,6.39577241324,11,7,3,5,2,0
221,221,21,480.7,8,240.3,6.67329789249,11,7,3,5,3,0
222,222,21,483.5,8,240.3,7.03597219735,11,7,3,5,3,0
223,223,21,479.2,8,240.2,6.93524469991,11,7,3,5,3,0
224,224,21,463.1,8,236.5,6.82507282361,11,7,3,5,3,0
225,225,21,462.3,8,236.5,6.92194233682,11,7,3,5,3,0
226,226,21,475.3,8,239.4,6.95207403106,11,7,3,5,3,0
227,227,21,478.9,8,240.3,7.05219655075,11,7,3,5,3,0
228,228,21,459.6,7,210.7,7.00644601166,11,7,3,4,3,0
229,229,21,453.2,7,213.8,7.39192931836,11,7,3,4,3,0
230,230,21,445.6,7,213.0,7.5610593866,11,7,3,4,3,0
231,231,21,460.3,7,210.6,7.17276927327,11,7,3,5,2,0
232,232,20,450.8,7,209.5,6.90761593422,10,7,3,5,2,0
233,233,20,446.5,7,210.8,7.00885717841,10,7,3,5,2,0
234,234,20,448.3,7,210.0,6.90349072647,10,7,3,5,2,0
235,235,16,384.3,8,249.7,8.27963113108,8,4,4,6,2,0
236,236,11,304.0,8,239.6,5.83579861326,6,5,0,6,2,0
237,237,10,268.4,5,157.5,5.59328963034,5,5,0,3,2,0
238,238,10,274.0,5,158.2,4.91347353938,4,4,2,3,2,0
239,239,9,244.7,6,184.4,5.97294827628,5,4,0,4,2,0
240,240,11,296.0,7,212.0,5.50135520494,7,4,0,5,2,0
241,241,10,273.5,6,188.1,6.48146931216,6,4,0,4,2,0
242,242,9,262.8,7,221.5,6.56277380381,6,3,0,5,2,0
243,243,10,282.9,7,224.4,7.88985987765,6,4,0,5,2,0
244,244,8,248.4,7,225.8,5.94642749893,5,3,0,5,2,0
245,245,10,283.8,7,227.1,8.22000270343,6,4,0,5,2,0
246,246,9,272.2,7,227.0,6.30121240538,6,3,0,5,2,0
247,247,10,287.9,7,223.8,6.65873695064,5,4,1,5,2,0
248,248,9,266.7,7,222.0,5.68066897469,5,4,0,5,2,0
249,249,9,262.8,8,240.7,5.23617226607,5,4,0,5,3,0
250,250,10,274.7,8,240.6,7.27263516356,6,4,0,5,3,0
251,251,9,267.4,8,244.8,5.11088163736,6,3,0,5,3,0
252,252,11,301.5,8,245.9,7.2110269096,7,4,0,5,3,0
253,253,10,279.1,7,212.4,4.64936076849,6,4,0,5,2,0
254,254,11,302.0,7,209.3,3.8203046047,7,4,0,6,1,0
255,255,14,363.8,9,266.3,5.96810202311,8,6,0,6,3,0
256,256,14,366.7,8,241.1,5.3598886736,7,7,0,5,3,0
257,257,13,344.0,7,216.9,5.59233678968,6,7,0,5,2,0
258,258,10,277.9,5,163.1,5.34695136399,7,3,0,4,1,0
259,259,11,309.7,9,264.2,4.58374598693,7,4,0,7,2,0
260,260,10,283.6,7,217.4,5.38438070307,6,4,0,5,2,0
261,261,10,284.0,7,216.8,5.11924473596,6,4,0,5,2,0
262,262,13,335.1,6,174.4,3.79608435236,8,5,0,5,1,0
263,263,9,246.9,6,182.3,5.02618145315,6,3,0,4,2,0
264,264,9,273.1,8,251.5,5.57676230243,6,3,0,6,2,0
265,265,10,293.5,6,199.8,6.01373428079,6,4,0,5,1,0
266,266,9,255.5,6,190.2,6.46692439349,5,4,0,4,2,0
267,267,9,260.7,6,190.6,6.02121250248,5,4,0,4,2,0
268,268,10,290.0,7,221.6,5.77754273026,6,4,0,5,2,0
269,269,11,312.4,6,198.0,6.2,6,4,1,5,1,0
270,270,10,280.6,5,169.9,6.90333252857,5,4,1,4,1,0
271,271,10,273.4,5,158.7,5.8197365347,6,4,0,4,1,0
272,272,10,282.7,8,236.2,4.37341717399,7,3,0,5,3,0
273,273,7,204.5,6,181.7,3.68258449617,5,2,0,5,1,0
274,274,8,227.7,6,183.2,4.3170550478,5,3,0,5,1,0
275,275,10,268.3,6,182.8,5.11621604965,6,4,0,5,1,0
276,276,8,227.2,6,181.9,4.35496432657,6,2,0,5,1,0
277,277,8,214.4,6,171.5,4.19727802953,5,3,0,5,1,0
278,278,9,237.4,6,172.5,4.18383131166,5,4,0,5,1,0
279,279,9,246.8,6,179.4,4.10572094089,6,3,0,5,1,0
280,280,9,245.3,6,177.2,4.95759798469,5,4,0,4,2,0
281,281,10,281.5,7,216.3,5.66965607423,6,4,0,5,2,0
282,282,9,253.8,6,188.2,5.54684595063,6,3,0,4,2,0
283,283,11,298.6,6,187.0,5.46559486906,7,4,0,4,2,0
284,284,9,257.8,7,213.4,5.19882465349,6,3,0,5,2,0
285,285,10,277.2,6,186.5,5.454009738,6,3,1,4,2,0
286,286,9,256.5,6,187.2,5.24523593368,6,3,0,4,2,0
287,287,10,264.6,6,174.8,4.30069761783,7,3,0,4,2,0
288,288,9,251.6,6,182.6,4.30903443683,6,3,0,4,2,0
289,289,9,254.3,6,184.8,4.9313058897,6,3,0,4,2,0
290,290,8,234.6,7,213.5,4.73731388628,6,2,0,5,2,0
291,291,7,214.4,6,191.4,4.6244690815,5,2,0,5,1,0
292,292,7,214.6,6,190.7,4.45378383806,5,2,0,4,2,0
293,293,10,286.5,6,195.1,5.58773458369,7,3,0,5,1,0
294,294,10,286.6,7,222.2,6.60457753717,7,3,0,4,3,0
295,295,7,171.5,2,64.8,5.96266159809,3,4,0,1,1,0
296,296,10,225.4,2,61.5,4.67337612914,6,4,0,1,1,0
297,297,11,238.0,1,32.7,4.25447358137,6,5,0,1,0,0
298,298,11,242.6,2,61.9,5.28211390191,6,5,0,2,0,0
299,299,13,297.6,3,97.0,6.23450900746,7,6,0,3,0,0
300,300,13,301.5,3,93.2,5.4759263354,7,6,0,3,0,0
301,301,13,320.7,5,170.0,8.39676372334,7,6,0,5,0,0
302,302,15,380.0,6,205.2,8.38422555131,9,6,0,5,1,0
303,303,17,383.1,5,163.2,8.04914134989,9,6,2,5,0,0
304,304,17,373.2,5,155.9,7.07567290502,9,6,2,5,0,0
305,305,17,372.3,6,181.4,7.0877535228,9,6,2,6,0,0
306,306,17,369.5,5,152.8,6.75360470198,9,6,2,5,0,0
307,307,17,368.8,6,178.2,6.83990776512,9,6,2,6,0,0
308,308,17,374.1,5,157.7,7.08400227522,9,6,2,5,0,0
309,309,17,376.4,5,158.0,6.99580756807,9,6,2,5,0,0
310,310,17,375.1,5,160.2,7.33876191674,9,6,2,5,0,0
311,311,17,384.9,5,161.1,7.12785546496,9,6,2,5,0,0
312,312,17,375.2,5,161.4,7.69868208737,9,6,2,5,0,0
313,313,17,378.7,5,163.6,7.94020854668,9,6,2,5,0,0
314,314,17,371.9,6,187.3,7.9553857081,9,6,2,6,0,0
315,315,17,376.1,6,189.3,8.07306706059,9,6,2,6,0,0
316,316,17,375.7,6,185.3,7.46165196186,9,6,2,6,0,0
317,317,17,364.5,4,133.0,7.60978472293,9,6,2,4,0,0
318,318,17,370.2,5,160.4,7.80548920726,9,6,2,5,0,0
319,319,17,375.0,6,189.7,8.13434530429,9,6,2,6,0,0
320,320,17,379.0,6,190.9,8.07414628523,9,6,2,6,0,0
321,321,17,381.1,6,190.3,7.95968241311,9,6,2,6,0,0
322,322,17,374.5,5,162.8,8.08314331695,9,6,2,5,0,0
323,323,17,375.8,6,188.9,8.17148017407,9,6,2,6,0,0
324,324,17,382.4,5,159.5,7.3290066336,9,6,2,5,0,0
325,325,17,397.7,6,190.8,7.54109330504,9,6,2,5,1,0
326,326,17,401.1,6,194.2,7.78343357621,9,6,2,5,1,0
327,327,16,367.3,4,135.1,7.70782881232,9,5,2,3,1,0
328,328,18,411.3,6,188.2,7.60543536287,9,7,2,5,1,0
329,329,18,401.2,5,160.7,7.52664982023,9,7,2,4,1,0
330,330,18,419.7,6,193.5,8.06825660883,9,7,2,4,2,0
331,331,18,399.6,6,186.2,7.41365988842,9,7,2,5,1,0
332,332,18,407.8,6,186.2,7.0072418189,9,7,2,5,1,0
333,333,17,402.5,6,192.9,7.89774725885,9,6,2,4,2,0
334,334,18,421.4,7,217.3,7.96986153019,9,7,2,5,2,0
335,335,18,410.4,6,180.5,6.92285218338,9,7,2,4,2,0
336,336,18,422.4,6,192.3,7.42032185761,9,7,2,4,2,0
337,337,18,409.3,7,210.0,7.31751636497,9,7,2,5,2,0
338,338,17,395.9,6,189.2,7.24257225999,9,6,2,4,2,0
339,339,17,396.5,7,215.2,7.48035171397,10,5,2,5,2,0
340,340,17,406.1,7,223.6,7.69925989568,10,5,2,5,2,0
341,341,18,395.8,6,183.9,7.22380776965,10,6,2,5,1,0
342,342,18,390.7,4,130.7,7.04276618635,10,6,2,2,2,0
343,343,18,361.3,3,89.4,5.44737449501,10,6,2,2,1,0
344,344,18,365.1,3,91.5,5.94546292662,10,6,2,2,1,0
345,345,18,376.1,6,169.4,5.92308268529,10,6,2,4,2,0
346,346,18,375.4,4,121.7,6.19100127056,10,6,2,2,2,0
347,347,18,364.1,4,119.2,6.14537660317,10,6,2,3,1,0
348,348,18,368.9,4,118.6,6.43295488067,10,6,2,3,1,0
349,349,18,356.7,5,147.7,6.97425939564,9,7,2,3,2,0
350,350,18,353.1,4,121.0,7.01211137122,9,7,2,2,2,0
351,351,18,338.1,4,108.4,5.72551050896,9,7,2,1,3,0
352,352,18,329.1,3,81.7,5.37578995563,9,7,2,0,3,0
353,353,18,329.1,3,81.7,5.37578995563,9,7,2,0,3,0
354,354,18,330.2,3,81.7,5.32422015524,9,7,2,0,3,0
355,355,18,304.4,1,25.1,3.98259284281,9,7,2,0,1,0
356,356,18,317.7,1,25.1,3.72578456009,9,7,2,0,1,0
357,357,18,334.8,3,78.3,4.76198179209,9,7,2,0,1,2
358,358,18,338.8,3,77.9,4.92025292936,9,7,2,0,2,1
359,359,19,385.0,4,123.5,6.76093439682,9,7,3,0,2,2
360,360,19,388.3,4,119.7,6.57547721346,9,7,3,0,2,2
361,361,19,368.9,4,117.2,6.85137967922,9,7,3,0,1,3
362,362,19,365.8,4,116.0,6.63947524876,9,7,3,0,1,3
363,363,19,346.9,4,113.7,6.73195660756,9,7,3,0,1,3
364,364,19,342.7,3,87.1,6.40262190446,9,7,3,0,1,2
365,365,18,322.2,3,87.8,6.71320034138,8,7,3,0,1,2
366,366,18,334.2,3,90.7,6.96951344407,8,7,3,0,1,2
367,367,16,299.9,3,90.4,7.23601812694,7,6,3,0,1,2
368,368,15,279.8,3,85.3,6.54401216671,6,6,3,0,1,2
369,369,15,278.8,3,87.1,6.82797467008,6,6,3,0,1,2
370,370,14,279.8,5,140.1,7.48278610626,5,6,3,0,2,3
371,371,14,281.5,5,141.8,7.61632500576,5,6,3,0,2,3
