,e_id,num_sat,sum_snr,num_sat_25,sum_snr_25,snr_std,elev_0_30,elev_30_60,elev_60_90,elev_0_30_25,elev_30_60_25,elev_60_90_25
1,1,19,404.9,5,152.5,6.35600282645,12,6,1,5,0,0
2,2,19,415.2,4,128.0,6.34055451668,12,6,1,4,0,0
3,3,19,421.5,6,179.1,6.26269937876,12,6,1,6,0,0
4,4,19,412.7,6,173.2,5.94321078088,12,6,1,6,0,0
5,5,19,410.2,5,146.2,5.81319330268,12,6,1,5,0,0
6,6,19,415.9,6,177.7,6.23314569565,12,6,1,6,0,0
7,7,19,413.3,5,152.8,6.27343326356,12,6,1,5,0,0
8,8,19,406.6,5,154.2,6.63165807991,12,6,1,5,0,0
9,9,19,410.7,5,154.2,6.71046141466,12,6,1,5,0,0
10,10,19,417.8,6,181.4,6.73134415641,12,6,1,6,0,0
11,11,19,425.4,6,187.3,7.1417314067,12,6,1,6,0,0
12,12,18,412.8,5,163.7,7.1802015374,12,5,1,5,0,0
13,13,18,416.2,6,189.7,7.26551528925,12,5,1,6,0,0
14,14,17,389.9,6,186.1,7.37096848932,12,4,1,6,0,0
15,15,17,393.6,6,187.3,7.36207491532,12,4,1,6,0,0
16,16,17,368.0,5,150.2,6.83100629914,12,4,1,5,0,0
17,17,17,366.4,4,122.8,6.50260694328,12,4,1,4,0,0
18,18,17,368.9,5,151.1,6.8536486633,12,4,1,5,0,0
19,19,17,385.6,7,208.8,7.47221815244,12,4,1,7,0,0
20,20,17,391.9,7,209.4,7.16101578401,12,4,1,7,0,0
21,21,17,391.3,6,183.7,7.00992468702,12,4,1,6,0,0
22,22,18,406.9,6,182.4,6.81680209847,12,5,1,6,0,0
23,23,18,401.8,4,131.0,6.86487697979,12,5,1,4,0,0
24,24,18,403.2,6,184.0,7.01720574521,12,5,1,6,0,0
25,25,18,406.3,5,158.9,7.01920102337,12,5,1,5,0,0
26,26,18,405.7,6,184.7,6.97661125298,12,5,1,6,0,0
27,27,18,408.1,6,185.1,6.92122103776,12,5,1,6,0,0
28,28,19,427.6,6,186.0,6.82092154773,12,6,1,6,0,0
29,29,19,419.4,6,184.7,7.13059465381,12,6,1,6,0,0
30,30,19,427.4,6,182.4,6.75676399241,12,6,1,6,0,0
31,31,19,431.4,6,184.7,6.97921307919,12,6,1,6,0,0
32,32,18,417.0,7,213.5,7.34286368244,12,5,1,6,1,0
33,33,8,228.8,5,160.4,5.91463076978,7,1,0,5,0,0
34,34,9,260.7,6,189.6,5.19446821147,8,1,0,6,0,0
35,35,11,287.9,6,179.0,4.84047330518,9,2,0,6,0,0
36,36,15,354.6,6,180.8,6.33626749075,11,4,0,6,0,0
37,37,15,359.4,7,211.9,7.08265486947,11,4,0,7,0,0
38,38,17,384.1,7,211.9,7.40063093495,11,5,1,7,0,0
39,39,17,379.3,7,208.8,7.38417923274,11,5,1,7,0,0
40,40,17,374.8,6,181.6,7.30112299984,11,5,1,6,0,0
41,41,17,378.4,5,157.1,7.29752173888,11,5,1,5,0,0
42,42,17,373.6,6,181.6,7.29156442505,11,5,1,6,0,0
43,43,17,370.9,5,155.2,7.33708348853,11,5,1,5,0,0
44,44,17,372.0,5,156.0,7.39875287583,11,5,1,5,0,0
45,45,17,375.4,5,157.6,7.53502117566,11,5,1,5,0,0
46,46,17,371.0,5,156.9,7.62942735497,11,5,1,5,0,0
47,47,17,373.4,5,158.3,7.70883755638,11,5,1,5,0,0
48,48,19,419.1,6,186.2,7.54021188838,12,6,1,6,0,0
49,49,19,420.7,5,158.2,7.13031990785,12,6,1,5,0,0
50,50,19,424.6,6,184.2,7.10401830117,12,6,1,6,0,0
51,51,19,432.9,7,211.2,7.04180083958,12,6,1,7,0,0
52,52,19,432.5,7,212.3,7.16280597767,12,6,1,7,0,0
53,53,19,436.8,6,186.9,6.95820017732,12,6,1,6,0,0
54,54,19,433.6,6,187.5,7.0422990996,12,6,1,6,0,0
55,55,19,431.6,6,185.1,6.95135983163,12,6,1,6,0,0
56,56,19,438.7,7,211.1,6.72762916279,12,6,1,7,0,0
57,57,19,434.2,7,211.8,6.77301577512,12,6,1,7,0,0
58,58,19,437.9,7,210.7,6.57718011351,12,6,1,7,0,0
59,59,19,426.9,4,130.9,6.68556094477,12,6,1,4,0,0
60,60,19,420.9,6,178.0,6.40653905709,12,6,1,6,0,0
61,61,19,412.5,5,148.0,6.11018227923,12,6,1,5,0,0
62,62,19,424.7,6,181.2,6.8041138227,12,6,1,6,0,0
63,63,19,435.9,6,184.6,6.79536735901,12,6,1,6,0,0
64,64,18,427.0,5,160.3,6.43936017607,12,5,1,5,0,0
65,65,18,429.7,6,187.3,6.62941799908,12,5,1,6,0,0
66,66,18,414.3,6,183.2,6.52211171144,12,5,1,6,0,0
67,67,18,397.0,5,150.9,6.21716998436,12,5,1,5,0,0
68,68,18,394.6,5,150.9,6.32479300341,12,5,1,5,0,0
69,69,19,411.5,5,150.8,6.33055340652,12,6,1,5,0,0
70,70,19,405.1,5,148.5,6.35588781694,12,6,1,5,0,0
71,71,18,388.2,6,176.5,6.77677695386,12,5,1,6,0,0
72,72,18,390.2,5,150.2,6.72594236175,12,5,1,5,0,0
73,73,6,203.7,6,203.7,1.70146995272,5,1,0,5,1,0
74,74,17,538.2,15,494.0,4.81080279469,10,6,1,8,6,1
75,75,18,552.2,15,490.8,5.77637740697,11,6,1,8,6,1
76,76,19,574.8,14,475.2,6.96342575502,12,6,1,8,5,1
77,77,19,572.4,14,471.7,7.00776094415,12,6,1,8,5,1
78,78,19,494.0,12,360.3,5.95995898569,12,6,1,6,5,1
79,79,19,524.0,16,469.9,5.44850427461,12,6,1,9,6,1
80,80,19,544.0,15,464.9,5.69747045544,12,6,1,9,5,1
81,81,19,541.2,14,442.5,6.42895042046,12,6,1,7,6,1
82,82,19,523.5,12,386.1,6.91932626947,12,6,1,5,6,1
83,83,18,499.6,12,376.8,6.192521317,11,6,1,5,6,1
84,84,18,557.1,14,478.7,7.19748730665,11,6,1,7,6,1
85,85,19,602.6,13,470.4,7.24593856798,12,6,1,7,5,1
86,86,19,564.3,16,508.0,5.71041932689,12,6,1,9,6,1
87,87,19,541.4,16,482.2,5.13976584899,12,6,1,9,6,1
88,88,15,495.3,15,495.3,4.93402183098,9,6,0,9,6,0
