,e_id,num_sat,sum_snr,num_sat_25,sum_snr_25,num_sat_u20,sum_sat_u20,snr_std,elev_0_30,elev_30_60,elev_60_90,sum_elev_0_30,sum_elev_30_60,sum_elev_60_90,elev_0_30_25,elev_30_60_25,elev_60_90_25,sum_elev_0_30_25,sum_elev_30_60_25,sum_elev_60_90_25
1,1,16,372.9,7,199.6,4,65.9,5.63435518346,9,6,1,225.6,132.0,15.3,5,2,0,143.2,56.4,0
2,2,16,361.7,6,169.5,7,121.4,5.29055368873,9,6,1,220.8,125.7,15.2,5,1,0,142.5,27.0,0
3,3,17,403.1,8,241.6,7,114.6,7.22555208556,10,6,1,260.5,127.5,15.1,6,2,0,186.1,55.5,0
4,4,17,401.3,6,192.7,8,135.9,7.55227371295,10,6,1,248.1,136.9,16.3,3,3,0,105.0,87.7,0
5,5,17,392.1,5,152.1,5,83.4,6.47272558283,10,6,1,238.9,137.1,16.1,2,3,0,69.7,82.4,0
6,6,17,398.7,5,154.2,4,66.9,5.91133631752,10,6,1,236.8,145.8,16.1,2,3,0,67.3,86.9,0
7,7,17,404.2,7,202.3,6,104.3,5.80953197467,10,6,1,246.1,142.0,16.1,5,2,0,144.6,57.7,0
8,8,17,389.5,7,197.9,7,125.0,5.40114366974,10,6,1,239.5,133.9,16.1,5,2,0,141.0,56.9,0
9,9,18,414.4,6,184.4,8,141.9,6.34151174735,11,6,1,256.8,141.5,16.1,4,2,0,125.8,58.6,0
10,10,18,420.8,7,214.7,6,99.0,6.75883348407,11,6,1,261.8,144.3,14.7,5,2,0,155.0,59.7,0
11,11,18,415.0,5,158.0,8,138.8,6.49155308365,11,6,1,254.2,146.1,14.7,3,2,0,99.1,58.9,0
12,12,18,427.2,7,210.3,6,105.6,6.32213664553,11,6,1,266.5,144.0,16.7,4,3,0,127.2,83.1,0
13,13,18,475.4,9,288.7,2,31.2,6.79202723691,11,6,1,296.7,157.2,21.5,6,3,0,195.2,93.5,0
14,14,17,450.2,9,288.6,3,48.6,7.09279875068,10,6,1,280.6,149.3,20.3,6,3,0,194.3,94.3,0
15,15,17,440.3,8,257.7,3,46.0,7.2530166138,10,6,1,273.6,145.1,21.6,5,3,0,167.1,90.6,0
16,16,18,460.4,9,288.2,4,60.5,7.79642116657,10,6,2,281.0,145.2,34.2,6,3,0,198.4,89.8,0
17,17,18,456.7,10,315.0,5,80.0,7.96091965982,10,6,2,273.8,148.8,34.1,7,3,0,224.7,90.3,0
18,18,18,445.7,10,296.5,5,83.4,6.77600775131,10,6,2,269.9,145.6,30.2,7,3,0,210.5,86.0,0
19,19,18,460.5,8,248.6,2,33.1,5.91232511245,10,6,2,281.5,145.9,33.1,6,2,0,190.1,58.5,0
20,20,18,448.8,9,270.8,5,89.3,6.69284077556,10,6,2,276.9,138.1,33.8,7,2,0,215.5,55.3,0
21,21,19,461.6,9,272.9,6,101.6,7.14193202029,11,6,2,283.6,142.6,35.4,7,2,0,214.7,58.2,0
22,22,19,455.6,8,244.1,5,81.9,6.90415164532,11,6,2,281.8,138.4,35.4,6,2,0,190.0,54.1,0
23,23,18,427.9,7,215.1,5,83.4,6.96122078168,10,6,2,256.6,135.9,35.4,5,2,0,161.3,53.8,0
24,24,18,423.2,7,211.8,5,78.2,7.09174241336,10,6,2,253.4,138.4,31.4,5,2,0,158.0,53.8,0
25,25,19,458.9,10,291.4,4,64.3,6.73212599911,11,6,2,284.2,139.1,35.6,7,3,0,210.7,80.7,0
26,26,19,452.4,8,244.8,6,95.4,7.46055514295,11,6,2,277.8,136.3,38.3,5,3,0,157.2,87.6,0
27,27,19,452.2,7,218.8,5,76.3,7.23379414815,11,6,2,275.6,137.5,39.1,5,2,0,157.6,61.2,0
28,28,19,449.8,7,218.9,5,76.3,7.34036345643,11,6,2,274.4,136.3,39.1,5,2,0,158.3,60.6,0
29,29,19,450.8,8,241.1,5,78.9,7.04894334913,11,6,2,268.8,141.5,40.5,4,3,1,130.0,85.9,25.2
30,30,19,446.8,7,223.1,7,111.4,7.73521982435,11,6,2,265.7,143.7,37.4,4,3,0,135.0,88.1,0
31,31,19,436.0,7,225.1,7,95.2,8.73965219376,11,6,2,262.6,138.2,35.2,4,3,0,135.9,89.2,0
32,32,19,438.2,8,248.3,7,97.0,8.49922941123,11,6,2,264.1,138.3,35.8,5,3,0,161.6,86.7,0
33,33,19,446.8,8,244.1,6,86.0,7.90311212666,11,6,2,268.2,138.5,40.1,5,3,0,157.7,86.4,0
34,34,19,461.6,8,247.1,5,73.1,7.65364645731,11,6,2,288.7,132.8,40.1,6,2,0,190.6,56.5,0
35,35,18,430.7,7,219.7,5,75.2,7.54483115279,10,6,2,268.6,122.0,40.1,6,1,0,189.4,30.3,0
36,36,19,426.8,7,214.2,8,124.8,7.35528612075,11,6,2,285.4,108.8,32.6,6,1,0,184.4,29.8,0
37,37,18,427.9,7,214.7,6,96.8,6.79556997181,10,6,2,267.0,128.3,32.6,6,1,0,184.7,30.0,0
38,38,19,444.9,8,241.0,9,159.0,6.38028762482,11,6,2,282.4,127.9,34.6,6,2,0,181.5,59.5,0
39,39,20,460.0,9,269.5,11,190.5,7.0728539613,12,6,2,294.3,131.1,34.6,6,3,0,185.8,83.7,0
40,40,20,454.3,8,238.4,10,168.0,6.68322920687,12,6,2,283.1,136.6,34.6,6,2,0,181.0,57.4,0
41,41,19,439.4,7,225.9,9,147.7,7.7193726073,11,6,2,270.6,136.1,32.7,5,2,0,162.4,63.5,0
42,42,19,454.9,7,226.0,9,156.7,7.40730238717,11,6,2,273.7,140.0,41.2,5,2,0,164.1,61.9,0
43,43,19,444.6,7,216.6,7,116.3,6.96889916382,11,6,2,261.2,141.2,42.2,4,2,1,131.1,60.0,25.5
44,44,19,446.0,8,241.7,7,118.2,6.90666683601,11,6,2,264.0,140.3,41.7,4,3,1,131.6,85.1,25.0
45,45,19,451.4,7,221.2,8,139.3,7.19909838409,11,6,2,272.1,139.7,39.6,5,2,0,162.7,58.5,0
46,46,18,429.8,7,224.2,8,139.6,7.56629955057,10,6,2,255.4,137.4,37.0,5,2,0,166.2,58.0,0
47,47,19,434.9,6,188.9,8,132.0,7.22963766856,11,6,2,271.9,124.7,38.3,4,2,0,130.8,58.1,0
48,48,19,414.4,6,183.3,9,140.7,7.32574567588,11,6,2,250.5,125.4,38.5,5,1,0,154.8,28.5,0
49,49,19,417.0,7,204.0,11,189.7,6.70955938453,11,6,2,251.0,130.3,35.7,5,2,0,150.5,53.5,0
50,50,19,409.6,6,174.7,11,190.8,6.37227639331,11,6,2,239.4,134.5,35.7,3,3,0,93.9,80.8,0
51,51,19,448.7,6,192.3,7,118.8,7.13880344455,11,6,2,277.7,135.2,35.8,4,2,0,133.9,58.4,0
52,52,19,444.6,7,207.6,6,102.9,6.19722159968,11,6,2,271.9,136.9,35.8,6,1,0,175.8,31.8,0
53,53,18,432.3,8,230.4,3,44.3,5.8684851237,10,6,2,248.5,143.1,40.7,5,3,0,146.1,84.3,0
54,54,19,464.3,8,253.1,5,79.4,7.38994891926,11,6,2,277.2,150.2,36.9,5,3,0,160.1,93.0,0
55,55,18,453.8,7,227.6,3,50.6,6.92216294732,10,6,2,276.1,140.8,36.9,5,2,0,167.4,60.2,0
56,56,18,444.9,7,226.7,4,63.5,7.32588079426,10,6,2,277.7,134.5,32.7,5,2,0,166.7,60.0,0
57,57,18,453.8,9,280.3,4,65.9,7.15655921999,10,6,2,277.3,137.9,38.6,7,2,0,219.4,60.9,0
58,58,18,457.1,10,307.5,5,88.2,7.16268699353,10,6,2,278.4,138.5,40.2,7,3,0,220.2,87.3,0
59,59,19,483.0,9,287.1,4,65.7,7.22246333381,11,6,2,301.3,146.6,35.1,6,3,0,196.0,91.1,0
60,60,19,470.4,8,254.8,6,102.9,7.14580807883,11,6,2,287.4,147.9,35.1,5,3,0,162.6,92.2,0
61,61,18,445.8,9,272.9,6,102.5,6.93957110049,10,6,2,274.7,140.2,30.9,6,3,0,186.1,86.8,0
62,62,19,468.2,7,224.8,6,106.2,7.06307422755,11,6,2,299.2,132.1,36.9,5,2,0,167.7,57.1,0
63,63,19,468.9,5,163.2,4,75.8,6.08665014121,11,6,2,286.9,141.6,40.4,3,2,0,110.7,52.5,0
64,64,19,475.7,7,222.0,2,35.6,6.29481360825,11,6,2,300.1,132.5,43.1,6,1,0,193.6,28.4,0
65,65,18,454.4,8,247.1,3,52.9,6.01910900405,10,6,2,263.4,147.9,43.1,6,2,0,182.5,64.6,0
66,66,19,479.2,9,281.5,5,86.3,6.54595540496,10,7,2,267.5,168.6,43.1,7,2,0,215.7,65.8,0
67,67,20,489.5,7,218.4,5,92.3,5.99156204921,11,7,2,287.7,158.7,43.1,5,2,0,162.1,56.3,0
68,68,20,504.6,10,300.7,5,92.1,6.50150589843,11,7,2,299.9,161.6,43.1,6,4,0,194.2,106.5,0
69,69,20,482.5,8,244.0,7,125.2,6.76748223415,11,7,2,300.5,146.0,36.0,7,1,0,219.0,25.0,0
70,70,19,455.0,6,189.6,5,86.1,6.64984280692,10,7,2,275.5,148.1,31.4,6,0,0,189.6,0,0
71,71,18,436.2,4,137.5,3,51.1,6.49859713368,10,6,2,270.6,131.6,34.0,4,0,0,137.5,0,0
72,72,18,446.2,7,226.2,5,87.7,7.22397062798,10,6,2,266.7,141.7,37.8,5,2,0,170.3,55.9,0
73,73,20,503.0,9,277.4,6,113.0,6.68009612285,11,7,2,299.4,164.8,38.8,6,3,0,194.3,83.1,0
74,74,19,476.6,8,246.3,6,111.8,6.68433185873,11,6,2,298.5,139.3,38.8,5,3,0,166.2,80.1,0
75,75,19,462.3,7,221.1,6,105.3,6.99190425751,11,6,2,283.6,139.3,39.4,4,3,0,140.6,80.5,0
76,76,19,474.6,8,253.0,6,109.4,7.07370553116,11,6,2,293.9,140.3,40.4,5,3,0,171.3,81.7,0
77,77,17,435.7,7,229.4,3,51.6,7.36212984688,10,5,2,270.8,122.1,42.8,5,2,0,173.2,56.2,0
78,78,17,425.5,7,227.7,6,110.1,7.56767506453,10,5,2,270.6,114.4,40.5,5,2,0,171.7,56.0,0
79,79,17,439.4,9,279.9,3,53.6,7.12207112144,10,5,2,278.4,120.5,40.5,7,2,0,222.7,57.2,0
80,80,18,459.4,8,260.4,3,47.9,7.6524932927,10,5,3,282.6,122.3,54.5,6,2,0,202.9,57.5,0
81,81,19,483.8,8,258.8,3,49.1,7.1295325175,11,5,3,307.6,120.5,55.7,7,1,0,226.8,32.0,0
82,82,19,469.4,7,228.1,4,66.1,7.24748796973,11,5,3,301.9,114.6,52.9,6,1,0,196.6,31.5,0
83,83,19,459.7,6,205.1,6,100.7,7.77642260542,11,5,3,291.0,113.7,55.0,5,1,0,173.4,31.7,0
84,84,20,481.6,6,204.9,8,142.1,7.53075099351,11,6,3,298.7,123.9,59.0,5,1,0,174.6,30.3,0
85,85,21,497.2,8,253.0,7,113.5,7.45492486628,11,7,3,284.7,162.3,50.2,5,3,0,165.7,87.3,0
86,86,20,491.0,9,280.8,6,96.9,7.5476381806,11,6,3,298.5,140.5,52.0,6,3,0,194.5,86.3,0
87,87,21,506.1,8,253.5,7,117.4,7.49166203189,11,7,3,302.4,152.0,51.7,6,2,0,197.7,55.8,0
88,88,21,505.6,8,250.7,6,97.0,7.4016825629,11,7,3,300.2,154.6,50.8,6,2,0,196.0,54.7,0
89,89,21,517.7,10,301.4,5,80.9,7.06141763725,11,7,3,308.0,159.9,49.8,7,3,0,219.7,81.7,0
90,90,21,513.5,9,278.1,6,96.7,7.29250430563,11,7,3,304.6,157.6,51.3,6,3,0,192.8,85.3,0
91,91,21,518.2,10,302.5,6,102.0,7.02217236772,11,7,3,299.5,166.9,51.8,7,3,0,216.5,86.0,0
92,92,21,522.8,7,226.0,5,86.7,6.78022685391,11,7,3,307.0,163.2,52.6,5,2,0,169.9,56.1,0
93,93,21,518.7,8,253.5,4,66.7,6.98433962519,11,7,3,303.5,167.6,47.6,5,3,0,170.1,83.4,0
94,94,21,535.8,11,334.1,5,86.7,6.65419309265,11,7,3,305.4,174.1,56.3,8,3,0,246.6,87.5,0
95,95,20,518.4,10,304.0,4,75.4,5.8631408863,11,7,2,302.1,175.6,40.7,6,4,0,192.2,111.8,0
96,96,21,528.2,10,302.2,5,92.0,6.06841157533,12,7,2,320.3,168.7,39.2,7,3,0,217.6,84.6,0
97,97,21,525.3,8,253.7,5,89.3,6.20252252832,12,7,2,313.2,170.4,41.7,6,2,0,193.9,59.8,0
98,98,21,522.7,9,281.8,7,125.3,6.5658133359,12,7,2,317.5,161.9,43.3,6,2,1,196.3,60.3,25.2
99,99,21,533.9,9,280.9,5,91.0,6.13432186651,12,7,2,321.1,170.0,42.8,6,3,0,195.5,85.4,0
100,100,21,526.9,9,282.4,5,88.1,6.38755859166,12,7,2,322.8,162.2,41.9,7,2,0,222.3,60.1,0
101,101,21,518.4,9,282.2,7,123.7,6.85159001359,12,7,2,319.8,159.4,39.2,7,2,0,224.1,58.1,0
102,102,21,482.1,5,167.4,9,162.5,6.73651033018,12,7,2,297.4,144.6,40.1,4,1,0,140.1,27.3,0
103,103,21,478.3,5,168.7,10,179.8,6.89977570374,12,7,2,293.6,144.8,39.9,4,1,0,141.7,27.0,0
104,104,20,507.7,10,308.3,5,84.0,6.98225382101,12,6,2,332.7,135.1,39.9,8,2,0,249.6,58.7,0
105,105,19,425.4,7,197.5,7,117.4,5.50352359219,11,6,2,265.0,120.5,39.9,6,1,0,171.1,26.4,0
106,106,18,440.9,7,221.3,5,84.2,6.74375285834,11,5,2,293.0,108.0,39.9,5,2,0,167.3,54.0,0
107,107,20,475.8,7,218.7,8,140.4,6.67216527626,11,7,2,293.9,142.0,39.9,6,1,0,191.8,26.9,0
108,108,19,447.5,7,220.0,8,140.1,6.81903939317,11,6,2,291.7,123.1,32.7,6,1,0,192.5,27.5,0
109,109,19,447.9,6,187.2,6,99.5,6.70860493076,11,6,2,284.4,137.0,26.5,5,1,0,159.3,27.9,0
110,110,20,462.6,6,184.0,6,97.8,6.43617244871,11,6,3,282.8,135.6,44.2,4,2,0,133.0,51.0,0
111,111,20,463.0,7,208.4,6,95.4,6.29222577973,11,6,3,278.0,140.7,44.3,4,3,0,129.1,79.3,0
112,112,20,458.2,7,205.6,5,75.6,6.04073017545,11,6,3,265.9,143.9,48.4,4,3,0,126.5,79.1,0
113,113,20,455.0,7,201.5,5,77.9,5.75678089871,11,6,3,262.5,137.6,54.9,4,3,0,124.2,77.3,0
114,114,20,452.0,7,206.8,7,111.6,6.425360936,11,6,3,263.2,134.5,54.3,5,2,0,153.5,53.3,0
115,115,21,467.4,7,207.4,9,147.0,6.54343727933,11,7,3,274.4,143.9,49.1,5,2,0,155.9,51.5,0
116,116,21,465.8,7,205.3,9,148.6,6.34055352849,11,7,3,268.0,149.0,48.8,5,2,0,152.8,52.5,0
117,117,22,498.1,7,209.1,7,111.4,6.30907578251,12,7,3,298.5,151.0,48.6,6,1,0,181.1,28.0,0
118,118,22,498.9,9,260.0,8,129.4,6.43923478286,12,7,3,298.3,152.5,48.1,7,2,0,207.3,52.7,0
119,119,21,481.0,9,264.2,8,128.7,6.79760812275,11,7,3,280.9,151.9,48.2,7,2,0,209.2,55.0,0
120,120,20,460.6,7,221.9,8,127.9,7.55151431311,11,6,3,281.4,132.9,46.3,5,2,0,167.4,54.5,0
121,121,19,443.6,8,246.2,8,134.6,7.41562677512,11,5,3,278.0,113.8,51.8,6,2,0,191.2,55.0,0
122,122,19,443.8,6,190.9,5,76.7,6.98373632803,11,5,3,278.5,111.5,53.8,5,1,0,163.3,27.6,0
123,123,20,454.7,7,216.8,7,102.5,7.49029371921,11,6,3,279.7,124.9,50.1,5,2,0,161.8,55.0,0
124,124,20,454.7,8,244.2,9,146.8,7.27304142563,11,6,3,270.5,133.4,50.8,6,2,0,186.3,57.9,0
125,125,21,493.9,7,217.1,9,161.1,6.2767522691,12,6,3,307.0,135.3,51.6,5,2,0,160.9,56.2,0
126,126,21,488.5,6,188.4,9,158.7,6.41252494658,12,6,3,306.9,130.0,51.6,5,1,0,159.6,28.8,0
127,127,20,475.8,9,268.9,7,122.0,6.44269476147,11,6,3,289.8,134.4,51.6,7,2,0,210.7,58.2,0
128,128,21,497.6,7,214.8,6,100.1,6.07688046538,11,7,3,295.1,153.2,49.3,6,1,0,185.1,29.7,0
129,129,21,473.7,8,226.3,7,115.9,5.68115933842,11,7,3,273.3,151.1,49.3,7,1,0,198.5,27.8,0
130,130,21,495.3,10,292.8,7,118.6,6.35627923508,11,7,3,292.1,153.9,49.3,8,2,0,236.2,56.6,0
131,131,20,476.4,8,254.3,7,112.0,7.76033097504,10,7,3,279.6,152.4,44.4,6,2,0,198.5,55.8,0
132,132,18,423.5,8,253.3,8,125.3,8.40425701343,10,5,3,272.4,106.7,44.4,6,2,0,195.5,57.8,0
133,133,19,460.2,9,283.1,6,90.6,8.02949970403,10,6,3,280.6,135.2,44.4,7,2,0,223.9,59.2,0
134,134,19,455.7,9,282.9,8,128.4,8.10639412631,10,6,3,279.3,132.0,44.4,7,2,0,223.3,59.6,0
135,135,19,450.2,8,249.8,7,111.0,7.65023410566,10,6,3,273.2,132.6,44.4,6,2,0,192.2,57.6,0
136,136,19,458.3,9,272.8,5,70.6,7.28434996317,10,6,3,272.2,143.6,42.5,6,3,0,187.8,85.0,0
137,137,20,467.9,8,235.8,5,71.8,6.41990941074,10,7,3,259.1,166.3,42.5,5,3,0,150.2,85.6,0
138,138,20,462.6,7,209.9,6,94.6,6.36686322834,10,7,3,261.7,158.4,42.5,5,2,0,150.3,59.6,0
139,139,20,474.3,8,237.2,6,105.7,6.02523421689,10,7,3,265.3,158.9,50.1,6,2,0,181.1,56.1,0
140,140,20,464.9,8,235.6,7,119.4,6.12986434125,10,7,3,260.7,155.3,48.9,6,2,0,179.5,56.1,0
141,141,21,507.2,8,246.6,8,146.4,6.87427225586,11,7,3,295.2,163.1,48.9,6,2,0,192.0,54.6,0
142,142,20,463.1,6,190.9,9,161.3,7.2104073175,11,6,3,286.5,125.8,50.8,5,1,0,165.1,25.8,0
143,143,21,474.0,4,141.3,11,196.2,7.24438698974,11,7,3,278.5,144.7,50.8,4,0,0,141.3,0,0
144,144,21,476.9,4,138.4,8,135.6,6.92148139938,11,7,3,285.5,143.6,47.8,4,0,0,138.4,0,0
145,145,21,510.3,9,259.6,4,65.3,5.30763600862,11,7,3,295.6,166.9,47.8,6,3,0,177.2,82.4,0
146,146,21,493.7,8,241.2,6,97.2,6.46458852224,11,7,3,297.5,148.4,47.8,6,2,0,186.2,55.0,0
147,147,21,494.3,6,192.5,6,97.1,6.79966735881,11,7,3,293.0,153.5,47.8,5,1,0,161.6,30.9,0
148,148,21,502.1,8,250.8,7,118.7,6.9186635098,11,7,3,296.3,158.0,47.8,6,2,0,191.7,59.1,0
149,149,19,457.0,7,225.9,6,94.6,7.33790527338,10,6,3,272.6,136.6,47.8,5,2,0,165.5,60.4,0
150,150,20,477.6,8,241.8,5,78.9,6.397828579,11,6,3,290.7,139.7,47.2,5,3,0,161.8,80.0,0
151,151,21,511.8,10,297.4,5,78.9,6.32583139652,11,7,3,300.8,163.8,47.2,7,3,0,215.5,81.9,0
152,152,21,514.2,9,274.9,5,82.0,6.57907939717,11,7,3,295.0,172.0,47.2,6,3,0,190.8,84.1,0
153,153,21,509.1,9,269.1,6,101.6,6.24648472571,11,7,3,285.1,176.8,47.2,5,4,0,158.6,110.5,0
154,154,21,499.2,10,293.0,5,71.2,6.94414450146,11,7,3,285.7,174.3,39.2,6,4,0,185.2,107.8,0
155,155,21,491.7,8,242.3,7,108.1,7.04941740247,11,7,3,280.5,172.0,39.2,5,3,0,160.2,82.1,0
156,156,20,457.4,7,211.1,7,111.7,6.7751946952,10,7,3,255.2,156.9,45.3,5,2,0,155.2,55.9,0
157,157,20,465.0,7,215.7,8,134.8,6.86681570269,10,7,3,263.8,155.8,45.4,6,1,0,184.9,30.8,0
158,158,21,504.4,9,281.4,9,154.8,7.4854271119,11,7,3,295.9,163.1,45.4,6,3,0,195.7,85.7,0
159,159,21,503.2,8,255.5,8,135.9,7.53966021718,11,7,3,295.8,162.0,45.4,5,3,0,173.7,81.8,0
160,160,21,495.1,8,250.6,7,114.5,7.47969951013,11,7,3,294.3,153.9,46.9,5,3,0,173.1,77.5,0
161,161,21,488.7,6,201.1,9,153.5,7.54023493382,11,7,3,287.6,149.5,51.6,5,1,0,174.7,26.4,0
162,162,21,486.9,7,223.7,9,153.0,7.38114392993,11,7,3,286.1,150.6,50.2,5,2,0,172.7,51.0,0
163,163,21,485.3,8,249.9,11,191.7,7.50112689947,11,7,3,283.8,151.3,50.2,5,3,0,172.3,77.6,0
164,164,20,476.8,8,255.0,8,136.0,7.6717115362,10,7,3,272.8,153.8,50.2,5,3,0,173.9,81.1,0
165,165,20,476.8,8,254.3,10,177.4,7.48278023197,10,7,3,273.6,153.0,50.2,5,3,0,173.3,81.0,0
166,166,20,470.1,8,251.9,8,131.2,7.70724027338,10,7,3,270.5,149.4,50.2,5,3,0,172.0,79.9,0
167,167,19,439.2,7,214.4,7,112.9,7.19855411083,9,7,3,238.5,150.5,50.2,4,3,0,133.9,80.5,0
168,168,9,237.8,5,148.3,0,0,4.36857464677,6,3,0,165.7,72.1,0,4,1,0,122.4,25.9,0
169,169,12,330.3,8,242.4,0,0,5.42839755361,7,5,0,203.7,126.6,0,5,3,0,160.2,82.2,0
170,170,10,310.9,10,310.9,0,0,5.4222688978,8,2,0,253.1,57.8,0,8,2,0,253.1,57.8,0
171,171,14,393.2,8,266.9,2,37.8,6.99723650317,9,5,0,268.5,124.7,0,6,2,0,204.7,62.2,0
172,172,15,403.4,8,255.7,2,37.8,6.28074912123,9,6,0,259.9,143.5,0,6,2,0,196.7,59.0,0
173,173,11,301.4,6,190.9,0,0,5.45582257776,7,4,0,202.7,98.7,0,5,1,0,157.0,33.9,0
174,174,12,329.2,7,222.3,1,19.9,6.1554607439,8,4,0,225.9,103.3,0,5,2,0,162.2,60.1,0
175,175,10,289.3,5,171.5,0,0,5.83629448652,6,4,0,185.1,104.2,0,4,1,0,137.2,34.3,0
176,176,11,311.8,6,195.5,0,0,5.55686307846,6,5,0,186.7,125.1,0,5,1,0,162.0,33.5,0
177,177,11,309.6,7,219.6,0,0,5.37538159322,6,5,0,183.8,125.8,0,5,2,0,159.1,60.5,0
178,178,9,260.0,6,190.2,0,0,5.08415293939,6,3,0,182.1,77.9,0,4,2,0,132.5,57.7,0
179,179,11,313.5,7,224.9,0,0,5.84653743681,6,4,1,188.3,104.1,21.1,5,2,0,164.0,60.9,0
180,180,11,323.5,8,256.1,0,0,5.76583984263,7,4,0,215.6,107.9,0,6,2,0,195.5,60.6,0
181,181,8,242.0,7,219.9,0,0,4.93008258407,6,2,0,189.3,52.7,0,6,1,0,189.3,30.6,0
182,182,12,331.0,7,218.1,0,0,5.38530548358,8,4,0,225.8,105.2,0,5,2,0,160.3,57.8,0
183,183,10,286.8,6,198.1,0,0,6.32697926871,7,3,0,206.4,80.4,0,4,2,0,139.1,59.0,0
184,184,12,331.9,5,170.3,0,0,5.91015433322,8,4,0,234.6,97.3,0,4,1,0,138.2,32.1,0
185,185,13,351.9,5,169.8,0,0,5.87727042872,8,5,0,232.5,119.4,0,4,1,0,138.2,31.6,0
186,186,11,298.5,5,166.3,0,0,6.11903141474,8,3,0,223.4,75.1,0,4,1,0,135.4,30.9,0
187,187,9,261.7,7,218.7,0,0,5.94659099354,6,3,0,181.1,80.6,0,4,3,0,138.1,80.6,0
188,188,10,281.2,5,168.1,0,0,6.1506639208,6,4,0,183.1,98.1,0,4,1,0,137.0,31.1,0
189,189,9,258.6,5,168.1,0,0,6.27714106899,6,3,0,181.3,77.3,0,4,1,0,137.6,30.5,0
190,190,10,286.8,5,174.1,0,0,6.83695838806,6,4,0,189.4,97.4,0,4,1,0,142.6,31.5,0
191,191,11,301.8,5,173.3,0,0,7.06686249014,8,3,0,226.8,75.0,0,4,1,0,140.0,33.3,0
192,192,11,326.2,8,257.0,0,0,5.75940337819,7,4,0,217.6,108.6,0,6,2,0,195.8,61.2,0
193,193,13,358.7,8,245.6,1,20.0,5.1105220768,7,6,0,208.2,150.5,0,5,3,0,159.2,86.4,0
194,194,15,393.6,6,190.7,1,20.0,5.23597446245,8,6,1,229.2,143.1,21.3,4,2,0,134.8,55.9,0
195,195,13,344.4,7,210.5,1,20.0,4.90636687351,6,6,1,170.9,152.2,21.3,5,2,0,150.2,60.3,0
196,196,11,298.7,6,185.8,0,0,4.94112611383,5,6,0,154.2,144.5,0,5,1,0,154.2,31.6,0
197,197,11,297.4,5,160.8,0,0,5.11630193153,6,5,0,175.3,122.1,0,4,1,0,129.7,31.1,0
198,198,10,279.8,7,212.5,0,0,4.87711207809,6,4,0,179.7,100.1,0,5,2,0,154.9,57.6,0
199,199,11,300.9,8,236.0,0,0,4.83391428066,7,4,0,201.2,99.7,0,6,2,0,180.6,55.4,0
200,200,10,268.3,5,151.8,0,0,4.56850328031,6,4,0,172.0,96.3,0,4,1,0,124.7,27.1,0
201,201,10,277.8,7,206.4,0,0,3.52792038207,6,4,0,177.8,100.0,0,6,1,0,177.8,28.6,0
202,202,12,318.3,6,183.3,0,0,4.48292213953,7,5,0,196.3,122.0,0,5,1,0,152.1,31.2,0
203,203,12,331.6,6,193.4,0,0,5.87356687872,7,5,0,204.3,127.3,0,4,2,0,136.9,56.5,0
204,204,12,346.3,10,306.6,1,19.1,5.47713567036,6,6,0,191.2,155.1,0,6,4,0,191.2,115.4,0
205,205,15,411.7,8,263.4,1,17.7,7.06185595462,8,6,1,236.0,158.0,17.7,5,3,0,171.9,91.5,0
206,206,15,395.5,6,207.4,3,53.7,7.86399268517,8,6,1,231.5,145.1,18.9,5,1,0,175.3,32.1,0
207,207,16,411.9,6,205.3,2,35.7,7.51416162988,8,7,1,236.1,155.7,20.1,5,1,0,173.3,32.0,0
208,208,16,406.2,5,176.0,3,55.4,7.17252861038,8,7,1,230.8,154.2,21.2,4,1,0,143.3,32.7,0
209,209,17,414.1,5,168.1,4,72.8,7.02033286457,9,7,1,233.6,160.6,19.9,4,1,0,129.9,38.2,0
210,210,16,409.2,6,206.4,5,95.6,7.67076701945,8,7,1,230.2,159.1,19.9,5,1,0,168.2,38.2,0
211,211,17,409.4,6,182.7,5,91.7,5.60772182955,9,7,1,232.3,157.2,19.9,5,1,0,149.9,32.8,0
212,212,17,392.4,4,123.1,7,130.1,5.29034914894,9,7,1,231.2,145.4,15.8,4,0,0,123.1,0,0
213,213,20,462.7,9,263.9,7,107.4,7.07629660799,10,7,3,273.7,145.4,43.6,7,2,0,210.4,53.5,0
214,214,20,463.2,7,213.1,6,92.3,6.87155846875,10,7,3,274.8,145.2,43.2,6,1,0,186.1,27.0,0
215,215,21,458.0,7,202.4,10,164.7,6.35986672517,11,7,3,270.4,142.8,44.8,5,2,0,148.3,54.1,0
216,216,21,463.7,6,177.9,10,169.5,6.13576556329,11,7,3,266.8,148.2,48.7,4,2,0,120.5,57.4,0
217,217,21,476.3,8,231.7,9,156.2,6.07820853933,11,7,3,266.4,160.9,49.0,5,3,0,147.3,84.4,0
218,218,21,478.5,8,236.0,9,152.4,6.24414011008,11,7,3,263.2,166.3,49.0,5,3,0,148.7,87.3,0
219,219,21,480.6,8,236.3,9,148.5,6.41391344768,11,7,3,265.2,168.0,47.4,5,3,0,150.8,85.5,0
220,220,21,484.6,7,214.6,8,134.3,6.39577241324,11,7,3,271.1,164.2,49.3,5,2,0,153.3,61.3,0
221,221,21,480.7,8,240.3,7,110.9,6.67329789249,11,7,3,267.6,168.4,44.7,5,3,0,153.3,87.0,0
222,222,21,483.5,9,265.3,7,104.1,7.03597219735,11,7,3,273.6,165.2,44.7,6,3,0,179.0,86.3,0
223,223,21,479.2,8,240.2,7,103.5,6.93524469991,11,7,3,268.2,167.0,44.0,5,3,0,152.6,87.6,0
224,224,21,463.1,8,236.5,8,122.3,6.82507282361,11,7,3,252.4,164.7,46.0,5,3,0,147.1,89.4,0
225,225,21,462.3,8,236.5,10,159.8,6.92194233682,11,7,3,253.1,164.6,44.6,5,3,0,146.3,90.2,0
226,226,21,475.3,9,264.4,8,123.5,6.95207403106,11,7,3,268.7,162.0,44.6,6,3,0,178.1,86.3,0
227,227,21,478.9,8,240.3,8,124.0,7.05219655075,11,7,3,272.3,162.0,44.6,5,3,0,154.1,86.2,0
228,228,21,459.6,7,210.7,10,157.2,7.00644601166,11,7,3,262.8,152.2,44.6,4,3,0,125.5,85.2,0
229,229,21,453.2,7,213.8,10,151.0,7.39192931836,11,7,3,257.8,150.8,44.6,4,3,0,125.6,88.2,0
230,230,21,445.6,7,213.0,11,164.8,7.5610593866,11,7,3,257.7,146.4,41.5,4,3,0,126.4,86.6,0
231,231,21,460.3,7,210.6,10,155.9,7.17276927327,11,7,3,263.8,148.2,48.3,5,2,0,151.3,59.3,0
232,232,20,450.8,7,209.5,8,126.9,6.90761593422,10,7,3,244.8,150.5,55.5,5,2,0,149.2,60.3,0
233,233,20,446.5,7,210.8,9,144.2,7.00885717841,10,7,3,244.5,150.7,51.3,5,2,0,151.2,59.6,0
234,234,20,448.3,7,210.0,7,105.8,6.90349072647,10,7,3,241.4,151.5,55.4,5,2,0,149.3,60.7,0
235,235,16,384.3,8,249.7,5,71.0,8.27963113108,8,4,4,229.0,87.7,67.6,6,2,0,190.4,59.3,0
236,236,11,304.0,8,239.6,0,0,5.83579861326,6,5,0,184.6,119.4,0,6,2,0,184.6,55.0,0
237,237,10,268.4,5,157.5,0,0,5.59328963034,5,5,0,148.2,120.2,0,3,2,0,102.2,55.3,0
238,238,10,274.0,6,183.2,0,0,4.91347353938,4,4,2,123.5,106.9,43.6,4,2,0,123.5,59.7,0
239,239,9,244.7,6,184.4,1,17.9,5.97294827628,5,4,0,142.0,102.7,0,4,2,0,124.1,60.3,0
240,240,11,296.0,7,212.0,1,17.9,5.50135520494,7,4,0,194.3,101.7,0,5,2,0,154.7,57.3,0
241,241,10,273.5,6,188.1,1,17.9,6.48146931216,6,4,0,166.2,107.3,0,4,2,0,124.3,63.8,0
242,242,9,262.8,7,221.5,1,17.9,6.56277380381,6,3,0,176.9,85.9,0,5,2,0,159.0,62.5,0
243,243,10,282.9,7,224.4,1,12.6,7.88985987765,6,4,0,174.5,108.4,0,5,2,0,161.9,62.5,0
244,244,8,248.4,7,225.8,0,0,5.94642749893,5,3,0,163.0,85.4,0,5,2,0,163.0,62.8,0
245,245,10,283.8,7,227.1,1,12.6,8.22000270343,6,4,0,175.5,108.3,0,5,2,0,162.9,64.2,0
246,246,9,272.2,7,227.0,0,0,6.30121240538,6,3,0,186.9,85.3,0,5,2,0,162.2,64.8,0
247,247,10,287.9,7,223.8,0,0,6.65873695064,5,4,1,159.5,108.1,20.3,5,2,0,159.5,64.3,0
248,248,9,266.7,7,222.0,0,0,5.68066897469,5,4,0,157.1,109.6,0,5,2,0,157.1,64.9,0
249,249,9,262.8,8,240.7,0,0,5.23617226607,5,4,0,152.1,110.7,0,5,3,0,152.1,88.6,0
250,250,10,274.7,8,240.6,1,12.6,7.27263516356,6,4,0,162.8,111.9,0,5,3,0,150.2,90.4,0
251,251,9,267.4,8,244.8,0,0,5.11088163736,6,3,0,177.3,90.1,0,5,3,0,154.7,90.1,0
252,252,11,301.5,8,245.9,1,12.6,7.2110269096,7,4,0,191.9,109.6,0,5,3,0,156.7,89.2,0
253,253,10,279.1,7,212.4,0,0,4.64936076849,6,4,0,171.7,107.4,0,5,2,0,150.2,62.2,0
254,254,11,302.0,7,209.3,0,0,3.8203046047,7,4,0,198.4,103.6,0,6,1,0,177.8,31.5,0
255,255,14,363.8,9,266.3,1,12.6,5.96810202311,8,6,0,213.0,150.8,0,6,3,0,180.0,86.3,0
256,256,14,366.7,8,241.1,1,19.9,5.3598886736,7,7,0,199.3,167.4,0,5,3,0,155.4,85.7,0
257,257,13,344.0,7,216.9,1,19.9,5.59233678968,6,7,0,177.0,167.0,0,5,2,0,155.1,61.8,0
258,258,10,277.9,5,163.1,0,0,5.34695136399,7,3,0,199.4,78.5,0,4,1,0,131.4,31.7,0
259,259,11,309.7,9,264.2,0,0,4.58374598693,7,4,0,210.9,98.8,0,7,2,0,210.9,53.3,0
260,260,10,283.6,7,217.4,0,0,5.38438070307,6,4,0,184.4,99.2,0,5,2,0,161.7,55.7,0
261,261,10,284.0,7,216.8,0,0,5.11924473596,6,4,0,180.2,103.8,0,5,2,0,158.7,58.1,0
262,262,13,335.1,6,174.4,0,0,3.79608435236,8,5,0,215.5,119.6,0,5,1,0,146.6,27.8,0
263,263,9,246.9,6,182.3,0,0,5.02618145315,6,3,0,163.4,83.5,0,4,2,0,119.5,62.8,0
264,264,9,273.1,8,251.5,0,0,5.57676230243,6,3,0,191.1,82.0,0,6,2,0,191.1,60.4,0
265,265,10,293.5,7,224.8,0,0,6.01373428079,6,4,0,189.7,103.8,0,5,2,0,165.3,59.5,0
266,266,9,255.5,6,190.2,0,0,6.46692439349,5,4,0,149.7,105.8,0,4,2,0,129.6,60.6,0
267,267,9,260.7,6,190.6,0,0,6.02121250248,5,4,0,154.9,105.8,0,4,2,0,131.6,59.0,0
268,268,10,290.0,7,221.6,0,0,5.77754273026,6,4,0,184.7,105.3,0,5,2,0,162.6,59.0,0
269,269,11,312.4,7,223.0,0,0,6.2,6,4,1,186.8,101.8,23.8,5,2,0,164.5,58.5,0
270,270,10,280.6,5,169.9,0,0,6.90333252857,5,4,1,157.8,100.7,22.1,4,1,0,136.0,33.9,0
271,271,10,273.4,5,158.7,0,0,5.8197365347,6,4,0,169.8,103.6,0,4,1,0,123.1,35.6,0
272,272,10,282.7,8,236.2,0,0,4.37341717399,7,3,0,198.1,84.6,0,5,3,0,151.6,84.6,0
273,273,7,204.5,6,181.7,0,0,3.68258449617,5,2,0,150.3,54.2,0,5,1,0,150.3,31.4,0
274,274,8,227.7,6,183.2,0,0,4.3170550478,5,3,0,151.1,76.6,0,5,1,0,151.1,32.1,0
275,275,10,268.3,6,182.8,0,0,5.11621604965,6,4,0,172.7,95.6,0,5,1,0,150.6,32.2,0
276,276,8,227.2,6,181.9,0,0,4.35496432657,6,2,0,173.5,53.7,0,5,1,0,149.5,32.4,0
277,277,8,214.4,6,171.5,0,0,4.19727802953,5,3,0,138.9,75.5,0,5,1,0,138.9,32.6,0
278,278,9,237.4,6,172.5,0,0,4.18383131166,5,4,0,140.0,97.4,0,5,1,0,140.0,32.5,0
279,279,9,246.8,6,179.4,0,0,4.10572094089,6,3,0,167.5,79.3,0,5,1,0,147.1,32.3,0
280,280,9,245.3,6,177.2,0,0,4.95759798469,5,4,0,144.1,101.2,0,4,2,0,119.6,57.6,0
281,281,10,281.5,7,216.3,0,0,5.66965607423,6,4,0,173.3,108.2,0,5,2,0,152.9,63.4,0
282,282,9,253.8,6,188.2,0,0,5.54684595063,6,3,0,167.4,86.4,0,4,2,0,123.6,64.6,0
283,283,11,298.6,6,187.0,0,0,5.46559486906,7,4,0,192.5,106.1,0,4,2,0,124.3,62.7,0
284,284,9,257.8,7,213.4,0,0,5.19882465349,6,3,0,174.9,82.9,0,5,2,0,150.6,62.8,0
285,285,10,277.2,6,186.5,0,0,5.454009738,6,3,1,173.1,82.7,21.4,4,2,0,125.5,61.0,0
286,286,9,256.5,6,187.2,0,0,5.24523593368,6,3,0,170.6,85.9,0,4,2,0,125.8,61.4,0
287,287,10,264.6,6,174.8,0,0,4.30069761783,7,3,0,181.9,82.7,0,4,2,0,116.8,58.0,0
288,288,9,251.6,6,182.6,0,0,4.30903443683,6,3,0,167.7,83.9,0,4,2,0,122.5,60.1,0
289,289,9,254.3,6,184.8,0,0,4.9313058897,6,3,0,170.2,84.1,0,4,2,0,123.3,61.5,0
290,290,8,234.6,7,213.5,0,0,4.73731388628,6,2,0,173.1,61.5,0,5,2,0,152.0,61.5,0
291,291,7,214.4,6,191.4,0,0,4.6244690815,5,2,0,156.2,58.2,0,5,1,0,156.2,35.2,0
292,292,7,214.6,6,190.7,0,0,4.45378383806,5,2,0,155.3,59.3,0,4,2,0,131.4,59.3,0
293,293,10,286.5,6,195.1,0,0,5.58773458369,7,3,0,209.7,76.8,0,5,1,0,164.3,30.8,0
294,294,10,286.6,7,222.2,0,0,6.60457753717,7,3,0,203.6,83.0,0,4,3,0,139.2,83.0,0
295,295,7,171.5,2,64.8,0,0,5.96266159809,3,4,0,77.7,93.8,0,1,1,0,36.6,28.2,0
296,296,10,225.4,2,61.5,3,58.2,4.67337612914,6,4,0,135.6,89.8,0,1,1,0,33.7,27.8,0
297,297,11,238.0,1,32.7,6,114.3,4.25447358137,6,5,0,131.5,106.5,0,1,0,0,32.7,0,0
298,298,11,242.6,2,61.9,5,93.9,5.28211390191,6,5,0,143.6,99.0,0,2,0,0,61.9,0,0
299,299,13,297.6,3,97.0,5,87.5,6.23450900746,7,6,0,179.8,117.8,0,3,0,0,97.0,0,0
300,300,13,301.5,3,93.2,3,51.4,5.4759263354,7,6,0,184.9,116.6,0,3,0,0,93.2,0,0
301,301,13,320.7,5,170.0,5,83.6,8.39676372334,7,6,0,213.6,107.1,0,5,0,0,170.0,0,0
302,302,15,380.0,6,205.2,4,60.9,8.38422555131,9,6,0,257.2,122.8,0,5,1,0,176.4,28.8,0
303,303,17,383.1,5,163.2,8,127.9,8.04914134989,9,6,2,234.9,120.4,27.8,5,0,0,163.2,0,0
304,304,17,373.2,5,155.9,7,108.7,7.07567290502,9,6,2,232.1,112.8,28.3,5,0,0,155.9,0,0
305,305,17,372.3,6,181.4,8,129.9,7.0877535228,9,6,2,233.0,111.5,27.8,6,0,0,181.4,0,0
306,306,17,369.5,5,152.8,8,129.0,6.75360470198,9,6,2,230.4,111.6,27.5,5,0,0,152.8,0,0
307,307,17,368.8,6,178.2,9,149.1,6.83990776512,9,6,2,230.6,111.3,26.9,6,0,0,178.2,0,0
308,308,17,374.1,5,157.7,10,170.4,7.08400227522,9,6,2,235.0,107.1,32.0,5,0,0,157.7,0,0
309,309,17,376.4,5,158.0,10,173.5,6.99580756807,9,6,2,237.6,106.8,32.0,5,0,0,158.0,0,0
310,310,17,375.1,5,160.2,10,169.0,7.33876191674,9,6,2,240.7,103.3,31.1,5,0,0,160.2,0,0
311,311,17,384.9,5,161.1,7,115.2,7.12785546496,9,6,2,244.7,110.0,30.2,5,0,0,161.1,0,0
312,312,17,375.2,5,161.4,8,126.4,7.69868208737,9,6,2,243.6,101.4,30.2,5,0,0,161.4,0,0
313,313,17,378.7,6,188.6,8,124.7,7.94020854668,9,6,2,246.6,101.9,30.2,6,0,0,188.6,0,0
314,314,17,371.9,6,187.3,9,141.7,7.9553857081,9,6,2,243.5,98.3,30.1,6,0,0,187.3,0,0
315,315,17,376.1,6,189.3,8,122.2,8.07306706059,9,6,2,247.7,98.3,30.1,6,0,0,189.3,0,0
316,316,17,375.7,6,185.3,10,168.8,7.46165196186,9,6,2,242.0,103.6,30.1,6,0,0,185.3,0,0
317,317,17,364.5,4,133.0,10,162.3,7.60978472293,9,6,2,232.0,102.4,30.1,4,0,0,133.0,0,0
318,318,17,370.2,5,160.4,9,144.0,7.80548920726,9,6,2,235.7,105.4,29.1,5,0,0,160.4,0,0
319,319,17,375.0,6,189.7,9,142.0,8.13434530429,9,6,2,243.1,102.8,29.1,6,0,0,189.7,0,0
320,320,17,379.0,6,190.9,9,144.3,8.07414628523,9,6,2,244.4,104.0,30.6,6,0,0,190.9,0,0
321,321,17,381.1,6,190.3,8,126.4,7.95968241311,9,6,2,245.4,105.1,30.6,6,0,0,190.3,0,0
322,322,17,374.5,5,162.8,8,121.4,8.08314331695,9,6,2,240.2,103.7,30.6,5,0,0,162.8,0,0
323,323,17,375.8,6,188.9,8,122.5,8.17148017407,9,6,2,239.1,107.5,29.2,6,0,0,188.9,0,0
324,324,17,382.4,5,159.5,6,93.1,7.3290066336,9,6,2,233.9,119.3,29.2,5,0,0,159.5,0,0
325,325,17,397.7,6,190.8,7,117.5,7.54109330504,9,6,2,238.0,130.5,29.2,5,1,0,164.1,26.7,0
326,326,17,401.1,6,194.2,7,120.7,7.78343357621,9,6,2,245.5,126.4,29.2,5,1,0,165.8,28.4,0
327,327,16,367.3,4,135.1,7,119.4,7.70782881232,9,5,2,230.0,111.2,26.1,3,1,0,106.4,28.7,0
328,328,18,411.3,6,188.2,7,114.2,7.60543536287,9,7,2,239.1,146.1,26.1,5,1,0,157.0,31.2,0
329,329,18,401.2,5,160.7,8,128.1,7.52664982023,9,7,2,235.0,140.1,26.1,4,1,0,130.7,30.0,0
330,330,18,419.7,6,193.5,8,132.5,8.06825660883,9,7,2,241.8,151.8,26.1,4,2,0,134.1,59.4,0
331,331,18,399.6,6,186.2,9,149.8,7.41365988842,9,7,2,231.7,141.8,26.1,5,1,0,154.1,32.1,0
332,332,18,407.8,6,186.2,7,113.4,7.0072418189,9,7,2,236.1,145.6,26.1,5,1,0,157.3,28.9,0
333,333,17,402.5,6,192.9,5,75.6,7.89774725885,9,6,2,237.4,139.0,26.1,4,2,0,133.5,59.4,0
334,334,18,421.4,7,217.3,7,109.8,7.96986153019,9,7,2,238.6,156.7,26.1,5,2,0,159.5,57.8,0
335,335,18,410.4,6,180.5,6,91.2,6.92285218338,9,7,2,235.2,149.1,26.1,4,2,0,126.7,53.8,0
336,336,18,422.4,6,192.3,7,113.9,7.42032185761,9,7,2,238.2,158.1,26.1,4,2,0,130.6,61.7,0
337,337,18,409.3,7,210.0,8,127.6,7.31751636497,9,7,2,228.7,152.1,28.5,5,2,0,153.6,56.4,0
338,338,17,395.9,6,189.2,7,117.2,7.24257225999,9,6,2,234.2,129.8,31.9,4,2,0,135.5,53.7,0
339,339,17,396.5,7,215.2,7,116.3,7.48035171397,10,5,2,256.3,108.3,31.9,5,2,0,161.5,53.7,0
340,340,17,406.1,7,223.6,6,95.1,7.69925989568,10,5,2,259.9,114.1,32.1,5,2,0,164.7,58.9,0
341,341,18,395.8,6,183.9,9,146.6,7.22380776965,10,6,2,247.3,119.9,28.6,5,1,0,151.4,32.5,0
342,342,18,390.7,4,130.7,8,128.9,7.04276618635,10,6,2,234.6,127.5,28.6,2,2,0,72.0,58.7,0
343,343,18,361.3,3,89.4,11,182.8,5.44737449501,10,6,2,218.6,114.1,28.6,2,1,0,62.2,27.2,0
344,344,18,365.1,3,91.5,11,183.2,5.94546292662,10,6,2,219.5,117.0,28.6,2,1,0,65.3,26.2,0
345,345,18,376.1,6,169.4,10,164.6,5.92308268529,10,6,2,225.4,122.1,28.6,4,2,0,116.1,53.3,0
346,346,18,375.4,4,121.7,9,144.9,6.19100127056,10,6,2,218.6,128.2,28.6,2,2,0,66.4,55.3,0
347,347,18,364.1,4,119.2,10,157.6,6.14537660317,10,6,2,222.7,112.8,28.6,3,1,0,90.9,28.3,0
348,348,18,368.9,4,118.6,10,157.4,6.43295488067,10,6,2,224.2,116.1,28.6,3,1,0,92.6,26.0,0
349,349,18,356.7,5,147.7,11,165.4,6.97425939564,10,6,2,207.0,121.1,28.6,3,2,0,90.8,56.9,0
350,350,18,353.1,4,121.0,10,145.5,7.01211137122,10,6,2,202.0,124.9,26.2,2,2,0,61.8,59.2,0
351,351,18,338.1,4,108.4,11,163.5,5.72551050896,10,6,2,190.1,121.8,26.2,2,2,0,51.8,56.6,0
352,352,18,329.1,3,81.7,12,181.2,5.37578995563,10,6,2,181.1,121.8,26.2,1,2,0,25.1,56.6,0
353,353,18,329.1,3,81.7,12,181.2,5.37578995563,10,6,2,181.1,121.8,26.2,1,2,0,25.1,56.6,0
354,354,18,330.2,3,81.7,12,182.3,5.32422015524,10,6,2,181.1,122.9,26.2,1,2,0,25.1,56.6,0
355,355,18,304.4,1,25.1,14,213.1,3.98259284281,10,6,2,181.1,97.1,26.2,1,0,0,25.1,0,0
356,356,18,317.7,1,25.1,14,226.4,3.72578456009,10,6,2,181.1,99.0,37.6,1,0,0,25.1,0,0
357,357,18,334.8,3,78.3,11,169.8,4.76198179209,10,6,2,181.1,100.5,53.2,1,0,2,25.1,0,53.2
358,358,18,338.8,3,77.9,11,169.8,4.92025292936,10,6,2,181.1,105.9,51.8,1,1,1,25.1,25.9,26.9
359,359,19,385.0,4,123.5,10,154.3,6.76093439682,10,6,3,176.2,128.1,80.7,1,1,2,25.1,34.4,64.0
360,360,19,388.3,4,119.7,10,157.6,6.57547721346,10,6,3,176.2,122.0,90.1,1,1,2,25.1,25.7,68.9
361,361,19,368.9,4,117.2,11,165.5,6.85137967922,10,6,3,176.2,100.6,92.1,1,0,3,25.1,0,92.1
362,362,19,365.8,4,116.0,11,163.6,6.63947524876,10,6,3,176.2,98.7,90.9,1,0,3,25.1,0,90.9
363,363,19,346.9,4,113.7,13,190.5,6.73195660756,10,6,3,167.7,90.6,88.6,1,0,3,25.1,0,88.6
364,364,19,342.7,3,87.1,13,191.8,6.40262190446,10,6,3,167.7,91.9,83.1,1,0,2,25.1,0,62.0
365,365,18,322.2,3,87.8,12,170.6,6.71320034138,9,6,3,150.9,87.5,83.8,1,0,2,25.1,0,62.7
366,366,18,334.2,4,115.7,12,175.8,6.96951344407,9,6,3,150.9,92.7,90.6,1,0,3,25.1,0,90.6
367,367,16,299.9,3,90.4,10,142.5,7.23601812694,8,5,3,131.3,79.0,89.6,1,0,2,25.1,0,65.3
368,368,15,279.8,3,85.3,9,129.9,6.54401216671,7,5,3,118.7,79.0,82.1,1,0,2,25.1,0,60.2
369,369,15,278.8,3,87.1,9,127.0,6.82797467008,7,5,3,118.7,76.1,84.0,1,0,2,25.1,0,62.0
370,370,14,279.8,5,140.1,7,97.0,7.48278610626,6,5,3,106.1,84.1,89.6,1,1,3,25.1,25.4,89.6
371,371,14,281.5,5,141.8,7,97.0,7.61632500576,6,5,3,106.1,84.1,91.3,1,1,3,25.1,25.4,91.3
