,e_id,num_sat,sum_snr,num_sat_25,sum_snr_25,num_sat_u20,sum_sat_u20,snr_std,elev_0_30,elev_30_60,elev_60_90,sum_elev_0_30,sum_elev_30_60,sum_elev_60_90,elev_0_30_25,elev_30_60_25,elev_60_90_25,sum_elev_0_30_25,sum_elev_30_60_25,sum_elev_60_90_25
1,1,12,297.4,6,185.7,4,66.6,7.65979270231,10,1,1,261.2,18.2,18.0,6,0,0,185.7,0,0
2,2,13,328.2,6,200.7,5,83.2,9.46939063374,10,1,2,274.8,17.2,36.2,6,0,0,200.7,0,0
3,3,14,355.6,7,231.1,4,58.5,9.36655260447,11,2,1,301.6,36.7,17.3,7,0,0,231.1,0,0
4,4,15,381.9,7,242.8,5,72.3,10.3988186142,11,2,2,314.5,37.5,29.9,7,0,0,242.8,0,0
5,5,16,378.9,7,231.5,8,124.2,9.55804852816,11,2,3,290.8,39.6,48.5,6,1,0,205.7,25.8,0
6,6,16,380.7,8,243.5,6,92.8,7.81805335959,11,2,3,291.9,39.4,49.4,7,1,0,217.7,25.8,0
7,7,17,397.0,7,213.1,6,93.1,7.2112860891,12,2,3,313.1,36.0,47.9,7,0,0,213.1,0,0
8,8,18,424.2,7,212.7,6,95.8,6.83313725209,13,2,3,332.8,43.6,47.8,7,0,0,212.7,0,0
9,9,18,404.6,8,227.1,7,114.6,6.35846407236,13,2,3,315.3,40.8,48.5,8,0,0,227.1,0,0
10,10,17,394.4,6,183.5,7,118.9,6.67645115312,13,2,2,324.1,37.3,33.0,6,0,0,183.5,0,0
11,11,17,418.6,8,253.2,7,120.1,7.65404545092,13,2,2,336.9,48.7,33.0,7,1,0,224.2,29.0,0
12,12,18,434.7,8,252.9,7,116.8,7.89528898998,13,2,3,338.4,41.2,55.1,7,1,0,226.5,26.4,0
13,13,19,457.6,8,264.7,9,148.2,8.81698254997,14,2,3,364.2,38.8,54.6,8,0,0,264.7,0,0
14,14,19,463.9,7,238.0,8,135.5,8.35365942153,14,2,3,369.0,36.6,58.3,7,0,0,238.0,0,0
15,15,19,469.2,8,259.0,6,97.9,7.81369692586,14,2,3,370.9,42.3,56.0,7,1,0,232.7,26.3,0
16,16,19,448.3,8,243.9,8,135.0,7.14885178692,14,2,3,347.0,45.0,56.3,7,1,0,216.7,27.2,0
17,17,19,441.7,8,249.1,9,148.8,7.799100263,14,2,3,352.1,35.2,54.4,8,0,0,249.1,0,0
18,18,19,450.0,8,248.4,7,114.3,7.48511583506,14,2,3,360.2,39.8,50.0,8,0,0,248.4,0,0
19,19,19,444.3,8,245.8,8,131.7,7.430063792,14,2,3,354.0,40.3,50.0,8,0,0,245.8,0,0
20,20,19,430.7,5,161.2,8,129.9,7.13847576569,14,2,3,340.7,40.5,49.5,5,0,0,161.2,0,0
21,21,19,438.9,7,213.5,7,112.2,7.21164182262,14,2,3,343.6,44.1,51.2,7,0,0,213.5,0,0
22,22,19,432.0,7,209.3,6,91.5,7.00921698958,14,2,3,343.2,41.9,46.9,7,0,0,209.3,0,0
23,23,19,432.7,8,235.2,7,106.8,7.18043964185,14,2,3,344.5,43.0,45.2,7,1,0,208.3,26.9,0
24,24,19,424.8,9,260.9,9,143.0,7.42999295569,14,2,3,336.0,45.1,43.7,8,1,0,231.9,29.0,0
25,25,19,441.2,7,213.4,6,91.3,7.33837545959,14,2,3,347.8,44.2,49.2,6,1,0,187.9,25.5,0
26,26,19,443.4,8,243.0,7,109.3,7.4785775925,14,2,3,349.9,43.6,49.9,8,0,0,243.0,0,0
27,27,20,465.8,8,253.0,9,142.9,8.12746480832,14,2,4,363.4,41.0,61.4,8,0,0,253.0,0,0
28,28,20,463.3,8,250.2,9,143.3,8.26802814906,14,2,4,360.2,37.7,65.4,8,0,0,250.2,0,0
29,29,19,446.6,7,227.5,7,106.5,8.51694217977,13,2,4,340.7,39.0,66.9,7,0,0,227.5,0,0
30,30,19,447.6,7,224.0,8,129.7,7.95335818587,13,2,4,340.7,41.4,65.5,7,0,0,224.0,0,0
31,31,20,460.2,7,223.9,9,143.3,8.13788411657,14,2,4,354.1,40.8,65.3,7,0,0,223.9,0,0
32,32,21,489.0,7,226.5,10,170.6,7.87180320602,15,2,4,377.4,39.9,71.7,7,0,0,226.5,0,0
33,33,21,483.1,7,228.3,10,167.9,8.11723328422,15,2,4,373.1,39.2,70.8,7,0,0,228.3,0,0
34,34,21,490.1,8,250.9,10,170.9,7.45362168281,15,2,4,378.2,42.1,69.8,8,0,0,250.9,0,0
35,35,21,481.2,8,241.4,9,149.0,7.1511038109,15,2,4,372.0,40.8,68.4,8,0,0,241.4,0,0
36,36,21,488.0,7,224.0,9,152.0,7.24723921162,15,2,4,375.8,40.9,71.3,7,0,0,224.0,0,0
37,37,21,491.0,8,250.6,10,174.1,7.1935122887,15,2,4,376.8,40.2,74.0,8,0,0,250.6,0,0
38,38,20,474.6,7,223.0,9,160.9,6.95686711099,14,2,4,358.6,42.7,73.3,7,0,0,223.0,0,0
39,39,20,487.1,9,273.6,8,143.0,6.6334459569,14,2,4,358.8,47.9,80.4,7,1,1,220.7,27.9,25.0
40,40,20,492.7,10,302.2,7,123.7,6.92822412121,14,2,4,368.7,43.3,80.7,9,0,1,276.9,0,25.3
41,41,20,490.6,10,311.3,9,158.3,7.81099764502,14,2,4,361.1,46.7,82.8,8,1,1,257.2,26.7,27.4
42,42,20,494.6,8,263.8,8,139.0,8.15495328974,14,2,4,371.3,44.6,78.7,7,0,1,236.2,0,27.6
43,43,21,495.9,8,256.9,10,169.6,8.14200747447,15,2,4,384.9,35.8,75.2,8,0,0,256.9,0,0
44,44,21,504.0,9,283.2,8,128.9,8.03672819,15,2,4,384.6,47.1,72.3,8,0,1,257.3,0,25.9
45,45,21,496.9,7,228.2,8,131.5,7.84936151483,15,2,4,376.5,42.8,77.6,6,0,1,201.9,0,26.3
46,46,21,491.8,8,247.7,8,131.1,7.34789895464,15,2,4,375.5,42.9,73.4,8,0,0,247.7,0,0
47,47,21,479.0,7,220.4,10,167.3,7.37928890625,15,2,4,369.7,40.0,69.3,7,0,0,220.4,0,0
48,48,21,491.7,9,282.5,9,145.4,8.23221025693,15,2,4,379.3,42.0,70.4,8,1,0,257.5,25.0,0
49,49,20,458.9,7,220.9,8,131.9,7.48327784921,14,2,4,350.3,37.1,71.5,7,0,0,220.9,0,0
50,50,20,469.2,8,247.1,7,106.8,7.56977368778,14,2,4,360.3,40.1,68.8,8,0,0,247.1,0,0
51,51,20,466.5,8,249.4,9,151.2,7.67222433951,14,2,4,362.3,39.4,64.8,8,0,0,249.4,0,0
52,52,20,439.5,6,184.2,10,165.7,6.83781089931,14,2,4,339.2,36.3,64.0,6,0,0,184.2,0,0
53,53,20,469.9,7,229.7,8,131.3,7.89446674977,14,2,4,363.6,41.5,64.8,7,0,0,229.7,0,0
54,54,20,476.0,8,257.4,8,130.4,8.07621589347,14,2,4,368.7,43.4,63.9,8,0,0,257.4,0,0
55,55,20,469.3,8,261.7,9,145.1,8.72801146943,14,2,4,366.5,45.2,57.6,7,1,0,236.0,25.7,0
56,56,18,427.7,8,260.6,8,123.3,9.14344116511,13,2,3,349.4,38.6,39.7,8,0,0,260.6,0,0
57,57,18,451.4,9,291.5,6,93.6,8.50374004608,12,2,4,344.3,38.3,68.8,9,0,0,291.5,0,0
58,58,18,456.0,9,293.2,5,75.8,8.6,12,2,4,346.0,39.7,70.3,9,0,0,293.2,0,0
59,59,18,454.6,8,268.8,5,77.0,8.63332954803,12,2,4,347.0,37.4,70.2,8,0,0,268.8,0,0
60,60,18,454.8,8,268.8,5,77.0,8.69042745852,12,2,4,347.6,36.6,70.6,8,0,0,268.8,0,0
61,61,19,451.2,8,259.8,8,128.7,8.55156700527,12,3,4,333.7,46.9,70.6,8,0,0,259.8,0,0
62,62,19,442.3,9,270.3,8,128.4,7.44748868541,12,3,4,319.9,54.4,68.0,8,1,0,244.3,26.0,0
63,63,18,429.6,11,323.5,7,106.1,7.81401455907,12,3,3,322.5,56.1,51.0,10,1,0,295.8,27.7,0
64,64,18,436.4,8,255.3,7,110.4,8.36183361697,12,3,3,332.1,54.2,50.1,7,1,0,227.7,27.6,0
65,65,19,445.7,7,232.9,9,142.9,8.89365040598,13,3,3,352.1,43.5,50.1,7,0,0,232.9,0,0
66,66,19,445.3,9,279.3,8,119.1,8.5818419757,13,3,3,350.3,49.9,45.1,9,0,0,279.3,0,0
67,67,20,478.6,10,312.7,9,143.9,8.42128256265,13,3,4,361.6,50.5,66.5,10,0,0,312.7,0,0
68,68,20,490.0,10,319.1,8,127.5,8.80723386887,13,3,4,367.7,52.3,70.0,10,0,0,319.1,0,0
69,69,20,481.4,9,285.8,8,127.4,8.36704689148,13,3,4,357.3,53.5,70.6,9,0,0,285.8,0,0
70,70,21,487.5,10,313.9,10,152.2,8.94942935132,14,3,4,364.3,56.1,67.1,9,1,0,287.2,26.7,0
71,71,21,479.7,8,262.4,11,171.3,8.97544268705,14,3,4,353.3,57.1,69.3,7,1,0,234.7,27.7,0
72,72,21,474.8,7,235.4,11,176.2,8.93056015947,14,3,4,349.1,54.6,71.1,6,1,0,210.2,25.2,0
73,73,22,493.5,6,208.5,11,169.7,8.96179118808,15,3,4,377.5,49.4,66.6,6,0,0,208.5,0,0
74,74,22,492.1,8,258.6,12,186.7,8.9009034514,15,3,4,374.7,50.7,66.7,8,0,0,258.6,0,0
75,75,22,500.5,8,268.1,12,185.1,9.42058283507,15,3,4,378.5,57.4,64.6,7,1,0,240.9,27.2,0
76,76,21,483.6,8,264.1,11,170.6,9.40824866047,14,3,4,359.6,59.4,64.6,7,1,0,234.9,29.2,0
77,77,22,494.6,8,258.7,11,169.4,8.88292296186,15,3,4,374.1,56.0,64.5,7,1,0,230.8,27.9,0
78,78,22,493.3,8,261.8,11,165.4,9.21597638773,15,3,4,380.1,50.8,62.4,8,0,0,261.8,0,0
79,79,22,501.2,8,255.9,9,132.2,8.26257404627,15,3,4,376.7,56.0,68.5,7,1,0,227.6,28.3,0
80,80,22,501.2,9,273.1,10,157.3,7.4965793065,15,3,4,370.7,60.6,69.9,8,1,0,243.8,29.3,0
81,81,22,507.6,8,258.1,10,158.8,8.60687332301,15,3,4,384.3,54.7,68.6,8,0,0,258.1,0,0
82,82,22,493.0,7,213.7,9,140.5,6.96288863776,15,3,4,366.1,54.7,72.2,7,0,0,213.7,0,0
83,83,22,495.5,8,253.4,9,133.5,8.28986367963,15,3,4,375.5,48.8,71.2,8,0,0,253.4,0,0
84,84,22,500.3,8,255.2,10,155.3,8.23920124948,15,3,4,374.9,53.9,71.5,8,0,0,255.2,0,0
85,85,22,508.2,10,308.1,11,177.0,8.18639987156,15,3,4,386.3,52.7,69.2,9,0,1,283.0,0,25.1
86,86,22,511.5,8,260.2,9,139.7,8.49553103808,15,3,4,390.3,55.3,65.9,7,1,0,234.5,25.7,0
87,87,21,508.0,9,288.1,8,128.6,8.19065960481,15,2,4,396.2,42.0,69.8,9,0,0,288.1,0,0
88,88,21,499.0,7,231.5,9,150.1,7.9423847924,15,2,4,383.4,45.3,70.3,6,1,0,204.2,27.3,0
89,89,21,495.9,7,226.1,8,133.3,7.47136438104,15,2,4,377.2,48.3,70.4,6,1,0,195.8,30.3,0
90,90,21,498.8,8,251.9,8,134.3,7.46984732425,15,2,4,383.3,44.9,70.6,7,1,0,225.0,26.9,0
91,91,20,467.5,7,226.0,8,133.3,7.84265496131,15,2,3,370.7,39.7,57.1,7,0,0,226.0,0,0
92,92,20,472.8,7,228.8,8,132.1,8.02898695845,15,2,3,377.1,45.4,50.3,6,1,0,201.4,27.4,0
93,93,20,471.4,8,256.6,8,128.4,8.10977967122,15,2,3,376.3,38.9,56.2,7,1,0,230.3,26.3,0
94,94,20,467.7,7,228.0,8,130.8,7.95826448946,15,2,3,370.9,40.6,56.2,6,1,0,200.0,28.0,0
95,95,20,450.9,8,255.3,11,173.7,8.74061752606,15,2,3,363.8,38.7,48.4,7,1,0,229.2,26.1,0
96,96,20,473.9,7,237.5,8,127.9,8.87767602354,15,2,3,380.1,45.7,48.1,6,1,0,209.7,27.8,0
97,97,20,495.3,8,274.5,8,131.8,9.24788880602,15,2,3,392.8,51.3,51.2,7,1,0,245.0,29.5,0
98,98,20,471.0,5,180.4,9,149.9,8.46401049646,15,2,3,372.5,47.2,51.3,5,0,0,180.4,0,0
99,99,20,475.4,6,209.3,8,133.3,8.52976830684,15,2,3,379.6,44.4,51.4,6,0,0,209.3,0,0
100,100,19,476.7,8,269.7,7,119.0,9.0091246792,14,2,3,373.7,47.4,55.6,7,1,0,241.6,28.1,0
101,101,19,469.3,8,266.7,7,116.0,9.05440347136,14,2,3,368.1,48.2,53.0,7,1,0,240.2,26.5,0
102,102,19,468.2,7,246.2,9,153.1,9.25372692423,14,2,3,368.7,45.0,54.5,7,0,0,246.2,0,0
103,103,19,478.4,9,295.1,9,159.8,8.63163296945,14,2,3,381.3,42.2,54.9,8,1,0,269.6,25.5,0
104,104,19,487.9,10,320.2,6,101.4,8.50761612696,14,2,3,389.4,47.9,50.6,9,1,0,295.1,25.1,0
105,105,19,475.4,8,260.8,6,99.5,8.25735893662,14,2,3,377.4,48.5,49.5,7,1,0,234.8,26.0,0
106,106,19,460.3,7,231.6,9,156.8,8.29262336895,14,2,3,366.0,38.4,55.9,7,0,0,231.6,0,0
107,107,20,473.5,6,204.5,9,154.8,8.18502322924,14,2,4,363.0,40.8,69.7,6,0,0,204.5,0,0
108,108,20,486.1,7,245.6,10,174.1,8.99201253745,14,2,4,375.9,39.7,70.5,7,0,0,245.6,0,0
109,109,20,487.2,7,253.6,10,167.4,9.57152575419,14,2,4,379.7,40.7,66.8,7,0,0,253.6,0,0
110,110,20,491.8,8,281.5,10,167.3,9.94039605268,14,2,4,388.3,41.1,62.4,8,0,0,281.5,0,0
111,111,20,493.4,7,252.1,8,126.7,9.79259118442,14,2,4,392.1,39.7,61.6,7,0,0,252.1,0,0
112,112,20,481.0,7,248.1,9,146.9,9.70092236526,14,2,4,380.7,40.7,59.6,7,0,0,248.1,0,0
113,113,20,471.5,7,244.8,11,183.9,9.49292672966,14,2,4,371.3,40.5,59.7,7,0,0,244.8,0,0
114,114,20,473.2,7,246.3,11,182.1,9.50802431191,14,2,4,380.2,33.2,59.8,7,0,0,246.3,0,0
115,115,20,484.1,7,245.5,11,190.5,9.15908953186,14,2,4,383.8,35.6,64.7,7,0,0,245.5,0,0
116,116,20,496.0,8,276.4,9,150.5,9.47028594022,14,2,4,386.7,39.1,70.2,8,0,0,276.4,0,0
117,117,20,487.9,7,250.1,9,148.3,9.64171173927,14,2,4,377.4,39.1,71.4,7,0,0,250.1,0,0
118,118,20,476.1,6,217.5,11,188.4,9.22693283132,14,2,4,372.0,37.2,66.9,6,0,0,217.5,0,0
119,119,20,471.8,6,213.0,9,149.0,8.82131986783,14,2,4,366.3,40.9,64.6,6,0,0,213.0,0,0
120,120,20,461.6,6,213.6,11,182.5,9.13521814333,14,2,4,357.2,40.3,64.1,6,0,0,213.6,0,0
121,121,19,460.3,5,191.2,8,130.7,9.29766052446,13,2,4,352.7,40.0,67.6,5,0,0,191.2,0,0
122,122,19,457.0,7,246.1,10,166.1,9.92580074693,13,2,4,353.1,37.3,66.6,7,0,0,246.1,0,0
123,123,19,458.8,6,219.0,8,127.4,9.59029419205,13,2,4,356.0,36.9,65.9,6,0,0,219.0,0,0
124,124,20,474.4,7,242.1,9,141.5,9.30656813903,14,2,4,376.8,34.4,63.2,7,0,0,242.1,0,0
125,125,20,473.7,7,244.5,10,161.9,9.4690784857,14,2,4,374.9,34.4,64.4,7,0,0,244.5,0,0
126,126,20,471.4,6,218.2,10,162.3,9.36297860838,14,2,4,370.3,34.4,66.7,6,0,0,218.2,0,0
127,127,20,439.6,6,199.6,11,178.0,8.10864386092,14,2,4,342.7,32.2,64.7,6,0,0,199.6,0,0
128,128,20,477.5,8,271.3,10,158.9,9.80509400368,14,2,4,383.4,32.7,61.4,8,0,0,271.3,0,0
129,129,20,488.0,8,279.5,10,165.6,9.56479289676,14,2,4,384.6,34.0,69.4,8,0,0,279.5,0,0
130,130,20,485.8,7,232.9,8,137.0,7.83244937155,14,2,4,367.1,42.9,75.8,6,1,0,206.9,26.0,0
131,131,20,481.1,7,229.1,8,137.6,7.59483723536,14,2,4,368.2,40.1,72.8,7,0,0,229.1,0,0
132,132,20,475.5,7,227.5,8,140.6,7.52559667157,14,2,4,360.1,42.6,72.8,6,1,0,201.8,25.7,0
133,133,20,475.2,7,231.0,9,158.0,7.8601191902,14,2,4,356.2,43.8,75.2,6,1,0,203.3,27.7,0
134,134,20,470.3,7,215.8,9,162.7,6.47670115836,14,2,4,355.3,42.0,73.0,6,1,0,189.9,25.9,0
135,135,20,457.7,5,162.2,10,178.9,6.66509169993,14,2,4,352.9,36.3,68.5,5,0,0,162.2,0,0
136,136,19,447.5,6,187.2,9,166.5,6.15244923416,14,2,3,350.4,43.6,53.5,6,0,0,187.2,0,0
137,137,19,471.1,7,232.9,8,146.1,7.67900989597,14,2,3,366.8,48.3,56.0,6,1,0,203.7,29.2,0
138,138,19,460.4,10,306.5,9,153.9,7.9818580844,14,2,3,363.0,44.5,52.9,9,1,0,281.1,25.4,0
139,139,19,448.9,6,200.1,8,135.4,7.50635598123,14,2,3,357.6,39.2,52.1,6,0,0,200.1,0,0
140,140,19,453.5,9,285.3,9,144.8,8.64915234328,14,2,3,362.4,41.5,49.6,9,0,0,285.3,0,0
141,141,19,443.3,8,250.0,8,128.5,8.54985721983,14,2,3,348.9,43.8,50.6,7,1,0,224.1,25.9,0
142,142,19,460.8,9,282.9,9,155.5,8.71399694113,14,2,3,360.5,44.8,55.5,8,1,0,256.9,26.0,0
143,143,19,462.8,8,255.3,6,95.6,7.88770603108,13,2,4,349.3,38.4,75.1,8,0,0,255.3,0,0
144,144,19,474.7,9,293.3,7,117.9,8.42854034799,13,2,4,353.1,38.8,82.8,8,0,1,266.3,0,27.0
145,145,19,489.5,9,301.7,6,101.0,8.6470425597,13,2,4,369.2,38.8,81.5,8,0,1,276.0,0,25.7
146,146,19,473.0,8,274.8,9,152.8,9.14035458127,13,2,4,356.3,36.3,80.4,7,0,1,245.1,0,29.7
147,147,17,432.8,7,246.9,6,98.6,9.45853178508,11,2,4,309.2,37.8,85.8,6,0,1,216.9,0,30.0
148,148,17,418.8,6,213.8,7,114.6,9.1976859302,11,2,4,299.2,39.0,80.6,5,0,1,184.0,0,29.8
149,149,18,438.1,6,212.8,7,111.4,8.95998548377,12,2,4,321.6,38.2,78.3,6,0,0,212.8,0,0
150,150,18,446.8,6,214.8,7,119.3,8.72377114593,12,2,4,327.9,42.0,76.9,6,0,0,214.8,0,0
151,151,18,452.0,8,270.5,7,114.9,9.1407869972,12,2,4,337.4,40.3,74.3,7,0,1,243.6,0,26.9
152,152,19,445.7,7,221.8,8,131.3,7.87071335109,13,2,4,331.8,39.5,74.4,7,0,0,221.8,0,0
153,153,19,469.0,8,268.9,7,115.7,8.7411074278,13,2,4,355.0,44.4,69.6,7,1,0,243.6,25.3,0
154,154,19,463.0,7,238.4,6,92.1,8.79457235595,13,2,4,348.6,45.4,69.0,6,1,0,212.8,25.6,0
155,155,19,463.6,8,263.1,8,133.3,8.73657700577,13,2,4,355.1,37.4,71.1,8,0,0,263.1,0,0
156,156,19,458.9,7,237.1,8,129.2,8.77764638291,13,2,4,349.3,37.8,71.8,7,0,0,237.1,0,0
157,157,19,472.9,8,271.0,8,135.5,8.97180117782,13,2,4,361.3,41.4,70.2,7,1,0,246.0,25.0,0
158,158,19,477.3,9,292.4,7,120.0,8.35068719377,13,2,4,361.2,46.8,69.3,8,1,0,262.0,30.4,0
159,159,19,452.5,6,203.7,8,135.5,7.97832223785,13,2,4,343.0,41.3,68.2,6,0,0,203.7,0,0
160,160,19,459.5,6,220.2,9,152.1,9.2742333111,13,2,4,354.7,41.3,63.5,6,0,0,220.2,0,0
161,161,19,450.3,7,236.1,9,145.7,8.85525581536,13,2,4,342.7,39.4,68.2,7,0,0,236.1,0,0
162,162,19,488.8,8,282.6,7,118.0,9.42578273232,13,2,4,380.7,40.0,68.1,8,0,0,282.6,0,0
163,163,19,503.2,9,315.1,7,118.8,9.70293559003,13,2,4,391.1,39.3,72.8,9,0,0,315.1,0,0
164,164,19,484.5,7,255.3,7,117.1,9.80946255182,13,2,4,376.0,39.6,68.9,7,0,0,255.3,0,0
165,165,19,477.2,8,271.8,7,114.5,9.44235511805,13,2,4,367.7,40.7,68.8,7,1,0,246.5,25.3,0
166,166,20,490.6,7,244.0,7,113.7,8.91870299752,14,2,4,381.3,41.1,68.2,7,0,0,244.0,0,0
167,167,20,487.0,7,239.1,8,133.5,8.5094065598,14,2,4,376.5,42.0,68.5,7,0,0,239.1,0,0
168,168,20,469.4,7,230.5,10,172.5,8.06715889465,14,2,4,361.8,38.9,68.7,7,0,0,230.5,0,0
169,169,21,470.7,7,217.0,10,164.3,7.14515820079,14,3,4,349.6,53.4,67.7,7,0,0,217.0,0,0
170,170,21,488.5,8,257.1,10,165.8,7.94496546188,14,3,4,363.9,49.2,75.4,7,0,1,230.7,0,26.4
171,171,22,504.5,8,258.0,12,201.4,8.31638579716,15,3,4,376.9,52.0,75.6,7,0,1,232.3,0,25.7
172,172,22,507.7,7,241.0,10,158.3,8.80286380989,15,3,4,385.1,52.8,69.8,7,0,0,241.0,0,0
173,173,22,534.7,7,253.4,8,123.5,9.18868233845,15,3,4,409.8,56.3,68.6,7,0,0,253.4,0,0
174,174,21,522.7,8,288.8,9,145.8,9.98403249003,14,3,4,396.4,59.9,66.4,7,1,0,262.8,26.0,0
175,175,21,500.4,8,275.3,11,180.8,9.28881816256,14,3,4,376.5,57.5,66.4,7,1,0,248.2,27.1,0
176,176,21,492.4,8,265.6,11,182.6,8.50015406023,14,3,4,369.6,58.5,64.3,7,1,0,239.2,26.4,0
177,177,20,474.8,7,242.1,10,165.6,8.7595001059,14,3,3,365.2,56.1,53.5,7,0,0,242.1,0,0
178,178,20,439.4,6,185.2,9,146.0,6.75247323111,14,3,3,331.2,55.8,52.4,6,0,0,185.2,0,0
179,179,20,450.1,7,219.6,10,161.9,7.71849964968,14,3,3,351.2,50.7,48.2,7,0,0,219.6,0,0
180,180,20,443.0,8,242.7,10,158.4,7.38636724328,13,3,4,330.3,48.5,64.2,8,0,0,242.7,0,0
181,181,21,462.1,7,216.6,12,196.7,7.6712108686,14,3,4,351.8,45.5,64.8,7,0,0,216.6,0,0
182,182,20,449.4,7,222.7,10,161.7,8.10023391475,13,3,4,336.7,47.0,65.7,7,0,0,222.7,0,0
183,183,20,455.0,7,225.7,9,140.8,8.15917307472,13,3,4,339.4,50.3,65.3,7,0,0,225.7,0,0
184,184,20,446.3,7,228.5,11,175.1,8.31291164394,13,3,4,338.3,47.6,60.4,7,0,0,228.5,0,0
185,185,20,441.1,5,158.2,8,122.3,7.03708036049,13,3,4,324.4,49.8,66.9,5,0,0,158.2,0,0
186,186,20,438.6,8,234.1,10,157.2,7.10130455028,13,3,4,321.7,47.4,69.5,7,0,1,208.6,0,25.5
187,187,20,445.9,8,239.9,8,119.4,7.3590241773,13,3,4,324.3,55.7,65.9,7,1,0,214.7,25.2,0
188,188,20,454.5,8,250.1,9,140.0,8.427953176,13,3,4,337.8,52.4,64.3,8,0,0,250.1,0,0
189,189,20,444.6,7,228.9,12,192.3,9.22023518367,13,3,4,336.5,48.9,59.2,7,0,0,228.9,0,0
190,190,20,467.1,7,244.4,9,132.0,10.1982183687,13,3,4,360.5,49.6,57.0,7,0,0,244.4,0,0
191,191,19,438.8,7,227.1,10,165.9,8.90227646817,13,2,4,335.2,41.8,61.8,6,1,0,201.7,25.4,0
192,192,19,436.8,8,244.5,9,148.3,7.75986073306,13,2,4,328.7,41.8,66.3,7,1,0,219.1,25.4,0
193,193,20,442.6,7,214.4,9,140.4,7.72794655098,14,2,4,338.5,36.1,68.0,7,0,0,214.4,0,0
194,194,20,433.2,6,179.3,9,142.2,6.90380520552,14,2,4,330.9,38.1,64.2,6,0,0,179.3,0,0
195,195,20,429.8,5,150.1,9,140.9,6.47146774208,14,2,4,323.1,38.1,68.6,5,0,0,150.1,0,0
196,196,20,423.4,6,176.5,10,160.0,6.71417197152,14,2,4,320.8,35.3,67.3,6,0,0,176.5,0,0
197,197,20,429.5,6,189.6,11,174.8,7.56528602444,14,2,4,331.6,38.3,59.6,6,0,0,189.6,0,0
198,198,20,435.7,5,169.9,9,133.6,8.21963470824,14,2,4,335.2,38.6,61.9,5,0,0,169.9,0,0
199,199,20,449.0,7,228.6,10,154.8,8.81258072005,14,2,4,351.4,35.7,61.9,7,0,0,228.6,0,0
200,200,20,454.7,8,253.1,10,156.7,8.33346298145,14,2,4,354.8,40.7,59.2,8,0,0,253.1,0,0
201,201,20,450.5,9,269.7,11,180.8,7.86349828404,14,2,4,349.5,35.9,65.1,9,0,0,269.7,0,0
202,202,20,449.9,7,221.2,9,136.8,8.04621355866,14,2,4,351.1,37.1,61.7,7,0,0,221.2,0,0
203,203,20,439.6,7,213.1,8,119.1,7.35423973673,14,2,4,343.6,34.9,61.1,7,0,0,213.1,0,0
204,204,20,427.2,6,179.4,9,138.5,6.65419535252,14,2,4,328.8,34.9,63.5,6,0,0,179.4,0,0
205,205,20,417.8,5,148.7,10,157.1,6.39612547193,14,2,4,319.4,32.6,65.8,5,0,0,148.7,0,0
206,206,20,436.2,6,187.9,8,122.5,7.25577084301,14,2,4,334.0,36.4,65.8,6,0,0,187.9,0,0
207,207,20,432.8,5,171.0,11,174.5,8.1096044423,14,2,4,339.8,35.4,57.6,5,0,0,171.0,0,0
208,208,20,438.3,7,214.5,9,137.1,7.35765086939,14,2,4,337.1,38.0,63.2,7,0,0,214.5,0,0
209,209,20,433.6,7,211.4,11,175.6,7.34994450391,14,2,4,330.7,39.0,63.9,7,0,0,211.4,0,0
210,210,20,430.8,6,182.8,9,134.1,7.29653125951,14,2,4,326.6,40.1,64.1,6,0,0,182.8,0,0
211,211,20,437.4,6,187.2,9,133.3,7.62524201514,14,2,4,335.8,39.4,62.2,6,0,0,187.2,0,0
212,212,20,466.2,9,286.5,9,137.6,8.78347131953,14,2,4,364.8,37.9,63.5,9,0,0,286.5,0,0
213,213,20,468.6,9,278.1,8,121.1,8.13899644661,14,2,4,357.9,41.6,69.1,8,1,0,252.6,25.5,0
214,214,20,462.8,7,229.3,9,143.7,8.34470522326,14,2,4,356.3,40.2,66.3,7,0,0,229.3,0,0
215,215,20,446.6,6,198.3,10,160.6,8.10620944579,14,2,4,341.3,36.5,68.8,6,0,0,198.3,0,0
216,216,20,462.8,7,234.5,11,179.0,8.92243771269,14,2,4,364.0,33.4,65.4,7,0,0,234.5,0,0
217,217,20,469.0,6,216.4,10,159.9,9.6041383624,14,2,4,365.4,38.2,65.4,6,0,0,216.4,0,0
218,218,20,461.0,7,235.9,12,200.8,8.89100669216,14,2,4,355.5,36.8,68.7,7,0,0,235.9,0,0
219,219,20,459.2,6,210.0,11,182.8,8.65176586782,14,2,4,358.4,37.1,63.7,6,0,0,210.0,0,0
220,220,20,453.8,6,205.0,12,204.4,8.27875530945,14,2,4,349.4,37.2,67.2,6,0,0,205.0,0,0
221,221,19,389.2,4,124.9,13,218.8,6.68582772719,13,2,4,286.3,35.7,67.2,4,0,0,124.9,0,0
222,222,19,373.7,3,90.7,13,216.9,5.94166574395,13,2,4,272.3,34.2,67.2,3,0,0,90.7,0,0
223,223,20,445.7,7,217.2,11,186.5,7.71596260666,14,2,4,344.8,33.7,67.2,7,0,0,217.2,0,0
224,224,20,433.9,7,220.3,12,189.8,8.21855890812,14,2,4,343.3,33.1,57.5,7,0,0,220.3,0,0
225,225,20,447.0,8,247.3,11,177.4,7.78030577129,14,2,4,347.1,34.7,65.2,8,0,0,247.3,0,0
226,226,20,449.9,6,198.4,11,182.1,8.02774629185,14,2,4,349.3,39.0,61.6,6,0,0,198.4,0,0
227,227,20,458.5,7,228.4,11,184.4,8.10729853118,14,2,4,358.3,39.0,61.2,7,0,0,228.4,0,0
228,228,20,439.2,6,202.0,12,190.5,8.5429811141,14,2,4,343.5,34.5,61.2,6,0,0,202.0,0,0
229,229,20,444.7,7,225.2,12,194.9,8.26089551664,14,2,4,347.5,36.0,61.2,7,0,0,225.2,0,0
230,230,20,432.9,6,198.9,11,167.3,8.60064104098,14,2,4,341.3,40.8,50.8,6,0,0,198.9,0,0
231,231,20,429.8,6,197.6,13,209.2,8.37772108191,14,2,4,340.3,38.7,50.8,6,0,0,197.6,0,0
232,232,20,428.5,6,195.7,12,188.2,8.21551004279,14,2,4,340.8,36.9,50.8,6,0,0,195.7,0,0
233,233,20,446.9,7,226.5,11,173.4,8.29384521323,14,2,4,353.1,36.9,56.9,7,0,0,226.5,0,0
234,234,20,443.8,6,197.4,11,180.2,8.02528241838,14,2,4,345.4,38.5,59.9,6,0,0,197.4,0,0
235,235,20,456.2,6,202.2,10,160.7,8.1469981556,14,2,4,353.5,42.8,59.9,6,0,0,202.2,0,0
236,236,20,448.5,7,226.2,11,179.4,8.10950546873,14,2,4,350.7,37.9,59.9,7,0,0,226.2,0,0
237,237,20,444.8,7,223.4,11,176.8,8.00292051954,14,2,4,343.2,41.5,60.1,7,0,0,223.4,0,0
238,238,20,446.0,7,223.2,11,179.4,7.8340014646,14,2,4,346.0,39.9,60.1,7,0,0,223.2,0,0
239,239,20,446.8,6,197.1,11,180.1,7.82918964685,14,2,4,344.9,41.8,60.1,6,0,0,197.1,0,0
240,240,20,446.5,7,222.6,11,179.4,7.91180829686,14,2,4,345.6,40.8,60.1,7,0,0,222.6,0,0
241,241,20,443.9,7,219.2,10,157.2,7.82078707844,14,2,4,348.9,34.9,60.1,7,0,0,219.2,0,0
242,242,19,427.5,5,171.9,9,138.4,8.37383491067,13,2,4,333.6,33.8,60.1,5,0,0,171.9,0,0
243,243,19,423.2,6,200.2,10,157.5,8.74711648394,13,2,4,331.8,31.3,60.1,6,0,0,200.2,0,0
244,244,19,415.9,7,224.1,9,123.6,9.22610395303,13,2,4,328.0,32.8,55.1,7,0,0,224.1,0,0
245,245,18,412.5,8,250.8,9,139.4,8.89105631255,13,2,3,329.4,34.9,48.2,8,0,0,250.8,0,0
246,246,18,406.6,6,199.9,9,140.4,8.70090521923,13,2,3,327.1,32.6,46.9,6,0,0,199.9,0,0
247,247,19,427.8,6,196.3,8,119.6,8.011191003,14,2,3,344.2,36.7,46.9,6,0,0,196.3,0,0
248,248,18,399.3,6,197.7,8,118.9,8.44583085454,13,2,3,317.2,35.2,46.9,6,0,0,197.7,0,0
249,249,18,416.7,6,206.3,7,97.7,9.17664875393,13,2,3,337.5,35.2,44.0,6,0,0,206.3,0,0
250,250,18,410.0,7,230.6,9,132.9,9.28785136652,13,2,3,331.9,31.2,46.9,7,0,0,230.6,0,0
251,251,17,383.6,7,221.2,9,137.6,8.92902158529,12,2,3,305.5,31.2,46.9,7,0,0,221.2,0,0
252,252,17,372.8,5,166.7,9,139.9,8.6229174809,12,2,3,294.2,31.2,47.4,5,0,0,166.7,0,0
253,253,17,379.3,5,175.3,9,139.1,9.150470094,12,2,3,298.8,31.2,49.3,5,0,0,175.3,0,0
254,254,17,372.7,5,172.6,10,156.7,9.11629923624,12,2,3,293.8,28.7,50.2,5,0,0,172.6,0,0
255,255,17,369.6,5,172.1,10,156.3,9.06449521647,12,2,3,291.9,28.7,49.0,5,0,0,172.1,0,0
256,256,16,355.7,5,170.1,9,143.7,8.88157033788,12,2,2,290.9,28.7,36.1,5,0,0,170.1,0,0
257,257,16,334.7,5,171.6,11,163.1,9.75303157998,12,2,2,278.9,25.5,30.3,5,0,0,171.6,0,0
258,258,16,345.7,5,176.5,10,147.6,10.0645562081,12,2,2,288.9,25.5,31.3,5,0,0,176.5,0,0
259,259,16,350.2,5,168.2,9,137.9,9.03112211559,12,2,2,288.9,25.5,35.8,5,0,0,168.2,0,0
260,260,16,349.6,4,138.1,8,122.9,8.45545189015,12,2,2,282.7,28.9,38.0,4,0,0,138.1,0,0
261,261,16,352.0,4,140.8,9,143.6,8.6754826955,12,2,2,284.8,28.9,38.3,4,0,0,140.8,0,0
262,262,17,373.3,5,171.0,9,138.5,8.85275796175,12,2,3,292.3,28.9,52.1,5,0,0,171.0,0,0
263,263,17,370.1,5,166.6,11,182.6,8.45412360226,12,2,3,288.7,28.7,52.7,5,0,0,166.6,0,0
264,264,17,371.3,5,167.9,10,161.1,8.56358999073,12,2,3,290.1,28.2,53.0,5,0,0,167.9,0,0
265,265,17,377.0,5,172.6,9,140.0,8.90747785654,12,2,3,297.0,28.2,51.8,5,0,0,172.6,0,0
266,266,17,362.0,5,162.7,9,134.3,8.41118827725,12,2,3,282.0,28.2,51.8,5,0,0,162.7,0,0
267,267,16,355.8,5,169.6,8,121.1,8.76005136971,11,2,3,275.9,28.1,51.8,5,0,0,169.6,0,0
268,268,16,337.8,5,163.6,11,174.2,8.34624666142,11,2,3,265.2,28.1,44.5,5,0,0,163.6,0,0
269,269,16,331.0,5,150.4,10,157.3,7.19304061808,11,2,3,258.2,28.3,44.5,5,0,0,150.4,0,0
270,270,16,329.8,4,117.0,9,142.3,6.27852158819,11,2,3,252.0,28.3,49.5,4,0,0,117.0,0,0
271,271,16,333.5,4,118.2,8,124.5,6.49830426599,11,2,3,255.9,28.1,49.5,4,0,0,118.2,0,0
272,272,16,344.2,5,149.5,8,125.4,6.98711910113,11,2,3,261.8,32.9,49.5,5,0,0,149.5,0,0
273,273,16,366.8,7,223.2,9,143.6,8.74295907192,11,2,3,287.5,33.3,46.0,7,0,0,223.2,0,0
274,274,15,368.6,7,227.4,6,96.4,8.49079052913,10,2,3,279.5,36.6,52.5,6,0,1,202.0,0,25.4
275,275,16,376.5,7,223.1,8,129.9,8.31766944522,10,2,4,271.8,37.3,67.4,6,0,1,197.1,0,26.0
276,276,17,397.5,7,223.1,8,131.8,7.98328216448,11,2,4,292.4,37.3,67.8,6,0,1,197.0,0,26.1
277,277,18,425.2,7,228.8,8,128.1,8.35721284496,12,2,4,318.8,36.9,69.5,6,0,1,203.8,0,25.0
278,278,18,410.0,6,196.6,10,167.7,7.96045783161,12,2,4,305.4,36.7,67.9,6,0,0,196.6,0,0
279,279,18,402.2,6,196.1,11,181.6,8.11159099664,12,2,4,297.6,38.2,66.4,6,0,0,196.1,0,0
280,280,18,403.0,6,195.2,9,143.7,8.05027503285,12,2,4,296.8,39.1,67.1,6,0,0,195.2,0,0
281,281,18,405.9,6,190.5,7,109.3,7.44874644013,12,2,4,297.2,42.0,66.7,6,0,0,190.5,0,0
282,282,18,443.2,7,231.6,5,77.1,7.74912181404,12,2,4,331.6,45.1,66.5,7,0,0,231.6,0,0
283,283,18,461.1,9,291.6,5,78.7,8.02571235614,12,2,4,347.8,45.8,67.5,9,0,0,291.6,0,0
284,284,18,453.5,7,238.6,6,99.4,7.95387232531,12,2,4,342.6,45.5,65.4,7,0,0,238.6,0,0
285,285,18,431.6,7,225.7,7,113.7,7.69067851023,12,2,4,327.0,40.4,64.2,7,0,0,225.7,0,0
286,286,18,433.5,7,235.2,8,131.2,8.43928140236,12,2,4,327.6,38.7,67.2,7,0,0,235.2,0,0
287,287,18,428.7,7,233.3,10,171.4,8.34451210994,12,2,4,328.0,34.6,66.1,7,0,0,233.3,0,0
288,288,18,416.0,7,231.0,10,162.7,8.75878643816,12,2,4,320.5,34.6,60.9,7,0,0,231.0,0,0
289,289,18,404.7,7,225.2,10,155.1,8.92829276876,12,2,4,310.5,37.5,56.7,7,0,0,225.2,0,0
290,290,18,415.7,6,199.3,9,146.4,8.32526079593,12,2,4,318.5,37.5,59.7,6,0,0,199.3,0,0
291,291,18,428.5,9,268.3,7,117.4,6.93927206067,12,2,4,326.7,38.0,63.8,9,0,0,268.3,0,0
292,292,18,420.9,7,218.1,8,137.3,7.20679826112,12,2,4,318.3,40.5,62.1,7,0,0,218.1,0,0
293,293,18,428.0,6,196.0,7,119.7,7.45634791188,12,2,4,321.1,42.7,64.2,6,0,0,196.0,0,0
294,294,18,377.6,2,57.0,9,157.1,4.43005185942,12,2,4,270.7,42.7,64.2,2,0,0,57.0,0,0
295,295,18,365.8,4,112.4,13,228.6,5.13529374331,12,2,4,264.0,37.6,64.2,4,0,0,112.4,0,0
296,296,18,391.3,5,155.0,9,140.6,7.19952113513,12,2,4,292.5,37.1,61.7,5,0,0,155.0,0,0
297,297,18,409.0,7,217.0,8,122.1,8.21902781968,12,2,4,304.3,39.5,65.2,6,1,0,191.1,25.9,0
298,298,18,404.9,6,192.1,8,123.2,8.08633358511,12,2,4,304.5,36.3,64.1,6,0,0,192.1,0,0
299,299,18,404.6,5,157.1,7,105.1,7.23492798904,12,2,4,299.6,36.3,68.7,5,0,0,157.1,0,0
300,300,18,380.1,5,152.6,10,161.8,6.81566103134,12,2,4,274.6,32.1,73.4,4,0,1,124.4,0,28.2
301,301,18,392.0,4,127.1,8,127.1,6.81913877222,12,2,4,286.0,34.6,71.4,3,0,1,100.9,0,26.2
302,302,18,381.7,5,149.7,9,143.6,6.60877066278,12,2,4,273.2,36.5,72.0,4,0,1,122.9,0,26.8
303,303,18,376.7,5,151.3,9,138.3,6.99536027374,12,2,4,272.2,36.0,68.5,4,0,1,123.4,0,27.9
304,304,18,377.0,5,151.3,9,140.0,6.87597883703,12,2,4,273.6,36.0,67.4,4,0,1,124.5,0,26.8
305,305,18,373.7,5,151.9,10,156.1,7.26426700799,12,2,4,277.9,31.9,63.9,4,0,1,126.6,0,25.3
306,306,17,350.0,3,100.6,8,120.0,7.46817266412,11,2,4,255.5,31.9,62.6,3,0,0,100.6,0,0
307,307,17,354.4,4,125.9,10,158.6,7.61561862614,11,2,4,261.1,31.9,61.4,4,0,0,125.9,0,0
308,308,17,357.1,5,155.2,9,136.4,7.96590159588,11,2,4,267.2,28.8,61.1,5,0,0,155.2,0,0
309,309,17,359.8,5,157.9,9,133.8,8.39709333464,11,2,4,270.1,28.8,60.9,5,0,0,157.9,0,0
310,310,16,353.0,6,183.6,7,102.9,8.22669435436,11,2,3,273.7,30.4,48.9,6,0,0,183.6,0,0
311,311,16,336.7,4,132.0,8,113.4,8.63318934886,11,2,3,260.0,30.5,46.2,4,0,0,132.0,0,0
312,312,16,357.2,6,190.7,6,78.6,9.03397291709,11,2,3,275.3,36.1,45.8,6,0,0,190.7,0,0
313,313,15,343.1,6,190.3,7,105.1,8.44710150345,10,2,3,265.7,32.6,44.8,6,0,0,190.3,0,0
314,314,14,326.3,6,186.6,5,70.1,8.25045120311,10,1,3,263.4,14.5,48.4,6,0,0,186.6,0,0
315,315,14,310.9,4,127.8,6,89.8,7.72941079312,10,1,3,245.1,19.0,46.8,4,0,0,127.8,0,0
316,316,16,362.7,6,181.3,6,88.2,7.50552851792,11,2,3,278.5,37.3,46.9,6,0,0,181.3,0,0
317,317,15,329.6,5,149.6,6,88.1,7.31871052915,11,1,3,267.3,19.0,43.3,5,0,0,149.6,0,0
318,318,15,332.4,6,174.0,6,88.8,7.09192699987,11,1,3,269.4,19.0,44.0,6,0,0,174.0,0,0
319,319,16,342.5,6,172.2,8,123.5,6.99175407176,11,2,3,263.1,36.8,42.6,6,0,0,172.2,0,0
320,320,16,346.1,5,146.8,8,125.9,6.82267970326,11,2,3,264.3,37.9,43.9,5,0,0,146.8,0,0
321,321,16,349.7,4,133.0,8,123.5,7.92295977944,11,2,3,266.9,37.6,45.2,4,0,0,133.0,0,0
322,322,17,345.7,4,115.5,9,136.2,6.38836258133,12,2,3,264.8,37.2,43.7,4,0,0,115.5,0,0
323,323,17,359.8,5,156.0,9,131.4,8.09490126379,12,2,3,283.7,31.0,45.1,5,0,0,156.0,0,0
324,324,17,351.3,5,149.4,8,111.1,7.38342240906,12,2,3,274.0,30.7,46.6,5,0,0,149.4,0,0
325,325,17,359.4,4,132.7,8,111.5,8.20061421659,12,2,3,281.4,31.1,46.9,4,0,0,132.7,0,0
326,326,16,337.3,4,125.7,7,99.3,7.52650594012,12,2,2,272.7,31.7,32.9,4,0,0,125.7,0,0
327,327,16,322.3,3,98.7,10,154.5,7.53710543467,12,2,2,260.8,31.7,29.8,3,0,0,98.7,0,0
328,328,16,324.1,3,96.9,9,136.5,7.22144664639,12,2,2,263.0,30.6,30.5,3,0,0,96.9,0,0
329,329,16,330.4,5,150.4,9,136.6,7.64870359386,12,2,2,266.5,32.8,31.1,5,0,0,150.4,0,0
330,330,16,326.3,3,94.0,8,118.2,6.98335819407,12,2,2,259.7,33.2,33.4,3,0,0,94.0,0,0
331,331,16,325.6,3,99.3,9,136.8,7.47457914088,12,2,2,263.1,32.1,30.4,3,0,0,99.3,0,0
332,332,16,321.3,2,67.3,9,137.9,6.93668688929,12,2,2,254.5,32.1,34.7,2,0,0,67.3,0,0
333,333,16,311.6,3,93.3,10,152.9,6.94526217408,12,2,2,251.6,29.5,30.5,3,0,0,93.3,0,0
334,334,15,306.0,2,74.1,10,162.2,7.76815845064,12,2,1,257.2,29.5,19.3,2,0,0,74.1,0,0
335,335,15,295.7,3,92.2,10,159.3,6.67841583725,12,2,1,246.7,30.9,18.1,3,0,0,92.2,0,0
336,336,15,297.7,2,73.5,10,154.8,7.76575510694,12,2,1,248.9,30.7,18.1,2,0,0,73.5,0,0
337,337,15,281.0,2,58.9,10,158.3,5.31677489067,11,2,2,214.0,33.1,33.9,2,0,0,58.9,0,0
338,338,15,287.9,2,61.0,9,142.6,5.57474748521,11,2,2,217.8,33.4,36.7,2,0,0,61.0,0,0
339,339,15,289.9,2,68.5,10,154.7,7.08020042762,11,2,2,221.1,33.4,35.4,2,0,0,68.5,0,0
340,340,15,270.5,1,32.4,11,171.5,5.38883325123,11,2,2,202.1,33.4,35.0,1,0,0,32.4,0,0
341,341,15,266.8,1,25.3,11,173.4,4.33949744731,11,2,2,198.4,33.4,35.0,1,0,0,25.3,0,0
342,342,16,268.0,0,0,14,222.4,3.39352324288,12,2,2,199.6,33.4,35.0,0,0,0,0,0,0
343,343,16,268.5,0,0,14,222.9,3.38550217841,12,2,2,200.1,33.4,35.0,0,0,0,0,0,0
344,344,17,280.2,0,0,15,234.6,3.41215388247,12,2,3,198.7,33.4,48.1,0,0,0,0,0,0
345,345,17,295.5,1,29.9,14,220.0,4.62888151908,11,3,3,181.8,48.8,64.9,0,0,1,0,0,29.9
346,346,17,284.0,0,0,14,216.6,3.75157809932,11,3,3,178.2,49.0,56.8,0,0,0,0,0,0
347,347,17,283.9,0,0,14,216.5,3.79259146231,11,3,3,177.8,49.3,56.8,0,0,0,0,0,0
348,348,18,306.7,0,0,13,196.3,4.36175071285,11,3,4,171.1,61.3,74.3,0,0,0,0,0,0
349,349,18,289.9,1,26.0,14,195.9,5.17715254718,11,3,4,158.1,57.9,73.9,0,0,1,0,0,26.0
350,350,18,309.6,2,53.4,12,164.2,5.97691637985,11,3,4,157.9,57.9,93.8,0,0,2,0,0,53.4
351,351,17,265.0,1,29.3,15,211.3,5.55437691746,10,3,4,122.8,52.1,90.1,0,0,1,0,0,29.3
352,352,17,264.9,2,51.7,14,193.1,5.29235714192,10,3,4,122.8,53.6,88.5,0,0,2,0,0,51.7
353,353,17,274.0,1,28.6,13,174.8,5.97925949576,10,3,4,122.8,55.8,95.4,0,0,1,0,0,28.6
354,354,16,268.7,2,55.7,11,146.9,6.31109802913,9,3,4,111.2,58.1,99.4,0,0,2,0,0,55.7
355,355,16,273.3,2,59.0,11,146.9,6.84000182749,9,3,4,111.2,58.1,104.0,0,0,2,0,0,59.0
356,356,16,255.5,2,57.9,12,153.3,7.08940230203,9,3,4,103.5,49.8,102.2,0,0,2,0,0,57.9
357,357,17,273.7,2,60.1,12,147.5,7.22175532679,10,3,4,117.5,50.5,105.7,0,0,2,0,0,60.1
358,358,17,285.3,3,92.2,12,147.5,8.2290062655,10,3,4,117.5,51.0,116.8,0,0,3,0,0,92.2
359,359,17,272.2,3,87.2,13,163.6,7.46206090441,10,3,4,117.5,46.1,108.6,0,0,3,0,0,87.2
360,360,17,260.1,1,32.5,14,180.8,6.57019786612,10,3,4,116.5,46.0,97.6,0,0,1,0,0,32.5
