,e_id,num_sat,sum_snr,num_sat_25,sum_snr_25,snr_std,elev_0_30,elev_30_60,elev_60_90,elev_0_30_25,elev_30_60_25,elev_60_90_25
1,1,14,322.0,5,149.5,6.5852983111,8,6,0,4,1,0
2,2,14,319.0,5,154.2,6.94105480156,8,6,0,5,0,0
3,3,15,336.0,5,149.7,6.54544552669,8,6,1,4,1,0
4,4,14,313.0,5,148.5,6.59880108991,8,5,1,4,1,0
5,5,15,338.7,6,176.9,6.61990504895,8,6,1,5,1,0
6,6,15,348.8,6,182.2,7.01415575478,8,6,1,5,1,0
7,7,15,347.8,6,182.8,7.11295263854,8,6,1,5,1,0
8,8,15,336.1,5,156.2,7.19617623332,8,6,1,4,1,0
9,9,14,319.5,5,156.2,7.10343130211,7,6,1,4,1,0
10,10,14,319.2,5,156.0,7.00593155284,7,6,1,4,1,0
11,11,14,323.8,5,157.1,6.89318822868,7,6,1,4,1,0
12,12,13,302.9,5,151.4,6.63136486705,7,6,0,5,0,0
13,13,12,292.8,5,148.7,5.47788944095,6,6,0,5,0,0
14,14,11,276.6,5,148.1,5.18331238425,6,5,0,5,0,0
15,15,12,290.2,5,147.7,5.66565944703,6,5,1,4,1,0
16,16,13,298.1,4,124.0,6.81388100564,7,5,1,4,0,0
17,17,13,299.3,7,199.7,6.99799421813,7,5,1,5,2,0
18,18,13,310.1,7,200.8,6.18851293185,7,5,1,5,2,0
19,19,14,318.5,7,196.5,6.12783686266,7,6,1,5,2,0
20,20,13,307.5,7,198.8,6.29558249683,7,5,1,5,2,0
21,21,13,300.2,7,199.7,6.8811895215,7,5,1,5,2,0
22,22,14,316.2,7,197.7,6.68210666261,7,6,1,5,2,0
23,23,15,329.8,6,172.7,7.01211876139,8,6,1,5,1,0
24,24,15,331.3,7,199.4,7.10008718927,8,6,1,5,2,0
25,25,17,369.2,6,174.0,6.85676994784,9,6,2,5,1,0
26,26,17,368.5,7,198.6,6.77629410258,9,6,2,5,2,0
27,27,17,360.6,7,198.3,7.18399978711,9,6,2,5,2,0
28,28,17,361.4,6,170.5,6.96635295757,9,6,2,4,2,0
29,29,17,357.5,6,169.1,6.79620893457,9,6,2,4,2,0
30,30,17,361.7,6,168.7,6.66300696118,9,6,2,5,1,0
31,31,17,365.1,6,170.3,6.66225650697,9,6,2,5,1,0
32,32,17,366.6,7,193.1,6.51459334653,9,6,2,4,2,1
33,33,17,362.1,5,143.0,6.59516868624,9,6,2,3,1,1
34,34,17,359.1,5,144.0,6.77214233199,9,6,2,3,2,0
35,35,17,348.0,6,168.7,7.03853364575,9,6,2,3,2,1
36,36,16,347.5,6,170.6,6.86451928397,8,6,2,4,2,0
37,37,16,344.7,5,144.3,6.52717077556,8,6,2,3,2,0
38,38,16,337.4,5,142.5,6.2665115229,8,6,2,3,2,0
39,39,13,303.4,7,195.8,5.7022712524,7,6,0,5,2,0
40,40,14,315.3,4,119.9,6.01449257038,8,6,0,4,0,0
41,41,15,339.2,4,118.0,5.61641302239,8,6,1,4,0,0
42,42,15,330.7,4,118.4,6.09916465787,8,6,1,4,0,0
43,43,15,326.6,5,144.2,6.35918533267,8,6,1,4,1,0
44,44,15,327.2,4,118.1,6.3623745193,8,6,1,4,0,0
45,45,15,321.7,5,144.6,6.98220868316,8,6,1,4,1,0
46,46,15,323.5,6,170.4,6.76394503089,8,6,1,4,2,0
47,47,14,312.6,6,170.9,6.69160536924,7,6,1,4,2,0
48,48,14,316.2,6,166.6,6.02441917313,7,6,1,4,2,0
49,49,14,318.9,4,116.4,5.86202624084,7,6,1,3,1,0
50,50,15,332.1,4,116.8,5.86999634948,8,6,1,4,0,0
51,51,16,345.5,5,145.2,6.26061432023,9,6,1,4,1,0
52,52,17,364.4,5,144.9,5.99832697263,9,6,2,4,1,0
53,53,17,372.3,5,146.3,6.01165534608,9,6,2,4,1,0
54,54,17,357.8,5,143.0,5.91101912185,9,6,2,4,1,0
55,55,17,367.9,5,141.8,5.28205201881,9,6,2,4,1,0
56,56,17,370.7,6,170.1,5.61710229881,9,6,2,4,2,0
57,57,16,349.4,5,143.0,5.24046753639,9,6,1,3,2,0
58,58,16,348.9,5,143.4,5.55967250235,9,6,1,3,2,0
59,59,16,340.7,4,121.2,5.94300358966,9,6,1,4,0,0
60,60,17,360.6,5,146.6,5.954187849,9,6,2,5,0,0
61,61,17,349.0,4,116.1,6.04832256765,9,6,2,4,0,0
62,62,15,330.2,5,150.6,6.85345237992,8,6,1,5,0,0
63,63,15,320.9,4,118.1,6.13659592313,8,6,1,4,0,0
64,64,16,342.8,5,146.5,6.4618366842,9,6,1,4,1,0
65,65,16,344.3,5,151.5,6.8146135865,9,6,1,4,1,0
66,66,17,347.3,4,114.2,6.04470478041,9,6,2,4,0,0
67,67,17,355.8,4,121.8,6.30394367697,9,6,2,4,0,0
68,68,16,304.6,2,55.6,4.48863379363,8,6,2,2,0,0
69,69,15,303.7,2,65.1,5.97194233379,7,6,2,2,0,0
70,70,15,296.5,2,56.8,4.63444659459,7,6,2,2,0,0
71,71,15,291.2,3,83.2,5.00497847386,7,6,2,2,1,0
72,72,15,288.2,3,80.9,4.89487584355,7,6,2,2,1,0
73,73,16,319.8,2,67.4,6.21491485595,8,6,2,2,0,0
74,74,15,303.2,2,62.0,5.44253967328,8,6,1,2,0,0
75,75,14,269.3,2,56.9,5.16550796413,7,6,1,1,1,0
76,76,14,253.4,1,25.3,3.65912978305,7,6,1,1,0,0
77,77,14,267.5,1,31.0,4.47015131145,7,6,1,1,0,0
78,78,14,252.9,1,26.5,3.7594204019,7,6,1,1,0,0
79,79,14,265.2,1,32.6,5.04925193023,7,6,1,1,0,0
80,80,14,273.6,2,58.9,5.50827549248,7,6,1,1,1,0
81,81,14,265.4,2,53.9,4.56217125867,7,6,1,1,1,0
82,82,14,262.6,2,51.3,4.21603428057,7,6,1,0,2,0
83,83,14,257.5,1,25.9,3.80454470858,7,6,1,0,1,0
84,84,14,242.2,0,0,2.76433327613,7,6,1,0,0,0
85,85,14,245.3,1,29.1,3.91705905602,7,6,1,0,1,0
86,86,14,244.3,1,27.1,3.39949091211,7,6,1,0,1,0
87,87,14,244.4,0,0,2.8656357291,7,6,1,0,0,0
88,88,15,261.4,0,0,2.28675274029,7,6,2,0,0,0
89,89,15,260.6,0,0,2.32024218769,7,6,2,0,0,0
90,90,15,261.3,0,0,2.94380705889,7,6,2,0,0,0
91,91,15,261.9,0,0,3.32540008334,7,6,2,0,0,0
92,92,15,264.4,1,27.0,4.40980509233,7,6,2,0,0,1
93,93,14,250.1,1,26.9,4.14906980175,6,6,2,0,0,1
94,94,14,249.7,0,0,3.72261428876,6,6,2,0,0,0
95,95,14,241.4,1,25.3,4.22277966888,6,6,2,0,0,1
96,96,14,234.2,1,25.3,4.14996359047,6,6,2,0,0,1
97,97,14,235.3,0,0,4.09943040804,6,6,2,0,0,0
98,98,14,234.0,0,0,4.07975435589,6,6,2,0,0,0
99,99,13,221.6,0,0,4.38246798517,5,6,2,0,0,0
100,100,13,224.2,0,0,4.32331188339,5,6,2,0,0,0
101,101,12,209.8,0,0,4.64519954231,4,6,2,0,0,0
102,102,12,209.0,0,0,4.63030203871,4,6,2,0,0,0
103,103,12,210.9,1,25.8,4.86380416023,4,6,2,0,0,1
104,104,12,205.8,1,25.7,4.66641774228,4,6,2,0,0,1
105,105,12,209.0,1,25.3,4.67640758262,4,6,2,0,0,1
