,e_id,num_sat,sum_snr,num_sat_25,sum_snr_25,snr_std,elev_0_30,elev_30_60,elev_60_90,elev_0_30_25,elev_30_60_25,elev_60_90_25
1,1,12,213.3,1,25.9,3.89991258643,3,6,3,0,1,0
2,2,12,216.6,1,28.0,4.42872852675,3,6,3,0,1,0
3,3,12,214.6,1,27.3,3.908925296,3,6,3,0,1,0
4,4,12,222.1,1,28.1,3.97296736671,3,6,3,0,1,0
5,5,12,225.6,1,28.3,4.3110850775,3,6,3,0,1,0
6,6,12,225.2,1,28.9,4.23670827054,3,6,3,0,1,0
7,7,12,222.1,1,29.0,4.18904596067,3,6,3,0,1,0
8,8,12,218.6,1,27.8,3.68605069105,3,6,3,0,1,0
9,9,12,224.0,1,27.3,3.51447224367,3,6,3,0,1,0
10,10,12,221.6,1,28.0,3.88150236456,3,6,3,0,1,0
11,11,12,223.8,1,28.4,4.4316013933,3,6,3,0,1,0
12,12,12,222.5,1,28.9,4.11967746605,3,6,3,0,1,0
13,13,12,226.8,1,28.1,4.12817371023,3,6,3,0,1,0
14,14,12,228.4,1,27.3,3.79169746907,3,6,3,0,1,0
15,15,11,211.7,1,26.9,3.79192922834,3,6,2,0,1,0
16,16,11,214.9,1,28.1,4.03689799903,3,6,2,0,1,0
17,17,11,213.6,1,26.2,3.38107029854,3,6,2,0,1,0
18,18,11,216.1,1,26.1,3.01607812776,3,6,2,0,1,0
19,19,11,212.6,1,25.5,2.80360157979,3,6,2,0,1,0
20,20,11,216.8,1,26.7,3.47978578233,3,6,2,0,1,0
21,21,11,217.1,1,25.9,3.38593346871,3,6,2,0,1,0
22,22,11,214.4,1,26.7,3.87851893007,3,6,2,0,1,0
23,23,11,206.7,1,25.4,3.7864111096,3,6,2,0,1,0
24,24,11,208.8,1,25.7,3.98517708059,3,6,2,0,1,0
25,25,11,208.4,0,0,3.64564497349,3,6,2,0,0,0
26,26,11,206.6,0,0,3.83009612982,3,6,2,0,0,0
27,27,11,207.2,0,0,4.01603603751,3,6,2,0,0,0
28,28,11,201.8,0,0,3.54636818065,3,6,2,0,0,0
29,29,11,201.3,0,0,3.69459064038,3,6,2,0,0,0
30,30,11,203.5,1,25.5,4.10804089561,3,6,2,0,1,0
31,31,11,196.6,0,0,3.97217595509,3,6,2,0,0,0
32,32,11,203.3,1,25.3,4.40086768304,3,6,2,0,1,0
33,33,11,207.0,1,25.5,4.41878222632,3,6,2,0,1,0
34,34,11,194.2,0,0,4.00333951505,3,6,2,0,0,0
35,35,11,198.0,0,0,3.88870158279,3,6,2,0,0,0
36,36,11,195.4,0,0,3.77843161306,3,6,2,0,0,0
37,37,11,200.0,0,0,4.13541247805,3,6,2,0,0,0
38,38,12,209.6,0,0,4.02409410095,3,6,3,0,0,0
39,39,13,227.7,0,0,4.84060019589,4,6,3,0,0,0
40,40,13,226.1,0,0,4.75875710987,4,6,3,0,0,0
41,41,13,221.8,0,0,4.6525151731,4,6,3,0,0,0
42,42,13,216.5,0,0,4.71886557423,4,6,3,0,0,0
43,43,13,212.0,0,0,5.04107487521,4,6,3,0,0,0
44,44,13,212.6,0,0,5.04539648006,4,6,3,0,0,0
45,45,13,208.1,0,0,4.72166311421,4,6,3,0,0,0
46,46,13,210.0,0,0,4.71656926601,4,6,3,0,0,0
47,47,13,211.7,0,0,4.78676058761,4,6,3,0,0,0
48,48,13,209.4,0,0,4.65751391812,4,6,3,0,0,0
49,49,13,207.6,0,0,4.41915991552,4,6,3,0,0,0
50,50,13,212.7,1,25.7,4.92452002086,4,6,3,0,1,0
51,51,13,207.6,0,0,4.41161055538,4,6,3,0,0,0
52,52,13,208.4,0,0,4.47965486308,4,6,3,0,0,0
53,53,13,206.1,0,0,4.42899826609,4,6,3,0,0,0
54,54,13,204.7,0,0,4.46385770842,4,6,3,0,0,0
55,55,13,212.6,1,25.9,4.79715460536,4,6,3,0,1,0
56,56,13,219.5,1,27.3,5.29084841241,4,6,3,0,1,0
57,57,13,210.5,0,0,3.91140672445,4,6,3,0,0,0
58,58,13,209.1,0,0,3.58953250295,4,6,3,0,0,0
59,59,13,208.9,0,0,3.9451203225,4,6,3,0,0,0
60,60,13,211.5,0,0,4.0000801274,4,6,3,0,0,0
61,61,13,207.8,1,25.2,4.19142898342,4,6,3,0,1,0
62,62,12,199.5,0,0,3.57697815583,4,5,3,0,0,0
63,63,11,189.4,1,25.5,3.9178611976,3,5,3,0,1,0
64,64,10,180.7,1,25.1,3.37410070323,3,4,3,0,1,0
65,65,10,175.1,1,25.1,3.42878339292,3,4,3,0,1,0
66,66,10,185.1,1,25.5,4.02918519472,3,4,3,0,1,0
67,67,10,182.3,1,25.3,4.0939114684,3,4,3,0,1,0
68,68,10,181.1,1,26.4,4.52387493687,3,4,3,0,1,0
69,69,10,177.7,1,26.0,4.1915390968,3,4,3,0,1,0
70,70,10,180.8,1,27.3,4.4953803448,3,4,3,0,1,0
71,71,9,169.4,1,28.5,4.18950408097,3,4,2,0,1,0
72,72,10,183.2,1,27.6,4.0427713267,3,5,2,0,1,0
73,73,10,185.5,1,28.3,4.54807651651,3,5,2,0,1,0
74,74,10,179.4,1,27.9,4.49770311752,3,5,2,0,1,0
75,75,10,183.8,1,28.6,4.56138380563,3,5,2,0,1,0
76,76,11,201.7,1,28.2,4.52841533591,3,6,2,0,1,0
77,77,11,199.4,1,28.2,4.32483315495,3,6,2,0,1,0
78,78,12,208.2,1,26.9,3.7444504391,3,6,3,0,1,0
79,79,12,211.9,1,28.3,4.04058014136,3,6,3,0,1,0
80,80,12,218.3,1,27.9,3.88457516885,3,6,3,0,1,0
81,81,12,214.5,1,28.2,4.1429293545,3,6,3,0,1,0
82,82,12,212.5,1,27.4,3.70244595647,3,6,3,0,1,0
83,83,12,210.5,1,28.5,4.0915563461,3,6,3,0,1,0
84,84,12,207.6,1,27.9,4.16609693075,3,6,3,0,1,0
85,85,12,209.5,1,28.4,4.38291275779,3,6,3,0,1,0
86,86,12,202.3,1,29.1,4.50423201674,3,6,3,0,1,0
87,87,12,208.0,1,29.6,4.68330367725,3,6,3,0,1,0
88,88,12,207.4,1,29.1,4.63049836967,3,6,3,0,1,0
89,89,12,208.4,1,30.0,4.6962912511,3,6,3,0,1,0
90,90,12,207.2,1,29.3,4.60934492158,3,6,3,0,1,0
91,91,12,218.8,1,28.4,4.28471561236,3,6,3,0,1,0
92,92,12,221.8,1,26.6,4.33145647,3,6,3,0,1,0
93,93,12,215.8,1,25.8,3.8180988447,3,6,3,0,1,0
94,94,12,213.9,1,26.8,4.23494660265,3,6,3,0,1,0
95,95,12,217.9,1,26.5,4.10132092543,3,6,3,0,1,0
96,96,12,216.0,1,26.0,4.32056393626,3,6,3,0,1,0
97,97,12,222.3,1,26.4,4.21924702459,3,6,3,0,1,0
98,98,12,219.8,1,26.1,4.11556542748,3,6,3,0,1,0
99,99,12,216.1,1,25.1,4.06189797404,3,6,3,0,1,0
100,100,12,217.7,1,25.5,3.95346989902,3,6,3,0,1,0
101,101,12,216.6,1,25.1,3.93711938997,3,6,3,0,1,0
102,102,12,222.4,2,51.4,4.24356910959,3,6,3,0,2,0
103,103,12,226.7,2,51.0,4.19468458741,3,6,3,0,2,0
104,104,12,222.4,1,25.3,3.7717450346,3,6,3,0,1,0
105,105,12,227.0,1,26.0,3.82808600011,3,6,3,0,1,0
106,106,12,224.0,2,51.4,3.846210256,3,6,3,0,2,0
107,107,13,233.5,2,51.9,4.25098781884,3,7,3,0,2,0
108,108,13,238.8,2,51.9,4.18437263625,3,7,3,0,2,0
109,109,13,237.0,1,25.5,3.90776675681,3,7,3,0,1,0
110,110,13,237.7,1,25.1,3.9074386653,3,7,3,0,1,0
111,111,13,235.1,1,25.5,3.82640957771,3,7,3,0,1,0
112,112,13,237.8,1,26.1,3.55186841406,3,7,3,0,1,0
113,113,14,258.2,2,52.3,4.0767095113,3,7,4,0,2,0
114,114,14,250.2,1,26.7,3.81604478514,3,7,4,0,1,0
115,115,14,253.8,2,53.1,4.29497534182,3,7,4,0,2,0
116,116,13,243.8,2,53.9,4.18919550443,3,7,3,0,2,0
117,117,13,236.6,2,53.5,4.35124503255,3,7,3,0,2,0
118,118,13,236.5,2,53.4,4.62429481803,3,7,3,0,2,0
119,119,13,230.2,2,52.4,4.42972187586,3,7,3,0,2,0
120,120,13,241.2,2,54.5,4.68465854049,3,7,3,0,2,0
121,121,14,255.7,2,53.8,4.60828804236,4,7,3,0,2,0
122,122,14,251.9,2,56.0,4.87591636921,4,7,3,0,2,0
123,123,14,247.9,2,55.3,4.73943591024,4,7,3,0,2,0
124,124,14,250.7,2,53.1,4.41125558364,4,7,3,0,2,0
125,125,15,273.6,2,53.4,4.28665703917,5,7,3,0,2,0
126,126,15,272.3,2,51.4,4.04949144367,5,7,3,0,2,0
127,127,15,274.3,2,54.8,4.50806684363,5,7,3,0,2,0
128,128,15,271.5,2,55.9,4.74085586004,5,7,3,0,2,0
129,129,15,260.0,2,56.0,4.70617628634,5,7,3,0,2,0
130,130,15,266.7,2,58.1,5.08291255089,5,7,3,0,2,0
131,131,15,266.0,2,56.5,4.86410565361,5,7,3,0,2,0
132,132,15,268.2,2,57.0,4.83103065017,5,7,3,0,2,0
133,133,16,288.1,2,58.5,4.92388312209,5,7,4,0,2,0
134,134,16,288.2,2,57.5,4.68613202261,5,7,4,0,2,0
135,135,16,288.6,2,58.8,4.82685197618,5,7,4,0,2,0
136,136,16,291.7,2,58.3,4.68269420313,5,7,4,0,2,0
137,137,16,295.4,2,58.0,4.65229334128,5,7,4,0,2,0
138,138,16,290.8,2,53.4,4.00424774458,5,7,4,0,2,0
139,139,16,287.3,2,56.4,4.40060128467,5,7,4,0,2,0
140,140,16,290.5,2,55.9,4.44821593451,5,7,4,0,2,0
141,141,16,284.9,2,58.4,4.98109342079,5,7,4,0,2,0
142,142,16,288.0,2,58.1,5.07293471934,5,7,4,0,2,0
143,143,16,292.2,2,57.3,4.91323043764,5,7,4,0,2,0
144,144,16,291.0,2,58.5,5.02379338747,5,7,4,0,2,0
145,145,16,293.5,2,58.4,5.11702631744,5,7,4,0,2,0
146,146,16,292.9,2,58.8,5.11630970525,5,7,4,0,2,0
147,147,15,279.0,2,59.5,5.25234641443,4,7,4,0,2,0
148,148,14,259.2,2,59.7,6.00459530986,4,6,4,0,2,0
149,149,14,254.5,2,60.4,6.00668583541,4,6,4,0,2,0
150,150,14,250.3,2,58.7,5.60771152712,4,6,4,0,2,0
151,151,14,258.4,2,60.6,6.01392157808,4,6,4,0,2,0
152,152,15,273.9,2,60.3,5.8207510561,4,7,4,0,2,0
153,153,14,255.8,2,60.9,5.99120234131,4,6,4,0,2,0
154,154,14,254.1,2,60.1,5.89651135451,4,6,4,0,2,0
155,155,13,244.6,2,59.6,5.65093593337,3,6,4,0,2,0
156,156,13,240.2,2,59.6,5.61028131293,3,6,4,0,2,0
157,157,13,245.1,2,56.8,4.97788699895,3,6,4,0,2,0
158,158,13,244.3,2,58.2,5.4000712246,3,6,4,0,2,0
159,159,13,241.3,2,59.9,5.83245780975,3,6,4,0,2,0
160,160,13,243.6,2,59.8,5.89640264081,3,6,4,0,2,0
161,161,12,230.2,2,59.0,5.88724867571,3,6,3,0,2,0
162,162,11,221.9,2,59.9,5.55591412984,3,6,2,0,2,0
163,163,11,219.6,2,59.5,5.40171689878,3,6,2,0,2,0
164,164,11,218.4,2,60.6,5.82500877877,3,6,2,0,2,0
165,165,11,212.8,2,60.2,5.80144182706,3,6,2,0,2,0
166,166,11,220.8,2,59.8,5.53608000468,3,6,2,0,2,0
167,167,11,225.0,2,59.8,5.24468562192,3,6,2,0,2,0
168,168,11,224.9,2,60.5,5.44047123627,3,6,2,0,2,0
169,169,11,225.2,2,60.0,5.2672746101,3,6,2,0,2,0
170,170,11,227.0,2,60.5,5.26256073167,3,6,2,0,2,0
171,171,11,227.4,2,60.5,5.24463362097,3,6,2,0,2,0
172,172,11,230.1,2,61.9,5.42011405449,3,6,2,0,2,0
173,173,11,223.9,2,60.4,5.21293844897,3,6,2,0,2,0
174,174,11,220.8,2,58.9,5.00561502896,3,6,2,0,2,0
175,175,13,248.1,2,58.2,5.52280818573,3,6,4,0,2,0
176,176,13,248.6,2,60.4,5.77049302431,3,6,4,0,2,0
177,177,13,256.9,2,60.9,5.82115945804,3,6,4,0,2,0
178,178,13,256.0,2,61.3,6.07075798925,3,6,4,0,2,0
179,179,13,260.0,2,59.8,5.72392639133,3,6,4,0,2,0
180,180,13,260.2,2,59.7,5.4160019316,3,6,4,0,2,0
181,181,14,286.7,3,85.6,5.31444744525,4,6,4,1,2,0
182,182,14,282.7,3,85.4,5.62377703433,4,6,4,1,2,0
183,183,14,281.3,3,88.9,6.37138606895,4,6,4,1,2,0
184,184,14,283.8,3,88.8,6.2987701573,4,6,4,1,2,0
185,185,14,282.8,3,89.7,6.73829469411,4,6,4,1,2,0
186,186,14,281.8,3,90.3,6.56710082052,4,6,4,1,2,0
187,187,14,282.3,3,89.5,6.4647692734,4,6,4,1,2,0
188,188,14,284.2,3,89.8,6.36541134087,4,6,4,1,2,0
189,189,13,272.5,3,89.7,6.46587690128,4,6,3,1,2,0
190,190,13,267.5,3,89.2,6.38424543259,4,6,3,1,2,0
191,191,13,268.1,3,89.0,6.36057568754,4,6,3,1,2,0
192,192,13,265.7,3,89.5,6.40904809125,4,6,3,1,2,0
193,193,13,274.2,3,89.2,6.30838879832,4,6,3,1,2,0
194,194,13,270.6,3,89.3,6.49818515098,4,6,3,1,2,0
195,195,13,271.3,3,88.4,6.31432031383,4,6,3,1,2,0
196,196,13,267.8,3,87.9,6.3617345643,4,6,3,1,2,0
197,197,13,267.3,3,88.3,6.40982819083,4,6,3,1,2,0
198,198,13,266.4,3,87.3,6.27049460283,4,6,3,1,2,0
199,199,13,263.7,3,86.3,6.16628550451,4,6,3,1,2,0
200,200,13,267.3,3,86.5,5.95826295458,4,6,3,1,2,0
201,201,13,269.9,3,86.8,6.01602560687,4,6,3,1,2,0
202,202,13,266.8,3,87.6,6.16956965627,4,6,3,1,2,0
203,203,12,251.5,3,88.1,5.98064428474,4,6,2,1,2,0
204,204,13,267.4,3,86.1,5.5909725772,4,7,2,1,2,0
205,205,12,243.3,2,60.0,5.38535471947,3,7,2,0,2,0
206,206,11,232.4,2,60.3,5.31000770415,3,7,1,0,2,0
207,207,11,235.9,2,61.1,5.4386328496,3,7,1,0,2,0
208,208,11,237.1,2,62.0,5.46065264165,3,7,1,0,2,0
209,209,11,234.6,2,61.3,5.21499585984,3,7,1,0,2,0
210,210,11,233.6,2,61.1,5.16377240538,3,7,1,0,2,0
211,211,11,231.3,2,61.3,5.39612655691,3,7,1,0,2,0
212,212,11,232.2,2,61.8,5.42465750909,3,7,1,0,2,0
213,213,11,231.4,2,61.1,5.3028808637,3,7,1,0,2,0
214,214,11,232.9,2,61.5,5.37291185654,3,7,1,0,2,0
215,215,11,234.9,2,61.7,5.22156368081,3,7,1,0,2,0
216,216,11,223.5,2,61.0,5.71030965567,3,7,1,0,2,0
217,217,11,226.8,2,60.9,5.56665396478,3,7,1,0,2,0
218,218,12,242.0,2,60.4,5.83038020487,4,7,1,0,2,0
219,219,12,247.1,2,60.7,5.46833169396,4,7,1,0,2,0
220,220,12,241.3,2,61.0,5.50131526973,4,7,1,0,2,0
221,221,12,248.9,2,61.3,5.0185942134,4,7,1,0,2,0
222,222,12,248.7,2,60.9,4.99219845905,4,7,1,0,2,0
223,223,12,241.6,2,58.4,4.73868668675,4,7,1,0,2,0
224,224,12,241.8,2,58.1,4.68566479226,4,7,1,0,2,0
225,225,12,241.6,2,59.9,4.83985975254,4,7,1,0,2,0
226,226,12,245.5,2,60.7,5.38541098851,4,7,1,0,2,0
227,227,14,275.6,2,59.9,5.2630580673,5,7,2,0,2,0
228,228,14,273.9,2,59.1,5.32217525553,5,7,2,0,2,0
229,229,14,270.6,2,59.3,5.50278650691,5,7,2,0,2,0
230,230,14,274.1,2,60.0,5.37346451362,5,7,2,0,2,0
231,231,14,277.5,2,60.8,5.5356437429,5,7,2,0,2,0
232,232,14,270.4,2,59.7,5.36697266663,5,7,2,0,2,0
233,233,14,267.3,2,59.9,5.30449218707,5,7,2,0,2,0
234,234,14,265.3,2,60.2,5.85382846454,5,7,2,0,2,0
235,235,14,266.1,2,59.9,5.64412073764,5,7,2,0,2,0
236,236,14,260.1,2,57.3,5.14769232411,5,7,2,0,2,0
237,237,14,264.8,2,57.8,5.31222930791,5,7,2,0,2,0
238,238,14,267.1,2,58.3,5.4343888725,5,7,2,0,2,0
239,239,14,262.9,2,55.6,5.02917313458,5,7,2,0,2,0
240,240,14,263.9,2,58.5,5.44521667295,5,7,2,0,2,0
241,241,14,263.5,2,59.9,5.72836109888,5,7,2,0,2,0
242,242,14,259.8,2,59.6,5.6472885646,5,7,2,0,2,0
243,243,14,262.9,2,59.2,5.51252818886,5,7,2,0,2,0
244,244,14,263.5,2,60.0,5.78754346339,5,7,2,0,2,0
245,245,14,261.7,2,58.8,5.64534720411,5,7,2,0,2,0
246,246,14,259.9,2,59.4,5.67811007871,5,7,2,0,2,0
247,247,14,260.9,2,59.3,5.61078729466,5,7,2,0,2,0
248,248,14,263.5,2,58.8,5.63125598389,5,7,2,0,2,0
249,249,14,257.6,2,59.4,5.62986541716,5,7,2,0,2,0
250,250,13,245.7,2,60.6,6.1837151724,4,7,2,0,2,0
251,251,13,243.9,2,59.6,6.17218741095,4,7,2,0,2,0
252,252,14,258.3,2,60.0,6.0292555989,4,7,3,0,2,0
253,253,14,261.1,2,59.4,5.95092106639,4,7,3,0,2,0
254,254,14,262.8,2,60.0,6.08496616152,4,7,3,0,2,0
255,255,14,258.1,2,59.6,5.87505903641,4,7,3,0,2,0
256,256,14,260.5,2,61.6,6.35748671746,4,7,3,0,2,0
257,257,14,254.2,2,59.1,5.98391617148,4,7,3,0,2,0
258,258,14,255.2,2,60.6,6.03253085955,4,7,3,0,2,0
259,259,14,257.9,2,59.9,5.96827234007,4,7,3,0,2,0
260,260,14,259.0,2,60.1,6.03617301072,4,7,3,0,2,0
261,261,14,258.0,2,61.3,6.2201197826,4,7,3,0,2,0
262,262,14,253.6,2,60.6,6.22004911468,4,7,3,0,2,0
263,263,14,254.5,2,60.3,6.11758858619,4,7,3,0,2,0
264,264,14,255.4,2,59.4,6.06004751006,4,7,3,0,2,0
265,265,14,248.4,2,60.1,6.24607129269,4,7,3,0,2,0
266,266,14,250.6,2,60.9,6.2076875417,4,7,3,0,2,0
267,267,14,259.4,2,60.8,5.94208310682,4,7,3,0,2,0
268,268,14,259.1,2,60.4,5.85576169725,4,7,3,0,2,0
269,269,14,257.8,2,60.6,5.72992913674,4,7,3,0,2,0
270,270,14,258.3,2,60.6,5.70367627736,4,7,3,0,2,0
271,271,14,257.3,2,60.2,5.57758957745,4,7,3,0,2,0
272,272,14,257.9,2,60.7,5.65551855358,4,7,3,0,2,0
273,273,14,257.1,2,60.4,5.61352859587,4,7,3,0,2,0
274,274,14,256.5,2,60.0,5.60524185595,4,7,3,0,2,0
275,275,14,254.6,2,59.5,5.51443659761,4,7,3,0,2,0
276,276,14,256.5,2,60.0,5.58998810669,4,7,3,0,2,0
277,277,14,257.7,2,59.5,5.41628091047,4,7,3,0,2,0
278,278,14,257.4,2,60.2,5.47003827055,4,7,3,0,2,0
279,279,14,264.4,2,60.2,5.59365810441,4,7,3,0,2,0
280,280,14,263.0,2,60.0,5.45821288629,4,7,3,0,2,0
281,281,14,266.5,2,59.7,5.16416753927,4,7,3,0,2,0
282,282,14,262.7,2,60.2,5.32390937085,4,7,3,0,2,0
283,283,14,260.9,2,59.7,5.34165159461,4,7,3,0,2,0
284,284,14,260.8,2,59.4,5.47152468857,4,7,3,0,2,0
285,285,14,263.1,2,59.4,5.4467300403,4,7,3,0,2,0
286,286,14,253.4,2,57.1,5.07209560696,4,7,3,0,2,0
287,287,15,268.6,2,58.8,5.46514496823,5,7,3,0,2,0
288,288,15,277.6,2,58.4,5.412085242,5,7,3,0,2,0
289,289,15,268.9,2,59.0,5.32895951606,5,7,3,0,2,0
290,290,15,277.3,2,57.6,5.08932589792,5,7,3,0,2,0
291,291,15,271.8,2,58.2,5.40372887128,5,7,3,0,2,0
292,292,15,269.1,2,57.3,5.21820987367,5,7,3,0,2,0
293,293,15,275.0,2,58.6,5.40418708922,5,7,3,0,2,0
294,294,15,274.1,2,58.0,5.37792666723,5,7,3,0,2,0
295,295,15,272.4,2,59.1,5.47667782511,5,7,3,0,2,0
296,296,15,274.2,2,58.2,5.34030496721,5,7,3,0,2,0
297,297,15,272.6,2,57.2,5.25961251515,5,7,3,0,2,0
298,298,15,273.1,2,58.3,5.43670943897,5,7,3,0,2,0
299,299,15,281.3,2,58.7,5.55336020116,5,7,3,0,2,0
300,300,15,275.2,2,59.0,5.45106367951,5,7,3,0,2,0
301,301,15,284.2,2,56.4,4.94554152266,5,7,3,0,2,0
302,302,15,286.0,2,58.3,5.2009156703,5,7,3,0,2,0
303,303,15,285.0,2,58.6,5.28434345158,5,7,3,0,2,0
304,304,15,290.3,2,59.9,5.57031246452,5,7,3,0,2,0
305,305,15,284.9,2,57.0,4.97486061063,5,7,3,0,2,0
306,306,15,290.8,2,59.1,5.01780638849,5,7,3,0,2,0
307,307,14,281.0,2,58.9,4.87638399627,4,7,3,0,2,0
308,308,14,264.2,2,57.4,5.00175793273,4,7,3,0,2,0
309,309,14,256.1,2,52.1,4.15959766651,4,7,3,0,2,0
