,e_id,num_sat,sum_snr,num_sat_25,sum_snr_25,snr_std,elev_0_30,elev_30_60,elev_60_90,elev_0_30_25,elev_30_60_25,elev_60_90_25
1,1,8,139.4,0,0,3.83694446886,3,3,2,0,0,0
2,2,8,137.2,0,0,3.84707681233,3,3,2,0,0,0
3,3,8,135.7,0,0,4.13726531488,3,3,2,0,0,0
4,4,8,134.6,0,0,4.15064538871,3,3,2,0,0,0
5,5,8,138.9,0,0,4.3879502211,3,3,2,0,0,0
6,6,8,136.3,0,0,4.15518179076,3,3,2,0,0,0
7,7,8,142.8,0,0,4.21290534294,3,3,2,0,0,0
8,8,8,142.7,0,0,4.13588390967,3,3,2,0,0,0
9,9,8,141.7,1,25.1,4.3610082386,3,3,2,0,1,0
10,10,7,125.9,0,0,4.19778853343,2,3,2,0,0,0
11,11,7,123.2,0,0,4.22492603486,2,3,2,0,0,0
12,12,7,125.0,0,0,4.41318371204,2,3,2,0,0,0
13,13,7,123.4,0,0,4.62122432757,2,3,2,0,0,0
14,14,7,125.4,0,0,5.08115097572,2,3,2,0,0,0
15,15,7,125.7,1,25.9,5.39686858059,2,3,2,1,0,0
16,16,8,140.5,1,25.4,4.8670723086,2,3,3,1,0,0
17,17,8,139.3,0,0,4.30827691775,2,3,3,0,0,0
18,18,8,138.2,0,0,4.50800874635,2,3,3,0,0,0
19,19,8,139.2,0,0,4.50998891351,2,3,3,0,0,0
20,20,9,156.0,0,0,4.51275968782,3,3,3,0,0,0
21,21,8,141.2,0,0,3.89981684552,2,3,3,0,0,0
22,22,8,141.7,0,0,3.78698428832,2,3,3,0,0,0
23,23,8,144.2,0,0,4.17295715633,2,3,3,0,0,0
24,24,8,144.5,0,0,3.94568027812,2,3,3,0,0,0
25,25,8,141.6,0,0,3.82473154987,2,3,3,0,0,0
26,26,8,138.3,0,0,4.4543518047,2,3,3,0,0,0
27,27,8,136.8,0,0,4.28485705713,2,3,3,0,0,0
28,28,8,138.8,1,25.7,4.77403692606,2,3,3,1,0,0
29,29,8,141.1,1,25.6,4.91584537127,2,3,3,1,0,0
30,30,8,128.7,0,0,3.00829211158,2,3,3,0,0,0
31,31,8,139.6,0,0,4.16035712753,2,3,3,0,0,0
32,32,8,138.5,0,0,4.32251167064,2,3,3,0,0,0
33,33,8,138.5,1,25.8,4.52183196124,2,3,3,1,0,0
34,34,8,140.2,1,27.2,4.67111182849,2,3,3,1,0,0
35,35,8,142.5,1,26.9,4.79268415698,2,3,3,1,0,0
36,36,8,142.2,1,27.1,4.87522893235,2,3,3,1,0,0
37,37,8,140.4,1,25.6,4.34675576888,2,3,3,1,0,0
38,38,8,139.8,0,0,4.05946864926,2,3,3,0,0,0
39,39,7,126.3,1,25.8,3.96184180353,1,3,3,1,0,0
40,40,7,129.5,0,0,4.02906109824,1,3,3,0,0,0
41,41,8,143.0,1,25.8,4.25734659148,1,4,3,1,0,0
42,42,8,136.9,0,0,3.4031235652,1,4,3,0,0,0
43,43,8,138.3,0,0,3.52032364584,1,4,3,0,0,0
44,44,9,155.7,0,0,3.91311896062,2,4,3,0,0,0
45,45,9,152.8,0,0,3.76821502099,2,4,3,0,0,0
46,46,9,156.4,1,25.7,4.18950408097,2,4,3,1,0,0
47,47,9,156.2,1,25.9,4.14310002025,2,4,3,1,0,0
48,48,8,137.5,1,25.8,4.49998015869,2,4,2,1,0,0
49,49,8,137.9,1,25.4,4.4278138753,2,4,2,1,0,0
50,50,8,133.6,1,26.3,4.37198875962,2,4,2,1,0,0
51,51,8,134.9,1,25.8,4.34509164789,2,4,2,1,0,0
52,52,8,138.5,1,25.5,3.72230247485,2,4,2,1,0,0
53,53,9,155.0,1,25.4,3.62828395312,2,4,3,1,0,0
54,54,9,158.9,1,26.7,3.99190152406,2,4,3,1,0,0
55,55,9,157.5,1,26.5,3.98214766175,2,4,3,1,0,0
56,56,9,155.6,1,25.8,3.72506524924,2,4,3,1,0,0
57,57,9,156.9,1,26.4,4.07615014444,2,4,3,1,0,0
58,58,9,153.1,1,26.1,4.11747630365,2,4,3,1,0,0
59,59,9,150.0,1,26.0,4.11156904356,2,4,3,1,0,0
60,60,9,153.5,1,26.3,4.41166383327,2,4,3,1,0,0
61,61,9,152.2,1,26.1,4.21231659673,2,5,2,1,0,0
62,62,9,150.1,0,0,3.49849173851,2,5,2,0,0,0
63,63,9,148.4,0,0,3.05795865098,2,5,2,0,0,0
64,64,8,139.5,1,25.7,4.13726531488,2,5,1,1,0,0
65,65,8,142.5,1,26.3,4.61377982632,2,5,1,1,0,0
66,66,8,141.7,0,0,3.93316938722,2,5,1,0,0,0
67,67,8,144.1,1,25.5,4.14364832347,2,5,1,1,0,0
68,68,8,144.7,1,26.3,4.33241519577,2,5,1,1,0,0
69,69,8,144.5,1,26.7,4.36280954694,2,5,1,1,0,0
70,70,8,141.2,1,26.5,4.75454669613,2,5,1,1,0,0
71,71,8,141.4,1,26.2,4.68820708953,2,5,1,1,0,0
72,72,8,142.4,1,26.1,4.78390157567,2,5,1,1,0,0
73,73,8,141.4,1,26.4,4.79367142327,2,5,1,1,0,0
74,74,8,142.7,1,26.8,4.91090259379,2,5,1,1,0,0
75,75,8,141.3,1,26.2,4.68186089377,2,5,1,1,0,0
76,76,8,139.6,1,26.4,4.69224283868,2,5,1,1,0,0
78,78,1,26.8,1,26.8,,1,0,0,1,0,0
79,79,1,26.1,1,26.1,,1,0,0,1,0,0
80,80,2,45.8,1,25.7,3.95979797464,1,1,0,1,0,0
81,81,2,45.2,1,25.4,3.95979797464,1,1,0,1,0,0
82,82,2,46.7,1,26.4,4.31335136524,1,1,0,1,0,0
83,83,2,45.0,1,26.6,5.79827560573,1,1,0,1,0,0
84,84,2,46.4,1,26.6,4.80832611207,1,1,0,1,0,0
85,85,2,45.7,1,26.7,5.44472221514,1,1,0,1,0,0
86,86,2,45.3,1,26.3,5.16187950266,1,1,0,1,0,0
87,87,2,44.1,1,26.0,5.58614357137,1,1,0,1,0,0
88,88,2,43.9,1,25.8,5.44472221514,1,1,0,1,0,0
89,89,3,66.2,1,25.3,3.59212100761,1,2,0,1,0,0
90,90,3,65.5,1,25.9,3.91066916695,1,2,0,1,0,0
91,91,3,66.8,1,26.1,3.90170902725,1,2,0,1,0,0
92,92,3,65.4,1,25.9,4.31393092202,1,2,0,1,0,0
93,93,3,65.1,1,25.8,4.2035699114,1,2,0,1,0,0
94,94,4,81.0,1,26.3,5.41633332308,1,2,1,1,0,0
95,95,4,79.0,1,25.6,4.83907704699,1,2,1,1,0,0
96,96,4,78.4,0,0,5.12315007263,1,2,1,0,0,0
97,97,4,81.4,1,25.6,5.09215082259,1,2,1,1,0,0
98,98,4,83.6,1,26.4,5.41171568605,1,2,1,1,0,0
99,99,4,85.1,1,26.3,4.79052885042,1,2,1,1,0,0
100,100,4,81.8,1,26.7,4.77039481245,1,2,1,1,0,0
101,101,5,99.5,1,26.1,4.50943455435,1,3,1,1,0,0
102,102,5,100.6,1,26.1,4.11970872757,1,3,1,1,0,0
103,103,5,98.5,1,26.1,4.20535373066,1,3,1,1,0,0
104,104,5,100.7,1,26.2,3.92530253611,1,3,1,1,0,0
105,105,5,100.8,1,25.8,3.42388668037,1,3,1,1,0,0
106,106,5,102.8,1,26.0,3.34932829087,1,3,1,1,0,0
107,107,5,100.9,1,25.6,3.24761450914,1,3,1,1,0,0
108,108,5,102.7,1,26.0,3.19264780394,1,3,1,1,0,0
109,109,5,103.9,1,26.9,3.5800837979,1,3,1,1,0,0
110,110,5,98.4,0,0,2.47325696198,1,3,1,0,0,0
111,111,6,108.8,1,25.4,4.41618236338,2,3,1,1,0,0
112,112,6,115.9,1,26.1,4.53273280336,2,3,1,1,0,0
113,113,6,117.4,1,26.3,4.52356791335,2,3,1,1,0,0
114,114,6,117.1,1,26.0,4.5375837917,2,3,1,1,0,0
115,115,6,116.3,1,25.9,4.53140890526,2,3,1,1,0,0
116,116,6,117.4,1,25.7,4.46930270475,2,3,1,1,0,0
117,117,7,130.5,1,25.6,4.39350169487,2,4,1,1,0,0
118,118,7,130.2,1,25.8,4.53063645271,2,4,1,1,0,0
119,119,7,127.4,1,26.3,4.65904138924,2,4,1,1,0,0
120,120,6,111.4,0,0,3.86195114763,1,4,1,0,0,0
121,121,6,113.0,0,0,3.87436016223,1,4,1,0,0,0
122,122,6,113.7,1,25.1,3.92262667099,1,4,1,1,0,0
123,123,6,117.7,1,25.6,4.19495729021,1,4,1,1,0,0
124,124,6,117.8,1,25.1,4.35323634399,1,4,1,1,0,0
125,125,7,135.5,1,25.5,4.06483174841,2,4,1,1,0,0
126,126,7,134.8,1,25.3,4.04922097152,2,4,1,1,0,0
127,127,7,131.9,0,0,3.79423121017,2,4,1,0,0,0
128,128,7,134.0,0,0,3.86990832917,2,4,1,0,0,0
129,129,7,135.9,1,25.7,4.11721126145,2,4,1,1,0,0
130,130,7,130.0,0,0,3.59384394287,2,4,1,0,0,0
131,131,8,153.0,0,0,3.69507394088,2,5,1,0,0,0
132,132,8,152.2,1,25.1,4.35356996367,2,5,1,1,0,0
133,133,8,150.0,1,25.6,3.93555223934,2,5,1,1,0,0
134,134,8,149.0,0,0,3.67335969224,2,5,1,0,0,0
135,135,8,147.4,1,25.5,3.72855774491,2,5,1,1,0,0
136,136,8,148.8,1,25.3,3.80563491981,2,5,1,1,0,0
137,137,9,161.7,1,25.6,4.32001157406,2,6,1,1,0,0
138,138,9,160.3,0,0,4.16426597507,2,6,1,0,0,0
139,139,9,162.8,1,25.9,4.49066933887,2,6,1,1,0,0
140,140,9,159.8,1,25.7,4.26354052142,2,6,1,1,0,0
141,141,9,158.6,1,25.3,4.18980243501,2,6,1,1,0,0
142,142,9,161.2,1,25.4,4.32100811283,2,6,1,1,0,0
143,143,9,158.4,0,0,4.33877862998,2,6,1,0,0,0
144,144,9,156.8,0,0,4.26461539232,2,6,1,0,0,0
145,145,9,158.1,0,0,4.50610696722,2,6,1,0,0,0
146,146,9,158.8,0,0,4.48556326204,2,6,1,0,0,0
147,147,9,158.0,0,0,4.15785735419,2,6,1,0,0,0
148,148,8,142.2,0,0,4.74183508781,1,6,1,0,0,0
149,149,8,138.0,0,0,4.43653661575,1,6,1,0,0,0
150,150,8,135.2,0,0,4.04192316319,1,6,1,0,0,0
151,151,8,131.2,0,0,4.03484820037,1,6,1,0,0,0
152,152,8,138.4,0,0,4.83440053899,1,6,1,0,0,0
153,153,7,123.6,0,0,4.88427993426,1,5,1,0,0,0
154,154,7,122.7,0,0,4.78773233926,1,5,1,0,0,0
155,155,8,138.2,0,0,4.70372193056,2,5,1,0,0,0
156,156,8,132.4,0,0,4.12691513984,2,5,1,0,0,0
157,157,8,133.0,0,0,4.38886578254,2,5,1,0,0,0
158,158,8,136.3,0,0,4.8035515135,2,5,1,0,0,0
159,159,8,137.0,0,0,4.8484901921,2,5,1,0,0,0
160,160,8,135.4,0,0,4.60178536781,2,5,1,0,0,0
161,161,8,133.3,0,0,4.21999915369,2,5,1,0,0,0
162,162,8,132.2,0,0,4.30174383245,2,5,1,0,0,0
163,163,8,133.4,0,0,4.48513417541,2,5,1,0,0,0
164,164,8,131.0,0,0,4.22703881492,2,5,1,0,0,0
165,165,9,144.9,0,0,4.0401113846,3,5,1,0,0,0
166,166,8,132.5,0,0,4.04048706399,3,4,1,0,0,0
167,167,8,129.8,0,0,3.74385210331,3,4,1,0,0,0
168,168,7,120.2,0,0,4.02646010192,3,3,1,0,0,0
169,169,7,120.2,0,0,3.99738009439,3,3,1,0,0,0
170,170,7,121.4,0,0,4.13636601494,3,3,1,0,0,0
171,171,7,120.5,0,0,3.99642697562,3,3,1,0,0,0
172,172,7,117.4,0,0,3.56357231147,3,3,1,0,0,0
173,173,7,118.7,0,0,3.77573707721,3,3,1,0,0,0
174,174,7,117.6,0,0,3.68510515454,3,3,1,0,0,0
175,175,7,121.9,0,0,3.68801146574,3,3,1,0,0,0
176,176,7,122.1,0,0,3.54629249727,3,3,1,0,0,0
177,177,7,120.2,0,0,3.37031862278,3,3,1,0,0,0
178,178,7,121.5,0,0,3.65643594358,3,3,1,0,0,0
179,179,7,124.0,0,0,4.0403913059,3,3,1,0,0,0
180,180,7,122.4,0,0,3.75341114696,3,3,1,0,0,0
181,181,7,122.9,0,0,3.8183142628,3,3,1,0,0,0
182,182,7,121.8,0,0,3.43462758777,3,3,1,0,0,0
183,183,7,122.7,0,0,3.82217838661,3,3,1,0,0,0
184,184,7,125.9,0,0,4.18705488039,3,3,1,0,0,0
185,185,7,126.4,0,0,4.24690363397,3,3,1,0,0,0
186,186,7,118.6,0,0,3.58090172203,3,3,1,0,0,0
187,187,7,116.9,0,0,3.40685583297,3,3,1,0,0,0
188,188,7,119.0,0,0,3.78637909706,3,3,1,0,0,0
189,189,7,120.7,0,0,3.84224636676,3,3,1,0,0,0
190,190,7,119.5,0,0,4.22560223941,3,3,1,0,0,0
191,191,7,121.6,0,0,3.90030523836,3,3,1,0,0,0
192,192,7,123.0,0,0,4.13872536164,3,3,1,0,0,0
193,193,7,121.9,0,0,4.25771009324,3,3,1,0,0,0
194,194,7,122.4,0,0,4.35408948439,3,3,1,0,0,0
195,195,7,117.2,0,0,4.15405711037,3,3,1,0,0,0
196,196,7,120.4,0,0,3.92130930515,3,3,1,0,0,0
197,197,7,123.6,1,25.1,4.2303889273,3,3,1,0,1,0
198,198,8,139.5,0,0,3.8433383926,4,3,1,0,0,0
199,199,8,141.5,0,0,4.10763661628,4,3,1,0,0,0
200,200,8,138.3,0,0,3.77413660893,4,3,1,0,0,0
201,201,8,141.0,0,0,3.74003437723,4,3,1,0,0,0
202,202,8,139.6,0,0,3.73898381917,4,3,1,0,0,0
203,203,8,137.7,0,0,3.82564186958,4,3,1,0,0,0
204,204,8,134.9,1,25.3,4.17199421312,4,3,1,0,1,0
205,205,8,136.3,1,25.2,4.32994143807,4,3,1,0,1,0
206,206,7,117.5,1,25.1,4.2904656202,3,3,1,0,1,0
207,207,7,115.2,0,0,4.18364161262,3,3,1,0,0,0
208,208,7,112.8,0,0,4.38232380191,3,3,1,0,0,0
209,209,7,111.7,0,0,4.0149126777,3,3,1,0,0,0
210,210,7,110.5,0,0,3.74407468383,3,3,1,0,0,0
211,211,7,113.7,0,0,4.24337017902,3,3,1,0,0,0
212,212,8,129.0,0,0,4.30074744334,3,4,1,0,0,0
213,213,8,129.0,1,25.4,4.3160001324,3,4,1,0,1,0
214,214,8,126.5,0,0,4.12602801043,3,4,1,0,0,0
215,215,8,126.7,0,0,4.23587990522,3,4,1,0,0,0
216,216,8,125.1,1,26.3,4.92745587789,3,4,1,0,1,0
217,217,8,124.5,1,25.3,4.64448597802,3,4,1,0,1,0
218,218,8,125.5,0,0,4.68719760929,3,4,1,0,0,0
219,219,8,125.8,1,25.7,4.99049095781,3,4,1,0,1,0
220,220,9,140.1,1,25.4,4.60271658915,3,5,1,0,1,0
221,221,9,140.3,1,25.5,4.67130721652,3,5,1,0,1,0
222,222,9,138.1,0,0,4.31135451776,3,5,1,0,0,0
223,223,9,135.4,0,0,4.43483683779,3,5,1,0,0,0
224,224,9,137.8,1,25.4,4.84263472824,3,5,1,0,1,0
225,225,9,136.6,1,25.3,4.72090504506,3,5,1,0,1,0
226,226,9,135.5,0,0,4.49641832771,3,5,1,0,0,0
227,227,9,136.1,0,0,4.60102645553,3,5,1,0,0,0
228,228,9,135.5,0,0,4.45985176635,3,5,1,0,0,0
229,229,9,135.9,1,25.4,4.76235235992,3,5,1,0,1,0
230,230,9,137.6,1,25.1,4.82738139275,3,5,1,0,1,0
231,231,9,139.5,1,25.5,5.10294032887,3,5,1,0,1,0
232,232,9,136.6,1,25.4,4.8212492618,3,5,1,0,1,0
233,233,10,149.7,0,0,4.5587644525,4,5,1,0,0,0
234,234,10,149.7,1,25.4,4.68426443888,4,5,1,0,1,0
235,235,10,149.5,1,25.7,4.70041369338,4,5,1,0,1,0
236,236,10,149.0,1,25.1,4.59516654274,4,5,1,0,1,0
237,237,10,149.5,1,25.5,4.70584742634,4,5,1,0,1,0
238,238,10,148.9,1,25.7,4.67153317683,4,5,1,0,1,0
239,239,9,133.6,1,25.5,5.01849357654,4,5,0,0,1,0
240,240,9,135.0,1,25.9,5.26616558798,4,5,0,0,1,0
241,241,9,137.7,1,25.2,5.04653346368,4,5,0,0,1,0
242,242,9,145.5,0,0,4.73576815311,4,5,0,0,0,0
243,243,9,148.4,1,25.6,5.17842747474,4,5,0,0,1,0
244,244,8,134.9,1,25.9,4.90711946345,3,5,0,0,1,0
245,245,8,134.2,1,25.6,5.25513354459,4,4,0,0,1,0
246,246,8,131.8,1,25.3,5.28549227333,4,4,0,0,1,0
247,247,8,132.6,1,26.4,5.50525722767,4,4,0,0,1,0
248,248,8,130.6,1,26.0,5.41024161066,4,4,0,0,1,0
249,249,7,120.3,1,26.1,5.17668767052,3,4,0,0,1,0
250,250,7,123.5,1,26.2,5.09504895065,3,4,0,0,1,0
251,251,7,126.1,0,0,4.74918539381,3,4,0,0,0,0
252,252,7,126.0,1,26.0,4.83218377134,3,4,0,0,1,0
253,253,7,124.7,1,26.3,5.16217931092,3,4,0,0,1,0
254,254,7,124.1,1,26.2,4.96746557972,3,4,0,0,1,0
255,255,7,122.9,1,25.7,4.7748846907,3,4,0,0,1,0
256,256,7,122.0,1,25.5,4.64676026414,3,4,0,0,1,0
257,257,7,122.7,1,25.8,4.70131693809,3,4,0,0,1,0
258,258,7,123.1,1,25.3,4.36364853894,3,4,0,0,1,0
259,259,7,122.5,0,0,4.13884041731,3,4,0,0,0,0
260,260,7,121.8,0,0,4.59057004449,3,4,0,0,0,0
261,261,7,111.9,1,25.1,5.07458654192,3,4,0,0,1,0
262,262,7,111.3,1,25.5,5.16784932701,3,4,0,0,1,0
263,263,8,127.1,1,25.4,4.95448930625,3,4,1,0,1,0
264,264,8,130.9,1,26.4,5.23557542205,3,4,1,0,1,0
265,265,7,116.5,1,25.5,4.82557669882,2,4,1,0,1,0
266,266,7,118.4,1,26.0,4.4536234579,2,4,1,0,1,0
267,267,7,118.8,1,26.4,4.58901379591,2,4,1,0,1,0
268,268,7,121.2,1,25.8,4.23887900725,2,4,1,0,1,0
269,269,7,121.1,1,25.9,4.28602379835,2,4,1,0,1,0
270,270,8,134.0,1,25.9,4.09843175582,2,4,2,0,1,0
271,271,8,130.2,0,0,3.6078287891,2,4,2,0,0,0
272,272,8,131.2,0,0,4.02705138496,2,4,2,0,0,0
273,273,8,130.3,1,25.1,4.08426860037,2,4,2,0,1,0
274,274,8,131.5,0,0,4.00176300433,2,4,2,0,0,0
275,275,7,113.8,1,25.8,4.8141656054,1,4,2,0,1,0
276,276,7,113.8,1,25.4,4.48696524868,1,4,2,0,1,0
277,277,8,136.1,1,25.9,4.6722394447,2,4,2,0,1,0
278,278,8,136.0,1,26.3,4.81159314276,2,4,2,0,1,0
279,279,8,133.4,1,25.7,4.47109766005,2,4,2,0,1,0
280,280,8,133.6,0,0,4.08131631427,2,4,2,0,0,0
281,281,8,135.0,1,25.4,4.37059982807,2,4,2,0,1,0
282,282,8,130.7,1,25.1,4.0809443935,2,4,2,0,1,0
283,283,8,133.2,1,25.9,4.25541671621,2,4,2,0,1,0
284,284,8,131.1,1,26.2,4.43635548621,2,4,2,0,1,0
285,285,8,139.5,1,25.9,4.18498591908,2,4,2,0,1,0
286,286,8,139.9,1,25.9,4.17866605509,2,4,2,0,1,0
287,287,9,157.4,1,27.1,4.29809389278,3,4,2,0,1,0
288,288,9,153.5,1,27.5,4.28226316073,3,4,2,0,1,0
289,289,8,139.7,1,26.8,3.97920936153,3,4,1,0,1,0
290,290,8,139.4,1,26.3,3.82015332527,3,4,1,0,1,0
291,291,8,138.0,1,26.8,4.05427464007,3,4,1,0,1,0
292,292,8,136.7,1,26.2,3.84723926992,3,4,1,0,1,0
293,293,8,137.8,1,26.5,3.83433734264,3,4,1,0,1,0
294,294,8,139.0,1,26.4,3.77879421433,3,4,1,0,1,0
295,295,8,141.1,1,25.3,3.3036505782,3,4,1,0,1,0
296,296,8,147.0,1,25.8,3.40828821719,3,4,1,0,1,0
297,297,8,147.4,1,26.5,3.87510368525,3,4,1,0,1,0
298,298,8,145.5,1,25.7,3.73418091994,3,4,1,0,1,0
299,299,8,144.3,1,25.7,3.58087678808,3,4,1,0,1,0
300,300,8,140.0,1,25.6,3.56811274646,3,4,1,0,1,0
301,301,8,136.2,1,25.1,3.943439398,3,4,1,0,1,0
302,302,8,136.8,1,25.5,4.2298260687,3,4,1,0,1,0
303,303,9,148.0,0,0,3.94623589991,3,5,1,0,0,0
304,304,9,153.2,1,25.6,4.13696077386,3,5,1,0,1,0
305,305,9,153.8,1,25.5,4.01946652071,3,5,1,0,1,0
306,306,9,154.0,0,0,3.89565284787,3,5,1,0,0,0
307,307,9,154.8,0,0,3.34962684489,3,5,1,0,0,0
308,308,9,154.1,1,25.3,3.76390016398,3,5,1,0,1,0
309,309,9,155.6,0,0,3.75980200424,3,5,1,0,0,0
310,310,9,160.4,1,26.1,4.04220786755,3,5,1,0,1,0
311,311,9,153.8,1,26.0,4.17146390505,3,5,1,0,1,0
312,312,9,154.5,1,26.3,4.30058135605,3,5,1,0,1,0
313,313,8,140.2,1,26.3,4.536439762,2,5,1,0,1,0
314,314,8,144.1,1,26.5,4.72393223007,2,5,1,0,1,0
315,315,8,138.2,1,26.3,4.72281695601,2,5,1,0,1,0
316,316,8,138.5,1,25.8,4.71091058835,2,5,1,0,1,0
317,317,9,157.7,1,26.2,4.89151760136,2,6,1,0,1,0
318,318,9,153.8,1,25.3,4.61287449549,2,6,1,0,1,0
319,319,9,154.0,1,25.5,4.59087258711,2,6,1,0,1,0
320,320,8,141.9,1,25.6,4.59345419359,1,6,1,0,1,0
321,321,8,143.6,1,26.1,4.90597303586,1,6,1,0,1,0
322,322,8,147.3,0,0,4.25824829847,1,6,1,0,0,0
323,323,8,146.7,0,0,4.22033766422,1,6,1,0,0,0
324,324,8,148.5,1,25.2,4.47435150928,1,6,1,0,1,0
325,325,8,145.8,1,25.2,4.52982181926,1,6,1,0,1,0
326,326,8,148.2,1,25.8,4.59743717428,1,6,1,0,1,0
327,327,8,149.8,1,25.3,4.62037413451,1,6,1,0,1,0
328,328,8,146.9,1,25.1,4.68338629016,1,6,1,0,1,0
329,329,8,148.1,1,25.4,4.70058886889,1,6,1,0,1,0
330,330,8,148.9,1,25.1,4.55362885118,1,6,1,0,1,0
331,331,8,149.1,0,0,4.5940761546,1,6,1,0,0,0
332,332,8,147.3,1,26.1,4.8675125651,1,6,1,0,1,0
333,333,8,152.1,1,25.9,4.85517029273,1,6,1,0,1,0
334,334,8,150.4,1,25.5,4.66537397062,1,6,1,0,1,0
335,335,8,152.0,1,25.6,4.687978547,1,6,1,0,1,0
336,336,7,133.5,0,0,4.35151861833,1,5,1,0,0,0
337,337,7,134.7,1,25.4,4.4342820324,1,5,1,0,1,0
338,338,7,137.4,1,25.8,4.51357740073,1,5,1,0,1,0
339,339,8,146.6,1,25.5,4.77755167424,2,5,1,0,1,0
340,340,8,148.9,0,0,4.79745096007,2,5,1,0,0,0
341,341,7,134.5,1,25.8,4.4536234579,2,4,1,0,1,0
342,342,7,134.4,1,26.0,4.72652091924,2,4,1,0,1,0
343,343,7,134.8,1,26.1,5.37799750305,2,4,1,0,1,0
344,344,7,136.4,1,27.8,5.78083862758,2,4,1,0,1,0
345,345,7,134.6,1,27.4,4.84586225066,2,4,1,0,1,0
346,346,7,138.1,1,26.9,4.8930952323,2,4,1,0,1,0
347,347,7,138.4,1,26.8,4.90636127414,2,4,1,0,1,0
348,348,7,139.4,1,25.1,4.19103351272,2,4,1,0,1,0
349,349,7,130.6,0,0,4.78429971987,2,4,1,0,0,0
350,350,7,133.4,1,25.7,5.23922931446,2,4,1,0,1,0
351,351,6,122.9,1,25.8,4.82054630376,1,4,1,0,1,0
352,352,6,123.9,1,26.3,4.54697701776,1,4,1,0,1,0
353,353,6,122.8,1,26.8,4.84712973487,1,4,1,0,1,0
354,354,6,121.5,1,26.3,4.6410128205,1,4,1,0,1,0
355,355,6,121.9,1,25.7,4.9474909466,1,4,1,0,1,0
356,356,6,120.4,1,26.9,5.31776895574,1,4,1,0,1,0
357,357,6,120.2,1,25.7,5.166688172,1,4,1,0,1,0
358,358,7,133.6,1,26.1,5.22092858006,1,5,1,0,1,0
359,359,7,133.0,1,26.3,5.62524073559,1,5,1,0,1,0
360,360,7,133.1,1,26.3,5.53245833587,1,5,1,0,1,0
361,361,7,135.8,1,26.5,5.37556198612,1,5,1,0,1,0
362,362,7,133.8,1,25.6,5.40599314694,1,5,1,0,1,0
363,363,8,149.4,1,26.3,5.33070619819,1,6,1,0,1,0
364,364,8,149.2,1,26.5,5.46547606082,1,6,1,0,1,0
365,365,8,149.3,1,25.8,5.29256554045,1,6,1,0,1,0
366,366,8,147.0,2,51.5,5.42606144981,1,6,1,1,1,0
367,367,8,147.7,1,26.4,5.65658592136,1,6,1,0,1,0
368,368,8,149.3,2,51.9,5.64495666186,1,6,1,1,1,0
369,369,8,147.4,1,25.9,5.32292883933,1,6,1,0,1,0
370,370,8,145.0,1,26.3,5.6319877232,1,6,1,0,1,0
371,371,8,142.9,1,25.8,5.29634307801,1,6,1,0,1,0
372,372,9,159.2,1,26.0,5.37062483433,2,6,1,0,1,0
373,373,9,157.4,1,26.5,5.41305007469,2,6,1,0,1,0
374,374,9,156.9,1,26.3,5.31483772095,2,6,1,0,1,0
375,375,9,157.3,1,26.5,5.40989320084,2,6,1,0,1,0
376,376,9,156.5,1,26.8,5.30976563618,2,6,1,0,1,0
377,377,9,154.0,1,25.8,5.08439879544,2,6,1,0,1,0
378,378,9,154.9,0,0,5.15398982451,2,6,1,0,0,0
379,379,8,141.3,1,25.7,5.55516169239,1,6,1,0,1,0
380,380,8,144.3,1,26.1,5.5221469686,1,6,1,0,1,0
381,381,9,155.6,1,26.6,5.45537451612,2,6,1,0,1,0
382,382,9,159.0,1,25.5,5.10514446417,2,6,1,0,1,0
383,383,9,158.2,1,25.5,5.43225960761,2,6,1,0,1,0
384,384,9,157.1,1,26.2,5.41458934526,2,6,1,0,1,0
385,385,9,158.0,1,26.7,5.58527329482,2,6,1,0,1,0
386,386,9,154.5,1,26.2,5.53082272361,2,6,1,0,1,0
387,387,9,155.3,1,26.5,5.60247960976,2,6,1,0,1,0
388,388,9,152.6,1,26.2,5.21898244659,2,6,1,0,1,0
389,389,9,153.3,1,26.4,5.09730320856,2,6,1,0,1,0
390,390,9,153.1,1,26.0,4.8852953965,2,6,1,0,1,0
391,391,9,153.6,1,25.6,4.89182992345,2,6,1,0,1,0
392,392,9,152.6,1,25.3,4.7458168715,2,6,1,0,1,0
393,393,9,150.0,0,0,4.51608237303,2,6,1,0,0,0
394,394,9,153.5,1,25.5,4.87009012009,2,6,1,0,1,0
395,395,9,153.5,1,25.1,4.64384299668,2,6,1,0,1,0
396,396,9,153.7,0,0,4.65665592936,2,6,1,0,0,0
397,397,9,154.5,1,25.3,4.75341982156,2,6,1,0,1,0
398,398,9,152.1,0,0,4.65939910289,2,6,1,0,0,0
399,399,9,149.6,0,0,4.31705274979,2,6,1,0,0,0
400,400,9,150.3,0,0,4.53072841826,2,6,1,0,0,0
401,401,8,137.9,0,0,4.70833227981,2,5,1,0,0,0
402,402,8,144.9,1,27.8,5.53209789708,2,5,1,0,1,0
403,403,7,129.5,1,25.9,4.05791407828,2,4,1,0,1,0
404,404,7,128.5,1,25.7,4.0558012537,2,4,1,0,1,0
405,405,7,133.3,1,27.1,4.63711733115,2,4,1,0,1,0
406,406,7,136.6,1,26.5,4.78101403868,2,4,1,0,1,0
407,407,7,127.4,0,0,3.67876790969,2,4,1,0,0,0
408,408,7,128.2,0,0,3.8576454699,2,4,1,0,0,0
409,409,6,112.9,0,0,3.92449572132,2,3,1,0,0,0
410,410,5,97.7,0,0,3.93992385713,1,3,1,0,0,0
411,411,5,96.3,0,0,3.92466559085,1,3,1,0,0,0
