,e_id,num_sat,sum_snr,num_sat_25,sum_snr_25,num_sat_u20,sum_sat_u20,snr_std,elev_0_30,elev_30_60,elev_60_90,sum_elev_0_30,sum_elev_30_60,sum_elev_60_90,elev_0_30_25,elev_30_60_25,elev_60_90_25,sum_elev_0_30_25,sum_elev_30_60_25,sum_elev_60_90_25
1,1,12,213.3,1,25.9,8,123.9,3.89991258643,3,6,3,49.4,114.4,49.5,0,1,0,0,25.9,0
2,2,12,216.6,1,28.0,8,124.2,4.42872852675,3,6,3,49.7,116.4,50.5,0,1,0,0,28.0,0
3,3,12,214.6,1,27.3,9,144.7,3.908925296,3,6,3,52.1,115.7,46.8,0,1,0,0,27.3,0
4,4,12,222.1,1,28.1,9,150.8,3.97296736671,3,6,3,52.6,119.5,50.0,0,1,0,0,28.1,0
5,5,12,225.6,1,28.3,8,130.9,4.3110850775,3,6,3,54.3,121.2,50.1,0,1,0,0,28.3,0
6,6,12,225.2,1,28.9,8,132.4,4.23670827054,3,6,3,54.9,122.1,48.2,0,1,0,0,28.9,0
7,7,12,222.1,1,29.0,10,170.4,4.18904596067,3,6,3,54.7,118.7,48.7,0,1,0,0,29.0,0
8,8,12,218.6,1,27.8,10,169.7,3.68605069105,3,6,3,52.9,117.7,48.0,0,1,0,0,27.8,0
9,9,12,224.0,1,27.3,8,134.4,3.51447224367,3,6,3,52.8,120.3,50.9,0,1,0,0,27.3,0
10,10,12,221.6,1,28.0,8,131.7,3.88150236456,3,6,3,52.0,119.6,50.0,0,1,0,0,28.0,0
11,11,12,223.8,1,28.4,7,109.3,4.4316013933,3,6,3,50.1,123.2,50.5,0,1,0,0,28.4,0
12,12,12,222.5,1,28.9,10,170.8,4.11967746605,3,6,3,50.0,123.1,49.4,0,1,0,0,28.9,0
13,13,12,226.8,1,28.1,8,132.4,4.12817371023,3,6,3,50.9,127.0,48.9,0,1,0,0,28.1,0
14,14,12,228.4,1,27.3,8,135.7,3.79169746907,3,6,3,51.2,126.2,51.0,0,1,0,0,27.3,0
15,15,11,211.7,1,26.9,7,118.4,3.79192922834,3,6,2,50.9,126.8,34.0,0,1,0,0,26.9,0
16,16,11,214.9,1,28.1,6,100.1,4.03689799903,3,6,2,54.6,126.3,34.0,0,1,0,0,28.1,0
17,17,11,213.6,1,26.2,7,121.2,3.38107029854,3,6,2,52.9,125.9,34.8,0,1,0,0,26.2,0
18,18,11,216.1,1,26.1,7,125.0,3.01607812776,3,6,2,56.6,124.6,34.9,0,1,0,0,26.1,0
19,19,11,212.6,1,25.5,7,123.4,2.80360157979,3,6,2,55.0,122.7,34.9,0,1,0,0,25.5,0
20,20,11,216.8,1,26.7,6,103.5,3.47978578233,3,6,2,57.5,123.0,36.3,0,1,0,0,26.7,0
21,21,11,217.1,1,25.9,6,103.5,3.38593346871,3,6,2,58.2,123.3,35.6,0,1,0,0,25.9,0
22,22,11,214.4,1,26.7,7,118.6,3.87851893007,3,6,2,53.0,125.8,35.6,0,1,0,0,26.7,0
23,23,11,206.7,1,25.4,6,96.7,3.7864111096,3,6,2,54.5,116.6,35.6,0,1,0,0,25.4,0
24,24,11,208.8,1,25.7,5,77.1,3.98517708059,3,6,2,57.8,117.0,34.0,0,1,0,0,25.7,0
25,25,11,208.4,0,0,7,117.8,3.64564497349,3,6,2,55.4,117.3,35.7,0,0,0,0,0,0
26,26,11,206.6,0,0,7,115.1,3.83009612982,3,6,2,54.5,118.2,33.9,0,0,0,0,0,0
27,27,11,207.2,0,0,5,75.2,4.01603603751,3,6,2,59.4,116.3,31.5,0,0,0,0,0,0
28,28,11,201.8,0,0,7,114.7,3.54636818065,3,6,2,57.1,112.0,32.7,0,0,0,0,0,0
29,29,11,201.3,0,0,7,112.9,3.69459064038,3,6,2,54.4,115.1,31.8,0,0,0,0,0,0
30,30,11,203.5,1,25.5,6,92.3,4.10804089561,3,6,2,54.4,117.6,31.5,0,1,0,0,25.5,0
31,31,11,196.6,0,0,7,109.2,3.97217595509,3,6,2,53.6,111.5,31.5,0,0,0,0,0,0
32,32,11,203.3,1,25.3,6,91.9,4.40086768304,3,6,2,57.3,114.5,31.5,0,1,0,0,25.3,0
33,33,11,207.0,1,25.5,6,94.2,4.41878222632,3,6,2,59.0,116.5,31.5,0,1,0,0,25.5,0
34,34,11,194.2,0,0,8,128.2,4.00333951505,3,6,2,55.5,110.4,28.3,0,0,0,0,0,0
35,35,11,198.0,0,0,9,151.2,3.88870158279,3,6,2,55.7,110.4,31.9,0,0,0,0,0,0
36,36,11,195.4,0,0,8,128.6,3.77843161306,3,6,2,54.8,108.7,31.9,0,0,0,0,0,0
37,37,11,200.0,0,0,8,130.7,4.13541247805,3,6,2,56.0,112.1,31.9,0,0,0,0,0,0
38,38,12,209.6,0,0,9,142.5,4.02409410095,3,6,3,55.4,110.2,44.0,0,0,0,0,0,0
39,39,13,227.7,1,25.0,8,115.5,4.84060019589,4,6,3,70.8,116.0,40.9,0,1,0,0,25.0,0
40,40,13,226.1,0,0,8,114.2,4.75875710987,4,6,3,70.2,115.0,40.9,0,0,0,0,0,0
41,41,13,221.8,0,0,9,131.5,4.6525151731,4,6,3,67.9,113.0,40.9,0,0,0,0,0,0
42,42,13,216.5,0,0,9,127.0,4.71886557423,4,6,3,69.7,111.3,35.5,0,0,0,0,0,0
43,43,13,212.0,0,0,9,121.5,5.04107487521,4,6,3,69.3,107.2,35.5,0,0,0,0,0,0
44,44,13,212.6,0,0,9,122.9,5.04539648006,4,6,3,67.5,109.6,35.5,0,0,0,0,0,0
45,45,13,208.1,0,0,10,141.0,4.72166311421,4,6,3,66.1,106.5,35.5,0,0,0,0,0,0
46,46,13,210.0,0,0,9,122.9,4.71656926601,4,6,3,69.8,103.5,36.7,0,0,0,0,0,0
47,47,13,211.7,0,0,8,105.3,4.78676058761,4,6,3,68.4,106.6,36.7,0,0,0,0,0,0
48,48,13,209.4,0,0,11,163.9,4.65751391812,4,6,3,66.7,106.0,36.7,0,0,0,0,0,0
49,49,13,207.6,0,0,11,162.4,4.41915991552,4,6,3,67.5,103.4,36.7,0,0,0,0,0,0
50,50,13,212.7,1,25.7,11,163.9,4.92452002086,4,6,3,68.2,107.3,37.2,0,1,0,0,25.7,0
51,51,13,207.6,0,0,11,162.8,4.41161055538,4,6,3,69.2,101.1,37.3,0,0,0,0,0,0
52,52,13,208.4,0,0,10,142.1,4.47965486308,4,6,3,69.3,101.8,37.3,0,0,0,0,0,0
53,53,13,206.1,0,0,12,181.5,4.42899826609,4,6,3,67.9,101.8,36.4,0,0,0,0,0,0
54,54,13,204.7,0,0,11,158.8,4.46385770842,4,6,3,69.2,99.1,36.4,0,0,0,0,0,0
55,55,13,212.6,1,25.9,10,144.3,4.79715460536,4,6,3,68.5,106.0,38.1,0,1,0,0,25.9,0
56,56,13,219.5,2,52.3,10,146.0,5.29084841241,4,6,3,65.1,113.7,40.7,0,2,0,0,52.3,0
57,57,13,210.5,0,0,12,185.8,3.91140672445,4,6,3,65.5,101.5,43.5,0,0,0,0,0,0
58,58,13,209.1,0,0,12,186.4,3.58953250295,4,6,3,65.5,100.1,43.5,0,0,0,0,0,0
59,59,13,208.9,0,0,11,163.9,3.9451203225,4,6,3,62.3,103.1,43.5,0,0,0,0,0,0
60,60,13,211.5,0,0,11,167.0,4.0000801274,4,6,3,65.2,102.9,43.4,0,0,0,0,0,0
61,61,13,207.8,1,25.2,11,162.2,4.19142898342,4,6,3,65.3,99.1,43.4,0,1,0,0,25.2,0
62,62,12,199.5,0,0,10,155.1,3.57697815583,4,5,3,62.3,93.1,44.1,0,0,0,0,0,0
63,63,11,189.4,1,25.5,9,143.3,3.9178611976,3,5,3,47.6,94.0,47.8,0,1,0,0,25.5,0
64,64,10,180.7,1,25.1,9,155.6,3.37410070323,3,4,3,52.1,80.8,47.8,0,1,0,0,25.1,0
65,65,10,175.1,1,25.1,9,150.0,3.42878339292,3,4,3,51.7,78.8,44.6,0,1,0,0,25.1,0
66,66,10,185.1,1,25.5,8,134.7,4.02918519472,3,4,3,52.4,88.1,44.6,0,1,0,0,25.5,0
67,67,10,182.3,1,25.3,8,132.2,4.0939114684,3,4,3,50.5,87.2,44.6,0,1,0,0,25.3,0
68,68,10,181.1,1,26.4,7,111.9,4.52387493687,3,4,3,52.3,88.7,40.1,0,1,0,0,26.4,0
69,69,10,177.7,1,26.0,8,130.9,4.1915390968,3,4,3,54.7,82.9,40.1,0,1,0,0,26.0,0
70,70,10,180.8,1,27.3,7,112.6,4.4953803448,3,4,3,54.7,86.0,40.1,0,1,0,0,27.3,0
71,71,9,169.4,1,28.5,6,99.8,4.18950408097,3,4,2,50.5,88.3,30.6,0,1,0,0,28.5,0
72,72,10,183.2,1,27.6,7,114.4,4.0427713267,3,5,2,54.0,98.6,30.6,0,1,0,0,27.6,0
73,73,10,185.5,1,28.3,6,95.3,4.54807651651,3,5,2,54.0,103.9,27.6,0,1,0,0,28.3,0
74,74,10,179.4,1,27.9,8,129.9,4.49770311752,3,5,2,49.9,101.9,27.6,0,1,0,0,27.9,0
75,75,10,183.8,1,28.6,7,114.1,4.56138380563,3,5,2,52.7,103.3,27.8,0,1,0,0,28.6,0
76,76,11,201.7,1,28.2,7,109.4,4.52841533591,3,6,2,52.0,119.3,30.4,0,1,0,0,28.2,0
77,77,11,199.4,1,28.2,9,148.5,4.32483315495,3,6,2,55.1,113.9,30.4,0,1,0,0,28.2,0
78,78,12,208.2,1,26.9,10,160.1,3.7444504391,3,6,3,50.2,114.1,43.9,0,1,0,0,26.9,0
79,79,12,211.9,1,28.3,10,162.8,4.04058014136,3,6,3,54.1,115.5,42.3,0,1,0,0,28.3,0
80,80,12,218.3,1,27.9,10,168.9,3.88457516885,3,6,3,54.4,118.7,45.2,0,1,0,0,27.9,0
81,81,12,214.5,1,28.2,9,144.7,4.1429293545,3,6,3,51.5,117.9,45.1,0,1,0,0,28.2,0
82,82,12,212.5,1,27.4,10,164.2,3.70244595647,3,6,3,49.7,118.0,44.8,0,1,0,0,27.4,0
83,83,12,210.5,1,28.5,10,161.7,4.0915563461,3,6,3,48.5,120.1,41.9,0,1,0,0,28.5,0
84,84,12,207.6,1,27.9,10,157.7,4.16609693075,3,6,3,47.0,117.1,43.5,0,1,0,0,27.9,0
85,85,12,209.5,1,28.4,10,158.3,4.38291275779,3,6,3,47.0,119.0,43.5,0,1,0,0,28.4,0
86,86,12,202.3,1,29.1,10,152.2,4.50423201674,3,6,3,45.3,116.9,40.1,0,1,0,0,29.1,0
87,87,12,208.0,1,29.6,10,156.8,4.68330367725,3,6,3,47.1,120.8,40.1,0,1,0,0,29.6,0
88,88,12,207.4,1,29.1,10,156.2,4.63049836967,3,6,3,47.1,120.2,40.1,0,1,0,0,29.1,0
89,89,12,208.4,1,30.0,10,157.0,4.6962912511,3,6,3,48.2,120.0,40.2,0,1,0,0,30.0,0
90,90,12,207.2,1,29.3,10,156.9,4.60934492158,3,6,3,44.1,122.1,41.0,0,1,0,0,29.3,0
91,91,12,218.8,1,28.4,9,145.9,4.28471561236,3,6,3,46.8,124.2,47.8,0,1,0,0,28.4,0
92,92,12,221.8,1,26.6,8,127.5,4.33145647,3,6,3,46.6,127.8,47.4,0,1,0,0,26.6,0
93,93,12,215.8,1,25.8,9,145.6,3.8180988447,3,6,3,46.0,120.9,48.9,0,1,0,0,25.8,0
94,94,12,213.9,1,26.8,9,143.0,4.23494660265,3,6,3,46.9,123.5,43.5,0,1,0,0,26.8,0
95,95,12,217.9,1,26.5,8,126.4,4.10132092543,3,6,3,47.4,124.6,45.9,0,1,0,0,26.5,0
96,96,12,216.0,1,26.0,8,122.9,4.32056393626,3,6,3,44.9,124.8,46.3,0,1,0,0,26.0,0
97,97,12,222.3,1,26.4,8,128.1,4.21924702459,3,6,3,49.3,125.9,47.1,0,1,0,0,26.4,0
98,98,12,219.8,1,26.1,9,147.6,4.11556542748,3,6,3,48.4,124.3,47.1,0,1,0,0,26.1,0
99,99,12,216.1,1,25.1,8,124.2,4.06189797404,3,6,3,48.4,124.5,43.2,0,1,0,0,25.1,0
100,100,12,217.7,1,25.5,8,125.6,3.95346989902,3,6,3,47.0,124.7,46.0,0,1,0,0,25.5,0
101,101,12,216.6,1,25.1,9,145.1,3.93711938997,3,6,3,47.0,123.3,46.3,0,1,0,0,25.1,0
102,102,12,222.4,2,51.4,9,148.0,4.24356910959,3,6,3,47.3,126.5,48.6,0,2,0,0,51.4,0
103,103,12,226.7,2,51.0,7,112.3,4.19468458741,3,6,3,51.7,128.8,46.2,0,2,0,0,51.0,0
104,104,12,222.4,1,25.3,9,150.9,3.7717450346,3,6,3,48.7,127.0,46.7,0,1,0,0,25.3,0
105,105,12,227.0,2,51.0,8,134.2,3.82808600011,3,6,3,49.9,128.7,48.4,0,2,0,0,51.0,0
106,106,12,224.0,2,51.4,9,152.1,3.846210256,3,6,3,50.7,125.4,47.9,0,2,0,0,51.4,0
107,107,13,233.5,2,51.9,11,181.6,4.25098781884,3,7,3,48.3,138.7,46.5,0,2,0,0,51.9,0
108,108,13,238.8,2,51.9,10,165.7,4.18437263625,3,7,3,49.4,141.1,48.3,0,2,0,0,51.9,0
109,109,13,237.0,2,50.5,10,165.3,3.90776675681,3,7,3,50.6,139.4,47.0,0,2,0,0,50.5,0
110,110,13,237.7,1,25.1,9,146.7,3.9074386653,3,7,3,50.3,138.5,48.9,0,1,0,0,25.1,0
111,111,13,235.1,1,25.5,11,185.3,3.82640957771,3,7,3,51.9,134.3,48.9,0,1,0,0,25.5,0
112,112,13,237.8,1,26.1,10,167.9,3.55186841406,3,7,3,52.4,140.2,45.2,0,1,0,0,26.1,0
113,113,14,258.2,2,52.3,10,164.0,4.0767095113,3,7,4,51.4,146.4,60.4,0,2,0,0,52.3,0
114,114,14,250.2,1,26.7,10,159.1,3.81604478514,3,7,4,48.3,141.3,60.6,0,1,0,0,26.7,0
115,115,14,253.8,2,53.1,11,179.1,4.29497534182,3,7,4,47.7,143.7,62.4,0,2,0,0,53.1,0
116,116,13,243.8,2,53.9,10,169.5,4.18919550443,3,7,3,47.7,144.9,51.2,0,2,0,0,53.9,0
117,117,13,236.6,2,53.5,10,162.0,4.35124503255,3,7,3,48.5,142.6,45.5,0,2,0,0,53.5,0
118,118,13,236.5,2,53.4,10,162.1,4.62429481803,3,7,3,47.9,143.2,45.4,0,2,0,0,53.4,0
119,119,13,230.2,2,52.4,10,157.7,4.42972187586,3,7,3,46.0,138.7,45.5,0,2,0,0,52.4,0
120,120,13,241.2,2,54.5,8,125.5,4.68465854049,3,7,3,49.0,147.1,45.1,0,2,0,0,54.5,0
121,121,14,255.7,2,53.8,10,159.1,4.60828804236,4,7,3,64.5,145.2,46.0,0,2,0,0,53.8,0
122,122,14,251.9,2,56.0,10,154.4,4.87591636921,4,7,3,63.2,144.4,44.3,0,2,0,0,56.0,0
123,123,14,247.9,2,55.3,11,172.2,4.73943591024,4,7,3,61.8,141.8,44.3,0,2,0,0,55.3,0
124,124,14,250.7,2,53.1,11,176.6,4.41125558364,4,7,3,62.9,142.4,45.4,0,2,0,0,53.1,0
125,125,15,273.6,2,53.4,11,179.1,4.28665703917,5,7,3,83.4,145.9,44.3,0,2,0,0,53.4,0
126,126,15,272.3,2,51.4,11,179.3,4.04949144367,5,7,3,83.1,144.9,44.3,0,2,0,0,51.4,0
127,127,15,274.3,2,54.8,11,177.9,4.50806684363,5,7,3,81.4,148.6,44.3,0,2,0,0,54.8,0
128,128,15,271.5,2,55.9,11,173.5,4.74085586004,5,7,3,79.8,146.5,45.2,0,2,0,0,55.9,0
129,129,15,260.0,2,56.0,13,204.0,4.70617628634,5,7,3,73.2,141.6,45.2,0,2,0,0,56.0,0
130,130,15,266.7,2,58.1,13,208.6,5.08291255089,5,7,3,80.0,144.9,41.8,0,2,0,0,58.1,0
131,131,15,266.0,2,56.5,12,189.2,4.86410565361,5,7,3,78.7,145.5,41.8,0,2,0,0,56.5,0
132,132,15,268.2,2,57.0,12,190.9,4.83103065017,5,7,3,80.1,143.4,44.7,0,2,0,0,57.0,0
133,133,16,288.1,2,58.5,12,187.8,4.92388312209,5,7,4,79.7,146.9,61.5,0,2,0,0,58.5,0
134,134,16,288.2,2,57.5,14,230.7,4.68613202261,5,7,4,79.1,147.9,61.2,0,2,0,0,57.5,0
135,135,16,288.6,2,58.8,14,229.8,4.82685197618,5,7,4,81.7,146.3,60.6,0,2,0,0,58.8,0
136,136,16,291.7,2,58.3,13,212.8,4.68269420313,5,7,4,80.5,148.2,63.0,0,2,0,0,58.3,0
137,137,16,295.4,2,58.0,12,195.6,4.65229334128,5,7,4,82.3,148.7,64.4,0,2,0,0,58.0,0
138,138,16,290.8,2,53.4,12,195.6,4.00424774458,5,7,4,82.3,144.5,64.0,0,2,0,0,53.4,0
139,139,16,287.3,2,56.4,13,209.9,4.40060128467,5,7,4,82.3,141.3,63.7,0,2,0,0,56.4,0
140,140,16,290.5,2,55.9,12,192.8,4.44821593451,5,7,4,80.6,146.3,63.6,0,2,0,0,55.9,0
141,141,16,284.9,2,58.4,13,205.5,4.98109342079,5,7,4,79.7,145.4,59.8,0,2,0,0,58.4,0
142,142,16,288.0,2,58.1,12,187.2,5.07293471934,5,7,4,81.6,148.3,58.1,0,2,0,0,58.1,0
143,143,16,292.2,2,57.3,11,173.0,4.91323043764,5,7,4,85.8,148.3,58.1,0,2,0,0,57.3,0
144,144,16,291.0,2,58.5,12,190.4,5.02379338747,5,7,4,84.1,148.8,58.1,0,2,0,0,58.5,0
145,145,16,293.5,2,58.4,11,170.4,5.11702631744,5,7,4,84.6,150.6,58.3,0,2,0,0,58.4,0
146,146,16,292.9,2,58.8,11,170.6,5.11630970525,5,7,4,84.5,150.1,58.3,0,2,0,0,58.8,0
147,147,15,279.0,2,59.5,11,175.5,5.25234641443,4,7,4,71.0,149.7,58.3,0,2,0,0,59.5,0
148,148,14,259.2,2,59.7,9,133.7,6.00459530986,4,6,4,72.6,135.1,51.5,0,2,0,0,59.7,0
149,149,14,254.5,2,60.4,10,152.2,6.00668583541,4,6,4,71.7,131.6,51.2,0,2,0,0,60.4,0
150,150,14,250.3,2,58.7,11,170.4,5.60771152712,4,6,4,68.8,130.3,51.2,0,2,0,0,58.7,0
151,151,14,258.4,2,60.6,9,134.9,6.01392157808,4,6,4,73.9,133.3,51.2,0,2,0,0,60.6,0
152,152,15,273.9,2,60.3,10,149.7,5.8207510561,4,7,4,72.1,150.6,51.2,0,2,0,0,60.3,0
153,153,14,255.8,2,60.9,11,173.9,5.99120234131,4,6,4,72.6,132.0,51.2,0,2,0,0,60.9,0
154,154,14,254.1,2,60.1,10,151.8,5.89651135451,4,6,4,71.5,131.4,51.2,0,2,0,0,60.1,0
155,155,13,244.6,2,59.6,9,142.9,5.65093593337,3,6,4,58.6,132.4,53.6,0,2,0,0,59.6,0
156,156,13,240.2,2,59.6,10,160.5,5.61028131293,3,6,4,56.4,130.2,53.6,0,2,0,0,59.6,0
157,157,13,245.1,2,56.8,9,147.5,4.97788699895,3,6,4,59.1,129.5,56.5,0,2,0,0,56.8,0
158,158,13,244.3,2,58.2,8,124.7,5.4000712246,3,6,4,57.3,130.5,56.5,0,2,0,0,58.2,0
159,159,13,241.3,2,59.9,11,181.4,5.83245780975,3,6,4,58.0,129.8,53.5,0,2,0,0,59.9,0
160,160,13,243.6,2,59.8,9,141.3,5.89640264081,3,6,4,58.3,131.8,53.5,0,2,0,0,59.8,0
161,161,12,230.2,2,59.0,7,108.3,5.88724867571,3,6,3,60.4,130.3,39.5,0,2,0,0,59.0,0
162,162,11,221.9,2,59.9,7,118.9,5.55591412984,3,6,2,60.1,131.4,30.4,0,2,0,0,59.9,0
163,163,11,219.6,2,59.5,8,139.3,5.40171689878,3,6,2,58.1,131.1,30.4,0,2,0,0,59.5,0
164,164,11,218.4,2,60.6,8,136.3,5.82500877877,3,6,2,58.4,131.5,28.5,0,2,0,0,60.6,0
165,165,11,212.8,2,60.2,9,152.6,5.80144182706,3,6,2,56.5,128.4,27.9,0,2,0,0,60.2,0
166,166,11,220.8,2,59.8,7,120.1,5.53608000468,3,6,2,57.7,132.9,30.2,0,2,0,0,59.8,0
167,167,11,225.0,2,59.8,7,122.3,5.24468562192,3,6,2,59.5,132.4,33.1,0,2,0,0,59.8,0
168,168,11,224.9,2,60.5,6,101.6,5.44047123627,3,6,2,57.6,134.9,32.4,0,2,0,0,60.5,0
169,169,11,225.2,2,60.0,6,101.9,5.2672746101,3,6,2,60.3,131.2,33.7,0,2,0,0,60.0,0
170,170,11,227.0,2,60.5,6,104.3,5.26256073167,3,6,2,60.1,132.0,34.9,0,2,0,0,60.5,0
171,171,11,227.4,2,60.5,7,123.9,5.24463362097,3,6,2,59.2,133.2,35.0,0,2,0,0,60.5,0
172,172,11,230.1,2,61.9,6,106.0,5.42011405449,3,6,2,56.7,136.6,36.8,0,2,0,0,61.9,0
173,173,11,223.9,2,60.4,7,122.9,5.21293844897,3,6,2,55.3,131.8,36.8,0,2,0,0,60.4,0
174,174,11,220.8,2,58.9,7,121.3,5.00561502896,3,6,2,52.4,131.6,36.8,0,2,0,0,58.9,0
175,175,13,248.1,2,58.2,8,124.9,5.52280818573,3,6,4,59.7,130.3,58.1,0,2,0,0,58.2,0
176,176,13,248.6,2,60.4,10,165.3,5.77049302431,3,6,4,53.4,136.7,58.5,0,2,0,0,60.4,0
177,177,13,256.9,2,60.9,7,109.9,5.82115945804,3,6,4,58.2,140.2,58.5,0,2,0,0,60.9,0
178,178,13,256.0,2,61.3,7,108.5,6.07075798925,3,6,4,57.6,139.7,58.7,0,2,0,0,61.3,0
179,179,13,260.0,2,59.8,7,112.7,5.72392639133,3,6,4,58.6,139.3,62.1,0,2,0,0,59.8,0
180,180,13,260.2,2,59.7,7,113.5,5.4160019316,3,6,4,56.2,142.9,61.1,0,2,0,0,59.7,0
181,181,14,286.7,3,85.6,7,116.3,5.31444744525,4,6,4,82.0,143.7,61.0,1,2,0,25.8,59.8,0
182,182,14,282.7,3,85.4,7,110.6,5.62377703433,4,6,4,77.9,142.2,62.6,1,2,0,25.8,59.6,0
183,183,14,281.3,3,88.9,7,107.1,6.37138606895,4,6,4,79.7,145.9,55.7,1,2,0,25.8,63.1,0
184,184,14,283.8,3,88.8,7,110.7,6.2987701573,4,6,4,83.4,146.7,53.7,1,2,0,25.8,63.0,0
185,185,14,282.8,3,89.7,8,123.5,6.73829469411,4,6,4,81.9,146.8,54.1,1,2,0,25.8,63.9,0
186,186,14,281.8,3,90.3,9,146.0,6.56710082052,4,6,4,81.8,144.6,55.4,1,2,0,25.8,64.5,0
187,187,14,282.3,3,89.5,8,125.3,6.4647692734,4,6,4,78.9,145.7,57.7,1,2,0,25.8,63.7,0
188,188,14,284.2,3,89.8,7,108.1,6.36541134087,4,6,4,82.6,144.2,57.4,1,2,0,25.8,64.0,0
189,189,13,272.5,3,89.7,7,113.9,6.46587690128,4,6,3,82.2,147.9,42.4,1,2,0,25.8,63.9,0
190,190,13,267.5,3,89.2,6,93.0,6.38424543259,4,6,3,81.6,144.9,41.0,1,2,0,25.8,63.4,0
191,191,13,268.1,3,89.0,7,111.8,6.36057568754,4,6,3,80.2,145.3,42.6,1,2,0,25.8,63.2,0
192,192,13,265.7,3,89.5,8,130.9,6.40904809125,4,6,3,77.7,145.0,43.0,1,2,0,25.8,63.7,0
193,193,13,274.2,3,89.2,5,75.3,6.30838879832,4,6,3,83.1,148.3,42.8,1,2,0,25.8,63.4,0
194,194,13,270.6,3,89.3,6,93.7,6.49818515098,4,6,3,80.1,146.7,43.8,1,2,0,25.8,63.5,0
195,195,13,271.3,3,88.4,5,75.2,6.31432031383,4,6,3,80.8,145.7,44.8,1,2,0,25.8,62.6,0
196,196,13,267.8,3,87.9,7,110.3,6.3617345643,4,6,3,80.4,145.1,42.3,1,2,0,25.8,62.1,0
197,197,13,267.3,3,88.3,7,110.4,6.40982819083,4,6,3,78.2,146.4,42.7,1,2,0,25.8,62.5,0
198,198,13,266.4,3,87.3,6,91.1,6.27049460283,4,6,3,78.2,143.2,45.0,1,2,0,25.8,61.5,0
199,199,13,263.7,3,86.3,7,108.9,6.16628550451,4,6,3,79.6,141.0,43.1,1,2,0,25.8,60.5,0
200,200,13,267.3,3,86.5,7,113.5,5.95826295458,4,6,3,82.6,141.0,43.7,1,2,0,25.8,60.7,0
201,201,13,269.9,3,86.8,6,94.6,6.01602560687,4,6,3,82.0,142.8,45.1,1,2,0,25.8,61.0,0
202,202,13,266.8,3,87.6,6,92.0,6.16956965627,4,6,3,78.1,143.8,44.9,1,2,0,25.8,61.8,0
203,203,12,251.5,3,88.1,7,118.5,5.98064428474,4,6,2,78.1,141.0,32.4,1,2,0,25.8,62.3,0
204,204,13,267.4,3,86.1,7,115.0,5.5909725772,4,7,2,75.8,157.5,34.1,1,2,0,25.8,60.3,0
205,205,12,243.3,2,60.0,8,138.1,5.38535471947,3,7,2,54.6,155.7,33.0,0,2,0,0,60.0,0
206,206,11,232.4,2,60.3,6,104.3,5.31000770415,3,7,1,52.6,158.5,21.3,0,2,0,0,60.3,0
207,207,11,235.9,2,61.1,5,85.7,5.4386328496,3,7,1,55.5,159.1,21.3,0,2,0,0,61.1,0
208,208,11,237.1,2,62.0,6,107.1,5.46065264165,3,7,1,55.6,161.5,20.0,0,2,0,0,62.0,0
209,209,11,234.6,2,61.3,4,67.4,5.21499585984,3,7,1,56.3,157.2,21.1,0,2,0,0,61.3,0
210,210,11,233.6,2,61.1,4,67.3,5.16377240538,3,7,1,56.5,156.6,20.5,0,2,0,0,61.1,0
211,211,11,231.3,2,61.3,6,104.6,5.39612655691,3,7,1,53.6,157.6,20.1,0,2,0,0,61.3,0
212,212,11,232.2,2,61.8,6,105.3,5.42465750909,3,7,1,54.1,157.6,20.5,0,2,0,0,61.8,0
213,213,11,231.4,2,61.1,7,125.9,5.3028808637,3,7,1,54.5,157.0,19.9,0,2,0,0,61.1,0
214,214,11,232.9,2,61.5,6,105.6,5.37291185654,3,7,1,55.4,157.1,20.4,0,2,0,0,61.5,0
215,215,11,234.9,2,61.7,7,128.6,5.22156368081,3,7,1,57.1,158.8,19.0,0,2,0,0,61.7,0
216,216,11,223.5,2,61.0,8,139.9,5.71030965567,3,7,1,50.3,154.3,18.9,0,2,0,0,61.0,0
217,217,11,226.8,2,60.9,7,122.3,5.56665396478,3,7,1,51.9,154.7,20.2,0,2,0,0,60.9,0
218,218,12,242.0,3,85.4,8,136.2,5.83038020487,4,7,1,68.4,154.2,19.4,0,3,0,0,85.4,0
219,219,12,247.1,2,60.7,8,141.5,5.46833169396,4,7,1,68.5,159.0,19.6,0,2,0,0,60.7,0
220,220,12,241.3,2,61.0,9,157.8,5.50131526973,4,7,1,66.9,156.4,18.0,0,2,0,0,61.0,0
221,221,12,248.9,2,61.3,8,143.9,5.0185942134,4,7,1,71.5,158.9,18.5,0,2,0,0,61.3,0
222,222,12,248.7,2,60.9,7,122.5,4.99219845905,4,7,1,68.7,162.1,17.9,0,2,0,0,60.9,0
223,223,12,241.6,2,58.4,8,139.6,4.73868668675,4,7,1,67.8,154.3,19.5,0,2,0,0,58.4,0
224,224,12,241.8,2,58.1,8,139.8,4.68566479226,4,7,1,68.6,153.9,19.3,0,2,0,0,58.1,0
225,225,12,241.6,2,59.9,7,121.1,4.83985975254,4,7,1,69.6,151.7,20.3,0,2,0,0,59.9,0
226,226,12,245.5,2,60.7,7,118.9,5.38541098851,4,7,1,67.6,158.4,19.5,0,2,0,0,60.7,0
227,227,14,275.6,2,59.9,9,150.2,5.2630580673,5,7,2,87.9,157.4,30.3,0,2,0,0,59.9,0
228,228,14,273.9,2,59.1,9,148.5,5.32217525553,5,7,2,82.6,158.3,33.0,0,2,0,0,59.1,0
229,229,14,270.6,2,59.3,9,144.7,5.50278650691,5,7,2,77.9,160.6,32.1,0,2,0,0,59.3,0
230,230,14,274.1,2,60.0,10,169.1,5.37346451362,5,7,2,84.4,158.1,31.6,0,2,0,0,60.0,0
231,231,14,277.5,2,60.8,9,149.9,5.5356437429,5,7,2,85.0,159.2,33.3,0,2,0,0,60.8,0
232,232,14,270.4,2,59.7,9,145.9,5.36697266663,5,7,2,82.4,157.6,30.4,0,2,0,0,59.7,0
233,233,14,267.3,2,59.9,10,165.1,5.30449218707,5,7,2,82.7,154.2,30.4,0,2,0,0,59.9,0
234,234,14,265.3,2,60.2,9,138.2,5.85382846454,5,7,2,80.1,155.9,29.3,0,2,0,0,60.2,0
235,235,14,266.1,2,59.9,9,141.7,5.64412073764,5,7,2,80.6,155.9,29.6,0,2,0,0,59.9,0
236,236,14,260.1,2,57.3,10,162.0,5.14769232411,5,7,2,80.3,148.2,31.6,0,2,0,0,57.3,0
237,237,14,264.8,2,57.8,9,141.8,5.31222930791,5,7,2,78.1,156.9,29.8,0,2,0,0,57.8,0
238,238,14,267.1,2,58.3,9,143.9,5.4343888725,5,7,2,77.8,157.1,32.2,0,2,0,0,58.3,0
239,239,14,262.9,2,55.6,9,143.8,5.02917313458,5,7,2,78.5,154.1,30.3,0,2,0,0,55.6,0
240,240,14,263.9,2,58.5,9,143.0,5.44521667295,5,7,2,78.5,154.9,30.5,0,2,0,0,58.5,0
241,241,14,263.5,2,59.9,10,160.6,5.72836109888,5,7,2,76.1,156.2,31.2,0,2,0,0,59.9,0
242,242,14,259.8,2,59.6,10,157.7,5.6472885646,5,7,2,76.1,155.1,28.6,0,2,0,0,59.6,0
243,243,14,262.9,2,59.2,9,141.8,5.51252818886,5,7,2,76.9,154.6,31.4,0,2,0,0,59.2,0
244,244,14,263.5,2,60.0,8,119.6,5.78754346339,5,7,2,74.4,157.3,31.8,0,2,0,0,60.0,0
245,245,14,261.7,2,58.8,8,119.0,5.64534720411,5,7,2,73.6,158.1,30.0,0,2,0,0,58.8,0
246,246,14,259.9,2,59.4,10,158.0,5.67811007871,5,7,2,74.0,155.7,30.2,0,2,0,0,59.4,0
247,247,14,260.9,2,59.3,11,180.1,5.61078729466,5,7,2,75.7,154.3,30.9,0,2,0,0,59.3,0
248,248,14,263.5,2,58.8,9,140.7,5.63125598389,5,7,2,75.4,157.5,30.6,0,2,0,0,58.8,0
249,249,14,257.6,2,59.4,10,157.2,5.62986541716,5,7,2,73.7,152.2,31.7,0,2,0,0,59.4,0
250,250,13,245.7,2,60.6,8,123.0,6.1837151724,4,7,2,59.0,155.3,31.4,0,2,0,0,60.6,0
251,251,13,243.9,2,59.6,8,121.4,6.17218741095,4,7,2,57.6,154.8,31.5,0,2,0,0,59.6,0
252,252,14,258.3,2,60.0,10,155.2,6.0292555989,4,7,3,56.5,155.1,46.7,0,2,0,0,60.0,0
253,253,14,261.1,2,59.4,9,137.0,5.95092106639,4,7,3,56.5,156.8,47.8,0,2,0,0,59.4,0
254,254,14,262.8,2,60.0,7,97.7,6.08496616152,4,7,3,55.6,159.8,47.4,0,2,0,0,60.0,0
255,255,14,258.1,2,59.6,9,136.1,5.87505903641,4,7,3,56.8,155.0,46.3,0,2,0,0,59.6,0
256,256,14,260.5,2,61.6,9,134.5,6.35748671746,4,7,3,55.5,160.3,44.7,0,2,0,0,61.6,0
257,257,14,254.2,2,59.1,10,151.8,5.98391617148,4,7,3,54.6,156.5,43.1,0,2,0,0,59.1,0
258,258,14,255.2,2,60.6,10,153.4,6.03253085955,4,7,3,54.6,152.6,48.0,0,2,0,0,60.6,0
259,259,14,257.9,2,59.9,10,155.5,5.96827234007,4,7,3,56.2,155.6,46.1,0,2,0,0,59.9,0
260,260,14,259.0,2,60.1,10,155.6,6.03617301072,4,7,3,56.2,154.1,48.7,0,2,0,0,60.1,0
261,261,14,258.0,2,61.3,9,133.9,6.2201197826,4,7,3,56.6,154.8,46.6,0,2,0,0,61.3,0
262,262,14,253.6,2,60.6,10,150.6,6.22004911468,4,7,3,55.5,150.0,48.1,0,2,0,0,60.6,0
263,263,14,254.5,2,60.3,10,152.2,6.11758858619,4,7,3,55.5,150.5,48.5,0,2,0,0,60.3,0
264,264,14,255.4,2,59.4,9,133.9,6.06004751006,4,7,3,54.6,152.7,48.1,0,2,0,0,59.4,0
265,265,14,248.4,2,60.1,10,147.5,6.24607129269,4,7,3,52.1,149.9,46.4,0,2,0,0,60.1,0
266,266,14,250.6,2,60.9,12,189.7,6.2076875417,4,7,3,55.8,147.8,47.0,0,2,0,0,60.9,0
267,267,14,259.4,2,60.8,11,176.8,5.94208310682,4,7,3,61.1,149.4,48.9,0,2,0,0,60.8,0
268,268,14,259.1,2,60.4,10,158.2,5.85576169725,4,7,3,61.1,150.7,47.3,0,2,0,0,60.4,0
269,269,14,257.8,2,60.6,12,197.2,5.72992913674,4,7,3,59.6,150.2,48.0,0,2,0,0,60.6,0
270,270,14,258.3,2,60.6,10,157.0,5.70367627736,4,7,3,60.8,147.9,49.6,0,2,0,0,60.6,0
271,271,14,257.3,2,60.2,11,176.9,5.57758957745,4,7,3,60.5,148.3,48.5,0,2,0,0,60.2,0
272,272,14,257.9,2,60.7,12,197.2,5.65551855358,4,7,3,62.1,147.8,48.0,0,2,0,0,60.7,0
273,273,14,257.1,2,60.4,12,196.7,5.61352859587,4,7,3,62.6,146.0,48.5,0,2,0,0,60.4,0
274,274,14,256.5,2,60.0,12,196.5,5.60524185595,4,7,3,62.1,147.4,47.0,0,2,0,0,60.0,0
275,275,14,254.6,2,59.5,12,195.1,5.51443659761,4,7,3,62.6,144.6,47.4,0,2,0,0,59.5,0
276,276,14,256.5,2,60.0,12,196.5,5.58998810669,4,7,3,63.6,147.5,45.4,0,2,0,0,60.0,0
277,277,14,257.7,2,59.5,12,198.2,5.41628091047,4,7,3,62.4,147.6,47.7,0,2,0,0,59.5,0
278,278,14,257.4,2,60.2,12,197.2,5.47003827055,4,7,3,61.3,148.9,47.2,0,2,0,0,60.2,0
279,279,14,264.4,2,60.2,9,141.9,5.59365810441,4,7,3,66.3,151.6,46.5,0,2,0,0,60.2,0
280,280,14,263.0,2,60.0,10,162.5,5.45821288629,4,7,3,65.4,151.0,46.6,0,2,0,0,60.0,0
281,281,14,266.5,2,59.7,10,166.0,5.16416753927,4,7,3,69.9,150.3,46.3,0,2,0,0,59.7,0
282,282,14,262.7,2,60.2,11,181.4,5.32390937085,4,7,3,68.7,147.8,46.2,0,2,0,0,60.2,0
283,283,14,260.9,2,59.7,11,180.5,5.34165159461,4,7,3,67.1,148.2,45.6,0,2,0,0,59.7,0
284,284,14,260.8,2,59.4,11,181.2,5.47152468857,4,7,3,65.2,148.8,46.8,0,2,0,0,59.4,0
285,285,14,263.1,2,59.4,10,163.2,5.4467300403,4,7,3,67.3,148.5,47.3,0,2,0,0,59.4,0
286,286,14,253.4,2,57.1,12,196.3,5.07209560696,4,7,3,65.7,142.3,45.4,0,2,0,0,57.1,0
287,287,15,268.6,2,58.8,11,169.3,5.46514496823,5,7,3,75.9,145.6,47.1,0,2,0,0,58.8,0
288,288,15,277.6,2,58.4,11,176.0,5.412085242,5,7,3,80.1,147.7,49.8,0,2,0,0,58.4,0
289,289,15,268.9,2,59.0,11,169.5,5.32895951606,5,7,3,79.7,143.0,46.2,0,2,0,0,59.0,0
290,290,15,277.3,2,57.6,11,178.7,5.08932589792,5,7,3,84.2,146.9,46.2,0,2,0,0,57.6,0
291,291,15,271.8,2,58.2,10,152.5,5.40372887128,5,7,3,79.5,146.8,45.5,0,2,0,0,58.2,0
292,292,15,269.1,2,57.3,12,191.7,5.21820987367,5,7,3,76.6,145.8,46.7,0,2,0,0,57.3,0
293,293,15,275.0,2,58.6,10,154.7,5.40418708922,5,7,3,77.8,148.8,48.4,0,2,0,0,58.6,0
294,294,15,274.1,2,58.0,10,153.6,5.37792666723,5,7,3,78.3,147.7,48.1,0,2,0,0,58.0,0
295,295,15,272.4,2,59.1,11,172.6,5.47667782511,5,7,3,77.2,147.0,48.2,0,2,0,0,59.1,0
296,296,15,274.2,2,58.2,11,175.2,5.34030496721,5,7,3,78.1,146.2,49.9,0,2,0,0,58.2,0
297,297,15,272.6,2,57.2,11,173.5,5.25961251515,5,7,3,77.2,145.8,49.6,0,2,0,0,57.2,0
298,298,15,273.1,2,58.3,12,192.7,5.43670943897,5,7,3,78.9,145.2,49.0,0,2,0,0,58.3,0
299,299,15,281.3,2,58.7,9,138.0,5.55336020116,5,7,3,78.3,150.7,52.3,0,2,0,0,58.7,0
300,300,15,275.2,2,59.0,12,195.2,5.45106367951,5,7,3,78.3,146.8,50.1,0,2,0,0,59.0,0
301,301,15,284.2,2,56.4,9,144.2,4.94554152266,5,7,3,80.0,152.3,51.9,0,2,0,0,56.4,0
302,302,15,286.0,2,58.3,9,143.7,5.2009156703,5,7,3,80.0,153.3,52.7,0,2,0,0,58.3,0
303,303,15,285.0,2,58.6,10,161.7,5.28434345158,5,7,3,79.6,153.0,52.4,0,2,0,0,58.6,0
304,304,15,290.3,2,59.9,8,122.4,5.57031246452,5,7,3,81.1,156.3,52.9,0,2,0,0,59.9,0
305,305,15,284.9,2,57.0,10,162.1,4.97486061063,5,7,3,82.1,150.7,52.1,0,2,0,0,57.0,0
306,306,15,290.8,2,59.1,9,147.6,5.01780638849,5,7,3,81.2,158.2,51.4,0,2,0,0,59.1,0
307,307,14,281.0,2,58.9,8,135.7,4.87638399627,4,7,3,69.2,159.8,52.0,0,2,0,0,58.9,0
308,308,14,264.2,2,57.4,9,145.4,5.00175793273,4,7,3,67.9,145.5,50.8,0,2,0,0,57.4,0
309,309,14,256.1,2,52.1,11,183.1,4.15959766651,4,7,3,65.2,140.1,50.8,0,2,0,0,52.1,0
