,e_id,num_sat,sum_snr,num_sat_25,sum_snr_25,snr_std,elev_0_30,elev_30_60,elev_60_90,elev_0_30_25,elev_30_60_25,elev_60_90_25
1,1,15,269.7,1,25.4,3.90406381681,7,6,2,0,1,0
2,2,15,266.5,2,53.2,4.19500837164,7,6,2,1,1,0
3,3,15,293.8,3,86.3,5.72062267673,7,6,2,1,2,0
4,4,15,282.2,2,56.3,5.01396146014,7,6,2,1,1,0
5,5,15,275.8,2,54.9,4.62197648919,7,6,2,1,1,0
6,6,15,269.4,3,80.0,5.06215651392,7,6,2,1,2,0
7,7,15,283.7,3,80.8,5.07569371285,7,6,2,1,2,0
8,8,15,285.2,3,80.4,4.97032144213,7,6,2,1,2,0
9,9,15,273.9,2,53.6,4.56865094186,7,6,2,1,1,0
10,10,15,276.4,2,55.8,4.87756769985,7,6,2,1,1,0
11,11,15,280.9,2,56.0,5.00706167993,7,6,2,1,1,0
12,12,15,281.5,2,54.3,4.84748339225,7,6,2,1,1,0
13,13,16,293.5,3,83.4,5.3020711362,8,6,2,1,2,0
14,14,16,295.3,3,83.7,5.42672015739,8,6,2,1,2,0
15,15,15,292.6,4,117.0,6.76719678899,7,6,2,1,3,0
16,16,15,297.0,4,116.4,6.66997536941,7,6,2,1,3,0
17,17,15,300.3,4,116.4,6.74930684272,7,6,2,1,3,0
18,18,15,298.4,3,93.5,6.81494855516,7,6,2,1,2,0
19,19,14,259.6,2,60.7,5.88723708029,6,6,2,0,2,0
20,20,14,259.5,2,61.5,5.86063886552,6,6,2,0,2,0
21,21,13,249.8,2,62.8,6.24617831876,6,5,2,0,2,0
22,22,14,279.7,3,93.4,6.59978770887,7,5,2,1,2,0
23,23,13,251.2,2,62.2,6.07551833813,6,5,2,0,2,0
24,24,15,303.7,3,91.3,6.12720708534,8,5,2,1,2,0
25,25,15,298.2,3,91.2,6.1131240552,8,5,2,1,2,0
26,26,14,279.0,3,95.2,6.79948285041,7,5,2,1,2,0
27,27,14,282.2,3,93.6,6.68749858786,7,5,2,1,2,0
28,28,15,295.9,3,93.7,6.51596573992,7,6,2,1,2,0
29,29,15,297.3,3,92.6,6.35881839877,7,6,2,1,2,0
30,30,16,329.7,3,91.1,5.73323279951,8,6,2,1,2,0
31,31,16,321.7,3,90.3,5.7974096227,8,6,2,1,2,0
32,32,16,322.5,3,92.3,6.0160860754,8,6,2,1,2,0
33,33,16,319.6,3,91.8,6.10699052999,8,6,2,1,2,0
34,34,17,338.2,3,91.6,5.88509458168,9,6,2,1,2,0
35,35,17,336.3,3,92.6,6.03865002444,9,6,2,1,2,0
36,36,17,333.5,3,91.1,5.93519537317,9,6,2,1,2,0
37,37,17,332.2,3,91.3,6.0001102931,9,6,2,1,2,0
38,38,17,324.9,3,88.5,5.99717457985,9,6,2,1,2,0
39,39,16,306.7,3,90.3,6.37335272835,8,6,2,1,2,0
40,40,15,288.0,3,88.3,6.36631761696,7,6,2,1,2,0
41,41,15,288.8,3,90.2,6.59067161835,7,6,2,1,2,0
42,42,16,300.7,4,112.2,6.08237549537,8,6,2,1,3,0
43,43,17,320.0,4,111.9,5.95037072498,9,6,2,1,3,0
44,44,16,297.3,2,66.3,6.40252228943,8,6,2,1,1,0
45,45,16,279.3,1,28.3,4.33696802694,8,6,2,1,0,0
46,46,15,262.8,0,0,3.72696736158,7,6,2,0,0,0
47,47,14,246.7,0,0,3.89934483085,6,6,2,0,0,0
53,53,1,22.3,0,0,,0,1,0,0,0,0
54,54,1,21.7,0,0,,0,1,0,0,0,0
55,55,2,39.8,0,0,2.12132034356,0,2,0,0,0,0
56,56,2,41.6,0,0,2.96984848098,0,2,0,0,0,0
57,57,3,69.7,0,0,0.351188458428,0,3,0,0,0,0
58,58,3,70.1,1,26.9,3.1005375878,0,3,0,0,1,0
59,59,3,65.4,1,27.1,4.60325971459,0,3,0,0,1,0
60,60,4,94.0,2,53.2,4.08248290464,0,4,0,0,2,0
61,61,4,93.0,2,52.6,4.00458071047,0,4,0,0,2,0
62,62,4,95.3,2,54.0,3.81171439993,0,4,0,0,2,0
63,63,5,104.2,1,27.4,4.11983009358,1,4,0,0,1,0
64,64,6,128.6,1,26.1,2.64171661362,1,5,0,0,1,0
65,65,9,182.0,1,27.2,3.20927475365,3,6,0,0,1,0
66,66,9,169.9,0,0,2.91666666667,3,6,0,0,0,0
67,67,9,162.8,1,27.0,3.95993827112,3,6,0,0,1,0
68,68,9,166.4,2,51.7,4.31956144893,3,6,0,1,1,0
69,69,9,174.3,1,25.2,3.6609425016,3,6,0,0,1,0
70,70,9,162.0,0,0,2.05791156273,3,6,0,0,0,0
71,71,10,173.8,0,0,2.87123666736,4,6,0,0,0,0
72,72,11,183.7,0,0,2.73386173754,5,6,0,0,0,0
73,73,11,194.1,0,0,3.23955664756,5,6,0,0,0,0
74,74,11,195.1,0,0,3.41797388149,5,6,0,0,0,0
75,75,11,184.0,0,0,2.92133219922,5,6,0,0,0,0
76,76,11,191.0,0,0,2.55040103798,5,6,0,0,0,0
77,77,12,206.0,0,0,2.49557183585,6,6,0,0,0,0
78,78,12,220.2,0,0,3.19957383526,6,6,0,0,0,0
79,79,12,210.4,0,0,2.64758323187,6,6,0,0,0,0
