,e_id,num_sat,sum_snr,num_sat_25,sum_snr_25,snr_std,elev_0_30,elev_30_60,elev_60_90,elev_0_30_25,elev_30_60_25,elev_60_90_25
1,1,18,345.5,2,60.1,4.72807288466,8,7,3,0,2,0
2,2,18,360.2,2,64.5,5.27155394981,8,7,3,0,2,0
3,3,18,367.9,3,93.9,6.10728965484,8,7,3,1,2,0
4,4,18,374.2,3,92.9,5.89834362481,8,7,3,1,2,0
5,5,18,352.3,3,86.5,5.11857121098,8,7,3,1,2,0
6,6,18,342.0,2,61.1,4.97452332922,8,7,3,0,2,0
7,7,18,328.6,2,61.1,5.42545441005,8,7,3,0,2,0
8,8,18,342.3,2,61.4,5.54301362077,8,7,3,0,2,0
9,9,18,350.6,3,86.8,5.29900718288,8,7,3,1,2,0
10,10,18,367.3,4,114.4,5.39754543585,8,7,3,1,2,1
11,11,18,366.0,3,88.4,5.24684779317,8,7,3,1,2,0
12,12,18,353.1,2,64.9,5.79322626765,8,7,3,0,2,0
13,13,18,355.6,2,63.4,5.69201941031,8,7,3,0,2,0
14,14,18,367.2,3,87.1,5.31534958177,8,7,3,0,3,0
15,15,18,368.8,2,60.2,5.36402931177,8,7,3,0,2,0
16,16,18,377.4,4,112.8,5.20486198043,8,7,3,2,2,0
17,17,18,377.1,2,60.7,5.47187998664,8,7,3,0,2,0
18,18,18,384.4,4,111.6,5.04698188463,8,7,3,1,3,0
19,19,18,376.8,2,59.7,4.89453476729,8,7,3,0,2,0
20,20,18,374.8,2,60.1,4.97718979954,8,7,3,1,1,0
21,21,18,374.7,3,85.2,4.70847171409,8,7,3,1,2,0
22,22,18,377.0,3,85.4,4.69395383599,8,7,3,1,2,0
23,23,18,368.7,3,86.8,5.76696984355,8,7,3,1,2,0
24,24,18,359.6,1,37.1,5.26850303056,8,7,3,0,1,0
25,25,18,360.1,2,62.9,5.47545026053,8,7,3,0,2,0
26,26,18,362.8,2,62.5,5.42144133453,8,7,3,0,2,0
27,27,18,377.7,2,62.9,5.13250884644,8,7,3,0,2,0
28,28,18,383.9,2,64.4,4.95305081927,8,7,3,0,2,0
29,29,18,380.5,3,95.3,5.71717113192,8,7,3,1,2,0
30,30,18,362.3,2,61.0,5.18457049733,8,7,3,0,2,0
31,31,18,360.7,2,62.2,5.07799623391,8,7,3,0,2,0
32,32,18,369.4,2,62.4,5.34179475849,8,7,3,0,2,0
33,33,18,358.8,2,60.9,4.96232867537,8,7,3,0,2,0
34,34,18,357.5,2,57.5,4.72753372948,8,7,3,0,2,0
35,35,18,352.0,2,58.5,4.7857905146,8,7,3,0,2,0
36,36,18,359.8,2,58.0,4.83478679971,8,7,3,0,2,0
37,37,18,346.1,2,56.1,4.78979375161,8,7,3,0,2,0
38,38,11,331.5,10,308.7,4.83058438023,6,3,2,5,3,2
39,39,14,396.0,11,326.1,4.54581077525,8,3,3,5,3,3
40,40,16,447.1,13,380.5,4.99599422871,9,3,4,8,3,2
41,41,3,98.8,3,98.8,1.36137185711,2,1,0,2,1,0
42,42,15,442.2,13,394.7,4.71505188579,8,3,4,8,3,2
43,43,16,463.3,12,369.1,4.94246480345,9,3,4,7,3,2
44,44,16,465.3,15,447.5,5.26487970739,9,3,4,8,3,4
45,45,16,477.7,14,433.1,5.02247863775,9,3,4,8,3,3
46,46,16,480.5,15,460.9,5.11933833615,9,3,4,8,3,4
47,47,17,499.2,14,433.6,5.03201515008,10,3,4,8,3,3
48,48,17,486.2,14,422.8,4.75407719752,10,3,4,8,3,3
49,49,16,465.0,11,345.5,4.61820672267,9,3,4,6,3,2
50,50,16,460.2,13,392.6,4.01329042059,9,3,4,7,3,3
51,51,16,426.8,11,312.3,3.59953700726,9,3,4,5,3,3
52,52,16,425.5,10,300.1,5.27692697821,9,3,4,5,3,2
