,e_id,num_sat,sum_snr,num_sat_25,sum_snr_25,snr_std,elev_0_30,elev_30_60,elev_60_90,elev_0_30_25,elev_30_60_25,elev_60_90_25
1,1,11,188.2,0,0,5.1047927569,3,6,2,0,0,0
2,2,11,194.1,1,30.9,6.21841838997,3,6,2,0,0,1
3,3,11,198.9,1,30.9,6.10259259361,3,6,2,0,0,1
4,4,11,195.8,1,30.6,5.87196730236,3,6,2,0,0,1
5,5,11,195.8,1,29.3,5.82923665672,3,6,2,0,0,1
6,6,10,181.6,1,27.6,5.56780427498,2,6,2,0,0,1
7,7,10,182.6,1,27.1,5.56081528795,2,6,2,0,0,1
8,8,9,156.6,1,26.9,5.54008122684,2,5,2,0,0,1
9,9,8,142.2,1,28.0,5.28305917871,2,4,2,0,0,1
10,10,8,145.3,1,26.9,5.24647841073,2,4,2,0,0,1
11,11,9,162.3,1,27.6,5.27043641457,2,5,2,0,0,1
12,12,9,164.4,1,26.4,5.28157173576,2,5,2,0,0,1
13,13,9,165.4,1,25.8,5.63377710284,2,5,2,0,1,0
14,14,9,163.9,1,25.2,5.47367437021,2,5,2,0,1,0
15,15,9,165.9,2,51.5,5.88026359953,2,5,2,0,1,1
16,16,9,168.8,2,54.0,6.20264280592,2,5,2,0,1,1
17,17,10,191.7,1,30.3,6.02255944115,3,5,2,0,0,1
18,18,10,194.3,1,32.6,6.53691228503,3,5,2,0,0,1
19,19,10,192.1,1,33.7,6.65189196144,3,5,2,0,0,1
20,20,10,184.7,1,32.4,6.20556202128,3,5,2,0,0,1
21,21,10,186.6,1,32.6,6.32459045666,3,5,2,0,0,1
22,22,10,188.0,1,32.3,6.21324749583,3,5,2,0,0,1
23,23,10,190.3,2,57.5,6.33106099586,3,5,2,0,1,1
24,24,10,186.7,2,58.2,6.64664493477,3,5,2,0,1,1
25,25,8,159.7,2,58.7,6.80565678577,1,5,2,0,1,1
26,26,8,158.7,2,58.0,6.63560471999,1,5,2,0,1,1
27,27,8,159.4,2,58.8,6.69685427218,1,5,2,0,1,1
28,28,8,163.8,2,58.6,6.59323246107,1,5,2,0,1,1
29,29,8,161.8,2,57.9,6.33713545021,1,5,2,0,1,1
30,30,8,160.5,2,58.1,6.66289029948,1,5,2,0,1,1
31,31,8,159.1,2,57.8,6.52083200213,1,5,2,0,1,1
32,32,8,161.2,2,56.7,6.22460555262,1,5,2,0,1,1
33,33,8,157.7,2,54.9,5.7828409973,1,5,2,0,1,1
34,34,8,160.0,2,56.4,6.17460235851,1,5,2,0,1,1
35,35,8,159.7,2,57.0,6.42026646087,1,5,2,0,1,1
36,36,7,135.4,1,27.7,4.60393206685,1,4,2,0,0,1
37,37,7,137.9,1,26.6,4.35889894354,1,4,2,0,0,1
38,38,6,117.6,1,27.0,4.82742167207,1,3,2,0,0,1
39,39,6,113.0,1,29.3,5.63619256827,1,3,2,0,0,1
40,40,6,123.5,1,30.5,6.25057330704,1,3,2,0,0,1
41,41,6,129.1,2,57.2,6.44683384823,1,3,2,0,1,1
42,42,6,131.8,2,57.8,6.57986828642,1,3,2,0,1,1
43,43,6,129.4,2,56.9,6.45063304387,1,3,2,0,1,1
44,44,6,127.8,2,57.4,7.01113400243,1,3,2,0,1,1
45,45,6,129.8,2,58.8,7.28880420005,1,3,2,0,1,1
46,46,6,123.1,2,58.1,7.90681140958,1,3,2,0,1,1
47,47,6,123.9,2,57.5,7.72858331132,1,3,2,0,1,1
48,48,6,114.1,0,0,5.79807439299,1,3,2,0,0,0
49,49,6,106.8,0,0,4.8579831206,1,3,2,0,0,0
50,50,6,114.0,1,27.9,6.43676937601,1,3,2,0,0,1
51,51,6,110.7,1,26.2,6.05664923865,1,3,2,0,0,1
52,52,7,133.2,1,30.4,6.54184334005,1,4,2,0,0,1
53,53,7,127.3,1,25.9,5.39797140027,1,4,2,0,0,1
54,54,7,129.1,1,30.4,6.4430471939,1,4,2,0,0,1
55,55,8,143.1,1,31.3,6.83194962762,1,5,2,0,0,1
56,56,8,139.4,1,32.3,7.11813579126,1,5,2,0,0,1
57,57,8,138.1,1,31.5,6.64679031026,1,5,2,0,0,1
58,58,8,152.6,1,33.1,6.90005175964,1,5,2,0,0,1
59,59,9,166.6,1,33.3,6.82686685904,1,6,2,0,0,1
60,60,9,166.7,1,33.1,6.68389440704,1,6,2,0,0,1
61,61,9,166.0,1,33.0,6.58693994035,1,6,2,0,0,1
62,62,8,155.9,1,32.9,5.93306413247,0,6,2,0,0,1
63,63,8,154.6,1,33.0,6.04973435072,0,6,2,0,0,1
64,64,8,149.3,1,29.7,4.91846012488,0,6,2,0,0,1
