,e_id,num_sat,sum_snr,num_sat_25,sum_snr_25,num_sat_u20,sum_sat_u20,snr_std,elev_0_30,elev_30_60,elev_60_90,sum_elev_0_30,sum_elev_30_60,sum_elev_60_90,elev_0_30_25,elev_30_60_25,elev_60_90_25,sum_elev_0_30_25,sum_elev_30_60_25,sum_elev_60_90_25
1,1,14,282.3,5,141.3,7,98.3,7.53173870445,6,5,3,106.1,85.1,91.1,1,1,3,25.1,25.1,91.1
2,2,14,262.6,4,111.7,8,107.5,7.35293915966,6,5,3,95.0,81.0,86.6,1,0,3,25.1,0,86.6
3,3,14,253.8,3,88.7,9,119.4,7.71516275031,6,5,3,81.0,100.8,72.0,0,2,1,0,59.7,29.0
4,4,14,269.0,4,124.8,8,101.1,8.94873064852,6,5,3,77.6,101.3,90.1,0,1,3,0,34.7,90.1
5,5,14,278.5,4,125.3,7,89.6,8.80886479072,6,5,3,80.9,107.7,89.9,0,1,3,0,35.4,89.9
6,6,14,281.8,4,129.3,7,90.2,9.09255219916,6,5,3,81.3,105.3,95.2,0,1,3,0,34.1,95.2
7,7,14,276.6,4,121.4,7,92.6,8.19537527049,6,5,3,83.7,99.4,93.5,0,1,3,0,27.9,93.5
8,8,14,273.8,4,119.9,7,90.8,8.08985255031,6,5,3,83.1,97.9,92.8,0,1,3,0,27.1,92.8
9,9,14,269.0,4,116.5,7,89.9,7.83845129355,6,5,3,82.2,96.1,90.7,0,1,3,0,25.8,90.7
10,10,14,258.0,3,88.8,9,123.6,7.61783621322,6,5,3,81.7,87.5,88.8,0,0,3,0,0,88.8
11,11,13,239.5,2,60.1,7,91.4,6.96481081894,5,5,3,71.4,83.9,84.2,0,0,2,0,0,60.1
12,12,13,236.0,1,32.8,8,110.7,6.70144454385,5,5,3,71.1,83.6,81.3,0,0,1,0,0,32.8
13,13,13,251.3,4,111.9,7,96.1,7.18463460163,5,5,3,73.1,92.0,86.2,0,1,3,0,25.7,86.2
14,14,12,258.4,4,120.9,5,74.0,7.53710015774,5,4,3,75.8,91.7,90.9,0,1,3,0,30.0,90.9
15,15,12,261.3,4,120.0,4,53.7,7.46362390653,5,4,3,75.3,96.0,90.0,0,1,3,0,30.0,90.0
16,16,12,259.2,4,118.1,4,53.7,7.3740330645,5,4,3,75.3,93.1,90.8,0,1,3,0,27.3,90.8
17,17,12,242.7,3,82.8,4,53.7,6.14256757095,5,4,3,75.3,87.6,79.8,0,1,2,0,26.8,56.0
18,18,12,253.2,3,87.6,4,58.2,6.20454378954,5,4,3,79.8,85.8,87.6,0,0,3,0,0,87.6
19,19,12,248.0,3,89.4,5,71.0,6.72949185348,5,4,3,75.4,83.2,89.4,0,0,3,0,0,89.4
20,20,13,266.1,3,91.9,6,86.8,6.96495807781,5,5,3,75.4,98.8,91.9,0,0,3,0,0,91.9
21,21,13,266.9,3,89.5,5,67.6,6.7247533555,5,5,3,75.4,102.0,89.5,0,0,3,0,0,89.5
22,22,12,259.7,3,97.1,5,76.5,7.28141573813,4,5,3,64.3,98.3,97.1,0,0,3,0,0,97.1
23,23,12,255.0,3,90.1,5,76.4,6.47660124111,4,5,3,64.3,100.6,90.1,0,0,3,0,0,90.1
24,24,12,248.4,3,90.6,6,89.2,7.03045323768,4,5,3,64.3,93.5,90.6,0,0,3,0,0,90.6
25,25,12,249.3,3,93.5,5,68.2,7.40762813223,4,5,3,62.4,93.4,93.5,0,0,3,0,0,93.5
26,26,12,243.0,3,94.4,6,85.8,7.5039989339,4,5,3,62.4,86.2,94.4,0,0,3,0,0,94.4
27,27,11,220.2,3,93.3,6,86.4,7.70257335983,3,5,3,40.8,86.1,93.3,0,0,3,0,0,93.3
28,28,11,220.9,3,90.8,6,88.0,7.38265781163,3,5,3,40.8,89.3,90.8,0,0,3,0,0,90.8
29,29,11,222.5,3,91.8,6,84.8,7.63440775818,3,5,3,40.8,89.9,91.8,0,0,3,0,0,91.8
30,30,11,219.5,3,90.3,6,84.9,7.43819381791,3,5,3,40.8,88.4,90.3,0,0,3,0,0,90.3
31,31,10,221.9,4,128.3,5,71.9,9.06439309729,2,5,3,27.3,100.8,93.8,0,1,3,0,34.5,93.8
32,32,10,240.0,5,157.0,4,60.7,8.77230490426,2,5,3,27.3,120.9,91.8,0,2,3,0,65.2,91.8
33,33,10,234.2,5,149.2,3,41.0,7.88244181005,2,5,3,27.2,123.3,83.7,0,2,3,0,65.5,83.7
34,34,11,242.0,4,118.6,5,77.7,7.18080775401,2,6,3,27.2,134.0,80.8,0,2,2,0,61.2,57.4
35,35,11,242.3,4,119.9,4,56.8,7.26169276534,2,6,3,27.2,134.9,80.2,0,2,2,0,60.7,59.2
36,36,11,233.5,4,118.8,6,92.5,7.22067737946,2,6,3,28.6,128.1,76.8,0,2,2,0,60.4,58.4
37,37,11,232.6,4,116.7,6,94.9,6.95677563766,2,6,3,28.6,127.0,77.0,0,2,2,0,60.7,56.0
38,38,12,242.4,4,113.1,6,87.6,6.703052222,3,6,3,41.6,125.0,75.8,0,2,2,0,58.3,54.8
39,39,12,240.8,4,113.4,6,85.8,6.84627746673,3,6,3,40.0,124.0,76.8,0,2,2,0,57.6,55.8
40,40,12,238.4,4,112.5,6,82.4,7.00873913357,3,6,3,39.4,123.4,75.6,0,2,2,0,57.7,54.8
41,41,12,247.4,4,115.2,6,85.4,7.15056683492,3,6,3,42.8,120.8,83.8,0,1,3,0,31.4,83.8
42,42,11,235.8,4,117.1,5,71.1,7.37973884731,3,5,3,42.3,106.9,86.6,0,1,3,0,30.5,86.6
43,43,11,246.2,4,126.7,5,73.7,8.21545107487,3,5,3,42.3,107.7,96.2,0,1,3,0,30.5,96.2
44,44,11,239.9,4,127.9,6,90.4,8.54007664432,3,5,3,42.3,101.3,96.3,0,1,3,0,31.6,96.3
45,45,12,246.1,4,124.6,7,99.9,8.52605187681,4,5,3,51.6,97.4,97.1,0,1,3,0,27.5,97.1
46,46,12,251.7,3,95.3,5,68.6,7.70691837955,4,5,3,51.6,104.8,95.3,0,0,3,0,0,95.3
47,47,12,242.1,3,88.6,6,86.2,6.84292933021,4,5,3,51.6,101.9,88.6,0,0,3,0,0,88.6
48,48,12,238.8,4,115.5,7,101.7,7.41766932276,4,5,3,51.6,96.9,90.3,0,1,3,0,25.2,90.3
49,49,12,239.3,3,92.3,7,105.1,7.17881458097,4,5,3,53.8,93.2,92.3,0,0,3,0,0,92.3
50,50,12,238.0,3,89.5,7,105.1,6.7685547448,4,5,3,53.8,101.4,82.8,0,1,2,0,28.5,61.0
51,51,10,204.8,3,86.8,6,96.4,6.49457893597,2,5,3,25.5,101.8,77.5,0,1,2,0,28.9,57.9
52,52,10,199.6,2,59.9,5,76.2,6.19160722268,2,5,3,24.9,93.2,81.5,0,0,2,0,0,59.9
53,53,10,207.7,4,120.4,6,87.3,8.25268306539,2,5,3,25.0,92.8,89.9,0,1,3,0,30.5,89.9
54,54,10,196.6,3,82.1,6,90.6,6.35298704898,2,5,3,25.4,90.8,80.4,0,1,2,0,25.6,56.5
55,55,10,225.5,5,149.6,5,75.9,8.1841649272,2,5,3,25.3,107.2,93.0,0,2,3,0,56.6,93.0
56,56,10,219.1,5,143.2,5,75.9,7.46256583816,2,5,3,25.3,107.3,86.5,0,2,3,0,56.7,86.5
57,57,10,208.5,4,111.6,5,74.5,6.88948474126,2,5,3,25.3,103.8,79.4,0,2,2,0,54.6,57.0
58,58,10,208.6,5,137.6,5,71.0,7.4446401301,2,5,3,25.3,101.7,81.6,0,2,3,0,56.0,81.6
59,59,10,220.2,5,143.4,4,56.4,7.65677622908,2,5,3,25.3,108.4,86.5,0,2,3,0,56.9,86.5
60,60,11,229.5,5,139.7,5,69.4,7.50989650092,3,5,3,38.3,108.5,82.7,0,2,3,0,57.0,82.7
61,61,11,229.5,4,115.4,5,69.6,7.46220781368,3,5,3,38.5,111.0,80.0,0,2,2,0,59.5,55.9
62,62,11,223.9,5,144.4,6,79.5,8.25219530021,3,5,3,39.0,98.9,86.0,0,2,3,0,58.4,86.0
63,63,11,214.2,4,111.0,6,79.7,7.33676916757,3,5,3,39.2,89.3,85.7,0,1,3,0,25.3,85.7
64,64,10,203.6,3,89.9,5,67.4,7.73379308978,2,5,3,26.9,86.8,89.9,0,0,3,0,0,89.9
65,65,10,195.2,3,87.6,6,85.7,7.30780404773,2,5,3,26.9,80.7,87.6,0,0,3,0,0,87.6
66,66,10,191.4,3,85.0,7,106.4,6.9131436811,2,5,3,26.9,79.5,85.0,0,0,3,0,0,85.0
67,67,10,195.3,3,84.0,5,66.2,7.00445096587,2,5,3,26.9,84.4,84.0,0,0,3,0,0,84.0
68,68,10,202.8,4,112.9,5,65.1,7.86155200962,2,5,3,26.9,91.2,84.7,0,1,3,0,28.2,84.7
69,69,10,206.9,4,121.5,6,85.4,8.8027079167,2,5,3,27.9,98.9,80.1,0,2,2,0,60.5,61.0
70,70,9,191.6,4,121.1,5,70.5,9.04453487533,1,5,3,13.0,100.1,78.5,0,2,2,0,61.7,59.4
71,71,10,216.4,4,127.1,5,65.2,9.51410648575,2,5,3,25.1,103.1,88.2,0,2,2,0,63.0,64.1
72,72,11,246.0,5,156.1,5,69.4,8.9478793831,3,5,3,45.6,109.0,91.4,0,2,3,0,64.7,91.4
73,73,11,247.8,5,154.3,5,72.6,8.60117328149,3,5,3,46.0,113.5,88.3,0,2,3,0,66.0,88.3
74,74,11,237.3,4,120.8,5,72.0,7.86919194188,3,5,3,44.9,109.9,82.5,0,2,2,0,62.6,58.2
75,75,11,237.8,4,122.9,6,91.7,8.07586753009,3,5,3,44.4,111.2,82.2,0,2,2,0,63.9,59.0
76,76,10,223.2,5,153.0,5,70.2,9.07007288958,2,5,3,24.7,110.0,88.5,0,2,3,0,64.5,88.5
77,77,11,240.7,5,156.1,6,84.6,9.2218022297,3,5,3,39.3,108.8,92.6,0,2,3,0,63.5,92.6
78,78,11,250.1,5,159.2,6,90.9,8.9294202194,3,5,3,40.7,112.7,96.7,0,2,3,0,62.5,96.7
79,79,11,246.7,5,156.3,6,90.4,8.7251465213,3,5,3,40.2,113.3,93.2,0,2,3,0,63.1,93.2
80,80,11,242.5,5,152.3,6,90.2,8.29739279971,3,5,3,40.0,112.4,90.1,0,2,3,0,62.2,90.1
81,81,11,232.4,4,117.0,6,90.8,7.37605462413,3,5,3,41.0,105.6,85.8,0,1,3,0,31.2,85.8
82,82,10,222.1,4,124.2,5,76.3,8.02571561365,2,5,3,26.5,104.4,91.2,0,1,3,0,33.0,91.2
83,83,11,234.0,4,120.1,6,91.5,7.4981452252,2,6,3,26.5,123.7,83.8,0,2,2,0,58.7,61.4
84,84,11,244.9,5,161.1,6,83.8,9.70878702282,2,6,3,26.5,121.2,97.2,0,2,3,0,63.9,97.2
85,85,11,237.8,5,154.3,6,83.5,9.10426473493,2,6,3,26.5,122.9,88.4,0,2,3,0,65.9,88.4
86,86,11,222.8,3,94.6,6,81.9,8.21089077218,2,6,3,26.5,120.2,76.1,0,2,1,0,64.8,29.8
87,87,11,221.3,4,117.0,6,81.2,7.95145498407,2,6,3,26.5,116.8,78.0,0,2,2,0,62.1,54.9
88,88,11,226.1,4,120.7,6,83.1,8.25437624977,2,6,3,26.7,120.9,78.5,0,2,2,0,64.5,56.2
89,89,11,236.0,5,152.9,6,83.1,9.06745428843,2,6,3,26.7,119.6,89.7,0,2,3,0,63.2,89.7
90,90,11,240.2,5,154.4,5,64.5,9.18991542151,2,6,3,26.7,120.5,93.0,0,2,3,0,61.4,93.0
91,91,11,239.7,5,156.8,6,82.9,9.40472801791,2,6,3,26.7,120.9,92.1,0,2,3,0,64.7,92.1
92,92,11,236.7,4,129.5,6,82.6,9.3995551152,2,6,3,26.7,120.3,89.7,0,2,2,0,64.4,65.1
93,93,11,239.2,5,153.3,5,65.4,9.19014294082,2,6,3,26.7,124.1,88.4,0,2,3,0,64.9,88.4
94,94,11,237.9,5,151.1,5,65.4,8.93432604163,2,6,3,26.7,124.9,86.3,0,2,3,0,64.8,86.3
95,95,11,241.2,4,127.1,5,68.4,8.73041704721,2,6,3,26.7,129.2,85.3,0,2,2,0,66.1,61.0
96,96,11,248.0,4,131.3,5,70.9,9.07715413953,2,6,3,26.7,133.9,87.4,0,2,2,0,68.3,63.0
97,97,11,252.4,5,161.0,5,71.2,9.4672449674,2,6,3,26.7,134.4,91.3,0,2,3,0,69.7,91.3
98,98,12,259.3,4,130.1,6,84.6,8.88711614267,3,6,3,40.1,131.6,87.6,0,2,2,0,66.9,63.2
99,99,13,277.9,5,158.0,8,119.9,8.81449127348,4,6,3,55.5,130.5,91.9,0,2,3,0,66.1,91.9
100,100,13,271.8,5,157.4,8,114.4,8.99717192034,4,6,3,56.5,124.9,90.4,0,2,3,0,67.0,90.4
101,101,13,265.7,4,126.8,8,114.8,8.46714616046,4,6,3,56.9,121.8,87.0,0,2,2,0,63.9,62.9
102,102,13,257.7,4,121.3,8,113.6,7.98875812691,4,6,3,57.2,116.0,84.5,0,2,2,0,59.6,61.7
103,103,12,243.2,3,95.7,7,100.1,8.0227328526,4,5,3,55.5,104.0,83.7,0,1,2,0,34.5,61.2
104,104,11,227.7,4,119.2,6,84.2,8.08257384748,3,5,3,40.2,101.6,85.9,0,1,3,0,33.3,85.9
105,105,11,232.9,5,142.9,6,90.0,7.45561411409,3,5,3,43.8,105.0,84.1,0,2,3,0,58.8,84.1
106,106,11,234.2,4,119.9,6,89.7,7.69278292238,3,5,3,43.5,107.2,83.5,0,2,2,0,61.0,58.9
107,107,11,238.2,5,148.5,6,89.7,8.19626300656,3,5,3,43.5,107.6,87.1,0,2,3,0,61.4,87.1
108,108,11,238.6,5,148.9,6,89.7,8.08089778991,3,5,3,43.5,110.1,85.0,0,2,3,0,63.9,85.0
109,109,12,235.2,4,116.7,7,98.4,7.4573941342,3,6,3,45.3,114.6,75.3,0,2,2,0,61.5,55.2
110,110,11,249.1,5,156.1,6,93.0,8.38502995062,3,5,3,45.3,110.9,92.9,0,2,3,0,63.2,92.9
111,111,11,240.8,4,123.4,6,92.8,7.78735571879,3,5,3,45.2,111.6,84.0,0,2,2,0,64.0,59.4
112,112,11,238.6,4,124.0,6,94.5,7.80787481271,3,5,3,46.6,106.1,85.9,0,2,2,0,58.2,65.8
113,113,12,270.1,5,156.1,6,93.8,8.2174380362,4,5,3,68.6,109.3,92.2,0,2,3,0,63.9,92.2
114,114,13,268.5,4,123.0,7,101.8,7.69194550429,4,6,3,64.4,119.2,84.9,0,2,2,0,61.6,61.4
115,115,12,247.8,5,142.7,6,84.9,7.38444310696,3,6,3,50.4,110.8,86.6,0,2,3,0,56.1,86.6
116,116,12,254.7,5,146.3,6,88.2,7.51363911346,3,6,3,50.8,114.7,89.2,0,2,3,0,57.1,89.2
117,117,12,259.9,5,153.9,7,106.0,8.39691050688,3,6,3,46.3,125.7,87.9,0,2,3,0,66.0,87.9
118,118,12,263.1,5,153.2,6,88.3,8.45986513969,3,6,3,46.2,133.0,83.9,0,2,3,0,69.3,83.9
119,119,12,263.9,5,152.1,6,89.7,8.32918836309,3,6,3,46.4,134.8,82.7,0,2,3,0,69.4,82.7
120,120,12,265.7,5,154.3,6,89.8,8.53542972592,3,6,3,46.5,135.4,83.8,0,2,3,0,70.5,83.8
121,121,12,262.3,5,151.9,5,68.9,8.3178295173,3,6,3,49.9,128.9,83.5,0,2,3,0,68.4,83.5
122,122,12,266.2,5,157.0,6,87.8,8.56173658397,3,6,3,49.9,124.2,92.1,0,2,3,0,64.9,92.1
123,123,11,241.2,5,150.6,6,90.6,8.22363555966,2,6,3,28.5,121.8,90.9,0,2,3,0,59.7,90.9
124,124,11,241.8,5,150.8,5,68.9,8.42173594716,2,6,3,26.3,125.4,90.1,0,2,3,0,60.7,90.1
125,125,12,264.4,5,153.1,6,88.4,8.34955995937,3,6,3,44.3,127.9,92.2,0,2,3,0,60.9,92.2
126,126,12,259.8,5,150.4,6,88.2,8.13538846365,3,6,3,44.3,128.1,87.4,0,2,3,0,63.0,87.4
127,127,12,262.4,5,152.4,6,88.5,8.2405133703,3,6,3,44.3,130.3,87.8,0,2,3,0,64.6,87.8
128,128,12,264.8,5,153.0,6,89.9,8.20546750464,3,6,3,44.3,132.1,88.4,0,2,3,0,64.6,88.4
129,129,12,269.9,5,152.8,6,95.2,7.7761241027,3,6,3,44.3,137.1,88.5,0,2,3,0,64.3,88.5
130,130,12,264.7,5,147.2,5,75.4,7.40460033092,3,6,3,44.3,137.0,83.4,0,2,3,0,63.8,83.4
131,131,13,275.1,5,147.6,7,107.3,7.63888500388,4,6,3,60.0,130.9,84.2,0,2,3,0,63.4,84.2
132,132,13,274.8,5,143.7,7,107.3,7.0633488825,4,6,3,60.0,127.4,87.4,0,2,3,0,56.3,87.4
133,133,13,258.3,4,105.8,7,107.0,5.6895202808,4,6,3,58.9,119.2,80.2,0,1,3,0,25.6,80.2
134,134,14,276.5,4,112.7,8,121.5,6.41605558196,4,7,3,58.3,131.9,86.3,0,1,3,0,26.4,86.3
135,135,13,266.2,4,116.2,7,108.9,6.65546815861,3,7,3,46.5,131.2,88.5,0,1,3,0,27.7,88.5
136,136,13,264.8,4,112.8,8,127.7,6.38179502118,3,7,3,46.5,132.2,86.1,0,1,3,0,26.7,86.1
137,137,13,273.6,4,116.1,6,89.9,6.71945129017,3,7,3,46.5,137.3,89.8,0,1,3,0,26.3,89.8
138,138,13,278.9,4,120.0,6,89.9,7.09243909439,3,7,3,46.5,151.5,80.9,0,2,2,0,61.8,58.2
139,139,13,261.5,4,117.2,7,98.2,7.54606367075,3,7,3,45.3,137.2,79.0,0,2,2,0,60.6,56.6
140,140,13,259.7,4,118.1,7,98.2,7.55183794915,3,7,3,45.3,132.0,82.4,0,2,2,0,58.9,59.2
141,141,14,275.6,4,115.4,8,114.2,7.14001262042,4,7,3,61.3,131.8,82.5,0,2,2,0,57.3,58.1
142,142,14,281.2,4,117.9,8,115.8,7.31109348265,4,7,3,60.8,139.5,80.9,0,2,2,0,61.3,56.6
143,143,14,279.7,4,118.1,8,115.3,7.29775292828,4,7,3,60.3,137.8,81.6,0,2,2,0,60.4,57.7
144,144,15,286.1,4,115.8,10,148.6,6.82615418463,4,8,3,60.3,144.2,81.6,0,2,2,0,55.9,59.9
145,145,15,289.8,4,119.7,10,147.3,7.31556071477,4,8,3,59.8,145.2,84.8,0,2,2,0,57.7,62.0
146,146,15,291.8,5,145.0,10,146.8,7.35098308942,4,8,3,59.7,146.3,85.8,0,2,3,0,59.2,85.8
147,147,15,284.7,4,113.2,10,147.2,6.6574555414,4,8,3,59.6,141.0,84.1,0,2,2,0,53.4,59.8
148,148,15,283.3,3,88.6,10,150.7,6.46284619594,4,8,3,59.0,149.7,74.6,0,2,1,0,58.0,30.6
149,149,15,291.8,4,119.5,9,126.7,7.43484716594,4,8,3,52.5,156.3,83.0,0,2,2,0,60.8,58.7
150,150,14,277.8,4,119.8,8,113.6,7.50156027726,4,7,3,52.6,143.6,81.6,0,2,2,0,59.6,60.2
151,151,14,277.2,5,146.8,9,130.4,7.82097770791,4,7,3,51.4,136.8,89.0,0,2,3,0,57.8,89.0
152,152,14,267.5,4,117.8,9,124.9,7.65380390954,4,7,3,51.4,129.2,86.9,0,2,2,0,55.7,62.1
153,153,13,256.1,5,145.0,8,111.1,7.88976129761,4,6,3,51.4,114.6,90.1,0,2,3,0,54.9,90.1
154,154,12,243.0,4,119.6,7,100.9,7.57897810334,3,6,3,39.8,112.6,90.6,0,1,3,0,29.0,90.6
155,155,11,232.1,4,117.8,6,91.8,7.12909531427,2,6,3,26.6,124.3,81.2,0,2,2,0,59.1,58.7
156,156,11,233.9,4,118.1,5,74.8,7.00903313265,2,6,3,26.6,127.8,79.5,0,2,2,0,59.0,59.1
157,157,11,244.5,5,148.5,6,96.0,7.58064521121,2,6,3,26.6,125.7,92.2,0,2,3,0,56.3,92.2
158,158,12,256.9,5,147.7,6,88.2,7.69479851864,3,6,3,38.7,127.7,90.5,0,2,3,0,57.2,90.5
159,159,12,260.0,4,125.9,6,88.5,8.12564216577,3,6,3,39.0,125.5,95.5,0,1,3,0,30.4,95.5
160,160,12,259.6,5,148.8,6,88.7,7.9742008244,3,6,3,39.2,126.0,94.4,0,2,3,0,54.4,94.4
161,161,13,268.3,5,151.6,7,95.1,8.57812513136,4,6,3,50.2,122.2,95.9,0,2,3,0,55.7,95.9
162,162,13,267.4,5,151.5,7,95.4,8.37619490136,4,6,3,50.5,123.8,93.1,0,2,3,0,58.4,93.1
163,163,13,273.2,5,151.3,7,101.4,8.17219331573,4,6,3,57.5,120.8,94.9,0,2,3,0,56.4,94.9
164,164,13,268.5,5,148.7,8,119.8,7.82779400434,4,6,3,54.9,123.0,90.6,0,2,3,0,58.1,90.6
165,165,14,257.8,3,87.6,9,127.7,6.55753907204,4,7,3,54.9,130.2,72.7,0,2,1,0,57.4,30.2
166,166,14,257.6,3,88.3,9,124.7,6.90061312772,4,7,3,54.9,128.8,73.9,0,2,1,0,59.0,29.3
167,167,14,259.4,4,109.1,9,127.7,6.40653855555,4,7,3,57.2,126.8,75.4,0,2,2,0,56.3,52.8
168,168,13,261.1,5,142.4,8,118.7,7.44746558164,3,7,3,44.5,134.9,81.7,0,2,3,0,60.7,81.7
169,169,12,244.1,4,115.8,7,104.7,7.35829258028,2,7,3,26.6,138.9,78.6,0,2,2,0,60.8,55.0
170,170,12,237.9,4,114.8,7,101.7,7.07082674863,2,7,3,26.6,132.4,78.9,0,2,2,0,57.3,57.5
171,171,12,243.2,5,141.5,7,101.7,7.34851046543,2,7,3,26.6,131.2,85.4,0,2,3,0,56.1,85.4
172,172,13,261.3,4,118.0,8,118.9,7.22380324575,3,7,3,43.8,133.5,84.0,0,2,2,0,58.4,59.6
173,173,13,260.1,4,117.2,8,118.3,7.18557136889,3,7,3,43.4,132.6,84.1,0,2,2,0,57.7,59.5
174,174,12,239.1,4,112.4,7,102.2,6.88134830869,2,7,3,28.8,132.8,77.5,0,2,2,0,59.4,53.0
175,175,12,234.5,3,88.2,7,100.8,6.97964030505,2,7,3,28.8,134.6,71.1,0,2,1,0,62.6,25.6
176,176,12,247.1,5,143.1,7,104.0,7.30547221215,2,7,3,28.8,136.6,81.7,0,2,3,0,61.4,81.7
177,177,12,248.6,4,117.1,7,107.2,7.00244546028,3,6,3,47.2,118.8,82.6,0,2,2,0,58.8,58.3
178,178,12,246.6,4,117.0,7,104.7,7.14696375457,3,6,3,45.9,116.9,83.8,0,2,2,0,58.1,58.9
179,179,11,232.6,4,116.3,6,92.2,6.87522561613,2,6,3,32.6,116.7,83.3,0,2,2,0,57.1,59.2
180,180,10,218.3,5,142.2,5,76.1,7.12726377293,1,6,3,16.2,117.4,84.7,0,2,3,0,57.5,84.7
181,181,10,217.8,5,141.7,5,76.1,7.12956286645,1,6,3,16.2,116.5,85.1,0,2,3,0,56.6,85.1
182,182,11,220.6,3,87.2,6,87.1,7.00133753455,1,7,3,16.2,125.6,78.8,0,1,2,0,32.8,54.4
183,183,11,226.9,4,115.2,6,87.1,7.3213510924,1,7,3,16.2,131.7,79.0,0,2,2,0,60.8,54.4
184,184,11,236.8,4,125.9,6,86.6,8.70253881452,1,7,3,16.2,123.3,97.3,0,1,3,0,28.6,97.3
185,185,11,249.9,5,162.0,6,87.9,9.64352821138,1,7,3,16.2,131.8,101.9,0,2,3,0,60.1,101.9
186,186,11,238.0,5,149.4,6,88.6,8.09719367772,1,7,3,16.2,133.5,88.3,0,2,3,0,61.1,88.3
187,187,11,239.9,5,143.7,5,74.3,7.40181795851,1,7,3,16.2,138.5,85.2,0,2,3,0,58.5,85.2
188,188,11,235.7,5,146.2,6,89.5,7.94645718658,1,7,3,16.2,135.1,84.4,0,2,3,0,61.8,84.4
189,189,11,255.0,5,156.6,5,78.2,8.32103577469,1,7,3,16.2,146.7,92.1,0,2,3,0,64.5,92.1
190,190,11,255.4,5,156.7,6,98.7,8.04398137514,1,7,3,16.2,146.8,92.4,0,2,3,0,64.3,92.4
191,191,11,262.3,5,163.1,5,78.8,8.65140030704,1,7,3,16.2,148.1,98.0,0,2,3,0,65.1,98.0
192,192,11,257.2,5,157.9,6,99.3,8.19888018961,1,7,3,16.2,145.7,95.3,0,2,3,0,62.6,95.3
193,193,11,259.6,5,158.7,5,78.9,8.15058280125,1,7,3,16.2,146.5,96.9,0,2,3,0,61.8,96.9
194,194,11,263.6,5,159.6,5,82.8,7.9675934544,1,7,3,16.2,150.0,97.4,0,2,3,0,62.2,97.4
195,195,12,271.2,5,155.2,6,95.7,7.84833508691,2,7,3,29.5,146.9,94.8,0,2,3,0,60.4,94.8
196,196,12,269.8,5,154.0,6,95.5,7.77020338254,2,7,3,29.3,150.3,90.2,0,2,3,0,63.8,90.2
197,197,13,281.3,5,153.7,8,127.6,7.86315653979,2,8,3,29.1,161.9,90.3,0,2,3,0,63.4,90.3
198,198,12,263.5,5,156.3,6,87.1,8.59994274118,1,8,3,12.9,155.6,95.0,0,2,3,0,61.3,95.0
199,199,12,267.2,5,156.5,6,88.0,8.51291354177,2,7,3,26.8,145.7,94.7,0,2,3,0,61.8,94.7
200,200,13,277.3,5,157.6,7,98.6,8.74941756303,3,7,3,40.9,141.1,95.3,0,2,3,0,62.3,95.3
201,201,13,276.4,5,155.7,7,99.5,8.56412463532,3,7,3,41.8,140.1,94.5,0,2,3,0,61.2,94.5
202,202,14,290.0,5,155.8,8,113.0,8.4904341778,4,7,3,54.7,140.8,94.5,0,2,3,0,61.3,94.5
203,203,14,289.9,5,153.9,8,114.5,8.22495866585,4,7,3,55.2,141.6,93.1,0,2,3,0,60.8,93.1
204,204,14,280.9,5,147.1,9,133.8,7.60916523703,4,7,3,55.0,139.2,86.7,0,2,3,0,60.4,86.7
205,205,14,270.4,4,117.1,10,153.3,6.98193902347,4,7,3,54.9,136.6,78.9,0,2,2,0,57.8,59.3
206,206,13,259.9,4,120.1,8,115.6,7.63931296414,4,6,3,54.9,122.8,82.2,0,2,2,0,62.1,58.0
207,207,13,272.2,4,127.2,8,122.3,8.09017289283,4,6,3,54.9,122.8,94.5,0,1,3,0,32.7,94.5
208,208,13,268.9,4,123.1,7,101.5,7.78340608323,4,6,3,54.9,123.2,90.8,0,1,3,0,32.3,90.8
209,209,13,259.0,3,94.0,8,119.2,7.34633172023,4,6,3,54.9,119.5,84.6,0,1,2,0,30.6,63.4
210,210,13,252.6,3,88.1,8,118.1,6.69071304314,4,6,3,53.8,119.5,79.3,0,1,2,0,31.6,56.5
211,211,13,241.9,2,56.4,8,117.0,5.8358749042,4,6,3,53.8,116.3,71.8,0,1,1,0,30.9,25.5
212,212,13,244.6,3,87.1,9,137.0,6.48894523451,4,6,3,53.8,115.0,75.8,0,1,2,0,31.8,55.3
213,213,13,262.3,4,121.3,8,117.0,7.79819998954,4,6,3,53.8,123.2,85.3,0,2,2,0,60.0,61.3
214,214,13,268.7,4,133.3,9,135.4,9.0877559217,4,6,3,53.8,114.2,100.7,0,1,3,0,32.6,100.7
215,215,14,290.0,5,159.5,9,130.5,8.95895402058,5,6,3,68.5,120.0,101.5,0,2,3,0,58.0,101.5
216,216,14,289.9,5,157.3,9,132.6,8.63939672802,5,6,3,66.4,128.8,94.7,0,2,3,0,62.6,94.7
217,217,14,277.9,5,150.7,8,104.8,8.54019906091,5,6,3,66.4,121.1,90.4,0,2,3,0,60.3,90.4
218,218,14,280.1,5,147.6,8,108.6,8.10967743698,5,6,3,70.2,119.9,90.0,0,2,3,0,57.6,90.0
219,219,13,265.1,4,126.4,7,94.3,8.59830036872,4,6,3,55.9,114.8,94.4,0,1,3,0,32.0,94.4
220,220,13,245.5,3,83.5,7,95.4,6.39945911176,4,6,3,55.4,110.9,79.2,0,1,2,0,27.6,55.9
221,221,12,247.0,4,118.7,6,85.1,7.57889813691,3,6,3,42.9,110.4,93.7,0,1,3,0,25.0,93.7
222,222,9,215.0,5,152.7,4,62.3,8.32307702182,1,5,3,16.0,103.9,95.1,0,2,3,0,57.6,95.1
223,223,9,208.1,4,123.9,4,62.3,8.0642386153,1,5,3,16.0,101.7,90.4,0,1,3,0,33.5,90.4
224,224,10,223.9,5,147.9,5,76.0,7.97460552838,1,6,3,16.0,115.4,92.5,0,2,3,0,55.4,92.5
225,225,10,211.6,5,135.7,5,75.9,6.62272183052,1,6,3,16.0,114.2,81.4,0,2,3,0,54.3,81.4
226,226,10,220.0,4,120.8,5,75.3,7.82091213777,1,6,3,16.0,115.6,88.4,0,1,3,0,32.4,88.4
227,227,10,209.5,3,87.4,5,74.9,6.92872442966,1,6,3,16.0,112.7,80.8,0,1,2,0,30.6,56.8
228,228,10,207.2,4,110.9,5,74.9,6.77967550846,1,6,3,16.0,114.5,76.7,0,2,2,0,55.6,55.3
229,229,10,205.5,3,85.2,5,74.7,6.55426070075,1,6,3,16.0,114.6,74.9,0,2,1,0,55.9,29.3
230,230,10,202.2,3,84.1,5,74.6,6.30904113158,1,6,3,16.0,114.2,72.0,0,2,1,0,55.6,28.5
231,231,10,200.8,3,84.6,6,94.1,6.37387027027,1,6,3,16.0,114.7,70.1,0,2,1,0,56.2,28.4
232,232,10,200.4,3,82.9,5,74.5,6.16102444584,1,6,3,16.0,113.3,71.1,0,2,1,0,54.8,28.1
233,233,10,197.3,3,82.5,6,94.2,6.03766879221,1,6,3,16.0,113.5,67.8,0,2,1,0,55.0,27.5
234,234,10,205.2,4,113.4,5,67.5,7.86211732861,1,6,3,16.0,110.2,79.0,0,2,2,0,58.7,54.7
235,235,10,212.6,4,122.5,5,68.7,8.86393441612,1,6,3,16.0,109.5,87.1,0,1,3,0,35.4,87.1
236,236,9,204.1,4,121.5,4,61.7,8.0467039491,1,5,3,16.0,102.7,85.4,0,1,3,0,36.1,85.4
237,237,9,207.6,4,120.0,3,43.5,7.69545320303,1,5,3,16.0,107.5,84.1,0,1,3,0,35.9,84.1
238,238,9,204.9,4,117.7,4,64.0,7.40152011414,1,5,3,16.0,106.9,82.0,0,1,3,0,35.7,82.0
239,239,9,208.8,4,120.9,4,64.7,7.46475049817,1,5,3,16.0,106.3,86.5,0,1,3,0,34.4,86.5
240,240,9,210.5,4,122.7,3,45.3,7.54361392909,1,5,3,16.0,105.6,88.9,0,1,3,0,33.8,88.9
241,241,9,206.7,4,118.0,3,43.1,7.30102732497,1,5,3,16.0,106.3,84.4,0,1,3,0,33.6,84.4
242,242,8,184.8,4,117.9,3,45.3,7.71232779386,0,5,3,0,101.6,83.2,0,1,3,0,34.7,83.2
243,243,8,187.6,4,119.1,3,45.3,7.82888424818,0,5,3,0,103.6,84.0,0,1,3,0,35.1,84.0
244,244,8,184.1,4,116.7,3,44.2,7.83480102765,0,5,3,0,102.6,81.5,0,1,3,0,35.2,81.5
245,245,8,189.3,4,119.9,2,26.0,7.9767407415,0,5,3,0,105.1,84.2,0,1,3,0,35.7,84.2
246,246,8,194.9,4,117.7,2,28.6,7.20811794338,0,5,3,0,112.6,82.3,0,1,3,0,35.4,82.3
247,247,8,180.1,1,33.9,2,28.6,6.42860515864,0,5,3,0,107.4,72.7,0,1,0,0,33.9,0
248,248,8,180.6,3,87.8,3,48.0,6.76836127033,0,5,3,0,104.4,76.2,0,1,2,0,33.2,54.6
249,249,8,211.0,5,158.7,2,30.2,8.44033682469,0,5,3,0,112.5,98.5,0,2,3,0,60.2,98.5
250,250,8,223.0,5,162.4,1,16.9,7.04997467067,0,5,3,0,125.7,97.3,0,2,3,0,65.1,97.3
251,251,8,225.4,6,186.1,1,17.9,6.38541865727,0,5,3,0,130.1,95.3,0,3,3,0,90.8,95.3
252,252,8,231.8,5,168.9,1,18.3,7.11873784961,0,5,3,0,130.4,101.4,0,2,3,0,67.5,101.4
253,253,8,226.5,5,163.1,1,18.2,6.55448319854,0,5,3,0,131.9,94.6,0,2,3,0,68.5,94.6
254,254,9,237.3,5,163.2,2,30.6,8.10632469125,1,5,3,12.8,129.1,95.4,0,2,3,0,67.8,95.4
255,255,9,236.6,5,160.5,2,30.7,7.79975070827,1,5,3,12.8,131.4,92.4,0,2,3,0,68.1,92.4
256,256,9,235.2,5,157.3,2,30.9,7.56306816048,1,5,3,12.7,128.9,93.6,0,2,3,0,63.7,93.6
257,257,9,230.5,5,156.9,3,50.7,7.58575053051,1,5,3,12.8,123.3,94.4,0,2,3,0,62.5,94.4
258,258,9,225.6,5,152.3,3,50.1,7.38342738842,1,5,3,12.4,124.2,89.0,0,2,3,0,63.3,89.0
259,259,9,235.3,5,155.6,1,12.3,7.28990931204,1,5,3,12.3,131.8,91.2,0,2,3,0,64.4,91.2
260,260,9,231.5,6,179.2,2,31.6,7.29842068152,1,5,3,12.3,130.1,89.1,0,3,3,0,90.1,89.1
261,261,9,216.6,4,121.4,2,30.1,6.99070811864,1,5,3,12.3,117.8,86.5,0,1,3,0,34.9,86.5
262,262,9,203.3,3,85.9,2,30.4,5.92989132372,1,5,3,12.3,122.4,68.6,0,2,1,0,60.2,25.7
263,263,9,203.3,3,85.0,3,49.7,5.78585439768,1,5,3,12.3,115.1,75.9,0,2,1,0,57.0,28.0
264,264,10,229.5,5,143.3,3,44.4,6.95944601882,1,6,3,12.3,133.3,83.9,0,2,3,0,59.4,83.9
265,265,10,248.2,5,159.8,3,45.2,8.36829997338,1,6,3,12.3,137.8,98.1,0,2,3,0,61.7,98.1
266,266,10,237.3,4,131.6,3,42.0,8.58306472072,1,6,3,12.3,134.4,90.6,0,2,2,0,63.3,68.3
267,267,11,256.2,4,131.1,4,58.5,8.51404187745,2,6,3,25.3,137.2,93.7,0,2,2,0,61.1,70.0
268,268,12,266.6,5,155.2,5,68.8,8.71934456808,3,6,3,37.9,133.2,95.5,0,2,3,0,59.7,95.5
269,269,12,264.8,4,128.4,5,69.8,8.60236049353,3,6,3,37.8,130.7,96.3,0,1,3,0,32.1,96.3
270,270,12,260.3,4,126.6,6,90.0,8.33464383635,3,6,3,37.9,131.4,91.0,0,2,2,0,58.6,68.0
271,271,12,244.4,4,125.6,7,95.8,9.10457760324,3,6,3,37.9,116.7,89.8,0,2,2,0,58.8,66.8
272,272,12,255.7,4,127.4,6,82.1,9.01669747376,3,6,3,42.1,122.7,90.9,0,2,2,0,59.6,67.8
273,273,12,263.7,5,155.6,6,85.3,9.04937215301,3,6,3,45.3,126.5,91.9,0,2,3,0,63.7,91.9
274,274,12,263.3,5,155.2,6,85.3,8.96756360277,3,6,3,45.3,122.5,95.5,0,2,3,0,59.7,95.5
275,275,12,253.0,5,151.2,7,101.8,8.76011968923,3,6,3,45.1,112.2,95.7,0,2,3,0,55.5,95.7
276,276,12,241.0,4,119.8,8,121.2,7.94421840464,3,6,3,45.1,105.1,90.8,0,1,3,0,29.0,90.8
277,277,12,246.4,5,144.6,7,101.8,7.96267809372,3,6,3,45.1,113.9,87.4,0,2,3,0,57.2,87.4
278,278,13,248.0,5,141.9,8,106.1,8.06237701158,4,6,3,56.9,101.8,89.3,0,2,3,0,52.6,89.3
279,279,13,244.6,2,65.5,8,112.5,7.53302132324,4,6,3,57.0,98.8,88.8,0,0,2,0,0,65.5
280,280,13,250.9,4,117.0,8,112.7,7.96931615636,4,6,3,55.8,104.9,90.2,0,1,3,0,26.8,90.2
281,281,13,257.9,4,115.9,8,117.3,7.65610197397,4,6,3,60.6,115.5,81.8,0,2,2,0,58.8,57.1
282,282,13,245.8,3,82.9,7,98.5,6.39810669111,4,6,3,60.6,114.7,70.5,0,2,1,0,56.4,26.5
283,283,13,253.3,3,82.4,7,104.2,6.0941018143,4,6,3,61.1,118.3,73.9,0,2,1,0,54.8,27.6
284,284,13,256.9,3,86.4,7,104.2,6.44664492346,4,6,3,61.1,117.2,78.6,0,1,2,0,29.3,57.1
285,285,13,243.1,3,87.8,9,134.5,6.61765315904,4,6,3,60.0,108.8,74.3,0,1,2,0,29.3,58.5
286,286,13,242.5,3,88.9,10,153.6,6.83735028899,4,6,3,61.0,103.7,77.8,0,1,2,0,30.5,58.4
287,287,13,247.5,3,85.2,9,137.5,6.27023902542,4,6,3,61.0,110.6,75.9,0,1,2,0,28.7,56.5
288,288,13,249.2,4,110.7,9,138.5,6.22567059512,4,6,3,60.0,113.9,75.3,0,2,2,0,53.6,57.1
289,289,13,251.4,4,110.4,9,141.0,6.0948801549,4,6,3,60.0,116.9,74.5,0,2,2,0,54.5,55.9
290,290,13,251.8,4,109.3,8,122.1,6.02735218475,4,6,3,61.1,115.4,75.3,0,2,2,0,54.4,54.9
291,291,13,247.6,2,59.0,8,123.1,5.88509634368,4,6,3,61.1,117.6,68.9,0,1,1,0,32.0,27.0
292,292,13,263.3,4,116.9,7,104.0,6.94977402326,4,6,3,61.1,126.2,76.0,0,2,2,0,62.1,54.8
293,293,14,276.9,4,119.8,9,135.9,7.20728035461,4,7,3,61.1,138.7,77.1,0,2,2,0,61.3,58.5
294,294,14,284.7,4,128.8,10,155.9,8.10656022499,4,7,3,61.1,141.8,81.8,0,2,2,0,65.6,63.2
295,295,13,274.5,5,156.4,8,118.1,8.82561104153,3,7,3,42.9,145.9,85.7,0,3,2,0,90.3,66.1
296,296,12,255.4,4,125.8,7,108.5,8.12938925732,2,7,3,30.1,146.6,78.7,0,2,2,0,66.0,59.8
297,297,12,251.6,4,125.6,7,105.0,8.29768131176,2,7,3,30.1,144.9,76.6,0,2,2,0,66.0,59.6
298,298,12,256.7,4,124.8,6,88.9,8.0731269523,2,7,3,30.1,145.0,81.6,0,2,2,0,64.3,60.5
299,299,12,267.3,5,154.7,5,69.4,8.41028861249,2,7,3,30.1,149.7,87.5,0,3,2,0,90.1,64.6
300,300,11,253.2,5,155.9,5,77.0,8.45870181314,2,6,3,30.6,137.3,85.3,0,3,2,0,90.4,65.5
301,301,11,258.7,5,159.9,5,75.9,8.74686437323,2,6,3,33.2,135.9,89.6,0,3,2,0,93.2,66.7
302,302,11,265.7,5,158.3,5,82.7,7.97663633825,2,6,3,36.8,138.6,90.3,0,3,2,0,92.7,65.6
303,303,11,261.4,6,180.0,5,81.4,7.78000934797,2,6,3,37.0,135.3,89.1,0,3,3,0,90.9,89.1
304,304,11,255.8,6,175.5,5,80.3,7.46007555409,2,6,3,35.9,132.2,87.7,0,3,3,0,87.8,87.7
305,305,11,241.9,4,122.1,6,99.4,7.20797538085,2,6,3,35.9,128.8,77.2,0,2,2,0,64.0,58.1
306,306,12,249.3,4,116.5,7,112.4,6.86402015784,3,6,3,48.9,128.6,71.8,0,2,2,0,63.8,52.7
307,307,12,241.1,4,113.7,8,127.4,6.59179356657,3,6,3,49.7,122.6,68.8,0,2,2,0,62.1,51.6
308,308,12,240.3,3,84.2,6,88.1,6.29908001941,3,6,3,46.4,119.2,74.7,0,2,1,0,56.6,27.6
309,309,12,251.7,4,114.1,5,71.2,6.8416006899,3,6,3,46.2,127.5,78.0,0,2,2,0,58.8,55.3
310,310,12,252.7,3,90.6,5,71.2,6.91578672752,3,6,3,46.2,129.8,76.7,0,2,1,0,58.9,31.7
311,311,13,257.6,3,88.2,6,83.6,6.65793338229,3,7,3,46.2,138.7,72.7,0,2,1,0,57.3,30.9
312,312,13,256.7,3,85.4,7,101.1,6.59717305425,3,7,3,46.2,134.1,76.4,0,1,2,0,30.6,54.8
313,313,13,261.3,3,88.3,6,83.7,6.78687458752,3,7,3,46.3,139.2,75.8,0,2,1,0,57.5,30.8
314,314,13,259.6,4,114.3,8,120.9,6.87512237653,3,7,3,46.3,133.8,79.5,0,2,2,0,59.2,55.1
315,315,12,254.6,4,126.4,6,85.9,8.30474490149,3,6,3,39.3,129.7,85.6,0,2,2,0,61.2,65.2
316,316,12,257.0,4,129.3,6,86.1,8.62130904776,3,6,3,39.3,129.9,87.8,0,2,2,0,61.9,67.4
317,317,12,257.7,4,127.5,6,87.1,8.5475275532,3,6,3,39.3,130.7,87.7,0,2,2,0,58.4,69.1
318,318,12,257.9,4,126.1,7,110.6,7.90517187822,3,6,3,43.8,128.1,86.0,0,2,2,0,58.9,67.2
319,319,12,260.8,5,149.9,5,70.0,8.13156960509,3,6,3,40.8,127.2,92.8,0,2,3,0,57.1,92.8
320,320,13,269.2,4,117.4,6,86.6,7.13459430503,4,6,3,61.1,119.9,88.2,0,1,3,0,29.2,88.2
321,321,13,256.6,2,59.6,7,104.7,6.23385093148,4,6,3,58.9,114.7,83.0,0,0,2,0,0,59.6
322,322,13,250.0,2,60.6,8,121.1,6.23463238897,4,6,3,57.4,108.3,84.3,0,0,2,0,0,60.6
323,323,14,265.0,3,91.2,10,153.5,6.70182851873,4,7,3,57.4,125.5,82.1,0,1,2,0,28.9,62.3
324,324,14,264.7,3,91.0,9,128.1,7.34066275416,4,7,3,55.6,120.2,88.9,0,1,2,0,25.0,66.0
325,325,14,273.0,4,120.1,10,152.9,7.65807768609,4,7,3,60.4,124.5,88.1,0,2,2,0,51.4,68.7
326,326,14,271.3,4,115.2,9,135.9,6.93377226351,4,7,3,60.3,126.8,84.2,0,2,2,0,51.2,64.0
327,327,14,250.0,2,56.7,10,147.0,5.82972677625,4,7,3,60.3,115.5,74.2,0,0,2,0,0,56.7
328,328,14,243.9,2,51.9,10,146.6,5.16678423593,4,7,3,58.4,114.5,71.0,0,1,1,0,26.3,25.6
329,329,14,258.6,3,87.1,9,129.7,6.67053550744,4,7,3,58.4,128.4,71.8,0,2,1,0,57.1,30.0
330,330,15,274.8,3,86.4,9,123.0,6.55113948649,4,8,3,58.3,144.8,71.7,0,2,1,0,58.5,27.9
331,331,15,282.4,4,118.4,9,122.0,7.36637793013,4,8,3,56.9,149.3,76.2,0,2,2,0,62.6,55.8
332,332,15,296.7,4,120.5,8,108.8,7.50030475571,4,8,3,56.8,155.7,84.2,0,2,2,0,61.2,59.3
333,333,15,282.5,4,114.7,10,145.3,6.85457789329,4,8,3,56.8,142.9,82.8,0,2,2,0,54.4,60.3
334,334,15,280.6,3,85.7,9,129.5,6.26013083691,4,8,3,58.7,146.7,75.2,0,2,1,0,54.7,31.0
335,335,15,279.0,3,83.9,9,129.4,6.0529803757,4,8,3,58.7,143.7,76.6,0,1,2,0,28.6,55.3
336,336,15,272.0,3,81.1,11,166.0,5.75756231486,4,8,3,58.6,141.5,71.9,0,1,2,0,28.6,52.5
337,337,15,279.0,3,83.2,10,148.6,6.0827625303,4,8,3,58.6,144.2,76.2,0,2,1,0,54.2,29.0
338,338,5,175.6,5,175.6,0,0,2.21743094594,0,3,2,0,108.8,66.8,0,3,2,0,108.8,66.8
339,339,16,521.1,15,497.9,0,0,4.09091982322,5,8,3,165.8,264.5,90.8,5,7,3,165.8,241.3,90.8
340,340,18,566.5,16,522.8,1,19.3,5.40933893488,7,8,3,210.6,268.8,87.1,6,8,2,191.3,268.8,62.7
341,341,19,569.2,15,482.8,2,38.9,5.43070650095,7,9,3,200.6,280.4,88.2,5,8,2,161.7,256.0,65.1
342,342,18,533.6,14,446.9,1,17.8,5.75573598526,6,9,3,173.8,281.7,78.1,4,8,2,131.4,259.8,55.7
343,343,18,521.4,12,388.9,1,18.4,6.11468819849,6,9,3,170.3,274.7,76.4,4,6,2,129.4,203.9,55.6
344,344,18,526.0,14,438.2,1,19.0,5.22151156338,6,9,3,172.3,276.1,77.6,4,8,2,128.9,254.0,55.3
345,345,18,527.3,14,441.4,1,19.2,5.05772236837,6,9,3,168.4,276.4,82.5,4,8,2,125.2,257.2,59.0
346,346,18,532.5,14,446.8,2,37.8,5.41014841593,6,9,3,170.8,277.2,84.5,4,8,2,128.8,257.2,60.8
347,347,18,536.9,15,472.4,1,16.7,5.12729782698,6,9,3,174.5,276.7,85.7,5,8,2,157.8,253.8,60.8
