,e_id,num_sat,sum_snr,num_sat_25,sum_snr_25,snr_std,elev_0_30,elev_30_60,elev_60_90,elev_0_30_25,elev_30_60_25,elev_60_90_25
1,1,17,283.5,3,92.3,8.11561222365,9,4,4,0,0,3
2,2,17,284.7,3,92.2,7.99500763344,9,4,4,0,0,3
3,3,17,296.2,4,122.9,8.61709996256,9,4,4,0,0,4
4,4,17,291.9,4,117.6,8.23041346971,9,4,4,0,0,4
5,5,17,275.6,3,90.7,7.90497330427,9,4,4,0,0,3
6,6,17,290.1,4,120.5,8.52620527964,9,4,4,0,0,4
7,7,17,283.8,4,116.8,8.05733133459,9,4,4,0,0,4
8,8,16,279.4,3,89.7,7.74259861631,8,4,4,0,0,3
9,9,15,265.7,4,114.0,7.98014202046,7,4,4,0,0,4
10,10,15,266.3,3,89.5,8.00186287834,7,4,4,0,0,3
11,11,15,264.5,3,89.6,7.84280076309,7,4,4,0,0,3
12,12,15,286.9,4,117.8,7.79949326803,7,4,4,0,0,4
13,13,15,284.7,4,118.2,7.54123900392,7,4,4,0,0,4
14,14,15,278.4,4,106.9,6.12836496489,7,4,4,0,0,4
15,15,15,276.5,3,82.5,5.57285085631,7,4,4,0,0,3
16,16,15,281.5,2,58.7,5.4185747555,7,4,4,0,0,2
17,17,15,281.3,2,57.5,5.17367880535,7,4,4,0,0,2
18,18,15,276.2,2,59.1,5.42492484038,7,4,4,0,0,2
19,19,15,270.1,2,58.6,5.77290056665,7,4,4,0,0,2
20,20,15,266.8,2,58.1,5.82823995323,7,4,4,0,0,2
21,21,15,275.8,3,83.6,5.94448924475,7,4,4,0,0,3
22,22,15,260.5,2,57.8,5.70947416476,7,4,4,0,0,2
23,23,15,260.5,2,56.2,5.60008503337,7,4,4,0,0,2
24,24,16,279.6,2,58.2,6.17203370049,8,4,4,0,0,2
25,25,16,268.2,2,57.1,6.26683067161,8,4,4,0,0,2
26,26,16,273.3,2,58.5,6.61233380383,8,4,4,0,0,2
27,27,17,282.9,2,56.9,6.07896566279,8,5,4,0,0,2
28,28,17,280.5,2,56.1,5.98686061304,8,5,4,0,0,2
29,29,17,276.0,1,31.1,5.86503848841,8,5,4,0,0,1
30,30,17,266.9,1,31.7,5.6323840423,8,5,4,0,0,1
31,31,17,278.1,2,59.4,6.3717206098,8,5,4,0,0,2
32,32,17,288.1,3,87.3,6.96070377612,8,5,4,0,0,3
33,33,17,294.5,2,55.3,6.03723129959,8,5,4,0,0,2
34,34,17,303.5,2,58.7,6.01000391504,8,5,4,0,0,2
35,35,17,305.8,2,59.5,6.26077894045,8,5,4,0,0,2
36,36,17,301.1,2,58.3,5.75129141508,8,5,4,0,0,2
37,37,17,299.2,2,57.3,5.70098675669,8,5,4,0,0,2
38,38,17,300.0,3,83.8,5.92126650801,8,5,4,0,0,3
39,39,17,292.2,3,86.4,6.20683920697,8,5,4,0,0,3
40,40,17,294.6,2,54.5,5.42664315045,8,5,4,0,0,2
41,41,17,303.5,2,56.1,5.33527385041,8,5,4,0,0,2
42,42,17,311.8,2,57.6,5.52868189801,8,5,4,0,0,2
43,43,17,315.9,3,84.3,5.83697645341,8,5,4,0,0,3
44,44,17,325.9,4,116.9,6.55665355821,8,5,4,0,0,4
45,45,17,314.0,3,86.3,6.08253285091,8,5,4,0,0,3
46,46,17,314.7,3,87.9,6.26157751219,8,5,4,0,0,3
47,47,17,312.5,4,114.7,6.65321682479,8,5,4,0,0,4
48,48,17,316.0,4,119.2,7.0254788407,8,5,4,0,0,4
49,49,17,322.6,3,92.9,6.75291875893,8,5,4,0,0,3
50,50,16,298.0,3,91.0,6.74640645084,8,4,4,0,0,3
51,51,16,301.2,4,118.3,6.94756552086,8,4,4,0,0,4
52,52,16,298.6,3,90.9,6.818687557,8,4,4,0,0,3
53,53,16,300.9,3,94.3,7.24370703899,8,4,4,0,0,3
54,54,16,304.1,4,119.0,6.99604352474,8,4,4,0,0,4
55,55,16,292.8,2,55.7,5.11103381584,8,4,4,0,0,2
56,56,16,302.7,3,85.3,5.66312266628,8,4,4,0,0,3
57,57,16,302.7,3,85.1,5.49620702546,8,4,4,0,0,3
58,58,16,304.1,2,60.5,5.65573086936,8,4,4,0,0,2
59,59,16,299.5,3,85.3,5.61749870197,8,4,4,0,0,3
60,60,16,300.1,3,88.1,6.19171152967,8,4,4,0,0,3
61,61,16,303.5,3,88.2,6.34305065932,8,4,4,0,0,3
62,62,16,288.0,2,59.1,5.97461295818,8,4,4,0,0,2
63,63,16,285.5,2,58.7,5.76055191222,8,4,4,0,0,2
64,64,16,295.4,4,109.9,6.15130067547,8,4,4,0,0,4
65,65,16,298.0,4,112.3,6.25518451633,8,4,4,0,0,4
66,66,16,297.7,3,88.5,6.38920639308,8,4,4,0,0,3
67,67,16,296.8,4,115.4,6.76619045943,8,4,4,0,0,4
68,68,16,297.1,4,117.1,7.09908151336,8,4,4,0,0,4
69,69,16,298.1,4,118.0,7.12860142899,8,4,4,0,0,4
70,70,16,295.9,4,115.2,6.83632150112,8,4,4,0,0,4
71,71,16,275.2,2,57.1,5.4366656448,8,4,4,0,0,2
72,72,16,262.5,2,55.5,5.07431029796,8,4,4,0,0,2
73,73,16,276.9,3,82.7,5.79683462475,8,4,4,0,0,3
74,74,16,287.3,2,54.5,4.92137768652,8,4,4,0,0,2
75,75,16,281.2,1,28.7,4.72362854876,8,4,4,0,0,1
76,76,16,286.0,1,30.9,5.1114903241,8,4,4,0,0,1
77,77,16,287.3,1,30.9,5.0868416855,8,4,4,0,0,1
78,78,16,301.6,2,59.4,5.78803363271,8,4,4,0,0,2
79,79,16,295.2,3,86.0,6.07881567413,8,4,4,0,0,3
80,80,16,287.3,3,85.7,6.01952032973,8,4,4,0,0,3
81,81,16,284.8,3,91.5,6.85458484033,8,4,4,0,0,3
82,82,16,290.3,3,92.2,6.80352543417,8,4,4,0,0,3
83,83,16,287.1,3,91.5,6.81840340549,8,4,4,0,0,3
84,84,16,287.6,3,92.6,6.96050764432,8,4,4,0,0,3
85,85,16,291.6,3,93.1,7.33571173552,8,4,4,0,0,3
86,86,16,288.9,3,92.7,7.29163619041,8,4,4,0,0,3
87,87,15,282.9,3,93.6,7.42320685418,7,4,4,0,0,3
88,88,15,285.0,3,94.3,7.57467585351,7,4,4,0,0,3
89,89,15,279.2,3,93.2,7.61763617879,7,4,4,0,0,3
90,90,15,280.0,3,93.9,7.70766470717,7,4,4,0,0,3
91,91,15,280.5,3,93.7,7.75610358731,7,4,4,0,0,3
92,92,15,277.6,3,92.5,7.48488635916,7,4,4,0,0,3
93,93,15,271.7,3,90.6,7.01700655211,7,4,4,0,0,3
94,94,15,268.1,3,91.8,7.54344243761,7,4,4,0,0,3
95,95,15,265.3,3,89.9,7.05669557094,7,4,4,0,0,3
96,96,14,256.2,3,90.9,7.6215282134,6,4,4,0,0,3
97,97,14,258.9,4,116.7,7.66756046709,6,4,4,0,0,4
98,98,14,255.8,4,114.0,7.30789126392,6,4,4,0,0,4
99,99,14,242.4,3,81.1,6.61325674953,6,4,4,0,0,3
100,100,14,250.6,4,110.1,6.75061250782,6,4,4,0,0,4
101,101,13,238.3,4,112.2,7.2933056766,5,4,4,0,0,4
102,102,13,248.4,4,114.0,7.23814680915,5,4,4,0,0,4
103,103,12,230.9,4,111.9,7.24712586708,4,4,4,0,0,4
104,104,11,220.7,4,111.6,7.02029525409,3,4,4,0,0,4
105,105,11,220.1,4,114.5,7.48083612245,3,4,4,0,0,4
106,106,10,210.4,4,113.0,6.9218173593,3,3,4,0,0,4
107,107,10,211.8,4,111.8,6.48310625138,3,3,4,0,0,4
108,108,10,211.0,4,111.0,6.39113970014,3,3,4,0,0,4
109,109,10,209.3,4,109.2,6.2311136868,3,3,4,0,0,4
110,110,10,210.6,4,114.7,7.00304695591,3,3,4,0,0,4
111,111,10,209.1,4,115.0,7.34157869792,3,3,4,0,0,4
112,112,10,211.0,4,115.6,7.3210503193,3,3,4,0,0,4
113,113,10,207.4,4,111.5,6.57929411952,3,3,4,0,0,4
114,114,10,204.6,4,119.1,8.3166766867,3,3,4,0,0,4
115,115,10,208.2,4,120.1,8.3937542918,3,3,4,0,0,4
116,116,11,211.8,4,112.4,7.36143513676,3,4,4,0,0,4
117,117,11,220.8,4,120.4,8.334157535,3,4,4,0,0,4
118,118,12,228.2,4,112.4,7.13452977788,4,4,4,0,0,4
119,119,12,236.4,4,111.4,6.43484830647,4,4,4,0,0,4
120,120,13,260.7,3,83.6,5.49630411953,5,4,4,0,0,3
121,121,13,257.2,4,108.6,5.65962986921,5,4,4,0,0,4
122,122,13,253.4,2,55.0,5.14189678661,5,4,4,0,0,2
123,123,13,253.5,2,54.6,4.90153037326,5,4,4,0,0,2
124,124,13,270.2,3,97.8,7.69911749855,5,4,4,0,0,3
125,125,13,263.5,4,117.3,7.11540401938,5,4,4,0,0,4
126,126,13,265.2,4,111.9,6.21892273629,5,4,4,0,0,4
127,127,13,245.5,2,56.7,5.75468593899,5,4,4,0,0,2
128,128,13,233.3,2,51.5,4.3517458919,5,4,4,0,0,2
129,129,13,248.6,2,56.0,4.91225573543,5,4,4,0,0,2
130,130,13,250.4,2,56.1,4.59211978312,5,4,4,0,0,2
131,131,13,250.3,2,53.5,4.41354267843,5,4,4,0,0,2
132,132,13,243.1,1,28.7,4.18847625436,5,4,4,0,0,1
133,133,13,250.5,2,55.0,4.80943250557,5,4,4,0,0,2
134,134,13,248.5,2,56.0,4.8757642399,5,4,4,0,0,2
135,135,13,242.5,2,57.0,5.34113211854,5,4,4,0,0,2
136,136,13,237.7,2,55.9,5.40337026831,5,4,4,0,0,2
137,137,13,239.5,2,55.7,5.50471825591,5,4,4,0,0,2
138,138,12,218.7,1,31.0,5.7862100958,5,3,4,0,0,1
139,139,12,211.8,1,31.4,5.73101609268,5,3,4,0,0,1
140,140,12,214.0,2,56.6,5.81617389595,5,3,4,0,0,2
141,141,12,215.8,2,56.8,5.96791928615,5,3,4,0,0,2
142,142,12,217.1,2,56.6,5.86072572815,5,3,4,0,0,2
143,143,11,203.9,1,31.1,5.78208832988,4,3,4,0,0,1
144,144,11,197.7,1,31.6,6.55424914221,4,3,4,0,0,1
145,145,11,202.4,2,58.2,6.54476890348,4,3,4,0,0,2
146,146,11,207.9,2,56.1,5.61925261934,4,3,4,0,0,2
147,147,12,224.2,2,56.1,5.35296575967,4,4,4,0,0,2
148,148,13,236.2,2,57.0,5.42899386249,5,4,4,0,0,2
149,149,14,246.5,2,57.9,5.47644807485,6,4,4,0,0,2
150,150,15,263.0,2,60.4,6.02526427004,7,4,4,0,0,2
151,151,16,283.0,2,60.2,5.73711600022,8,4,4,0,0,2
152,152,16,294.0,2,56.3,5.52744666792,8,4,4,0,0,2
153,153,16,292.3,3,81.2,5.81569356712,8,4,4,0,0,3
154,154,16,291.5,1,30.1,4.8066923832,8,4,4,0,0,1
155,155,16,286.0,1,26.5,4.45802646919,8,4,4,0,0,1
156,156,16,288.2,2,55.2,4.8933798817,8,4,4,0,0,2
157,157,16,291.7,3,83.9,5.34873427395,8,4,4,0,0,3
158,158,16,301.4,3,87.5,5.88295560638,8,4,4,0,0,3
159,159,16,304.2,3,87.6,5.8855614289,8,4,4,0,0,3
160,160,16,307.2,3,88.9,5.96199071899,8,4,4,0,0,3
161,161,15,289.9,3,87.5,6.08845120661,7,4,4,0,0,3
162,162,15,284.5,3,86.3,6.0050772169,7,4,4,0,0,3
163,163,15,292.8,4,115.2,6.62971664984,7,4,4,0,0,4
164,164,15,310.1,4,113.0,5.92060164253,7,4,4,0,0,4
165,165,14,297.8,4,115.6,5.64602359343,6,4,4,0,1,3
166,166,14,292.0,3,90.9,6.04365074154,6,4,4,0,0,3
167,167,14,288.6,4,115.1,5.88281161754,6,4,4,0,1,3
168,168,14,284.2,3,89.8,6.06122607551,6,4,4,0,0,3
169,169,14,293.3,5,141.1,6.1616368954,6,4,4,0,1,4
170,170,14,287.0,4,116.3,6.40900808358,6,4,4,0,0,4
171,171,14,288.4,5,141.6,6.32248733916,6,4,4,0,1,4
172,172,14,282.0,4,105.9,5.09172998947,6,4,4,0,0,4
173,173,14,281.1,5,131.0,5.43778498053,6,4,4,0,1,4
174,174,14,285.7,4,112.7,6.16247506292,6,4,4,0,1,3
175,175,14,287.2,4,115.8,6.46349002449,6,4,4,0,1,3
176,176,14,277.3,3,88.6,6.3635336441,6,4,4,0,0,3
177,177,14,278.9,4,113.9,6.33393529046,6,4,4,0,1,3
178,178,14,287.2,4,114.8,6.19985820469,6,4,4,0,0,4
179,179,14,283.7,5,138.3,6.06472868857,6,4,4,0,1,4
180,180,13,265.3,3,86.1,5.96496179625,5,4,4,0,0,3
181,181,13,267.8,3,86.0,5.68565446248,5,4,4,0,0,3
182,182,13,269.1,3,83.2,4.84131524829,5,4,4,0,0,3
183,183,13,258.5,3,78.8,5.02192628279,5,4,4,0,0,3
184,184,13,231.6,1,26.8,4.38859243833,5,4,4,0,0,1
185,185,13,231.4,1,27.5,4.9025503567,5,4,4,0,0,1
186,186,13,226.5,0,0,4.24816702554,5,4,4,0,0,0
187,187,13,242.2,2,52.3,5.24998168495,5,4,4,0,0,2
188,188,13,232.8,2,53.4,5.54819212874,5,4,4,0,0,2
189,189,13,243.9,3,78.9,5.81213363885,5,4,4,0,0,3
190,190,13,256.8,3,86.5,6.15421473255,5,4,4,0,0,3
191,191,14,281.9,4,110.1,5.46099556193,6,4,4,0,0,4
192,192,14,286.9,4,111.0,5.47995849026,6,4,4,0,0,4
193,193,14,274.4,3,85.3,6.01280684488,6,4,4,0,0,3
194,194,14,273.8,3,84.6,5.97606949369,6,4,4,0,0,3
195,195,14,263.0,3,83.7,6.04163212065,6,4,4,0,0,3
196,196,14,266.2,3,84.1,6.09714399003,6,4,4,0,0,3
197,197,14,262.7,2,57.1,5.75948811065,6,4,4,0,0,2
198,198,14,259.8,2,56.5,4.83905812287,6,4,4,0,0,2
199,199,14,261.8,2,55.9,4.92950301755,6,4,4,0,0,2
200,200,14,254.8,2,55.2,4.87805131332,6,4,4,0,0,2
201,201,14,256.6,2,56.5,5.0928952883,6,4,4,0,0,2
202,202,14,256.4,2,57.2,5.22123727495,6,4,4,0,0,2
203,203,14,252.0,2,54.0,4.71870255962,6,4,4,0,0,2
204,204,14,236.5,1,25.7,4.70555551952,6,4,4,0,0,1
205,205,14,251.8,1,26.0,4.91197236632,6,4,4,0,0,1
206,206,14,257.5,1,25.4,4.98404597548,6,4,4,0,0,1
207,207,14,261.3,1,25.5,4.77503236282,6,4,4,0,0,1
208,208,14,257.0,1,26.5,4.42939729981,6,4,4,0,0,1
209,209,14,256.7,1,26.8,4.51554701395,6,4,4,0,0,1
210,210,14,261.5,1,26.0,4.68732801882,6,4,4,0,0,1
211,211,15,274.8,1,26.4,4.70489107207,7,4,4,0,0,1
212,212,15,275.3,1,25.7,4.83408532738,7,4,4,0,0,1
213,213,15,273.1,1,25.5,4.50435767843,7,4,4,0,0,1
214,214,15,283.3,1,26.6,4.78119331588,7,4,4,0,0,1
215,215,16,298.1,2,52.1,4.57816830184,8,4,4,0,0,2
216,216,16,294.3,2,53.5,4.93091860948,8,4,4,0,0,2
217,217,16,293.6,2,54.9,4.87606398645,8,4,4,0,0,2
218,218,16,296.6,2,56.3,5.22773054649,8,4,4,0,0,2
219,219,16,296.5,2,55.9,5.19136703255,8,4,4,0,0,2
220,220,16,299.7,3,80.1,5.00502663996,8,4,4,0,0,3
221,221,16,292.3,2,55.0,4.88381254759,8,4,4,0,0,2
222,222,16,298.3,3,88.0,6.03036414047,8,4,4,0,0,3
223,223,16,286.2,2,53.6,5.11662323543,8,4,4,0,0,2
224,224,15,285.7,2,57.6,5.25586293943,8,3,4,0,0,2
225,225,15,288.9,3,85.3,5.58439151309,8,3,4,0,0,3
226,226,15,285.4,3,82.6,5.14732477904,8,3,4,0,0,3
227,227,16,305.7,4,109.5,5.37704612218,9,3,4,0,0,4
228,228,16,296.1,3,80.3,4.882413167,9,3,4,0,0,3
229,229,16,300.2,4,110.0,5.68376342459,9,3,4,0,0,4
230,230,16,305.9,4,113.2,5.75305353704,9,3,4,0,0,4
231,231,15,289.2,2,62.0,5.94044250396,8,3,4,0,0,2
232,232,16,299.2,2,61.4,5.38900114431,8,4,4,0,0,2
233,233,15,299.5,4,117.5,6.46083438515,7,4,4,0,0,4
234,234,15,299.5,4,125.8,7.41578111353,7,4,4,0,0,4
235,235,15,300.3,4,128.8,7.85149667261,7,4,4,0,0,4
236,236,15,292.5,3,99.3,7.55068587235,8,3,4,0,0,3
237,237,14,281.8,4,127.9,8.00590441452,7,3,4,0,0,4
238,238,14,286.4,4,126.9,7.76527916044,7,3,4,0,0,4
239,239,15,299.5,4,125.5,7.44817011723,8,3,4,0,0,4
240,240,15,301.6,4,127.5,7.63333541277,8,3,4,0,0,4
241,241,15,300.5,4,124.3,7.35756818003,8,3,4,0,0,4
242,242,15,296.6,4,124.1,7.4573517577,8,3,4,0,0,4
243,243,15,281.9,3,87.9,6.29551616704,8,3,4,0,0,3
244,244,16,295.7,3,89.9,6.34856611107,9,3,4,0,0,3
245,245,16,282.7,3,85.3,6.35680409745,9,3,4,0,0,3
246,246,16,272.8,2,57.4,5.77996539782,9,3,4,0,0,2
247,247,16,278.6,2,59.5,6.28563176353,9,3,4,0,0,2
248,248,15,262.6,4,114.6,7.46491476046,8,3,4,0,0,4
249,249,15,259.4,4,116.7,7.68146811365,8,3,4,0,0,4
250,250,16,289.8,3,89.0,6.77415431376,9,3,4,0,0,3
251,251,16,290.4,2,61.0,6.42816718306,9,3,4,0,0,2
252,252,16,290.6,2,57.9,6.07891163504,9,3,4,0,0,2
253,253,16,294.9,4,111.3,6.53102531511,9,3,4,0,0,4
254,254,16,287.9,1,32.1,6.02123672236,9,3,4,0,0,1
255,255,16,289.0,3,85.8,6.29146246909,9,3,4,0,0,3
256,256,15,270.1,2,58.5,6.03092822359,8,3,4,0,0,2
257,257,15,290.2,4,115.6,6.54848583007,8,3,4,0,0,4
258,258,15,286.9,4,116.5,6.65598191389,8,3,4,0,0,4
259,259,15,287.3,4,116.0,6.42349111428,8,3,4,0,0,4
260,260,15,286.6,4,116.3,6.4665586638,8,3,4,0,0,4
261,261,15,291.2,4,117.5,6.52871313798,8,3,4,0,0,4
262,262,14,276.8,4,118.5,6.7304621594,7,3,4,0,0,4
263,263,14,276.3,4,119.4,6.86312410841,7,3,4,0,0,4
264,264,14,273.0,4,119.8,7.20042733775,7,3,4,0,0,4
265,265,15,290.9,4,121.1,7.09924207893,8,3,4,0,0,4
266,266,15,297.2,4,120.3,6.59933618595,8,3,4,0,0,4
267,267,15,296.9,4,118.9,6.64835819332,7,4,4,0,0,4
268,268,15,291.4,3,93.9,6.69365015376,7,4,4,0,0,3
269,269,16,311.1,3,94.4,6.61190529777,8,4,4,0,0,3
270,270,16,312.9,4,121.3,6.75593257811,8,4,4,0,0,4
271,271,15,286.6,4,112.7,6.15252174393,7,4,4,0,0,4
272,272,15,274.5,3,88.0,6.39274141954,7,4,4,0,0,3
273,273,15,276.9,2,62.2,6.55817918981,7,4,4,0,0,2
274,274,15,289.0,4,123.9,7.64139727936,7,4,4,0,0,4
275,275,14,264.9,3,96.1,7.66371857636,7,3,4,0,0,3
276,276,14,263.9,3,96.6,7.58295152603,7,3,4,0,0,3
277,277,13,254.0,3,97.7,7.88094098247,7,2,4,0,0,3
278,278,14,273.3,3,94.9,7.25504371735,7,3,4,0,0,3
279,279,14,275.8,3,94.3,7.23984700221,7,3,4,0,0,3
280,280,14,274.2,4,120.9,7.42851648331,7,3,4,0,0,4
281,281,14,271.5,4,118.7,7.1991948573,7,3,4,0,0,4
282,282,15,282.8,4,115.2,6.73369635985,7,4,4,0,0,4
283,283,15,277.7,4,113.8,6.58839528117,7,4,4,0,0,4
284,284,15,278.0,4,114.5,6.66265355402,7,4,4,0,0,4
285,285,15,274.6,4,113.0,6.73980358623,8,3,4,0,0,4
286,286,15,266.6,3,84.3,6.45340072771,8,3,4,0,0,3
287,287,15,265.6,3,88.2,6.80057420545,8,3,4,0,0,3
288,288,14,259.0,2,62.6,6.82957369995,7,3,4,0,0,2
289,289,13,232.4,3,82.2,6.16213624297,6,3,4,0,0,3
290,290,13,244.3,3,83.0,6.10948191181,6,3,4,0,0,3
291,291,13,244.7,3,84.1,6.29115170248,6,3,4,0,0,3
292,292,13,260.4,4,121.1,7.80036159583,6,3,4,0,0,4
293,293,13,249.1,3,93.2,7.43118860631,6,3,4,0,0,3
294,294,13,245.5,3,88.1,6.886562538,6,3,4,0,0,3
295,295,13,249.2,3,88.9,6.55532666557,6,3,4,0,0,3
296,296,13,232.2,2,53.3,5.22662071539,6,3,4,0,0,2
297,297,13,234.9,2,50.9,5.27247326773,6,3,4,0,0,2
298,298,7,244.3,7,244.3,2.91604755334,6,1,0,6,1,0
299,299,7,243.7,7,243.7,3.45660168925,6,1,0,6,1,0
300,300,17,520.4,13,434.9,6.20774539919,9,6,2,8,3,2
301,301,17,522.1,13,439.4,6.29005985196,9,6,2,8,3,2
302,302,17,546.2,14,482.0,6.18685751269,9,6,2,8,4,2
303,303,17,551.7,14,484.6,6.18305321494,9,6,2,8,4,2
304,304,17,541.0,14,478.6,6.42354355202,9,6,2,8,4,2
305,305,17,552.2,15,514.1,6.51260655327,9,6,2,8,5,2
306,306,17,549.1,15,509.0,6.2835101655,9,6,2,8,5,2
307,307,17,528.2,15,490.1,5.78249132142,9,6,2,9,5,1
308,308,17,537.8,14,478.4,7.22676805153,9,6,2,9,4,1
309,309,18,560.0,15,496.7,5.43419336391,10,6,2,10,4,1
310,310,19,565.4,15,479.6,5.81896475992,11,6,2,9,4,2
311,311,19,570.7,15,487.5,6.19481956748,11,6,2,10,3,2
312,312,16,494.7,14,454.4,6.35727601519,9,5,2,8,4,2
