,e_id,num_sat,sum_snr,num_sat_25,sum_snr_25,snr_std,elev_0_30,elev_30_60,elev_60_90,elev_0_30_25,elev_30_60_25,elev_60_90_25
1,1,14,282.3,5,141.3,7.53173870445,5,6,3,0,2,3
2,2,14,262.6,4,111.7,7.35293915966,5,6,3,0,1,3
3,3,14,253.8,3,88.7,7.71516275031,5,6,3,0,2,1
4,4,14,269.0,4,124.8,8.94873064852,5,6,3,0,1,3
5,5,14,278.5,4,125.3,8.80886479072,5,6,3,0,1,3
6,6,14,281.8,4,129.3,9.09255219916,5,6,3,0,1,3
7,7,14,276.6,4,121.4,8.19537527049,5,6,3,0,1,3
8,8,14,273.8,4,119.9,8.08985255031,5,6,3,0,1,3
9,9,14,269.0,4,116.5,7.83845129355,5,6,3,0,1,3
10,10,14,258.0,3,88.8,7.61783621322,5,6,3,0,0,3
11,11,13,239.5,2,60.1,6.96481081894,4,6,3,0,0,2
12,12,13,236.0,1,32.8,6.70144454385,4,6,3,0,0,1
13,13,13,251.3,4,111.9,7.18463460163,4,6,3,0,1,3
14,14,12,258.4,4,120.9,7.53710015774,4,5,3,0,1,3
15,15,12,261.3,4,120.0,7.46362390653,4,5,3,0,1,3
16,16,12,259.2,4,118.1,7.3740330645,4,5,3,0,1,3
17,17,12,242.7,3,82.8,6.14256757095,4,5,3,0,1,2
18,18,12,253.2,3,87.6,6.20454378954,4,5,3,0,0,3
19,19,12,248.0,3,89.4,6.72949185348,4,5,3,0,0,3
20,20,13,266.1,3,91.9,6.96495807781,4,6,3,0,0,3
21,21,13,266.9,3,89.5,6.7247533555,4,6,3,0,0,3
22,22,12,259.7,3,97.1,7.28141573813,4,5,3,0,0,3
23,23,12,255.0,3,90.1,6.47660124111,4,5,3,0,0,3
24,24,12,248.4,3,90.6,7.03045323768,4,5,3,0,0,3
25,25,12,249.3,3,93.5,7.40762813223,4,5,3,0,0,3
26,26,12,243.0,3,94.4,7.5039989339,4,5,3,0,0,3
27,27,11,220.2,3,93.3,7.70257335983,3,5,3,0,0,3
28,28,11,220.9,3,90.8,7.38265781163,3,5,3,0,0,3
29,29,11,222.5,3,91.8,7.63440775818,3,5,3,0,0,3
30,30,11,219.5,3,90.3,7.43819381791,3,5,3,0,0,3
31,31,10,221.9,4,128.3,9.06439309729,2,5,3,0,1,3
32,32,10,240.0,5,157.0,8.77230490426,2,5,3,0,2,3
33,33,10,234.2,5,149.2,7.88244181005,2,5,3,0,2,3
34,34,11,242.0,4,118.6,7.18080775401,2,6,3,0,2,2
35,35,11,242.3,4,119.9,7.26169276534,2,6,3,0,2,2
36,36,11,233.5,4,118.8,7.22067737946,2,6,3,0,2,2
37,37,11,232.6,4,116.7,6.95677563766,2,6,3,0,2,2
38,38,12,242.4,4,113.1,6.703052222,3,6,3,0,2,2
39,39,12,240.8,4,113.4,6.84627746673,3,6,3,0,2,2
40,40,12,238.4,4,112.5,7.00873913357,3,6,3,0,2,2
41,41,12,247.4,4,115.2,7.15056683492,3,6,3,0,1,3
42,42,11,235.8,4,117.1,7.37973884731,3,5,3,0,1,3
43,43,11,246.2,4,126.7,8.21545107487,3,5,3,0,1,3
44,44,11,239.9,4,127.9,8.54007664432,3,5,3,0,1,3
45,45,12,246.1,4,124.6,8.52605187681,4,5,3,0,1,3
46,46,12,251.7,3,95.3,7.70691837955,4,5,3,0,0,3
47,47,12,242.1,3,88.6,6.84292933021,4,5,3,0,0,3
48,48,12,238.8,4,115.5,7.41766932276,4,5,3,0,1,3
49,49,12,239.3,3,92.3,7.17881458097,4,5,3,0,0,3
50,50,12,238.0,3,89.5,6.7685547448,4,5,3,0,1,2
51,51,10,204.8,3,86.8,6.49457893597,2,5,3,0,1,2
52,52,10,199.6,2,59.9,6.19160722268,2,5,3,0,0,2
53,53,10,207.7,4,120.4,8.25268306539,2,5,3,0,1,3
54,54,10,196.6,3,82.1,6.35298704898,2,5,3,0,1,2
55,55,10,225.5,5,149.6,8.1841649272,2,5,3,0,2,3
56,56,10,219.1,5,143.2,7.46256583816,2,5,3,0,2,3
57,57,10,208.5,4,111.6,6.88948474126,2,5,3,0,2,2
58,58,10,208.6,5,137.6,7.4446401301,2,5,3,0,2,3
59,59,10,220.2,5,143.4,7.65677622908,2,5,3,0,2,3
60,60,11,229.5,5,139.7,7.50989650092,3,5,3,0,2,3
61,61,11,229.5,4,115.4,7.46220781368,3,5,3,0,2,2
62,62,11,223.9,5,144.4,8.25219530021,3,5,3,0,2,3
63,63,11,214.2,4,111.0,7.33676916757,3,5,3,0,1,3
64,64,10,203.6,3,89.9,7.73379308978,2,5,3,0,0,3
65,65,10,195.2,3,87.6,7.30780404773,2,5,3,0,0,3
66,66,10,191.4,3,85.0,6.9131436811,2,5,3,0,0,3
67,67,10,195.3,3,84.0,7.00445096587,2,5,3,0,0,3
68,68,10,202.8,4,112.9,7.86155200962,2,5,3,0,1,3
69,69,10,206.9,4,121.5,8.8027079167,2,5,3,0,2,2
70,70,9,191.6,4,121.1,9.04453487533,1,5,3,0,2,2
71,71,10,216.4,4,127.1,9.51410648575,1,6,3,0,2,2
72,72,11,246.0,5,156.1,8.9478793831,2,6,3,0,2,3
73,73,11,247.8,5,154.3,8.60117328149,2,6,3,0,2,3
74,74,11,237.3,4,120.8,7.86919194188,2,6,3,0,2,2
75,75,11,237.8,4,122.9,8.07586753009,2,6,3,0,2,2
76,76,10,223.2,5,153.0,9.07007288958,1,6,3,0,2,3
77,77,11,240.7,5,156.1,9.2218022297,2,6,3,0,2,3
78,78,11,250.1,5,159.2,8.9294202194,2,6,3,0,2,3
79,79,11,246.7,5,156.3,8.7251465213,2,6,3,0,2,3
80,80,11,242.5,5,152.3,8.29739279971,2,6,3,0,2,3
81,81,11,232.4,4,117.0,7.37605462413,2,6,3,0,1,3
82,82,10,222.1,4,124.2,8.02571561365,1,6,3,0,1,3
83,83,11,234.0,4,120.1,7.4981452252,1,7,3,0,2,2
84,84,11,244.9,5,161.1,9.70878702282,1,7,3,0,2,3
85,85,11,237.8,5,154.3,9.10426473493,1,7,3,0,2,3
86,86,11,222.8,3,94.6,8.21089077218,1,7,3,0,2,1
87,87,11,221.3,4,117.0,7.95145498407,1,7,3,0,2,2
88,88,11,226.1,4,120.7,8.25437624977,1,7,3,0,2,2
89,89,11,236.0,5,152.9,9.06745428843,1,7,3,0,2,3
90,90,11,240.2,5,154.4,9.18991542151,1,7,3,0,2,3
91,91,11,239.7,5,156.8,9.40472801791,1,7,3,0,2,3
92,92,11,236.7,4,129.5,9.3995551152,1,7,3,0,2,2
93,93,11,239.2,5,153.3,9.19014294082,1,7,3,0,2,3
94,94,11,237.9,5,151.1,8.93432604163,1,7,3,0,2,3
95,95,11,241.2,4,127.1,8.73041704721,1,7,3,0,2,2
96,96,11,248.0,4,131.3,9.07715413953,1,7,3,0,2,2
97,97,11,252.4,5,161.0,9.4672449674,1,7,3,0,2,3
98,98,12,259.3,4,130.1,8.88711614267,2,7,3,0,2,2
99,99,13,277.9,5,158.0,8.81449127348,3,7,3,0,2,3
100,100,13,271.8,5,157.4,8.99717192034,3,7,3,0,2,3
101,101,13,265.7,4,126.8,8.46714616046,3,7,3,0,2,2
102,102,13,257.7,4,121.3,7.98875812691,3,7,3,0,2,2
103,103,12,243.2,3,95.7,8.0227328526,3,6,3,0,1,2
104,104,11,227.7,4,119.2,8.08257384748,2,6,3,0,1,3
105,105,11,232.9,5,142.9,7.45561411409,2,6,3,0,2,3
106,106,11,234.2,4,119.9,7.69278292238,2,6,3,0,2,2
107,107,11,238.2,5,148.5,8.19626300656,2,6,3,0,2,3
108,108,11,238.6,5,148.9,8.08089778991,2,6,3,0,2,3
109,109,12,235.2,4,116.7,7.4573941342,3,6,3,0,2,2
110,110,11,249.1,5,156.1,8.38502995062,3,5,3,0,2,3
111,111,11,240.8,4,123.4,7.78735571879,3,5,3,0,2,2
112,112,11,238.6,4,124.0,7.80787481271,3,5,3,0,2,2
113,113,12,270.1,4,131.1,8.2174380362,4,5,3,0,2,2
114,114,13,268.5,4,123.0,7.69194550429,4,6,3,0,2,2
115,115,12,247.8,5,142.7,7.38444310696,3,6,3,0,2,3
116,116,12,254.7,5,146.3,7.51363911346,3,6,3,0,2,3
117,117,12,259.9,5,153.9,8.39691050688,3,6,3,0,2,3
118,118,12,263.1,5,153.2,8.45986513969,3,6,3,0,2,3
119,119,12,263.9,5,152.1,8.32918836309,3,6,3,0,2,3
120,120,12,265.7,5,154.3,8.53542972592,3,6,3,0,2,3
121,121,12,262.3,5,151.9,8.3178295173,3,6,3,0,2,3
122,122,12,266.2,5,157.0,8.56173658397,3,6,3,0,2,3
123,123,11,241.2,5,150.6,8.22363555966,2,6,3,0,2,3
124,124,11,241.8,5,150.8,8.42173594716,2,6,3,0,2,3
125,125,12,264.4,5,153.1,8.34955995937,3,6,3,0,2,3
126,126,12,259.8,5,150.4,8.13538846365,3,6,3,0,2,3
127,127,12,262.4,5,152.4,8.2405133703,3,6,3,0,2,3
128,128,12,264.8,5,153.0,8.20546750464,3,6,3,0,2,3
129,129,12,269.9,5,152.8,7.7761241027,3,6,3,0,2,3
130,130,12,264.7,5,147.2,7.40460033092,3,6,3,0,2,3
131,131,13,275.1,5,147.6,7.63888500388,4,6,3,0,2,3
132,132,13,274.8,4,118.7,7.0633488825,4,6,3,0,1,3
133,133,13,258.3,4,105.8,5.6895202808,4,6,3,0,1,3
134,134,14,276.5,4,112.7,6.41605558196,4,7,3,0,1,3
135,135,13,266.2,4,116.2,6.65546815861,3,7,3,0,1,3
136,136,13,264.8,4,112.8,6.38179502118,3,7,3,0,1,3
137,137,13,273.6,4,116.1,6.71945129017,3,7,3,0,1,3
138,138,13,278.9,4,120.0,7.09243909439,3,7,3,0,2,2
139,139,13,261.5,4,117.2,7.54606367075,3,7,3,0,2,2
140,140,13,259.7,4,118.1,7.55183794915,3,7,3,0,2,2
141,141,14,275.6,4,115.4,7.14001262042,4,7,3,0,2,2
142,142,14,281.2,4,117.9,7.31109348265,4,7,3,0,2,2
143,143,14,279.7,4,118.1,7.29775292828,4,7,3,0,2,2
144,144,15,286.1,4,115.8,6.82615418463,4,8,3,0,2,2
145,145,15,289.8,4,119.7,7.31556071477,4,8,3,0,2,2
146,146,15,291.8,5,145.0,7.35098308942,4,8,3,0,2,3
147,147,15,284.7,4,113.2,6.6574555414,4,8,3,0,2,2
148,148,15,283.3,3,88.6,6.46284619594,4,8,3,0,2,1
149,149,15,291.8,4,119.5,7.43484716594,4,8,3,0,2,2
150,150,14,277.8,4,119.8,7.50156027726,4,7,3,0,2,2
151,151,14,277.2,5,146.8,7.82097770791,4,7,3,0,2,3
152,152,14,267.5,4,117.8,7.65380390954,4,7,3,0,2,2
153,153,13,256.1,5,145.0,7.88976129761,4,6,3,0,2,3
154,154,12,243.0,4,119.6,7.57897810334,3,6,3,0,1,3
155,155,11,232.1,4,117.8,7.12909531427,2,6,3,0,2,2
156,156,11,233.9,4,118.1,7.00903313265,2,6,3,0,2,2
157,157,11,244.5,5,148.5,7.58064521121,2,6,3,0,2,3
158,158,12,256.9,5,147.7,7.69479851864,3,6,3,0,2,3
159,159,12,260.0,4,125.9,8.12564216577,3,6,3,0,1,3
160,160,12,259.6,5,148.8,7.9742008244,3,6,3,0,2,3
161,161,13,268.3,5,151.6,8.57812513136,4,6,3,0,2,3
162,162,13,267.4,5,151.5,8.37619490136,4,6,3,0,2,3
163,163,13,273.2,5,151.3,8.17219331573,4,6,3,0,2,3
164,164,13,268.5,5,148.7,7.82779400434,4,6,3,0,2,3
165,165,14,257.8,3,87.6,6.55753907204,4,7,3,0,2,1
166,166,14,257.6,3,88.3,6.90061312772,4,7,3,0,2,1
167,167,14,259.4,4,109.1,6.40653855555,4,7,3,0,2,2
168,168,13,261.1,5,142.4,7.44746558164,3,7,3,0,2,3
169,169,12,244.1,3,90.8,7.35829258028,2,7,3,0,2,1
170,170,12,237.9,4,114.8,7.07082674863,2,7,3,0,2,2
171,171,12,243.2,5,141.5,7.34851046543,2,7,3,0,2,3
172,172,13,261.3,4,118.0,7.22380324575,3,7,3,0,2,2
173,173,13,260.1,4,117.2,7.18557136889,3,7,3,0,2,2
174,174,12,239.1,4,112.4,6.88134830869,2,7,3,0,2,2
175,175,12,234.5,3,88.2,6.97964030505,2,7,3,0,2,1
176,176,12,247.1,5,143.1,7.30547221215,2,7,3,0,2,3
177,177,12,248.6,4,117.1,7.00244546028,3,6,3,0,2,2
178,178,12,246.6,4,117.0,7.14696375457,3,6,3,0,2,2
179,179,11,232.6,4,116.3,6.87522561613,2,6,3,0,2,2
180,180,10,218.3,5,142.2,7.12726377293,1,6,3,0,2,3
181,181,10,217.8,5,141.7,7.12956286645,1,6,3,0,2,3
182,182,11,220.6,3,87.2,7.00133753455,1,7,3,0,1,2
183,183,11,226.9,4,115.2,7.3213510924,1,7,3,0,2,2
184,184,11,236.8,4,125.9,8.70253881452,1,7,3,0,1,3
185,185,11,249.9,5,162.0,9.64352821138,1,7,3,0,2,3
186,186,11,238.0,5,149.4,8.09719367772,1,7,3,0,2,3
187,187,11,239.9,5,143.7,7.40181795851,1,7,3,0,2,3
188,188,11,235.7,5,146.2,7.94645718658,1,7,3,0,2,3
189,189,11,255.0,5,156.6,8.32103577469,1,7,3,0,2,3
190,190,11,255.4,5,156.7,8.04398137514,1,7,3,0,2,3
191,191,11,262.3,5,163.1,8.65140030704,1,7,3,0,2,3
192,192,11,257.2,5,157.9,8.19888018961,1,7,3,0,2,3
193,193,11,259.6,5,158.7,8.15058280125,1,7,3,0,2,3
194,194,11,263.6,5,159.6,7.9675934544,1,7,3,0,2,3
195,195,12,271.2,5,155.2,7.84833508691,2,7,3,0,2,3
196,196,12,269.8,5,154.0,7.77020338254,2,7,3,0,2,3
197,197,13,281.3,5,153.7,7.86315653979,2,8,3,0,2,3
198,198,12,263.5,5,156.3,8.59994274118,1,8,3,0,2,3
199,199,12,267.2,5,156.5,8.51291354177,2,7,3,0,2,3
200,200,13,277.3,5,157.6,8.74941756303,3,7,3,0,2,3
201,201,13,276.4,5,155.7,8.56412463532,3,7,3,0,2,3
202,202,14,290.0,5,155.8,8.4904341778,4,7,3,0,2,3
203,203,14,289.9,5,153.9,8.22495866585,4,7,3,0,2,3
204,204,14,280.9,5,147.1,7.60916523703,4,7,3,0,2,3
205,205,14,270.4,4,117.1,6.98193902347,4,7,3,0,2,2
206,206,13,259.9,4,120.1,7.63931296414,4,6,3,0,2,2
207,207,13,272.2,4,127.2,8.09017289283,4,6,3,0,1,3
208,208,13,268.9,4,123.1,7.78340608323,4,6,3,0,1,3
209,209,13,259.0,3,94.0,7.34633172023,4,6,3,0,1,2
210,210,13,252.6,3,88.1,6.69071304314,4,6,3,0,1,2
211,211,13,241.9,2,56.4,5.8358749042,4,6,3,0,1,1
212,212,13,244.6,3,87.1,6.48894523451,4,6,3,0,1,2
213,213,13,262.3,4,121.3,7.79819998954,4,6,3,0,2,2
214,214,13,268.7,4,133.3,9.0877559217,4,6,3,0,1,3
215,215,14,290.0,5,159.5,8.95895402058,5,6,3,0,2,3
216,216,14,289.9,5,157.3,8.63939672802,5,6,3,0,2,3
217,217,14,277.9,5,150.7,8.54019906091,5,6,3,0,2,3
218,218,14,280.1,5,147.6,8.10967743698,5,6,3,0,2,3
219,219,13,265.1,4,126.4,8.59830036872,4,6,3,0,1,3
220,220,13,245.5,3,83.5,6.39945911176,4,6,3,0,1,2
221,221,12,247.0,3,93.7,7.57889813691,3,6,3,0,0,3
222,222,9,215.0,5,152.7,8.32307702182,1,5,3,0,2,3
223,223,9,208.1,4,123.9,8.0642386153,1,5,3,0,1,3
224,224,10,223.9,5,147.9,7.97460552838,1,6,3,0,2,3
225,225,10,211.6,5,135.7,6.62272183052,1,6,3,0,2,3
226,226,10,220.0,4,120.8,7.82091213777,1,6,3,0,1,3
227,227,10,209.5,3,87.4,6.92872442966,1,6,3,0,1,2
228,228,10,207.2,4,110.9,6.77967550846,1,6,3,0,2,2
229,229,10,205.5,3,85.2,6.55426070075,1,6,3,0,2,1
230,230,10,202.2,3,84.1,6.30904113158,1,6,3,0,2,1
231,231,10,200.8,3,84.6,6.37387027027,1,6,3,0,2,1
232,232,10,200.4,3,82.9,6.16102444584,1,6,3,0,2,1
233,233,10,197.3,3,82.5,6.03766879221,1,6,3,0,2,1
234,234,10,205.2,4,113.4,7.86211732861,1,6,3,0,2,2
235,235,10,212.6,4,122.5,8.86393441612,1,6,3,0,1,3
236,236,9,204.1,4,121.5,8.0467039491,1,5,3,0,1,3
237,237,9,207.6,4,120.0,7.69545320303,1,5,3,0,1,3
238,238,9,204.9,4,117.7,7.40152011414,1,5,3,0,1,3
239,239,9,208.8,4,120.9,7.46475049817,1,5,3,0,1,3
240,240,9,210.5,4,122.7,7.54361392909,1,5,3,0,1,3
241,241,9,206.7,4,118.0,7.30102732497,1,5,3,0,1,3
242,242,8,184.8,4,117.9,7.71232779386,0,5,3,0,1,3
243,243,8,187.6,4,119.1,7.82888424818,0,5,3,0,1,3
244,244,8,184.1,4,116.7,7.83480102765,0,5,3,0,1,3
245,245,8,189.3,4,119.9,7.9767407415,0,5,3,0,1,3
246,246,8,194.9,4,117.7,7.20811794338,0,5,3,0,1,3
247,247,8,180.1,1,33.9,6.42860515864,0,5,3,0,1,0
248,248,8,180.6,3,87.8,6.76836127033,0,5,3,0,1,2
249,249,8,211.0,5,158.7,8.44033682469,0,5,3,0,2,3
250,250,8,223.0,5,162.4,7.04997467067,0,5,3,0,2,3
251,251,8,225.4,5,161.1,6.38541865727,0,5,3,0,2,3
252,252,8,231.8,5,168.9,7.11873784961,0,5,3,0,2,3
253,253,8,226.5,5,163.1,6.55448319854,0,5,3,0,2,3
254,254,9,237.3,5,163.2,8.10632469125,1,5,3,0,2,3
255,255,9,236.6,5,160.5,7.79975070827,1,5,3,0,2,3
256,256,9,235.2,5,157.3,7.56306816048,1,5,3,0,2,3
257,257,9,230.5,5,156.9,7.58575053051,1,5,3,0,2,3
258,258,9,225.6,5,152.3,7.38342738842,1,5,3,0,2,3
259,259,9,235.3,5,155.6,7.28990931204,1,5,3,0,2,3
260,260,9,231.5,6,179.2,7.29842068152,1,5,3,0,3,3
261,261,9,216.6,4,121.4,6.99070811864,1,5,3,0,1,3
262,262,9,203.3,3,85.9,5.92989132372,1,5,3,0,2,1
263,263,9,203.3,2,60.0,5.78585439768,1,5,3,0,1,1
264,264,10,229.5,5,143.3,6.95944601882,1,6,3,0,2,3
265,265,10,248.2,5,159.8,8.36829997338,1,6,3,0,2,3
266,266,10,237.3,4,131.6,8.58306472072,1,6,3,0,2,2
267,267,11,256.2,4,131.1,8.51404187745,2,6,3,0,2,2
268,268,12,266.6,5,155.2,8.71934456808,3,6,3,0,2,3
269,269,12,264.8,4,128.4,8.60236049353,3,6,3,0,1,3
270,270,12,260.3,4,126.6,8.33464383635,3,6,3,0,2,2
271,271,12,244.4,4,125.6,9.10457760324,3,6,3,0,2,2
272,272,12,255.7,4,127.4,9.01669747376,3,6,3,0,2,2
273,273,12,263.7,5,155.6,9.04937215301,3,6,3,0,2,3
274,274,12,263.3,5,155.2,8.96756360277,3,6,3,0,2,3
275,275,12,253.0,5,151.2,8.76011968923,3,6,3,0,2,3
276,276,12,241.0,4,119.8,7.94421840464,3,6,3,0,1,3
277,277,12,246.4,5,144.6,7.96267809372,3,6,3,0,2,3
278,278,13,248.0,5,141.9,8.06237701158,4,6,3,0,2,3
279,279,13,244.6,2,65.5,7.53302132324,4,6,3,0,0,2
280,280,13,250.9,4,117.0,7.96931615636,4,6,3,0,1,3
281,281,13,257.9,4,115.9,7.65610197397,4,6,3,0,2,2
282,282,13,245.8,3,82.9,6.39810669111,4,6,3,0,2,1
283,283,13,253.3,2,57.4,6.0941018143,4,6,3,0,1,1
284,284,13,256.9,3,86.4,6.44664492346,4,6,3,0,1,2
285,285,13,243.1,3,87.8,6.61765315904,4,6,3,0,1,2
286,286,13,242.5,3,88.9,6.83735028899,4,6,3,0,1,2
287,287,13,247.5,3,85.2,6.27023902542,4,6,3,0,1,2
288,288,13,249.2,3,85.7,6.22567059512,4,6,3,0,1,2
289,289,13,251.4,4,110.4,6.0948801549,4,6,3,0,2,2
290,290,13,251.8,4,109.3,6.02735218475,4,6,3,0,2,2
291,291,13,247.6,2,59.0,5.88509634368,4,6,3,0,1,1
292,292,13,263.3,4,116.9,6.94977402326,4,6,3,0,2,2
293,293,14,276.9,4,119.8,7.20728035461,4,7,3,0,2,2
294,294,14,284.7,4,128.8,8.10656022499,4,7,3,0,2,2
295,295,13,274.5,5,156.4,8.82561104153,3,7,3,0,3,2
296,296,12,255.4,4,125.8,8.12938925732,2,7,3,0,2,2
297,297,12,251.6,4,125.6,8.29768131176,2,7,3,0,2,2
298,298,12,256.7,4,124.8,8.0731269523,2,7,3,0,2,2
299,299,12,267.3,5,154.7,8.41028861249,2,7,3,0,3,2
300,300,11,253.2,5,155.9,8.45870181314,2,6,3,0,3,2
301,301,11,258.7,5,159.9,8.74686437323,2,6,3,0,3,2
302,302,11,265.7,5,158.3,7.97663633825,2,6,3,0,3,2
303,303,11,261.4,6,180.0,7.78000934797,2,6,3,0,3,3
304,304,11,255.8,6,175.5,7.46007555409,2,6,3,0,3,3
305,305,11,241.9,4,122.1,7.20797538085,2,6,3,0,2,2
306,306,12,249.3,4,116.5,6.86402015784,3,6,3,0,2,2
307,307,12,241.1,4,113.7,6.59179356657,3,6,3,0,2,2
308,308,12,240.3,3,84.2,6.29908001941,3,6,3,0,2,1
309,309,12,251.7,4,114.1,6.8416006899,3,6,3,0,2,2
310,310,12,252.7,3,90.6,6.91578672752,3,6,3,0,2,1
311,311,13,257.6,3,88.2,6.65793338229,3,7,3,0,2,1
312,312,13,256.7,3,85.4,6.59717305425,3,7,3,0,1,2
313,313,13,261.3,3,88.3,6.78687458752,3,7,3,0,2,1
314,314,13,259.6,4,114.3,6.87512237653,3,7,3,0,2,2
315,315,12,254.6,4,126.4,8.30474490149,3,6,3,0,2,2
316,316,12,257.0,4,129.3,8.62130904776,3,6,3,0,2,2
317,317,12,257.7,4,127.5,8.5475275532,3,6,3,0,2,2
318,318,12,257.9,4,126.1,7.90517187822,3,6,3,0,2,2
319,319,12,260.8,4,124.9,8.13156960509,3,6,3,0,2,2
320,320,13,269.2,4,117.4,7.13459430503,4,6,3,0,1,3
321,321,13,256.6,2,59.6,6.23385093148,4,6,3,0,0,2
322,322,13,250.0,2,60.6,6.23463238897,4,6,3,0,0,2
323,323,14,265.0,3,91.2,6.70182851873,4,7,3,0,1,2
324,324,14,264.7,2,66.0,7.34066275416,4,7,3,0,0,2
325,325,14,273.0,4,120.1,7.65807768609,4,7,3,0,2,2
326,326,14,271.3,4,115.2,6.93377226351,4,7,3,0,2,2
327,327,14,250.0,2,56.7,5.82972677625,4,7,3,0,0,2
328,328,14,243.9,2,51.9,5.16678423593,4,7,3,0,1,1
329,329,14,258.6,3,87.1,6.67053550744,4,7,3,0,2,1
330,330,15,274.8,3,86.4,6.55113948649,4,8,3,0,2,1
331,331,15,282.4,4,118.4,7.36637793013,4,8,3,0,2,2
332,332,15,296.7,4,120.5,7.50030475571,4,8,3,0,2,2
333,333,15,282.5,4,114.7,6.85457789329,4,8,3,0,2,2
334,334,15,280.6,3,85.7,6.26013083691,4,8,3,0,2,1
335,335,15,279.0,3,83.9,6.0529803757,4,8,3,0,1,2
336,336,15,272.0,3,81.1,5.75756231486,4,8,3,0,1,2
337,337,15,279.0,3,83.2,6.0827625303,4,8,3,0,2,1
338,338,5,175.6,5,175.6,2.21743094594,0,3,2,0,3,2
339,339,16,521.1,15,497.9,4.09091982322,5,8,3,5,7,3
340,340,18,566.5,16,522.8,5.40933893488,7,8,3,6,8,2
341,341,19,569.2,15,482.8,5.43070650095,7,9,3,5,8,2
342,342,18,533.6,14,446.9,5.75573598526,6,9,3,4,8,2
343,343,18,521.4,12,388.9,6.11468819849,6,9,3,4,6,2
344,344,18,526.0,14,438.2,5.22151156338,6,9,3,4,8,2
345,345,18,527.3,14,441.4,5.05772236837,6,9,3,4,8,2
346,346,18,532.5,14,446.8,5.41014841593,6,9,3,4,8,2
347,347,18,536.9,15,472.4,5.12729782698,6,9,3,5,8,2
