,e_id,num_sat,sum_snr,num_sat_25,sum_snr_25,num_sat_u20,sum_sat_u20,snr_std,elev_0_30,elev_30_60,elev_60_90,sum_elev_0_30,sum_elev_30_60,sum_elev_60_90,elev_0_30_25,elev_30_60_25,elev_60_90_25,sum_elev_0_30_25,sum_elev_30_60_25,sum_elev_60_90_25
1,1,17,283.5,3,92.3,13,167.0,8.11561222365,10,3,4,118.5,48.5,116.5,0,0,3,0,0,92.3
2,2,17,284.7,3,92.2,13,168.3,7.99500763344,10,3,4,121.4,46.9,116.4,0,0,3,0,0,92.2
3,3,17,296.2,4,122.9,12,150.4,8.61709996256,10,3,4,120.4,52.9,122.9,0,0,4,0,0,122.9
4,4,17,291.9,4,117.6,12,150.4,8.23041346971,10,3,4,120.4,53.9,117.6,0,0,4,0,0,117.6
5,5,17,275.6,3,90.7,12,141.6,7.90497330427,10,3,4,113.0,49.7,112.9,0,0,3,0,0,90.7
6,6,17,290.1,4,120.5,12,146.5,8.52620527964,10,3,4,116.7,52.9,120.5,0,0,4,0,0,120.5
7,7,17,283.8,4,116.8,13,167.0,8.05733133459,10,3,4,119.6,47.4,116.8,0,0,4,0,0,116.8
8,8,16,279.4,3,89.7,11,144.8,7.74259861631,9,3,4,112.8,53.3,113.3,0,0,3,0,0,89.7
9,9,15,265.7,4,114.0,10,128.4,7.98014202046,8,3,4,96.2,55.5,114.0,0,0,4,0,0,114.0
10,10,15,266.3,4,114.5,10,129.3,8.00186287834,8,3,4,96.2,55.6,114.5,0,0,4,0,0,114.5
11,11,15,264.5,3,89.6,9,111.0,7.84280076309,8,3,4,96.6,57.9,110.0,0,0,3,0,0,89.6
12,12,15,286.9,4,117.8,8,101.5,7.79949326803,8,3,4,109.4,59.7,117.8,0,0,4,0,0,117.8
13,13,15,284.7,4,118.2,10,142.4,7.54123900392,8,3,4,111.6,54.9,118.2,0,0,4,0,0,118.2
14,14,15,278.4,4,106.9,10,148.1,6.12836496489,8,3,4,117.3,54.2,106.9,0,0,4,0,0,106.9
15,15,15,276.5,3,82.5,11,172.4,5.57285085631,8,3,4,122.2,52.4,101.9,0,0,3,0,0,82.5
16,16,15,281.5,2,58.7,11,179.1,5.4185747555,8,3,4,128.4,50.9,102.2,0,0,2,0,0,58.7
17,17,15,281.3,2,57.5,10,160.1,5.17367880535,8,3,4,130.8,52.1,98.4,0,0,2,0,0,57.5
18,18,15,276.2,2,59.1,11,174.0,5.42492484038,8,3,4,124.6,51.8,99.8,0,0,2,0,0,59.1
19,19,15,270.1,2,58.6,11,168.1,5.77290056665,8,3,4,124.0,48.5,97.6,0,0,2,0,0,58.6
20,20,15,266.8,2,58.1,11,166.1,5.82823995323,8,3,4,120.8,48.1,97.9,0,0,2,0,0,58.1
21,21,15,275.8,3,83.6,10,151.2,5.94448924475,8,3,4,122.1,52.5,101.2,0,0,3,0,0,83.6
22,22,15,260.5,2,57.8,13,202.7,5.70947416476,8,3,4,115.7,49.5,95.3,0,0,2,0,0,57.8
23,23,15,260.5,2,56.2,11,162.6,5.60008503337,8,3,4,114.5,48.1,97.9,0,0,2,0,0,56.2
24,24,16,279.6,2,58.2,12,177.5,6.17203370049,9,3,4,130.9,47.7,101.0,0,0,2,0,0,58.2
25,25,16,268.2,2,57.1,11,148.1,6.26683067161,9,3,4,122.9,49.1,96.2,0,0,2,0,0,57.1
26,26,16,273.3,2,58.5,11,147.8,6.61233380383,9,3,4,121.3,50.8,101.2,0,0,2,0,0,58.5
27,27,17,282.9,2,56.9,12,161.7,6.07896566279,10,3,4,132.6,53.3,97.0,0,0,2,0,0,56.9
28,28,17,280.5,2,56.1,12,159.7,5.98686061304,10,3,4,133.9,53.4,93.2,0,0,2,0,0,56.1
29,29,17,276.0,1,31.1,13,178.6,5.86503848841,10,3,4,129.8,51.7,94.5,0,0,1,0,0,31.1
30,30,17,266.9,1,31.7,15,212.1,5.6323840423,10,3,4,129.6,52.8,84.5,0,0,1,0,0,31.7
31,31,17,278.1,2,59.4,14,193.9,6.3717206098,10,3,4,127.5,47.3,103.3,0,0,2,0,0,59.4
32,32,17,288.1,3,87.3,12,156.5,6.96070377612,10,3,4,126.8,51.6,109.7,0,0,3,0,0,87.3
33,33,17,294.5,2,55.3,11,150.6,6.03723129959,10,3,4,136.8,56.2,101.5,0,0,2,0,0,55.3
34,34,17,303.5,2,58.7,11,157.4,6.01000391504,10,3,4,143.6,58.5,101.4,0,0,2,0,0,58.7
35,35,17,305.8,2,59.5,11,156.3,6.26077894045,10,3,4,142.5,58.5,104.8,0,0,2,0,0,59.5
36,36,17,301.1,2,58.3,12,174.7,5.75129141508,10,3,4,149.9,50.3,100.9,0,0,2,0,0,58.3
37,37,17,299.2,2,57.3,12,173.6,5.70098675669,10,3,4,149.9,49.2,100.1,0,0,2,0,0,57.3
38,38,17,300.0,3,83.8,12,172.5,5.92126650801,10,3,4,147.6,49.2,103.2,0,0,3,0,0,83.8
39,39,17,292.2,3,86.4,13,182.6,6.20683920697,10,3,4,139.6,43.0,109.6,0,0,3,0,0,86.4
40,40,17,294.6,2,54.5,11,152.6,5.42664315045,10,3,4,148.0,47.5,99.1,0,0,2,0,0,54.5
41,41,17,303.5,2,56.1,10,142.0,5.33527385041,10,3,4,161.0,49.5,93.0,0,0,2,0,0,56.1
42,42,17,311.8,2,57.6,9,127.2,5.52868189801,10,3,4,159.3,50.8,101.7,0,0,2,0,0,57.6
43,43,17,315.9,3,84.3,11,166.6,5.83697645341,10,3,4,156.0,51.8,108.1,0,0,3,0,0,84.3
44,44,17,325.9,4,116.9,11,167.8,6.55665355821,10,3,4,156.1,52.9,116.9,0,0,4,0,0,116.9
45,45,17,314.0,3,86.3,11,163.9,6.08253285091,10,3,4,152.2,52.9,108.9,0,0,3,0,0,86.3
46,46,17,314.7,3,87.9,11,160.5,6.26157751219,10,3,4,154.3,47.8,112.6,0,0,3,0,0,87.9
47,47,17,312.5,4,114.7,11,155.8,6.65321682479,10,3,4,145.6,52.2,114.7,0,0,4,0,0,114.7
48,48,17,316.0,4,119.2,12,174.8,7.0254788407,10,3,4,145.4,51.4,119.2,0,0,4,0,0,119.2
49,49,17,322.6,3,92.9,11,162.6,6.75291875893,10,3,4,148.9,56.7,117.0,0,0,3,0,0,92.9
50,50,16,298.0,3,91.0,11,162.2,6.74640645084,9,3,4,129.9,53.0,115.1,0,0,3,0,0,91.0
51,51,16,301.2,4,118.3,11,162.6,6.94756552086,9,3,4,130.3,52.6,118.3,0,0,4,0,0,118.3
52,52,16,298.6,3,90.9,11,160.1,6.818687557,9,3,4,127.8,56.0,114.8,0,0,3,0,0,90.9
53,53,16,300.9,3,94.3,11,161.4,7.24370703899,9,3,4,132.5,49.2,119.2,0,0,3,0,0,94.3
54,54,16,304.1,4,119.0,11,164.0,6.99604352474,9,3,4,135.1,50.0,119.0,0,0,4,0,0,119.0
55,55,16,292.8,2,55.7,11,169.5,5.11103381584,9,3,4,138.1,52.6,102.1,0,0,2,0,0,55.7
56,56,16,302.7,3,85.3,10,152.6,5.66312266628,9,3,4,138.6,57.2,106.9,0,0,3,0,0,85.3
57,57,16,302.7,3,85.1,11,173.3,5.49620702546,9,3,4,141.0,54.9,106.8,0,0,3,0,0,85.1
58,58,16,304.1,2,60.5,11,173.3,5.65573086936,9,3,4,142.1,53.9,108.1,0,0,2,0,0,60.5
59,59,16,299.5,3,85.3,11,171.3,5.61749870197,9,3,4,140.1,52.4,107.0,0,0,3,0,0,85.3
60,60,16,300.1,3,88.1,11,165.4,6.19171152967,9,3,4,131.9,56.9,111.3,0,0,3,0,0,88.1
61,61,16,303.5,3,88.2,11,167.6,6.34305065932,9,3,4,131.9,58.6,113.0,0,0,3,0,0,88.2
62,62,16,288.0,2,59.1,11,159.4,5.97461295818,9,3,4,125.4,54.7,107.9,0,0,2,0,0,59.1
63,63,16,285.5,2,58.7,11,159.1,5.76055191222,9,3,4,126.5,53.8,105.2,0,0,2,0,0,58.7
64,64,16,295.4,4,109.9,11,162.7,6.15130067547,9,3,4,128.2,57.3,109.9,0,0,4,0,0,109.9
65,65,16,298.0,4,112.3,11,163.9,6.25518451633,9,3,4,130.7,55.0,112.3,0,0,4,0,0,112.3
66,66,16,297.7,3,88.5,11,163.2,6.38920639308,9,3,4,130.7,53.6,113.4,0,0,3,0,0,88.5
67,67,16,296.8,4,115.4,11,160.3,6.76619045943,9,3,4,126.8,54.6,115.4,0,0,4,0,0,115.4
68,68,16,297.1,4,117.1,11,156.7,7.09908151336,9,3,4,121.9,58.1,117.1,0,0,4,0,0,117.1
69,69,16,298.1,4,118.0,10,138.7,7.12860142899,9,3,4,123.4,56.7,118.0,0,0,4,0,0,118.0
70,70,16,295.9,4,115.2,11,159.8,6.83632150112,9,3,4,124.7,56.0,115.2,0,0,4,0,0,115.2
71,71,16,275.2,2,57.1,12,176.9,5.4366656448,9,3,4,124.7,56.5,94.0,0,0,2,0,0,57.1
72,72,16,262.5,2,55.5,14,207.0,5.07431029796,9,3,4,122.4,48.2,91.9,0,0,2,0,0,55.5
73,73,16,276.9,3,82.7,12,173.6,5.79683462475,9,3,4,125.4,48.2,103.3,0,0,3,0,0,82.7
74,74,16,287.3,2,54.5,12,187.3,4.92137768652,9,3,4,136.3,51.0,100.0,0,0,2,0,0,54.5
75,75,16,281.2,1,28.7,11,165.1,4.72362854876,9,3,4,134.0,52.3,94.9,0,0,1,0,0,28.7
76,76,16,286.0,1,30.9,12,187.1,5.1114903241,9,3,4,133.4,53.7,98.9,0,0,1,0,0,30.9
77,77,16,287.3,1,30.9,12,188.9,5.0868416855,9,3,4,136.5,52.4,98.4,0,0,1,0,0,30.9
78,78,16,301.6,2,59.4,10,153.5,5.78803363271,9,3,4,140.9,55.3,105.4,0,0,2,0,0,59.4
79,79,16,295.2,3,86.0,10,146.3,6.07881567413,9,3,4,136.5,51.1,107.6,0,0,3,0,0,86.0
80,80,16,287.3,3,85.7,12,181.4,6.01952032973,9,3,4,134.7,47.4,105.2,0,0,3,0,0,85.7
81,81,16,284.8,3,91.5,13,193.3,6.85458484033,9,3,4,127.9,47.5,109.4,0,0,3,0,0,91.5
82,82,16,290.3,3,92.2,13,198.1,6.80352543417,9,3,4,131.7,49.2,109.4,0,0,3,0,0,92.2
83,83,16,287.1,3,91.5,13,195.6,6.81840340549,9,3,4,130.0,48.4,108.7,0,0,3,0,0,91.5
84,84,16,287.6,3,92.6,13,195.0,6.96050764432,9,3,4,129.1,48.8,109.7,0,0,3,0,0,92.6
85,85,16,291.6,3,93.1,12,176.4,7.33571173552,9,3,4,127.4,49.0,115.2,0,0,3,0,0,93.1
86,86,16,288.9,3,92.7,12,175.6,7.29163619041,9,3,4,126.9,48.7,113.3,0,0,3,0,0,92.7
87,87,15,282.9,3,93.6,10,147.1,7.42320685418,8,3,4,116.8,50.8,115.3,0,0,3,0,0,93.6
88,88,15,285.0,3,94.3,10,146.7,7.57467585351,8,3,4,117.1,49.8,118.1,0,0,3,0,0,94.3
89,89,15,279.2,3,93.2,9,120.1,7.61763617879,8,3,4,113.2,49.7,116.3,0,0,3,0,0,93.2
90,90,15,280.0,3,93.9,9,120.1,7.70766470717,8,3,4,112.7,49.8,117.5,0,0,3,0,0,93.9
91,91,15,280.5,3,93.7,9,119.5,7.75610358731,8,3,4,112.7,49.5,118.3,0,0,3,0,0,93.7
92,92,15,277.6,3,92.5,9,120.8,7.48488635916,8,3,4,113.4,49.8,114.4,0,0,3,0,0,92.5
93,93,15,271.7,3,90.6,11,160.3,7.01700655211,8,3,4,112.9,50.0,108.8,0,0,3,0,0,90.6
94,94,15,268.1,3,91.8,11,155.5,7.54344243761,8,3,4,108.1,50.0,110.0,0,0,3,0,0,91.8
95,95,15,265.3,3,89.9,12,175.4,7.05669557094,8,3,4,111.6,45.9,107.8,0,0,3,0,0,89.9
96,96,14,256.2,3,90.9,10,141.0,7.6215282134,7,3,4,95.1,45.9,115.2,0,0,3,0,0,90.9
97,97,14,258.9,4,116.7,9,121.8,7.66756046709,7,3,4,96.3,45.9,116.7,0,0,4,0,0,116.7
98,98,14,255.8,4,114.0,10,141.8,7.30789126392,7,3,4,95.9,45.9,114.0,0,0,4,0,0,114.0
99,99,14,242.4,4,106.1,10,136.3,6.61325674953,7,3,4,95.9,40.4,106.1,0,0,4,0,0,106.1
100,100,14,250.6,4,110.1,10,140.5,6.75061250782,7,3,4,95.3,45.2,110.1,0,0,4,0,0,110.1
101,101,13,238.3,4,112.2,8,104.9,7.2933056766,6,3,4,79.2,46.9,112.2,0,0,4,0,0,112.2
102,102,13,248.4,4,114.0,8,112.6,7.23814680915,6,3,4,86.2,48.2,114.0,0,0,4,0,0,114.0
103,103,12,230.9,4,111.9,7,97.2,7.24712586708,5,3,4,70.8,48.2,111.9,0,0,4,0,0,111.9
104,104,11,220.7,4,111.6,6,86.6,7.02029525409,4,3,4,60.2,48.9,111.6,0,0,4,0,0,111.6
105,105,11,220.1,4,114.5,6,83.3,7.48083612245,4,3,4,56.9,48.7,114.5,0,0,4,0,0,114.5
106,106,10,210.4,4,113.0,4,55.1,6.9218173593,4,2,4,61.7,35.7,113.0,0,0,4,0,0,113.0
107,107,10,211.8,4,111.8,4,58.2,6.48310625138,4,2,4,64.3,35.7,111.8,0,0,4,0,0,111.8
108,108,10,211.0,4,111.0,4,58.2,6.39113970014,4,2,4,65.3,34.7,111.0,0,0,4,0,0,111.0
109,109,10,209.3,4,109.2,5,78.1,6.2311136868,4,2,4,65.7,34.4,109.2,0,0,4,0,0,109.2
110,110,10,210.6,4,114.7,5,75.7,7.00304695591,4,2,4,61.2,34.7,114.7,0,0,4,0,0,114.7
111,111,10,209.1,4,115.0,5,73.7,7.34157869792,4,2,4,59.2,34.9,115.0,0,0,4,0,0,115.0
112,112,10,211.0,4,115.6,6,95.4,7.3210503193,4,2,4,60.9,34.5,115.6,0,0,4,0,0,115.6
113,113,10,207.4,4,111.5,5,75.7,6.57929411952,4,2,4,61.2,34.7,111.5,0,0,4,0,0,111.5
114,114,10,204.6,4,119.1,6,85.5,8.3166766867,4,2,4,56.6,28.9,119.1,0,0,4,0,0,119.1
115,115,10,208.2,4,120.1,6,88.1,8.3937542918,4,2,4,59.2,28.9,120.1,0,0,4,0,0,120.1
116,116,11,211.8,4,112.4,7,99.4,7.36143513676,4,3,4,58.3,41.1,112.4,0,0,4,0,0,112.4
117,117,11,220.8,4,120.4,7,100.4,8.334157535,4,3,4,61.1,39.3,120.4,0,0,4,0,0,120.4
118,118,12,228.2,4,112.4,8,115.8,7.13452977788,5,3,4,75.1,40.7,112.4,0,0,4,0,0,112.4
119,119,12,236.4,4,111.4,8,125.0,6.43484830647,5,3,4,79.7,45.3,111.4,0,0,4,0,0,111.4
120,120,13,260.7,3,83.6,8,131.9,5.49630411953,6,3,4,101.6,51.6,107.5,0,0,3,0,0,83.6
121,121,13,257.2,4,108.6,8,126.6,5.65962986921,6,3,4,96.6,52.0,108.6,0,0,4,0,0,108.6
122,122,13,253.4,3,80.0,8,127.7,5.14189678661,6,3,4,98.3,51.4,103.7,0,0,3,0,0,80.0
123,123,13,253.5,2,54.6,8,130.6,4.90153037326,6,3,4,99.7,52.9,100.9,0,0,2,0,0,54.6
124,124,13,270.2,3,97.8,8,127.4,7.69911749855,6,3,4,96.5,52.9,120.8,0,0,3,0,0,97.8
125,125,13,263.5,4,117.3,8,124.2,7.11540401938,6,3,4,93.2,53.0,117.3,0,0,4,0,0,117.3
126,126,13,265.2,4,111.9,7,109.4,6.21892273629,6,3,4,103.9,49.4,111.9,0,0,4,0,0,111.9
127,127,13,245.5,2,56.7,7,101.0,5.75468593899,6,3,4,95.5,49.4,100.6,0,0,2,0,0,56.7
128,128,13,233.3,2,51.5,9,141.0,4.3517458919,6,3,4,95.8,45.2,92.3,0,0,2,0,0,51.5
129,129,13,248.6,2,56.0,9,148.3,4.91225573543,6,3,4,99.9,48.4,100.3,0,0,2,0,0,56.0
130,130,13,250.4,2,56.1,9,152.8,4.59211978312,6,3,4,104.0,49.7,96.7,0,0,2,0,0,56.1
131,131,13,250.3,2,53.5,8,131.5,4.41354267843,6,3,4,104.3,47.8,98.2,0,0,2,0,0,53.5
132,132,13,243.1,1,28.7,10,168.1,4.18847625436,6,3,4,102.2,47.2,93.7,0,0,1,0,0,28.7
133,133,13,250.5,2,55.0,9,150.4,4.80943250557,6,3,4,102.5,47.9,100.1,0,0,2,0,0,55.0
134,134,13,248.5,2,56.0,10,170.2,4.8757642399,6,3,4,103.3,47.9,97.3,0,0,2,0,0,56.0
135,135,13,242.5,2,57.0,9,142.5,5.34113211854,6,3,4,103.8,43.0,95.7,0,0,2,0,0,57.0
136,136,13,237.7,2,55.9,9,138.2,5.40337026831,6,3,4,99.3,43.0,95.4,0,0,2,0,0,55.9
137,137,13,239.5,2,55.7,9,138.2,5.50471825591,6,3,4,100.2,43.0,96.3,0,0,2,0,0,55.7
138,138,12,218.7,1,31.0,9,138.5,5.7862100958,6,2,4,93.4,30.8,94.5,0,0,1,0,0,31.0
139,139,12,211.8,1,31.4,9,134.1,5.73101609268,6,2,4,93.3,26.5,92.0,0,0,1,0,0,31.4
140,140,12,214.0,2,56.6,9,134.9,5.81617389595,6,2,4,92.7,26.5,94.8,0,0,2,0,0,56.6
141,141,12,215.8,2,56.8,9,134.8,5.96791928615,6,2,4,92.6,26.5,96.7,0,0,2,0,0,56.8
142,142,12,217.1,2,56.6,9,137.0,5.86072572815,6,2,4,94.8,26.5,95.8,0,0,2,0,0,56.6
143,143,11,203.9,1,31.1,7,105.4,5.78208832988,5,2,4,78.9,26.5,98.5,0,0,1,0,0,31.1
144,144,11,197.7,1,31.6,7,96.1,6.55424914221,5,2,4,70.3,25.8,101.6,0,0,1,0,0,31.6
145,145,11,202.4,2,58.2,6,80.2,6.54476890348,5,2,4,73.7,27.7,101.0,0,0,2,0,0,58.2
146,146,11,207.9,2,56.1,7,108.9,5.61925261934,5,2,4,73.7,35.2,99.0,0,0,2,0,0,56.1
147,147,12,224.2,2,56.1,8,126.1,5.35296575967,5,3,4,79.9,47.8,96.5,0,0,2,0,0,56.1
148,148,13,236.2,2,57.0,9,137.6,5.42899386249,6,3,4,91.2,46.4,98.6,0,0,2,0,0,57.0
149,149,14,246.5,2,57.9,12,188.6,5.47644807485,7,3,4,101.4,49.9,95.2,0,0,2,0,0,57.9
150,150,15,263.0,2,60.4,12,181.7,6.02526427004,8,3,4,113.5,51.1,98.4,0,0,2,0,0,60.4
151,151,16,283.0,2,60.2,13,202.5,5.73711600022,9,3,4,131.7,51.7,99.6,0,0,2,0,0,60.2
152,152,16,294.0,2,56.3,11,169.8,5.52744666792,9,3,4,133.3,57.7,103.0,0,0,2,0,0,56.3
153,153,16,292.3,3,81.2,10,144.7,5.81569356712,9,3,4,127.9,59.8,104.6,0,0,3,0,0,81.2
154,154,16,291.5,1,30.1,12,193.5,4.8066923832,9,3,4,138.1,55.8,97.6,0,0,1,0,0,30.1
155,155,16,286.0,1,26.5,10,150.2,4.45802646919,9,3,4,137.5,55.8,92.7,0,0,1,0,0,26.5
156,156,16,288.2,2,55.2,11,167.7,4.8933798817,9,3,4,132.0,55.8,100.4,0,0,2,0,0,55.2
157,157,16,291.7,3,83.9,11,166.6,5.34873427395,9,3,4,137.9,49.3,104.5,0,0,3,0,0,83.9
158,158,16,301.4,3,87.5,10,149.4,5.88295560638,9,3,4,137.6,56.0,107.8,0,0,3,0,0,87.5
159,159,16,304.2,3,87.6,10,150.9,5.8855614289,9,3,4,139.1,55.2,109.9,0,0,3,0,0,87.6
160,160,16,307.2,3,88.9,10,152.4,5.96199071899,9,3,4,140.6,54.9,111.7,0,0,3,0,0,88.9
161,161,15,289.9,3,87.5,10,156.6,6.08845120661,8,3,4,127.5,50.5,111.9,0,0,3,0,0,87.5
162,162,15,284.5,3,86.3,10,154.8,6.0050772169,8,3,4,120.5,54.5,109.5,0,0,3,0,0,86.3
163,163,15,292.8,4,115.2,10,154.1,6.62971664984,8,3,4,121.4,56.2,115.2,0,0,4,0,0,115.2
164,164,15,310.1,4,113.0,8,126.4,5.92060164253,8,3,4,130.4,66.7,113.0,0,0,4,0,0,113.0
165,165,14,297.8,4,115.6,8,136.5,5.64602359343,7,3,4,117.9,66.2,113.7,0,1,3,0,26.0,89.6
166,166,14,292.0,3,90.9,8,132.3,6.04365074154,7,3,4,113.7,64.6,113.7,0,0,3,0,0,90.9
167,167,14,288.6,4,115.1,9,151.9,5.88281161754,7,3,4,115.5,65.9,107.2,0,1,3,0,25.7,89.4
168,168,14,284.2,3,89.8,9,148.4,6.06122607551,7,3,4,115.6,57.2,111.4,0,0,3,0,0,89.8
169,169,14,293.3,5,141.1,8,130.8,6.1616368954,7,3,4,116.5,61.3,115.5,0,1,4,0,25.6,115.5
170,170,14,287.0,4,116.3,8,125.5,6.40900808358,7,3,4,114.8,55.9,116.3,0,0,4,0,0,116.3
171,171,14,288.4,5,141.6,9,146.8,6.32248733916,7,3,4,115.2,58.1,115.1,0,1,4,0,26.5,115.1
172,172,14,282.0,4,105.9,8,130.9,5.09172998947,7,3,4,116.7,59.4,105.9,0,0,4,0,0,105.9
173,173,14,281.1,5,131.0,8,127.9,5.43778498053,7,3,4,113.7,61.8,105.6,0,1,4,0,25.4,105.6
174,174,14,285.7,4,112.7,8,125.2,6.16247506292,7,3,4,111.0,64.3,110.4,0,1,3,0,26.0,86.7
175,175,14,287.2,4,115.8,7,105.0,6.46349002449,7,3,4,112.1,62.4,112.7,0,1,3,0,25.4,90.4
176,176,14,277.3,3,88.6,9,140.1,6.3635336441,7,3,4,109.3,55.5,112.5,0,0,3,0,0,88.6
177,177,14,278.9,4,113.9,9,140.9,6.33393529046,7,3,4,110.1,56.6,112.2,0,1,3,0,25.8,88.1
178,178,14,287.2,5,139.8,8,127.0,6.19985820469,7,3,4,116.6,55.8,114.8,0,1,4,0,25.0,114.8
179,179,14,283.7,5,138.3,9,145.4,6.06472868857,7,3,4,114.6,55.9,113.2,0,1,4,0,25.1,113.2
180,180,13,265.3,4,111.1,8,130.2,5.96496179625,6,3,4,99.4,54.8,111.1,0,0,4,0,0,111.1
181,181,13,267.8,3,86.0,8,134.1,5.68565446248,6,3,4,105.9,52.2,109.7,0,0,3,0,0,86.0
182,182,13,269.1,3,83.2,8,139.7,4.84131524829,6,3,4,105.9,57.9,105.3,0,0,3,0,0,83.2
183,183,13,258.5,3,78.8,7,110.0,5.02192628279,6,3,4,95.8,60.8,101.9,0,0,3,0,0,78.8
184,184,13,231.6,1,26.8,9,137.5,4.38859243833,6,3,4,91.8,45.7,94.1,0,0,1,0,0,26.8
185,185,13,231.4,1,27.5,10,155.9,4.9025503567,6,3,4,90.0,47.1,94.3,0,0,1,0,0,27.5
186,186,13,226.5,0,0,10,156.1,4.24816702554,6,3,4,90.0,46.5,90.0,0,0,0,0,0,0
187,187,13,242.2,2,52.3,8,121.8,5.24998168495,6,3,4,88.4,54.4,99.4,0,0,2,0,0,52.3
188,188,13,232.8,2,53.4,9,131.6,5.54819212874,6,3,4,83.3,54.6,94.9,0,0,2,0,0,53.4
189,189,13,243.9,3,78.9,8,118.6,5.81213363885,6,3,4,87.6,52.7,103.6,0,0,3,0,0,78.9
190,190,13,256.8,3,86.5,8,124.1,6.15421473255,6,3,4,92.8,53.0,111.0,0,0,3,0,0,86.5
191,191,14,281.9,4,110.1,8,129.1,5.46099556193,7,3,4,112.3,59.5,110.1,0,0,4,0,0,110.1
192,192,14,286.9,4,111.0,8,133.1,5.47995849026,7,3,4,117.9,58.0,111.0,0,0,4,0,0,111.0
193,193,14,274.4,3,85.3,9,143.4,6.01280684488,7,3,4,111.1,54.0,109.3,0,0,3,0,0,85.3
194,194,14,273.8,4,109.6,8,121.3,5.97606949369,7,3,4,111.6,52.6,109.6,0,0,4,0,0,109.6
195,195,14,263.0,3,83.7,10,154.4,6.04163212065,7,3,4,110.4,44.0,108.6,0,0,3,0,0,83.7
196,196,14,266.2,3,84.1,9,137.7,6.09714399003,7,3,4,114.4,43.6,108.2,0,0,3,0,0,84.1
197,197,14,262.7,2,57.1,10,158.0,5.75948811065,7,3,4,113.7,44.3,104.7,0,0,2,0,0,57.1
198,198,14,259.8,2,56.5,11,182.5,4.83905812287,7,3,4,112.8,50.2,96.8,0,0,2,0,0,56.5
199,199,14,261.8,2,55.9,11,181.9,4.92950301755,7,3,4,114.3,53.6,93.9,0,0,2,0,0,55.9
200,200,14,254.8,2,55.2,11,176.2,4.87805131332,7,3,4,112.8,53.0,89.0,0,0,2,0,0,55.2
201,201,14,256.6,2,56.5,11,176.2,5.0928952883,7,3,4,112.8,53.5,90.3,0,0,2,0,0,56.5
202,202,14,256.4,2,57.2,11,176.4,5.22123727495,7,3,4,109.3,52.4,94.7,0,0,2,0,0,57.2
203,203,14,252.0,2,54.0,11,176.1,4.71870255962,7,3,4,108.9,51.5,91.6,0,0,2,0,0,54.0
204,204,14,236.5,1,25.7,10,141.1,4.70555551952,7,3,4,98.0,52.3,86.2,0,0,1,0,0,25.7
205,205,14,251.8,1,26.0,9,136.6,4.91197236632,7,3,4,107.7,53.0,91.1,0,0,1,0,0,26.0
206,206,14,257.5,1,25.4,8,120.3,4.98404597548,7,3,4,112.7,52.6,92.2,0,0,1,0,0,25.4
207,207,14,261.3,1,25.5,7,104.7,4.77503236282,7,3,4,118.4,52.5,90.4,0,0,1,0,0,25.5
208,208,14,257.0,1,26.5,11,183.8,4.42939729981,7,3,4,119.2,51.2,86.6,0,0,1,0,0,26.5
209,209,14,256.7,1,26.8,10,161.2,4.51554701395,7,3,4,115.5,49.8,91.4,0,0,1,0,0,26.8
210,210,14,261.5,1,26.0,9,142.7,4.68732801882,7,3,4,114.2,50.8,96.5,0,0,1,0,0,26.0
211,211,15,274.8,1,26.4,10,157.3,4.70489107207,8,3,4,128.8,50.8,95.2,0,0,1,0,0,26.4
212,212,15,275.3,1,25.7,8,115.2,4.83408532738,8,3,4,131.6,48.5,95.2,0,0,1,0,0,25.7
213,213,15,273.1,1,25.5,10,156.5,4.50435767843,8,3,4,130.5,47.9,94.7,0,0,1,0,0,25.5
214,214,15,283.3,1,26.6,8,120.8,4.78119331588,8,3,4,136.2,48.3,98.8,0,0,1,0,0,26.6
215,215,16,298.1,2,52.1,10,157.6,4.57816830184,9,3,4,154.0,46.8,97.3,0,0,2,0,0,52.1
216,216,16,294.3,2,53.5,11,172.7,4.93091860948,9,3,4,148.0,46.5,99.8,0,0,2,0,0,53.5
217,217,16,293.6,2,54.9,11,172.6,4.87606398645,9,3,4,147.9,45.3,100.4,0,0,2,0,0,54.9
218,218,16,296.6,3,81.3,11,172.4,5.22773054649,9,3,4,147.7,44.9,104.0,0,0,3,0,0,81.3
219,219,16,296.5,2,55.9,11,171.8,5.19136703255,9,3,4,147.1,45.9,103.5,0,0,2,0,0,55.9
220,220,16,299.7,3,80.1,11,175.3,5.00502663996,9,3,4,150.6,47.0,102.1,0,0,3,0,0,80.1
221,221,16,292.3,2,55.0,12,192.0,4.88381254759,9,3,4,148.9,45.4,98.0,0,0,2,0,0,55.0
222,222,16,298.3,3,88.0,11,168.7,6.03036414047,9,3,4,145.9,42.9,109.5,0,0,3,0,0,88.0
223,223,16,286.2,2,53.6,11,164.7,5.11662323543,9,3,4,141.9,42.9,101.4,0,0,2,0,0,53.6
224,224,15,285.7,3,82.6,10,159.7,5.25586293943,9,2,4,149.0,31.3,105.4,0,0,3,0,0,82.6
225,225,15,288.9,3,85.3,11,178.8,5.58439151309,9,2,4,146.3,32.5,110.1,0,0,3,0,0,85.3
226,226,15,285.4,3,82.6,11,178.7,5.14732477904,9,2,4,146.2,32.5,106.7,0,0,3,0,0,82.6
227,227,16,305.7,4,109.5,12,196.2,5.37704612218,10,2,4,163.7,32.5,109.5,0,0,4,0,0,109.5
228,228,16,296.1,3,80.3,12,191.9,4.882413167,10,2,4,163.1,28.8,104.2,0,0,3,0,0,80.3
229,229,16,300.2,4,110.0,12,190.2,5.68376342459,10,2,4,159.2,31.0,110.0,0,0,4,0,0,110.0
230,230,16,305.9,4,113.2,12,192.7,5.75305353704,10,2,4,161.7,31.0,113.2,0,0,4,0,0,113.2
231,231,15,289.2,2,62.0,11,178.9,5.94044250396,9,2,4,146.1,32.8,110.3,0,0,2,0,0,62.0
232,232,16,299.2,2,61.4,13,215.3,5.38900114431,9,3,4,145.8,50.3,103.1,0,0,2,0,0,61.4
233,233,15,299.5,4,117.5,10,161.7,6.46083438515,8,3,4,130.5,51.5,117.5,0,0,4,0,0,117.5
234,234,15,299.5,4,125.8,11,173.7,7.41578111353,8,3,4,125.4,48.3,125.8,0,0,4,0,0,125.8
235,235,15,300.3,4,128.8,11,171.5,7.85149667261,7,4,4,105.2,66.3,128.8,0,0,4,0,0,128.8
236,236,15,292.5,3,99.3,11,169.6,7.55068587235,8,3,4,122.1,47.5,122.9,0,0,3,0,0,99.3
237,237,14,281.8,4,127.9,10,153.9,8.00590441452,7,3,4,107.1,46.8,127.9,0,0,4,0,0,127.9
238,238,14,286.4,4,126.9,10,159.5,7.76527916044,7,3,4,109.4,50.1,126.9,0,0,4,0,0,126.9
239,239,15,299.5,4,125.5,11,174.0,7.44817011723,8,3,4,123.1,50.9,125.5,0,0,4,0,0,125.5
240,240,15,301.6,4,127.5,11,174.1,7.63333541277,8,3,4,125.1,49.0,127.5,0,0,4,0,0,127.5
241,241,15,300.5,4,124.3,11,176.2,7.35756818003,8,3,4,125.5,50.7,124.3,0,0,4,0,0,124.3
242,242,15,296.6,4,124.1,11,172.5,7.4573517577,8,3,4,121.9,50.6,124.1,0,0,4,0,0,124.1
243,243,15,281.9,3,87.9,11,169.8,6.29551616704,8,3,4,121.4,48.4,112.1,0,0,3,0,0,87.9
244,244,16,295.7,3,89.9,12,183.0,6.34856611107,10,2,4,151.5,31.5,112.7,0,0,3,0,0,89.9
245,245,16,282.7,3,85.3,12,175.4,6.35680409745,10,2,4,143.9,31.5,107.3,0,0,3,0,0,85.3
246,246,16,272.8,2,57.4,12,173.2,5.77996539782,10,2,4,143.3,29.9,99.6,0,0,2,0,0,57.4
247,247,16,278.6,2,59.5,12,173.0,6.28563176353,10,2,4,143.1,29.9,105.6,0,0,2,0,0,59.5
248,248,15,262.6,4,114.6,11,148.0,7.46491476046,9,2,4,118.1,29.9,114.6,0,0,4,0,0,114.6
249,249,15,259.4,4,116.7,11,142.7,7.68146811365,9,2,4,114.5,28.2,116.7,0,0,4,0,0,116.7
250,250,16,289.8,3,89.0,12,176.9,6.77415431376,10,2,4,146.1,30.8,112.9,0,0,3,0,0,89.0
251,251,16,290.4,2,61.0,11,160.0,6.42816718306,10,2,4,146.7,36.5,107.2,0,0,2,0,0,61.0
252,252,16,290.6,2,57.9,10,144.2,6.07891163504,10,2,4,149.5,36.7,104.4,0,0,2,0,0,57.9
253,253,16,294.9,4,111.3,11,162.2,6.53102531511,10,2,4,147.3,36.3,111.3,0,0,4,0,0,111.3
254,254,16,287.9,1,32.1,11,161.7,6.02123672236,10,2,4,146.8,37.4,103.7,0,0,1,0,0,32.1
255,255,16,289.0,3,85.8,12,180.3,6.29146246909,10,2,4,147.3,33.0,108.7,0,0,3,0,0,85.8
256,256,15,270.1,2,58.5,11,163.7,6.03092822359,9,2,4,130.7,33.0,106.4,0,0,2,0,0,58.5
257,257,15,290.2,4,115.6,10,154.5,6.54848583007,9,2,4,142.3,32.3,115.6,0,0,4,0,0,115.6
258,258,15,286.9,4,116.5,11,170.4,6.65598191389,9,2,4,138.1,32.3,116.5,0,0,4,0,0,116.5
259,259,15,287.3,4,116.0,11,171.3,6.42349111428,9,2,4,142.2,29.1,116.0,0,0,4,0,0,116.0
260,260,15,286.6,4,116.3,11,170.3,6.4665586638,9,2,4,141.2,29.1,116.3,0,0,4,0,0,116.3
261,261,15,291.2,4,117.5,11,173.7,6.52871313798,9,2,4,144.6,29.1,117.5,0,0,4,0,0,117.5
262,262,14,276.8,4,118.5,10,158.3,6.7304621594,8,2,4,129.2,29.1,118.5,0,0,4,0,0,118.5
263,263,14,276.3,4,119.4,10,156.9,6.86312410841,8,2,4,127.5,29.4,119.4,0,0,4,0,0,119.4
264,264,14,273.0,4,119.8,10,153.2,7.20042733775,8,2,4,125.9,27.3,119.8,0,0,4,0,0,119.8
265,265,15,290.9,4,121.1,11,169.8,7.09924207893,9,2,4,139.5,30.3,121.1,0,0,4,0,0,121.1
266,266,15,297.2,4,120.3,11,176.9,6.59933618595,9,2,4,143.5,33.4,120.3,0,0,4,0,0,120.3
267,267,15,296.9,4,118.9,10,156.8,6.64835819332,8,3,4,130.5,47.5,118.9,0,0,4,0,0,118.9
268,268,15,291.4,3,93.9,10,154.9,6.69365015376,8,3,4,130.1,46.0,115.3,0,0,3,0,0,93.9
269,269,16,311.1,3,94.4,12,192.4,6.61190529777,9,3,4,142.6,49.8,118.7,0,0,3,0,0,94.4
270,270,16,312.9,4,121.3,12,191.6,6.75593257811,9,3,4,141.8,49.8,121.3,0,0,4,0,0,121.3
271,271,15,286.6,4,112.7,11,173.9,6.15252174393,8,3,4,124.1,49.8,112.7,0,0,4,0,0,112.7
272,272,15,274.5,3,88.0,11,163.8,6.39274141954,8,3,4,118.8,45.0,110.7,0,0,3,0,0,88.0
273,273,15,276.9,2,62.2,11,165.1,6.55817918981,8,3,4,120.1,45.0,111.8,0,0,2,0,0,62.2
274,274,15,289.0,4,123.9,11,165.1,7.64139727936,8,3,4,120.1,45.0,123.9,0,0,4,0,0,123.9
275,275,14,264.9,3,96.1,10,145.8,7.66371857636,8,2,4,116.7,29.1,119.1,0,0,3,0,0,96.1
276,276,14,263.9,3,96.6,10,147.1,7.58295152603,8,2,4,118.0,29.1,116.8,0,0,3,0,0,96.6
277,277,13,254.0,3,97.7,9,135.4,7.88094098247,8,1,4,120.4,15.0,118.6,0,0,3,0,0,97.7
278,278,14,273.3,3,94.9,9,134.9,7.25504371735,8,2,4,124.2,32.1,117.0,0,0,3,0,0,94.9
279,279,14,275.8,3,94.3,10,156.9,7.23984700221,8,2,4,125.2,31.7,118.9,0,0,3,0,0,94.3
280,280,14,274.2,4,120.9,10,153.3,7.42851648331,8,2,4,120.9,32.4,120.9,0,0,4,0,0,120.9
281,281,14,271.5,4,118.7,10,152.8,7.1991948573,8,2,4,120.6,32.2,118.7,0,0,4,0,0,118.7
282,282,15,282.8,4,115.2,10,146.4,6.73369635985,8,3,4,120.8,46.8,115.2,0,0,4,0,0,115.2
283,283,15,277.7,4,113.8,11,163.9,6.58839528117,8,3,4,117.9,46.0,113.8,0,0,4,0,0,113.8
284,284,15,278.0,4,114.5,11,163.5,6.66265355402,8,3,4,117.9,45.6,114.5,0,0,4,0,0,114.5
285,285,15,274.6,4,113.0,11,161.6,6.73980358623,9,2,4,125.5,36.1,113.0,0,0,4,0,0,113.0
286,286,15,266.6,3,84.3,11,157.8,6.45340072771,9,2,4,121.5,36.3,108.8,0,0,3,0,0,84.3
287,287,15,265.6,3,88.2,12,177.4,6.80057420545,9,2,4,122.2,36.2,107.2,0,0,3,0,0,88.2
288,288,14,259.0,2,62.6,10,148.4,6.82957369995,8,2,4,112.2,36.2,110.6,0,0,2,0,0,62.6
289,289,13,232.4,3,82.2,10,150.2,6.16213624297,7,2,4,98.1,36.7,97.6,0,0,3,0,0,82.2
290,290,13,244.3,3,83.0,9,138.8,6.10948191181,7,2,4,100.2,41.3,102.8,0,0,3,0,0,83.0
291,291,13,244.7,3,84.1,9,139.3,6.29115170248,7,2,4,101.7,37.6,105.4,0,0,3,0,0,84.1
292,292,13,260.4,4,121.1,9,139.3,7.80036159583,7,2,4,101.7,37.6,121.1,0,0,4,0,0,121.1
293,293,13,249.1,3,93.2,10,155.9,7.43118860631,7,2,4,101.5,36.0,111.6,0,0,3,0,0,93.2
294,294,13,245.5,3,88.1,10,157.4,6.886562538,7,2,4,101.4,36.0,108.1,0,0,3,0,0,88.1
295,295,13,249.2,3,88.9,9,140.2,6.55532666557,7,2,4,104.2,36.0,109.0,0,0,3,0,0,88.9
296,296,13,232.2,2,53.3,9,134.5,5.22662071539,7,2,4,104.2,30.3,97.7,0,0,2,0,0,53.3
297,297,13,234.9,2,50.9,9,134.8,5.27247326773,7,2,4,104.5,30.3,100.1,0,0,2,0,0,50.9
298,298,7,244.3,7,244.3,0,0,2.91604755334,6,1,0,211.1,33.2,0,6,1,0,211.1,33.2,0
299,299,7,243.7,7,243.7,0,0,3.45660168925,6,1,0,210.8,32.9,0,6,1,0,210.8,32.9,0
300,300,17,520.4,13,434.9,2,38.7,6.20774539919,9,6,2,303.0,158.3,59.1,8,3,2,279.6,96.2,59.1
301,301,17,522.1,13,439.4,1,18.2,6.29005985196,9,6,2,303.5,159.7,58.9,8,3,2,281.8,98.7,58.9
302,302,17,546.2,14,482.0,1,19.0,6.18685751269,9,6,2,316.7,173.4,56.1,8,4,2,294.6,131.3,56.1
303,303,17,551.7,14,484.6,1,17.9,6.18305321494,9,6,2,321.1,173.9,56.7,8,4,2,296.6,131.3,56.7
304,304,17,541.0,14,478.6,1,17.1,6.42354355202,9,6,2,311.6,172.2,57.2,8,4,2,290.2,131.2,57.2
305,305,17,552.2,15,514.1,1,16.7,6.51260655327,9,6,2,317.0,175.8,59.4,8,5,2,295.6,159.1,59.4
306,306,17,549.1,15,509.0,1,16.3,6.2835101655,9,6,2,319.3,171.6,58.2,8,5,2,295.5,155.3,58.2
307,307,17,528.2,15,490.1,1,16.2,5.78249132142,9,6,2,301.2,176.3,50.7,9,5,1,301.2,160.1,28.8
308,308,17,537.8,14,478.4,2,36.4,7.22676805153,9,6,2,316.6,172.6,48.6,9,4,1,316.6,136.2,25.6
309,309,18,560.0,15,496.7,1,17.1,5.43419336391,10,6,2,331.9,171.9,56.2,10,4,1,331.9,133.0,31.8
310,310,19,565.4,15,479.6,1,16.7,5.81896475992,11,6,2,343.4,166.2,55.8,9,4,2,297.6,126.2,55.8
311,311,19,570.7,15,487.5,2,35.9,6.19481956748,11,6,2,348.5,163.9,58.3,10,3,2,325.4,103.8,58.3
312,312,16,494.7,14,454.4,1,16.7,6.35727601519,9,5,2,286.8,148.2,59.7,8,4,2,263.2,131.5,59.7
