,e_id,num_sat,sum_snr,num_sat_25,sum_snr_25,num_sat_u20,sum_sat_u20,snr_std,elev_0_30,elev_30_60,elev_60_90,sum_elev_0_30,sum_elev_30_60,sum_elev_60_90,elev_0_30_25,elev_30_60_25,elev_60_90_25,sum_elev_0_30_25,sum_elev_30_60_25,sum_elev_60_90_25
1,1,20,598.6,14,463.4,1,19.9,5.91466509262,12,4,4,339.3,139.3,120.0,7,4,3,226.7,139.3,97.4
2,2,20,595.3,16,508.4,1,17.7,5.44815516821,12,4,4,348.4,132.0,114.9,9,4,3,283.0,132.0,93.4
3,3,20,646.8,19,626.4,0,0,3.34843246908,12,4,4,399.8,130.1,116.9,12,4,3,399.8,130.1,96.5
4,4,21,652.6,17,560.5,0,0,5.37697914836,13,4,4,414.4,121.7,116.5,11,3,3,369.1,97.4,94.0
5,5,21,665.9,20,645.2,0,0,4.63873956608,13,4,4,428.4,127.1,110.4,13,4,3,428.4,127.1,89.7
6,6,21,661.0,20,636.1,0,0,3.69877070956,13,4,4,430.0,123.6,107.4,13,4,3,430.0,123.6,82.5
7,7,18,596.2,18,596.2,0,0,4.495429778,12,3,3,403.5,105.7,87.0,12,3,3,403.5,105.7,87.0
8,8,19,601.3,17,553.0,0,0,5.12611705128,12,4,3,393.0,124.2,84.1,11,3,3,368.3,100.6,84.1
9,9,19,576.9,15,485.8,1,19.3,5.42363249803,12,4,3,381.4,115.8,79.7,10,3,2,334.0,96.5,55.3
10,10,20,610.7,16,524.4,2,37.4,6.03064760422,12,4,4,391.6,119.5,99.6,11,3,2,367.4,100.2,56.8
11,11,20,610.6,16,526.9,2,37.3,6.59809382362,12,4,4,394.9,118.5,97.2,11,3,2,371.7,98.6,56.6
12,12,20,604.7,15,498.2,1,16.2,6.85483118146,12,4,4,392.5,116.7,95.5,10,3,2,346.2,95.0,57.0
13,13,20,620.7,16,532.6,1,17.2,6.39607404256,12,4,4,410.0,111.9,98.8,11,2,3,385.1,65.9,81.6
14,14,20,624.9,17,554.7,0,0,5.61196794454,12,4,4,412.8,114.3,97.8,12,2,3,412.8,65.3,76.6
15,15,19,586.6,14,470.1,0,0,6.36674014838,12,3,4,408.9,77.7,100.0,11,1,2,384.7,31.6,53.8
16,16,20,610.4,16,523.4,1,18.9,6.40489944044,12,4,4,387.0,114.4,109.0,10,3,3,344.8,92.6,86.0
17,17,20,611.9,16,520.6,1,19.4,5.90222750101,12,4,4,391.0,117.9,103.0,10,3,3,342.9,94.1,83.6
18,18,20,604.0,16,521.8,2,37.1,6.59864419886,12,4,4,387.4,119.1,97.5,11,3,2,369.7,95.1,57.0
19,19,20,618.7,17,555.6,1,16.1,5.93732839087,12,4,4,400.3,126.2,92.2,12,4,1,400.3,126.2,29.1
20,20,20,632.3,17,564.2,1,19.6,5.51689033309,13,4,3,417.3,132.2,82.8,12,3,2,392.7,108.3,63.2
21,21,20,626.4,16,537.6,1,18.6,5.99013223648,13,4,3,412.6,132.3,81.5,11,3,2,366.9,107.8,62.9
22,22,20,639.3,18,595.1,1,19.9,5.64961805882,13,4,3,421.1,137.3,80.9,12,4,2,396.8,137.3,61.0
23,23,20,639.8,18,593.9,0,0,5.35860351015,13,4,3,420.3,135.0,84.5,12,4,2,395.7,135.0,63.2
24,24,20,633.2,17,568.7,0,0,5.63255574411,13,4,3,416.9,132.0,84.3,12,3,2,394.8,109.7,64.2
25,25,20,628.4,17,565.9,2,38.1,5.58820185749,13,4,3,420.9,126.0,81.5,12,3,2,396.5,106.7,62.7
26,26,21,647.1,19,603.5,1,18.8,5.14949373378,13,4,4,409.3,129.0,108.8,12,4,3,384.5,129.0,90.0
27,27,21,639.7,18,573.7,1,17.6,5.47233736081,13,4,4,407.0,127.1,105.6,11,4,3,358.6,127.1,88.0
28,28,21,629.3,19,592.7,2,36.6,5.84331526903,13,4,4,401.6,123.7,104.0,12,4,3,382.7,123.7,86.3
29,29,21,632.8,18,566.3,1,19.3,5.36491689901,13,4,4,406.3,124.6,101.9,12,4,2,382.4,124.6,59.3
30,30,21,640.3,19,596.0,0,0,4.98035187129,13,4,4,410.4,124.9,105.0,13,4,2,410.4,124.9,60.7
31,31,20,631.4,18,582.8,0,0,4.63386845326,13,4,3,418.7,124.7,88.0,12,3,3,394.4,100.4,88.0
32,32,21,642.8,19,593.6,0,0,4.71560226927,13,4,4,408.6,125.7,108.5,13,4,2,408.6,125.7,59.3
33,33,20,609.1,18,565.3,0,0,4.81668973466,12,4,4,381.4,120.8,106.9,12,3,3,381.4,100.4,83.5
34,34,21,637.7,17,543.4,0,0,4.69567176593,13,4,4,405.4,121.7,110.6,11,3,3,356.5,100.2,86.7
35,35,21,632.9,18,564.8,0,0,4.82767813659,13,4,4,404.2,120.7,108.0,12,3,3,379.9,100.1,84.8
36,36,21,648.1,19,601.6,0,0,4.51447407684,13,4,4,413.0,124.5,110.6,13,3,3,413.0,100.6,88.0
37,37,21,652.8,19,606.0,0,0,4.29037127931,13,4,4,416.7,124.8,111.3,13,3,3,416.7,100.9,88.4
38,38,21,636.5,18,568.4,0,0,4.81226607347,13,4,4,404.6,121.4,110.5,12,3,3,380.8,100.5,87.1
39,39,21,664.3,19,616.8,0,0,4.67977919707,13,4,4,435.4,116.4,112.5,13,3,3,435.4,92.6,88.8
40,40,21,676.8,19,628.6,0,0,4.58379131911,13,4,4,441.3,122.8,112.7,13,3,3,441.3,97.9,89.4
41,41,21,674.8,19,625.7,0,0,4.03971946221,13,4,4,429.4,128.5,116.9,12,4,3,404.7,128.5,92.5
42,42,21,661.9,19,618.8,1,19.0,5.00575858863,13,4,4,427.7,129.4,104.8,13,4,2,427.7,129.4,61.7
43,43,21,657.7,20,638.5,1,19.2,4.57958721367,13,4,4,422.9,125.9,108.9,13,4,3,422.9,125.9,89.7
44,44,21,644.7,18,575.5,0,0,4.89438453741,13,4,4,408.5,125.0,111.2,11,4,3,359.5,125.0,91.0
45,45,21,651.6,18,587.8,1,18.9,5.17060372269,13,4,4,428.3,117.0,106.3,13,3,2,428.3,98.1,61.4
46,46,21,657.1,18,588.9,0,0,4.71348117233,13,4,4,424.4,122.3,110.4,13,3,2,424.4,99.6,64.9
47,47,21,659.9,19,614.0,0,0,4.63787718271,13,4,4,422.0,126.6,111.3,12,4,3,397.5,126.6,89.9
48,48,21,653.4,19,608.3,0,0,4.63759481998,13,4,4,420.2,123.2,110.0,13,3,3,420.2,99.6,88.5
49,49,21,610.2,18,550.4,2,38.3,4.71758109931,13,4,4,392.1,113.7,104.4,12,3,3,372.9,94.6,82.9
50,50,21,624.8,17,536.6,1,19.6,5.24477063823,13,4,4,412.5,114.3,98.0,12,3,2,390.0,92.7,53.9
51,51,21,632.2,17,542.3,1,19.6,5.10259504473,13,4,4,419.9,118.3,94.0,12,4,1,395.4,118.3,28.6
52,52,20,636.9,19,617.3,1,19.6,4.53007203382,12,4,4,394.3,130.1,112.5,12,4,3,394.3,130.1,92.9
53,53,19,606.1,19,606.1,0,0,3.4514087301,12,4,3,399.7,119.8,86.6,12,4,3,399.7,119.8,86.6
54,54,17,550.3,15,503.1,0,0,4.79202002107,12,2,3,413.5,58.8,78.0,12,2,1,413.5,58.8,30.8
55,55,18,585.1,18,585.1,0,0,4.18139748975,12,3,3,407.5,96.1,81.5,12,3,3,407.5,96.1,81.5
56,56,19,614.7,18,591.2,0,0,4.34349685303,12,4,3,402.2,132.3,80.2,12,4,2,402.2,132.3,56.7
57,57,19,608.9,18,584.1,0,0,4.30301811666,12,4,3,402.2,124.4,82.3,11,4,3,377.4,124.4,82.3
58,58,18,584.7,18,584.7,0,0,3.96873813106,11,4,3,383.6,119.6,81.5,11,4,3,383.6,119.6,81.5
59,59,18,586.4,17,562.0,0,0,4.17465117325,12,4,2,404.1,125.3,57.0,11,4,2,379.7,125.3,57.0
60,60,18,579.8,16,531.7,0,0,4.64933757317,12,3,3,411.7,93.4,74.7,12,3,1,411.7,93.4,26.6
61,61,18,573.0,18,573.0,0,0,4.64479468298,12,4,2,401.2,118.9,52.9,12,4,2,401.2,118.9,52.9
62,62,19,599.0,17,550.4,0,0,4.58207159666,12,4,3,398.2,119.3,81.5,11,3,3,373.7,95.2,81.5
63,63,19,608.9,19,608.9,0,0,3.62297735465,12,4,3,396.3,124.7,87.9,12,4,3,396.3,124.7,87.9
64,64,19,619.0,19,619.0,0,0,4.01352974981,12,4,3,400.9,127.0,91.1,12,4,3,400.9,127.0,91.1
65,65,19,598.4,16,527.5,0,0,4.93878906483,12,4,3,389.1,122.8,86.5,11,3,2,365.2,99.6,62.7
66,66,19,617.8,18,594.4,0,0,3.61759022891,11,4,4,374.3,129.6,113.9,11,4,3,374.3,129.6,90.5
67,67,19,620.2,18,596.5,0,0,3.74214967773,12,4,3,398.7,130.9,90.6,11,4,3,375.0,130.9,90.6
68,68,18,585.8,18,585.8,0,0,3.66866255839,11,4,3,366.5,127.1,92.2,11,4,3,366.5,127.1,92.2
69,69,18,586.4,18,586.4,0,0,3.51242426011,11,4,3,365.3,128.8,92.3,11,4,3,365.3,128.8,92.3
70,70,19,611.4,18,587.7,0,0,3.32558749152,12,4,3,385.7,132.5,93.2,11,4,3,362.0,132.5,93.2
71,71,17,534.1,14,462.4,0,0,4.28284883199,10,4,3,311.8,136.1,86.2,8,4,2,264.9,136.1,61.4
72,72,17,529.0,14,457.8,0,0,4.76500725263,11,4,2,339.7,129.1,60.2,8,4,2,268.5,129.1,60.2
73,73,17,544.8,16,519.9,0,0,3.52138425322,11,4,2,360.8,125.0,59.0,10,4,2,335.9,125.0,59.0
74,74,18,576.7,16,528.7,0,0,4.86320384459,12,3,3,397.9,97.3,81.5,11,3,2,374.5,97.3,56.9
75,75,19,593.0,16,523.2,0,0,5.16891292427,12,3,4,395.1,96.9,101.0,11,3,2,370.6,96.9,55.7
76,76,18,574.7,17,551.1,0,0,4.4279600343,12,4,2,405.6,116.5,52.6,12,3,2,405.6,92.9,52.6
77,77,19,591.5,17,543.4,0,0,4.57615226917,12,3,4,399.1,91.7,100.7,12,3,2,399.1,91.7,52.6
78,78,19,593.9,17,547.6,0,0,4.69045316331,12,3,4,397.9,93.7,102.3,12,3,2,397.9,93.7,56.0
79,79,17,544.5,16,521.4,0,0,4.19087769833,12,2,3,391.6,69.3,83.6,12,2,2,391.6,69.3,60.5
80,80,16,514.9,15,491.5,0,0,4.35372924438,10,2,4,336.7,70.2,108.0,10,2,3,336.7,70.2,84.6
81,81,17,533.6,15,486.0,0,0,4.49831667862,11,3,3,353.5,95.5,84.6,10,3,2,330.2,95.5,60.3
82,82,17,548.6,17,548.6,0,0,3.20541820709,11,4,2,358.5,128.8,61.3,11,4,2,358.5,128.8,61.3
83,83,18,567.2,17,542.6,0,0,3.71909047845,11,4,3,347.6,129.7,89.9,10,4,3,323.0,129.7,89.9
84,84,17,541.5,17,541.5,0,0,3.8568312199,10,4,3,320.7,132.8,88.0,10,4,3,320.7,132.8,88.0
85,85,18,584.7,17,560.2,0,0,3.28781171638,11,4,3,362.6,135.0,87.1,11,4,2,362.6,135.0,62.6
86,86,17,552.8,17,552.8,0,0,3.06965700326,11,4,2,356.2,133.3,63.3,11,4,2,356.2,133.3,63.3
87,87,16,524.0,16,524.0,0,0,3.2271762683,10,4,2,327.9,131.9,64.2,10,4,2,327.9,131.9,64.2
88,88,19,620.9,18,598.4,0,0,4.04166892747,12,4,3,394.3,134.0,92.6,11,4,3,371.8,134.0,92.6
89,89,17,551.6,17,551.6,0,0,3.44947779509,11,4,2,372.5,124.2,54.9,11,4,2,372.5,124.2,54.9
90,90,17,561.1,17,561.1,0,0,3.34822165265,11,4,2,371.9,130.5,58.7,11,4,2,371.9,130.5,58.7
91,91,18,578.0,18,578.0,0,0,3.82974256375,11,4,3,364.0,128.8,85.2,11,4,3,364.0,128.8,85.2
92,92,19,618.5,18,594.3,0,0,4.78938275089,11,4,4,364.8,138.5,115.2,10,4,4,340.6,138.5,115.2
93,93,18,592.7,17,567.8,0,0,4.1327679879,11,4,3,373.4,129.4,89.9,11,3,3,373.4,104.5,89.9
94,94,16,525.4,15,502.3,0,0,4.27783044701,10,4,2,336.5,126.4,62.5,10,3,2,336.5,103.3,62.5
95,95,18,610.2,18,610.2,0,0,3.01330383466,11,4,3,382.5,130.8,96.9,11,4,3,382.5,130.8,96.9
96,96,18,612.2,17,588.9,0,0,3.77139214254,11,4,3,375.0,138.0,99.2,10,4,3,351.7,138.0,99.2
97,97,18,619.1,18,619.1,0,0,3.6918785625,11,4,3,373.8,147.5,97.8,11,4,3,373.8,147.5,97.8
98,98,16,549.1,16,549.1,0,0,3.66773658632,10,4,2,338.7,140.3,70.1,10,4,2,338.7,140.3,70.1
99,99,17,568.8,15,519.9,0,0,4.56988222271,10,4,3,344.0,131.2,93.6,10,3,2,344.0,107.1,68.8
100,100,18,617.3,18,617.3,0,0,4.05280907987,11,4,3,380.4,138.1,98.8,11,4,3,380.4,138.1,98.8
101,101,18,602.9,16,553.8,0,0,4.99923196716,10,4,4,347.3,137.3,118.3,10,3,3,347.3,112.4,94.1
102,102,19,616.2,18,591.7,0,0,4.5882764413,11,4,4,370.1,128.2,117.9,11,3,4,370.1,103.7,117.9
103,103,20,644.6,19,621.1,0,0,4.16212243427,12,4,4,398.3,124.9,121.4,11,4,4,374.8,124.9,121.4
104,104,19,615.4,18,590.6,0,0,4.29209800251,11,4,4,368.3,128.5,118.6,10,4,4,343.5,128.5,118.6
105,105,20,643.3,19,618.7,0,0,4.03827412328,12,4,4,399.2,124.0,120.1,11,4,4,374.6,124.0,120.1
106,106,20,653.3,20,653.3,0,0,3.49409652504,11,4,5,375.2,129.0,149.1,11,4,5,375.2,129.0,149.1
107,107,20,642.1,19,617.9,0,0,4.136420395,12,4,4,399.1,123.9,119.1,12,4,3,399.1,123.9,94.9
108,108,20,637.3,20,637.3,0,0,3.86880574528,12,4,4,394.1,123.8,119.4,12,4,4,394.1,123.8,119.4
109,109,20,633.9,19,609.8,0,0,4.64230829607,12,4,4,398.2,118.9,116.8,12,4,3,398.2,118.9,92.7
110,110,18,565.8,15,494.6,0,0,5.37335474136,13,3,2,407.3,90.7,67.8,11,2,2,358.8,68.0,67.8
111,111,20,620.7,15,501.5,0,0,5.55956028174,12,4,4,388.9,115.9,115.9,11,2,2,365.4,68.6,67.5
112,112,19,598.8,17,552.7,0,0,5.30149487911,11,4,4,365.7,117.1,116.0,11,3,3,365.7,94.5,92.5
113,113,19,604.2,19,604.2,0,0,4.49369929271,12,3,4,392.7,91.1,120.4,12,3,4,392.7,91.1,120.4
114,114,19,606.9,18,582.0,0,0,4.54866473563,12,3,4,394.2,92.0,120.7,12,2,4,394.2,67.1,120.7
115,115,18,573.2,16,525.1,0,0,4.80700741225,11,3,4,362.1,91.8,119.3,11,2,3,362.1,67.9,95.1
116,116,18,575.2,18,575.2,0,0,3.67074639344,11,3,4,362.1,88.8,124.3,11,3,4,362.1,88.8,124.3
117,117,18,574.5,18,574.5,0,0,3.22440144924,11,3,4,359.7,91.3,123.5,11,3,4,359.7,91.3,123.5
118,118,17,551.3,17,551.3,0,0,2.94464868573,10,3,4,339.7,94.1,117.5,10,3,4,339.7,94.1,117.5
119,119,17,559.4,17,559.4,0,0,3.93930047538,10,3,4,346.9,94.6,117.9,10,3,4,346.9,94.6,117.9
120,120,19,616.4,19,616.4,0,0,4.36963204521,11,4,4,370.2,126.9,119.3,11,4,4,370.2,126.9,119.3
121,121,19,614.4,19,614.4,0,0,3.85691450173,11,3,5,373.3,93.5,147.6,11,3,5,373.3,93.5,147.6
122,122,18,573.6,17,549.3,0,0,4.2485983848,11,3,4,366.5,90.7,116.4,11,3,3,366.5,90.7,92.1
123,123,19,627.4,19,627.4,0,0,3.63907481334,11,4,4,377.0,130.5,119.9,11,4,4,377.0,130.5,119.9
124,124,19,609.7,19,609.7,0,0,3.95795889272,10,4,5,344.7,118.7,146.3,10,4,5,344.7,118.7,146.3
125,125,18,562.6,18,562.6,0,0,4.15949971854,10,3,5,332.5,82.5,147.6,10,3,5,332.5,82.5,147.6
126,126,18,561.3,17,536.6,0,0,3.89573673467,10,4,4,330.3,109.5,121.5,10,3,4,330.3,84.8,121.5
127,127,17,542.7,17,542.7,0,0,3.3696308054,10,3,4,330.2,88.3,124.2,10,3,4,330.2,88.3,124.2
128,128,18,565.5,16,519.3,0,0,4.14817465172,11,3,4,359.9,81.7,123.9,10,2,4,335.7,59.7,123.9
129,129,17,537.3,17,537.3,0,0,2.88692539483,11,2,4,352.4,60.2,124.7,11,2,4,352.4,60.2,124.7
130,130,19,587.0,18,563.5,0,0,3.47953919111,11,4,4,352.8,113.8,120.4,11,4,3,352.8,113.8,96.9
131,131,19,613.5,19,613.5,0,0,4.0983593922,11,3,5,357.7,105.8,150.0,11,3,5,357.7,105.8,150.0
132,132,17,550.4,16,525.7,0,0,3.77798382272,10,4,3,332.2,131.9,86.3,10,4,2,332.2,131.9,61.6
133,133,18,577.9,17,554.5,0,0,4.02075091351,10,3,5,332.7,104.0,141.2,10,3,4,332.7,104.0,117.8
134,134,19,612.6,19,612.6,0,0,3.72473948224,11,4,4,363.5,131.0,118.1,11,4,4,363.5,131.0,118.1
135,135,18,562.7,18,562.7,0,0,3.70582036466,11,3,4,361.4,88.2,113.1,11,3,4,361.4,88.2,113.1
136,136,19,592.7,17,544.8,0,0,4.32928961124,11,4,4,360.2,120.7,111.8,10,4,3,335.8,120.7,88.3
137,137,19,616.3,19,616.3,0,0,4.09297644024,11,4,4,367.5,124.5,124.3,11,4,4,367.5,124.5,124.3
138,138,19,626.1,19,626.1,0,0,3.22186426727,11,3,5,373.2,100.8,152.1,11,3,5,373.2,100.8,152.1
139,139,19,599.3,18,575.0,0,0,3.99851580652,11,4,4,350.4,122.9,126.0,10,4,4,326.1,122.9,126.0
140,140,19,595.3,17,547.3,0,0,4.15104439758,11,4,4,353.8,121.2,120.3,11,3,3,353.8,97.6,95.9
141,141,19,604.7,18,579.8,0,0,3.85051830642,11,3,5,349.9,95.9,158.9,11,3,4,349.9,95.9,134.0
142,142,18,577.7,18,577.7,0,0,3.4011195773,11,3,4,346.5,98.3,132.9,11,3,4,346.5,98.3,132.9
143,143,18,590.9,18,590.9,0,0,4.17214933402,12,3,3,395.3,98.7,96.9,12,3,3,395.3,98.7,96.9
144,144,19,628.1,19,628.1,0,0,3.95745650492,12,3,4,405.2,100.6,122.3,12,3,4,405.2,100.6,122.3
145,145,19,631.3,19,631.3,0,0,4.20487047036,12,4,3,410.4,124.9,96.0,12,4,3,410.4,124.9,96.0
146,146,19,606.8,18,584.2,0,0,4.50249443535,11,4,4,368.5,114.8,123.5,11,3,4,368.5,92.2,123.5
147,147,20,628.9,18,580.9,0,0,4.06713076155,12,4,4,393.4,112.9,122.6,11,3,4,369.8,88.5,122.6
148,148,20,658.4,19,635.0,0,0,4.20596068255,12,4,4,421.0,124.2,113.2,12,4,3,421.0,124.2,89.8
149,149,20,664.4,20,664.4,0,0,3.88811955632,12,4,4,417.7,128.4,118.3,12,4,4,417.7,128.4,118.3
150,150,20,643.0,19,620.5,0,0,4.1007701459,12,4,4,407.8,120.1,115.1,12,4,3,407.8,120.1,92.6
151,151,20,639.0,19,616.5,0,0,4.58469995575,12,3,5,399.3,100.1,139.6,12,3,4,399.3,100.1,117.1
152,152,19,612.3,18,588.0,0,0,4.85270166508,12,4,3,398.6,126.4,87.3,12,3,3,398.6,102.1,87.3
153,153,20,593.5,17,525.3,0,0,4.65910257905,12,4,4,379.0,117.0,97.5,12,3,2,379.0,94.0,52.3
154,154,20,644.9,18,598.4,0,0,5.14377242273,12,4,4,411.3,126.8,106.8,12,4,2,411.3,126.8,60.3
155,155,20,652.3,19,629.8,0,0,3.81510502028,12,4,4,399.8,135.7,116.8,12,4,3,399.8,135.7,94.3
156,156,20,674.9,19,651.1,0,0,3.92917227121,12,4,4,410.5,145.2,119.2,12,4,3,410.5,145.2,95.4
157,157,20,686.0,19,662.6,0,0,3.92857279563,12,4,4,411.2,147.9,126.9,12,4,3,411.2,147.9,103.5
158,158,20,675.8,18,629.1,0,0,4.5473994882,12,4,4,397.9,148.6,129.3,11,4,3,374.5,148.6,106.0
159,159,20,682.1,20,682.1,0,0,3.23914787365,12,4,4,398.1,152.9,131.1,12,4,4,398.1,152.9,131.1
160,160,19,646.1,19,646.1,0,0,3.20840453327,12,4,3,394.8,151.3,100.0,12,4,3,394.8,151.3,100.0
161,161,19,651.9,19,651.9,0,0,3.32881272409,12,4,3,398.8,152.5,100.6,12,4,3,398.8,152.5,100.6
162,162,19,649.9,19,649.9,0,0,3.56627313782,12,4,3,397.3,151.0,101.6,12,4,3,397.3,151.0,101.6
163,163,19,649.7,19,649.7,0,0,3.3103329279,12,4,3,394.4,152.3,103.0,12,4,3,394.4,152.3,103.0
164,164,19,654.1,19,654.1,0,0,3.21676892847,12,4,3,398.6,152.1,103.4,12,4,3,398.6,152.1,103.4
165,165,19,653.5,19,653.5,0,0,3.46385682348,12,4,3,396.5,152.8,104.2,12,4,3,396.5,152.8,104.2
166,166,19,653.0,19,653.0,0,0,3.72246224241,12,4,3,393.9,154.4,104.7,12,4,3,393.9,154.4,104.7
167,167,19,650.5,19,650.5,0,0,3.89161642028,12,4,3,393.4,154.4,102.7,12,4,3,393.4,154.4,102.7
168,168,19,652.5,18,628.7,0,0,4.0829341015,12,4,3,394.2,154.4,103.9,11,4,3,370.4,154.4,103.9
169,169,19,658.1,19,658.1,0,0,3.62586549458,12,4,3,398.7,154.6,104.8,12,4,3,398.7,154.6,104.8
170,170,19,657.1,19,657.1,0,0,3.37643190331,12,4,3,401.3,153.1,102.7,12,4,3,401.3,153.1,102.7
171,171,19,656.4,19,656.4,0,0,3.14401873423,12,4,3,399.9,153.4,103.1,12,4,3,399.9,153.4,103.1
172,172,19,647.6,19,647.6,0,0,3.49495877545,12,4,3,394.4,151.3,101.9,12,4,3,394.4,151.3,101.9
173,173,19,654.9,19,654.9,0,0,3.64722918141,12,4,3,403.4,147.9,103.6,12,4,3,403.4,147.9,103.6
174,174,19,658.8,19,658.8,0,0,3.92242018618,12,4,3,396.9,153.4,108.5,12,4,3,396.9,153.4,108.5
175,175,19,653.2,19,653.2,0,0,3.77514958458,12,4,3,392.3,151.5,109.4,12,4,3,392.3,151.5,109.4
176,176,19,647.2,19,647.2,0,0,3.95954690538,12,4,3,387.3,151.7,108.2,12,4,3,387.3,151.7,108.2
177,177,19,647.7,19,647.7,0,0,3.95753777786,12,4,3,388.8,150.7,108.2,12,4,3,388.8,150.7,108.2
178,178,19,649.6,19,649.6,0,0,4.14110757284,12,4,3,389.8,151.3,108.5,12,4,3,389.8,151.3,108.5
179,179,20,668.0,19,644.2,0,0,4.61929591354,12,4,4,387.4,149.3,131.3,12,4,3,387.4,149.3,107.5
180,180,20,676.6,19,653.4,0,0,4.29786972936,13,4,3,420.4,149.4,106.8,12,4,3,397.2,149.4,106.8
181,181,19,656.4,19,656.4,0,0,3.75726975654,12,4,3,399.4,147.7,109.3,12,4,3,399.4,147.7,109.3
182,182,19,655.2,18,630.5,0,0,4.39889672505,12,4,3,399.8,148.2,107.2,11,4,3,375.1,148.2,107.2
183,183,19,649.9,18,627.3,0,0,4.25225086594,12,4,3,399.0,149.1,101.8,11,4,3,376.4,149.1,101.8
184,184,18,633.7,18,633.7,0,0,3.91910437281,11,4,3,383.5,146.1,104.1,11,4,3,383.5,146.1,104.1
185,185,19,662.2,19,662.2,0,0,4.73607531156,12,4,3,416.5,148.6,97.1,12,4,3,416.5,148.6,97.1
186,186,18,627.0,18,627.0,0,0,3.91107026122,11,4,3,382.1,147.5,97.4,11,4,3,382.1,147.5,97.4
187,187,16,560.5,16,560.5,0,0,3.70508097078,10,4,2,339.6,147.7,73.2,10,4,2,339.6,147.7,73.2
188,188,16,560.0,16,560.0,0,0,3.75694911686,10,4,2,336.5,149.9,73.6,10,4,2,336.5,149.9,73.6
189,189,18,604.9,15,532.4,0,0,5.1456974857,11,4,3,359.7,148.7,96.5,9,4,2,311.1,148.7,72.6
190,190,17,587.9,17,587.9,0,0,3.8799541386,10,4,3,345.7,143.7,98.5,10,4,3,345.7,143.7,98.5
191,191,16,547.0,16,547.0,0,0,4.04176116728,10,4,2,334.6,142.1,70.3,10,4,2,334.6,142.1,70.3
192,192,17,601.9,17,601.9,0,0,3.77896655652,10,4,3,353.2,145.7,103.0,10,4,3,353.2,145.7,103.0
193,193,17,594.1,17,594.1,0,0,4.14790875729,10,4,3,354.6,144.1,95.4,10,4,3,354.6,144.1,95.4
194,194,20,669.2,20,669.2,0,0,4.97693628017,12,4,4,401.6,143.8,123.8,12,4,4,401.6,143.8,123.8
195,195,20,660.9,20,660.9,0,0,4.12865149388,12,4,4,399.0,140.5,121.4,12,4,4,399.0,140.5,121.4
196,196,19,620.6,19,620.6,0,0,4.09799551628,12,3,4,395.7,101.1,123.8,12,3,4,395.7,101.1,123.8
197,197,20,639.6,20,639.6,0,0,4.25844053492,12,4,4,382.8,133.7,123.1,12,4,4,382.8,133.7,123.1
198,198,20,656.3,20,656.3,0,0,4.29507367745,11,4,5,364.1,135.6,156.6,11,4,5,364.1,135.6,156.6
199,199,19,635.0,19,635.0,0,0,4.13179796045,10,4,5,340.1,136.8,158.1,10,4,5,340.1,136.8,158.1
200,200,20,635.5,19,613.0,0,0,4.78461074697,12,4,4,403.5,123.2,108.8,12,4,3,403.5,123.2,86.3
201,201,20,667.4,19,645.3,0,0,4.65946687712,12,4,4,396.2,137.3,133.9,11,4,4,374.1,137.3,133.9
202,202,20,674.5,20,674.5,0,0,3.27749503191,12,4,4,417.3,131.5,125.7,12,4,4,417.3,131.5,125.7
203,203,20,642.9,18,594.8,0,0,4.94139070559,12,4,4,390.2,133.2,119.5,11,3,4,366.3,109.0,119.5
204,204,20,659.0,18,610.3,0,0,6.00556759226,11,4,5,383.3,127.8,147.9,10,3,5,359.5,102.9,147.9
205,205,20,645.8,19,621.7,0,0,4.98955751651,12,4,4,413.2,122.8,109.8,12,4,3,413.2,122.8,85.7
206,206,18,603.6,17,578.8,0,0,5.24852920574,12,3,3,414.8,97.7,91.1,11,3,3,390.0,97.7,91.1
207,207,19,613.7,17,566.4,0,0,5.78081116953,12,2,5,402.5,70.5,140.7,11,2,4,379.9,70.5,116.0
208,208,19,598.8,17,549.1,0,0,4.70818001613,11,3,5,355.0,98.0,145.8,10,3,4,330.1,98.0,121.0
209,209,19,638.8,19,638.8,0,0,4.59100315198,12,3,4,410.5,102.8,125.5,12,3,4,410.5,102.8,125.5
210,210,19,644.1,19,644.1,0,0,4.08193853729,12,4,3,413.6,133.4,97.1,12,4,3,413.6,133.4,97.1
211,211,18,604.9,16,556.9,0,0,4.76228716952,12,3,3,403.7,104.6,96.6,10,3,3,355.7,104.6,96.6
212,212,16,544.4,16,544.4,0,0,2.73434940464,9,3,4,306.2,102.9,135.3,9,3,4,306.2,102.9,135.3
213,213,17,549.7,16,526.4,0,0,5.01035692048,11,3,3,347.0,104.8,97.9,10,3,3,323.7,104.8,97.9
214,214,17,560.9,17,560.9,0,0,4.10098625154,10,4,3,332.5,127.9,100.5,10,4,3,332.5,127.9,100.5
215,215,18,587.7,17,564.6,0,0,4.50989109038,10,4,4,331.4,130.9,125.4,10,4,3,331.4,130.9,102.3
216,216,17,566.9,15,520.0,0,0,4.4588560258,10,4,3,334.2,131.2,101.5,9,3,3,311.9,106.6,101.5
217,217,16,545.8,15,521.3,0,0,3.54417362253,9,4,3,313.5,130.2,102.1,9,3,3,313.5,105.7,102.1
218,218,17,557.7,17,557.7,0,0,4.3205136541,10,4,3,326.8,128.3,102.6,10,4,3,326.8,128.3,102.6
219,219,17,580.6,16,555.8,0,0,3.95823787295,10,3,4,340.3,106.5,133.8,9,3,4,315.5,106.5,133.8
220,220,18,607.9,18,607.9,0,0,3.76669703267,11,4,3,380.5,135.1,92.3,11,4,3,380.5,135.1,92.3
221,221,18,605.2,17,580.9,0,0,4.58623972021,11,4,3,385.9,127.5,91.8,10,4,3,361.6,127.5,91.8
222,222,18,624.0,17,600.2,0,0,4.03951074498,11,4,3,373.5,144.1,106.4,10,4,3,349.7,144.1,106.4
223,223,19,630.8,19,630.8,0,0,3.68042871899,12,4,3,389.8,140.4,100.6,12,4,3,389.8,140.4,100.6
224,224,18,593.9,16,546.3,0,0,4.4816583357,10,4,4,333.8,124.6,135.5,9,3,4,310.5,100.3,135.5
225,225,18,570.9,16,524.7,0,0,4.39816138056,11,3,4,353.8,94.2,122.9,9,3,4,307.6,94.2,122.9
226,226,19,602.2,17,552.8,0,0,5.22690408519,12,3,4,392.5,91.5,118.2,10,3,4,343.1,91.5,118.2
227,227,19,607.3,16,534.6,0,0,5.5514973482,11,4,4,377.8,115.3,114.2,10,2,4,353.0,67.4,114.2
228,228,19,626.5,18,603.1,0,0,4.64181981857,11,4,4,378.6,129.9,118.0,10,4,4,355.2,129.9,118.0
229,229,18,583.2,18,583.2,0,0,4.3926409047,10,4,4,344.1,124.2,114.9,10,4,4,344.1,124.2,114.9
230,230,19,615.8,18,591.1,0,0,4.19005366405,11,4,4,371.1,126.8,117.9,10,4,4,346.4,126.8,117.9
231,231,18,594.5,17,570.0,0,0,4.69540520779,11,4,3,375.9,130.9,87.7,10,4,3,351.4,130.9,87.7
232,232,18,585.6,17,561.2,0,0,5.03201515008,10,4,4,345.5,126.6,113.5,10,3,4,345.5,102.2,113.5
233,233,19,598.3,17,551.2,0,0,4.18023055409,11,4,4,356.3,126.6,115.4,11,3,3,356.3,103.2,91.7
234,234,16,540.5,16,540.5,0,0,3.54461445952,9,4,3,311.6,128.9,100.0,9,4,3,311.6,128.9,100.0
235,235,19,627.6,19,627.6,0,0,3.54135137916,11,4,4,347.3,146.6,133.7,11,4,4,347.3,146.6,133.7
236,236,19,637.2,19,637.2,0,0,5.25496701822,11,4,4,357.6,151.2,128.4,11,4,4,357.6,151.2,128.4
237,237,19,623.9,17,575.7,0,0,5.51132274164,11,4,4,350.8,147.6,125.5,9,4,4,302.6,147.6,125.5
238,238,18,588.3,18,588.3,0,0,5.80549942119,10,3,5,313.2,117.3,157.8,10,3,5,313.2,117.3,157.8
239,239,18,606.0,18,606.0,0,0,4.99917640276,10,4,4,328.7,144.8,132.5,10,4,4,328.7,144.8,132.5
240,240,18,605.1,16,556.4,0,0,5.19810485828,10,3,5,336.2,116.2,152.7,10,3,3,336.2,116.2,104.0
241,241,20,658.0,17,585.7,0,0,5.7853717526,11,4,5,363.7,140.5,153.8,10,3,4,340.3,115.9,129.5
242,242,18,621.3,18,621.3,0,0,4.70697230025,10,4,4,347.7,144.5,129.1,10,4,4,347.7,144.5,129.1
243,243,20,659.8,18,612.6,0,0,5.18448089063,10,4,6,336.7,145.8,177.3,10,4,4,336.7,145.8,130.1
244,244,19,627.5,17,579.8,0,0,5.46085484815,10,4,5,334.4,143.8,149.3,9,4,4,310.0,143.8,126.0
245,245,20,656.2,18,608.8,0,0,5.64594871055,11,4,5,361.7,142.2,152.3,9,4,5,314.3,142.2,152.3
246,246,20,656.2,20,656.2,0,0,5.29596668776,11,4,5,364.0,139.4,152.8,11,4,5,364.0,139.4,152.8
247,247,19,634.9,18,610.9,0,0,5.15431460665,11,4,4,367.5,136.6,130.8,11,3,4,367.5,112.6,130.8
248,248,18,603.3,18,603.3,0,0,4.71596163233,10,3,5,333.2,114.1,156.0,10,3,5,333.2,114.1,156.0
249,249,20,656.4,19,632.2,0,0,5.23466180479,11,4,5,358.2,144.7,153.5,10,4,5,334.0,144.7,153.5
250,250,19,594.7,17,548.1,0,0,4.6159144995,9,4,6,279.0,134.5,181.2,8,4,5,256.8,134.5,156.8
251,251,17,552.2,17,552.2,0,0,3.38862717301,9,4,4,293.7,132.4,126.1,9,4,4,293.7,132.4,126.1
252,252,18,566.8,16,517.3,0,0,4.14684697925,9,4,5,284.9,130.6,151.3,8,4,4,260.0,130.6,126.7
253,253,19,605.6,17,557.6,0,0,4.73789007251,10,4,5,323.7,134.0,147.9,9,4,4,300.1,134.0,123.5
254,254,19,613.8,17,565.1,0,0,4.26685854832,10,4,5,330.5,135.9,147.4,10,4,3,330.5,135.9,98.7
255,255,19,607.3,19,607.3,0,0,4.27813699411,10,4,5,324.3,132.8,150.2,10,4,5,324.3,132.8,150.2
256,256,19,602.1,19,602.1,0,0,4.11891230745,10,4,5,322.6,130.7,148.8,10,4,5,322.6,130.7,148.8
257,257,19,613.5,17,566.3,0,0,4.11756329464,11,4,4,355.5,131.2,126.8,9,4,4,308.3,131.2,126.8
258,258,18,575.7,17,551.9,0,0,3.77176039411,10,4,4,315.9,133.8,126.0,9,4,4,292.1,133.8,126.0
259,259,18,565.4,16,517.3,0,0,3.78773390097,10,4,4,309.2,131.4,124.8,8,4,4,261.1,131.4,124.8
260,260,18,570.5,17,547.2,0,0,4.17224332693,10,4,4,315.7,129.2,125.6,9,4,4,292.4,129.2,125.6
261,261,19,598.3,17,552.0,0,0,4.46864318668,10,4,5,306.8,131.8,159.7,8,4,5,260.5,131.8,159.7
262,262,18,565.2,15,494.0,0,0,4.89140903554,8,4,6,244.4,134.5,186.3,6,4,5,198.1,134.5,161.4
263,263,18,578.0,17,554.8,0,0,4.03381134746,9,4,5,278.2,134.9,164.9,8,4,5,255.0,134.9,164.9
264,264,18,555.4,14,460.7,0,0,5.0799747825,10,4,4,298.8,130.2,126.4,6,4,4,204.1,130.2,126.4
265,265,18,562.5,16,513.8,0,0,4.28255696023,10,4,4,309.9,127.6,125.0,8,4,4,261.2,127.6,125.0
266,266,17,526.5,15,480.5,0,0,4.50427084913,9,4,4,279.8,125.6,121.1,7,4,4,233.8,125.6,121.1
267,267,18,549.1,15,480.4,0,0,4.71212106883,10,4,4,306.2,127.3,115.6,8,4,3,259.8,127.3,93.3
268,268,16,505.1,14,456.6,0,0,4.54895134436,8,4,4,259.6,126.7,118.8,6,4,4,211.1,126.7,118.8
269,269,19,650.9,19,650.9,0,0,3.64742158388,10,4,5,337.3,139.0,174.6,10,4,5,337.3,139.0,174.6
270,270,18,584.1,16,534.8,0,0,4.95132186747,10,4,4,322.6,126.0,135.5,8,4,4,273.3,126.0,135.5
271,271,18,596.2,16,550.2,0,0,5.39537444108,9,4,5,302.6,130.3,163.3,8,4,4,279.5,130.3,140.4
272,272,16,515.2,13,442.3,0,0,4.73187771045,10,3,3,334.5,97.6,83.1,8,3,2,286.1,97.6,58.6
273,273,19,626.0,18,605.1,0,0,5.04814249898,10,4,5,339.9,134.6,151.5,10,4,4,339.9,134.6,130.6
274,274,19,624.6,18,603.7,0,0,4.84112499612,10,4,5,342.1,131.5,151.0,10,4,4,342.1,131.5,130.1
275,275,18,600.9,17,576.9,0,0,4.41764510065,10,4,4,335.5,133.1,132.3,9,4,4,311.5,133.1,132.3
278,278,2,55.5,2,55.5,0,0,0.212132034356,1,1,0,27.9,27.6,0,1,1,0,27.9,27.6,0
279,279,2,60.7,2,60.7,0,0,3.88908729653,1,1,0,33.1,27.6,0,1,1,0,33.1,27.6,0
280,280,2,62.9,2,62.9,0,0,5.44472221514,1,1,0,35.3,27.6,0,1,1,0,35.3,27.6,0
281,281,2,65.3,2,65.3,0,0,3.18198051534,1,1,0,34.9,30.4,0,1,1,0,34.9,30.4,0
282,282,2,67.7,2,67.7,0,0,4.31335136524,1,1,0,36.9,30.8,0,1,1,0,36.9,30.8,0
283,283,2,63.3,2,63.3,0,0,5.86898628385,1,1,0,35.8,27.5,0,1,1,0,35.8,27.5,0
284,284,4,102.3,2,63.3,1,14.9,8.85188303884,2,1,1,60.5,26.9,14.9,1,1,0,36.4,26.9,0
285,285,4,103.3,3,88.0,1,15.3,8.75495098025,2,1,1,61.7,26.3,15.3,2,1,0,61.7,26.3,0
286,286,4,101.2,2,62.6,1,15.6,8.3338666496,2,1,1,58.6,27.0,15.6,1,1,0,35.6,27.0,0
287,287,6,137.6,1,36.1,1,16.3,6.79225048615,2,2,2,56.2,44.0,37.4,1,0,0,36.1,0,0
288,288,11,250.0,3,98.4,4,69.3,7.23423678201,5,3,3,127.8,64.3,57.9,2,1,0,72.5,25.9,0
289,289,11,249.0,3,96.6,5,88.6,6.99046103305,5,3,3,126.7,63.2,59.1,2,1,0,71.3,25.3,0
290,290,11,243.5,3,96.3,6,105.6,7.22554810755,5,3,3,125.6,64.1,53.8,2,1,0,71.2,25.1,0
291,291,11,238.2,2,68.3,7,125.3,6.73176999553,5,3,3,119.2,64.1,54.9,2,0,0,68.3,0,0
292,292,12,255.3,3,93.3,8,139.7,6.67915686024,6,3,3,139.6,65.1,50.6,2,1,0,68.0,25.3,0
293,293,13,256.6,1,36.5,10,175.7,5.64100145682,7,3,3,144.7,59.6,52.3,1,0,0,36.5,0,0
294,294,13,254.0,2,56.4,9,151.2,4.8177689272,7,3,3,135.6,65.5,52.9,2,0,0,56.4,0,0
295,295,13,242.4,1,25.7,10,170.0,3.54438884826,7,3,3,128.4,61.0,53.0,1,0,0,25.7,0,0
296,296,13,235.0,1,25.0,9,143.2,4.00710906726,7,3,3,125.1,65.4,44.5,0,1,0,0,25.0,0
297,297,13,238.6,1,25.9,10,167.3,3.87827611717,7,3,3,125.8,62.9,49.9,1,0,0,25.9,0,0
298,298,13,237.8,0,0,9,152.0,3.03437570143,7,3,3,130.2,56.2,51.4,0,0,0,0,0,0
299,299,13,255.1,1,25.0,6,93.7,4.20954349191,7,3,3,140.1,64.8,50.2,1,0,0,25.0,0,0
