,e_id,num_sat,sum_snr,num_sat_25,sum_snr_25,snr_std,elev_0_30,elev_30_60,elev_60_90,elev_0_30_25,elev_30_60_25,elev_60_90_25
1,1,20,598.6,14,463.4,5.91466509262,10,6,4,6,5,3
2,2,20,595.3,16,508.4,5.44815516821,10,6,4,8,5,3
3,3,20,646.8,19,626.4,3.34843246908,10,6,4,10,6,3
4,4,21,652.6,17,560.5,5.37697914836,11,6,4,9,5,3
5,5,21,665.9,20,645.2,4.63873956608,11,6,4,11,6,3
6,6,21,661.0,20,636.1,3.69877070956,11,6,4,11,6,3
7,7,18,596.2,18,596.2,4.495429778,10,5,3,10,5,3
8,8,19,601.3,17,553.0,5.12611705128,10,6,3,9,5,3
9,9,19,576.9,15,485.8,5.42363249803,10,6,3,8,5,2
10,10,20,610.7,16,524.4,6.03064760422,10,6,4,9,5,2
11,11,20,610.6,16,526.9,6.59809382362,10,6,4,9,5,2
12,12,20,604.7,15,498.2,6.85483118146,10,6,4,8,5,2
13,13,20,620.7,16,532.6,6.39607404256,10,6,4,9,4,3
14,14,20,624.9,17,554.7,5.61196794454,10,6,4,10,4,3
15,15,19,586.6,14,470.1,6.36674014838,10,5,4,9,3,2
16,16,20,610.4,16,523.4,6.40489944044,10,6,4,9,4,3
17,17,20,611.9,16,520.6,5.90222750101,10,6,4,9,4,3
18,18,20,604.0,16,521.8,6.59864419886,10,6,4,10,4,2
19,19,20,618.7,17,555.6,5.93732839087,10,6,4,10,6,1
20,20,20,632.3,17,564.2,5.51689033309,11,6,3,10,5,2
21,21,20,626.4,16,537.6,5.99013223648,11,6,3,9,5,2
22,22,20,639.3,18,595.1,5.64961805882,11,6,3,10,6,2
23,23,20,639.8,18,593.9,5.35860351015,11,6,3,10,6,2
24,24,20,633.2,17,568.7,5.63255574411,11,6,3,10,5,2
25,25,20,628.4,17,565.9,5.58820185749,11,6,3,10,5,2
26,26,21,647.1,19,603.5,5.14949373378,11,6,4,11,5,3
27,27,21,639.7,18,573.7,5.47233736081,11,6,4,10,5,3
28,28,21,629.3,19,592.7,5.84331526903,11,6,4,11,5,3
29,29,21,632.8,18,566.3,5.36491689901,11,6,4,11,5,2
30,30,21,640.3,19,596.0,4.98035187129,11,6,4,11,6,2
31,31,20,631.4,18,582.8,4.63386845326,11,6,3,10,5,3
32,32,21,642.8,18,568.6,4.71560226927,11,6,4,10,6,2
33,33,20,609.1,18,565.3,4.81668973466,10,6,4,10,5,3
34,34,21,637.7,17,543.4,4.69567176593,11,6,4,9,5,3
35,35,21,632.9,17,539.8,4.82767813659,11,6,4,9,5,3
36,36,21,648.1,18,576.6,4.51447407684,11,6,4,10,5,3
37,37,21,652.8,19,606.0,4.29037127931,11,6,4,11,5,3
38,38,21,636.5,18,568.4,4.81226607347,11,6,4,10,5,3
39,39,21,664.3,19,616.8,4.67977919707,11,6,4,11,5,3
40,40,21,676.8,19,628.6,4.58379131911,11,6,4,11,5,3
41,41,21,674.8,19,625.7,4.03971946221,11,6,4,10,6,3
42,42,21,661.9,19,618.8,5.00575858863,11,6,4,11,6,2
43,43,21,657.7,20,638.5,4.57958721367,11,6,4,11,6,3
44,44,21,644.7,18,575.5,4.89438453741,11,6,4,10,5,3
45,45,21,651.6,18,587.8,5.17060372269,11,6,4,11,5,2
46,46,21,657.1,18,588.9,4.71348117233,11,6,4,11,5,2
47,47,21,659.9,19,614.0,4.63787718271,11,6,4,10,6,3
48,48,21,653.4,19,608.3,4.63759481998,11,6,4,11,5,3
49,49,21,610.2,18,550.4,4.71758109931,11,6,4,10,5,3
50,50,21,624.8,16,511.6,5.24477063823,11,6,4,10,5,1
51,51,21,632.2,17,542.3,5.10259504473,11,6,4,10,6,1
52,52,20,636.9,19,617.3,4.53007203382,10,6,4,10,6,3
53,53,19,606.1,19,606.1,3.4514087301,10,6,3,10,6,3
54,54,17,550.3,15,503.1,4.79202002107,10,4,3,10,4,1
55,55,18,585.1,18,585.1,4.18139748975,10,5,3,10,5,3
56,56,19,614.7,18,591.2,4.34349685303,10,6,3,10,6,2
57,57,19,608.9,17,559.1,4.30301811666,10,6,3,9,6,2
58,58,18,584.7,18,584.7,3.96873813106,9,6,3,9,6,3
59,59,18,586.4,17,562.0,4.17465117325,10,6,2,9,6,2
60,60,18,579.8,16,531.7,4.64933757317,10,5,3,10,5,1
61,61,18,573.0,18,573.0,4.64479468298,10,6,2,10,6,2
62,62,19,599.0,17,550.4,4.58207159666,10,6,3,9,5,3
63,63,19,608.9,19,608.9,3.62297735465,10,6,3,10,6,3
64,64,19,619.0,19,619.0,4.01352974981,10,6,3,10,6,3
65,65,19,598.4,16,527.5,4.93878906483,10,6,3,9,5,2
66,66,19,617.8,18,594.4,3.61759022891,9,6,4,9,6,3
67,67,19,620.2,18,596.5,3.74214967773,10,6,3,9,6,3
68,68,18,585.8,18,585.8,3.66866255839,9,6,3,9,6,3
69,69,18,586.4,18,586.4,3.51242426011,9,6,3,9,6,3
70,70,19,611.4,18,587.7,3.32558749152,10,6,3,9,6,3
71,71,17,534.1,14,462.4,4.28284883199,8,6,3,7,5,2
72,72,17,529.0,14,457.8,4.76500725263,9,6,2,7,5,2
73,73,17,544.8,16,519.9,3.52138425322,9,6,2,8,6,2
74,74,18,576.7,16,528.7,4.86320384459,10,5,3,9,5,2
75,75,19,593.0,16,523.2,5.16891292427,10,5,4,9,5,2
76,76,18,574.7,17,551.1,4.4279600343,10,6,2,10,5,2
77,77,19,591.5,17,543.4,4.57615226917,10,5,4,10,5,2
78,78,19,593.9,17,547.6,4.69045316331,10,5,4,10,5,2
79,79,17,544.5,16,521.4,4.19087769833,10,4,3,10,4,2
80,80,16,514.9,15,491.5,4.35372924438,8,4,4,8,4,3
81,81,17,533.6,14,461.0,4.49831667862,9,5,3,8,4,2
82,82,17,548.6,17,548.6,3.20541820709,9,6,2,9,6,2
83,83,18,567.2,17,542.6,3.71909047845,9,6,3,9,5,3
84,84,17,541.5,17,541.5,3.8568312199,9,5,3,9,5,3
85,85,18,584.7,17,560.2,3.28781171638,9,6,3,9,6,2
86,86,17,552.8,17,552.8,3.06965700326,9,6,2,9,6,2
87,87,16,524.0,16,524.0,3.2271762683,8,6,2,8,6,2
88,88,19,620.9,18,598.4,4.04166892747,10,6,3,9,6,3
89,89,17,551.6,17,551.6,3.44947779509,9,6,2,9,6,2
90,90,17,561.1,17,561.1,3.34822165265,9,6,2,9,6,2
91,91,18,578.0,18,578.0,3.82974256375,9,6,3,9,6,3
92,92,19,618.5,17,569.3,4.78938275089,9,6,4,8,6,3
93,93,18,592.7,17,567.8,4.1327679879,9,6,3,9,5,3
94,94,16,525.4,15,502.3,4.27783044701,9,5,2,9,4,2
95,95,18,610.2,18,610.2,3.01330383466,9,6,3,9,6,3
96,96,18,612.2,17,588.9,3.77139214254,9,6,3,8,6,3
97,97,18,619.1,18,619.1,3.6918785625,9,6,3,9,6,3
98,98,16,549.1,16,549.1,3.66773658632,8,6,2,8,6,2
99,99,17,568.8,15,519.9,4.56988222271,8,6,3,8,5,2
100,100,18,617.3,18,617.3,4.05280907987,9,6,3,9,6,3
101,101,18,602.9,16,553.8,4.99923196716,8,6,4,8,5,3
102,102,19,616.2,18,591.7,4.5882764413,9,6,4,9,5,4
103,103,20,644.6,19,621.1,4.16212243427,10,6,4,9,6,4
104,104,19,615.4,18,590.6,4.29209800251,9,6,4,8,6,4
105,105,20,643.3,19,618.7,4.03827412328,10,6,4,9,6,4
106,106,20,653.3,20,653.3,3.49409652504,9,6,5,9,6,5
107,107,20,642.1,19,617.9,4.136420395,10,6,4,10,6,3
108,108,20,637.3,20,637.3,3.86880574528,10,6,4,10,6,4
109,109,20,633.9,19,609.8,4.64230829607,10,6,4,10,6,3
110,110,18,565.8,15,494.6,5.37335474136,11,5,2,9,4,2
111,111,20,620.7,15,501.5,5.55956028174,10,6,4,9,4,2
112,112,19,598.8,17,552.7,5.30149487911,9,6,4,9,5,3
113,113,19,604.2,19,604.2,4.49369929271,10,5,4,10,5,4
114,114,19,606.9,17,557.0,4.54866473563,10,5,4,10,4,3
115,115,18,573.2,16,525.1,4.80700741225,9,5,4,9,4,3
116,116,18,575.2,18,575.2,3.67074639344,9,4,5,9,4,5
117,117,18,574.5,18,574.5,3.22440144924,9,4,5,9,4,5
118,118,17,551.3,17,551.3,2.94464868573,8,4,5,8,4,5
119,119,17,559.4,17,559.4,3.93930047538,8,4,5,8,4,5
120,120,19,616.4,19,616.4,4.36963204521,9,5,5,9,5,5
121,121,19,614.4,19,614.4,3.85691450173,9,5,5,9,5,5
122,122,18,573.6,17,549.3,4.2485983848,9,5,4,9,5,3
123,123,19,627.4,19,627.4,3.63907481334,9,5,5,9,5,5
124,124,19,609.7,19,609.7,3.95795889272,8,5,6,8,5,6
125,125,18,562.6,18,562.6,4.15949971854,8,4,6,8,4,6
126,126,18,561.3,17,536.6,3.89573673467,8,5,5,8,5,4
127,127,17,542.7,17,542.7,3.3696308054,8,4,5,8,4,5
128,128,18,565.5,16,519.3,4.14817465172,9,4,5,8,3,5
129,129,17,537.3,17,537.3,2.88692539483,9,4,4,9,4,4
130,130,19,587.0,17,538.5,3.47953919111,9,5,5,9,4,4
131,131,19,613.5,19,613.5,4.0983593922,9,4,6,9,4,6
132,132,17,550.4,16,525.7,3.77798382272,9,4,4,9,4,3
133,133,18,577.9,17,554.5,4.02075091351,8,4,6,8,4,5
134,134,19,612.6,19,612.6,3.72473948224,9,5,5,9,5,5
135,135,18,562.7,18,562.7,3.70582036466,9,4,5,9,4,5
136,136,19,592.7,17,544.8,4.32928961124,9,5,5,8,5,4
137,137,19,616.3,19,616.3,4.09297644024,10,4,5,10,4,5
138,138,19,626.1,19,626.1,3.22186426727,9,5,5,9,5,5
139,139,19,599.3,18,575.0,3.99851580652,9,5,5,8,5,5
140,140,19,595.3,17,547.3,4.15104439758,9,5,5,9,5,3
141,141,19,604.7,18,579.8,3.85051830642,9,5,5,9,5,4
142,142,18,577.7,18,577.7,3.4011195773,9,5,4,9,5,4
143,143,18,590.9,18,590.9,4.17214933402,10,5,3,10,5,3
144,144,19,628.1,19,628.1,3.95745650492,10,5,4,10,5,4
145,145,19,631.3,19,631.3,4.20487047036,10,5,4,10,5,4
146,146,19,606.8,18,584.2,4.50249443535,9,5,5,9,4,5
147,147,20,628.9,18,580.9,4.06713076155,10,5,5,9,5,4
148,148,20,658.4,19,635.0,4.20596068255,10,5,5,10,5,4
149,149,20,664.4,20,664.4,3.88811955632,10,5,5,10,5,5
150,150,20,643.0,19,620.5,4.1007701459,10,5,5,10,5,4
151,151,20,639.0,19,616.5,4.58469995575,10,4,6,10,4,5
152,152,19,612.3,17,563.0,4.85270166508,11,4,4,10,3,4
153,153,20,593.5,17,525.3,4.65910257905,10,5,5,10,5,2
154,154,20,644.9,18,598.4,5.14377242273,10,5,5,10,5,3
155,155,20,652.3,19,629.8,3.81510502028,10,5,5,10,5,4
156,156,20,674.9,19,651.1,3.92917227121,10,5,5,10,5,4
157,157,20,686.0,19,662.6,3.92857279563,10,5,5,10,5,4
158,158,20,675.8,18,629.1,4.5473994882,10,5,5,9,5,4
159,159,20,682.1,20,682.1,3.23914787365,10,5,5,10,5,5
160,160,19,646.1,19,646.1,3.20840453327,10,5,4,10,5,4
161,161,19,651.9,19,651.9,3.32881272409,10,5,4,10,5,4
162,162,19,649.9,19,649.9,3.56627313782,10,5,4,10,5,4
163,163,19,649.7,19,649.7,3.3103329279,10,5,4,10,5,4
164,164,19,654.1,19,654.1,3.21676892847,10,5,4,10,5,4
165,165,19,653.5,19,653.5,3.46385682348,10,5,4,10,5,4
166,166,19,653.0,19,653.0,3.72246224241,10,5,4,10,5,4
167,167,19,650.5,19,650.5,3.89161642028,10,5,4,10,5,4
168,168,19,652.5,18,628.7,4.0829341015,10,5,4,9,5,4
169,169,19,658.1,19,658.1,3.62586549458,10,5,4,10,5,4
170,170,19,657.1,19,657.1,3.37643190331,10,5,4,10,5,4
171,171,19,656.4,19,656.4,3.14401873423,10,5,4,10,5,4
172,172,19,647.6,19,647.6,3.49495877545,10,5,4,10,5,4
173,173,19,654.9,19,654.9,3.64722918141,10,5,4,10,5,4
174,174,19,658.8,19,658.8,3.92242018618,10,5,4,10,5,4
175,175,19,653.2,19,653.2,3.77514958458,10,5,4,10,5,4
176,176,19,647.2,19,647.2,3.95954690538,10,5,4,10,5,4
177,177,19,647.7,19,647.7,3.95753777786,10,5,4,10,5,4
178,178,19,649.6,19,649.6,4.14110757284,10,5,4,10,5,4
179,179,20,668.0,19,644.2,4.61929591354,10,5,5,10,5,4
180,180,20,676.6,19,653.4,4.29786972936,11,5,4,10,5,4
181,181,19,656.4,19,656.4,3.75726975654,10,5,4,10,5,4
182,182,19,655.2,18,630.5,4.39889672505,10,5,4,9,5,4
183,183,19,649.9,18,627.3,4.25225086594,10,5,4,9,5,4
184,184,18,633.7,18,633.7,3.91910437281,9,5,4,9,5,4
185,185,19,662.2,19,662.2,4.73607531156,10,5,4,10,5,4
186,186,18,627.0,18,627.0,3.91107026122,9,5,4,9,5,4
187,187,16,560.5,16,560.5,3.70508097078,8,5,3,8,5,3
188,188,16,560.0,16,560.0,3.75694911686,8,5,3,8,5,3
189,189,18,604.9,15,532.4,5.1456974857,9,5,4,7,5,3
190,190,17,587.9,17,587.9,3.8799541386,8,5,4,8,5,4
191,191,16,547.0,16,547.0,4.04176116728,8,5,3,8,5,3
192,192,17,601.9,17,601.9,3.77896655652,8,5,4,8,5,4
193,193,17,594.1,17,594.1,4.14790875729,9,4,4,9,4,4
194,194,20,669.2,20,669.2,4.97693628017,10,5,5,10,5,5
195,195,20,660.9,20,660.9,4.12865149388,10,5,5,10,5,5
196,196,19,620.6,19,620.6,4.09799551628,11,3,5,11,3,5
197,197,20,639.6,20,639.6,4.25844053492,10,5,5,10,5,5
198,198,20,656.3,20,656.3,4.29507367745,10,4,6,10,4,6
199,199,19,635.0,19,635.0,4.13179796045,9,4,6,9,4,6
200,200,20,635.5,19,613.0,4.78461074697,10,5,5,10,5,4
201,201,20,667.4,19,645.3,4.65946687712,10,5,5,9,5,5
202,202,20,674.5,20,674.5,3.27749503191,10,5,5,10,5,5
203,203,20,642.9,18,594.8,4.94139070559,10,5,5,9,4,5
204,204,20,659.0,18,610.3,6.00556759226,9,5,6,8,5,5
205,205,20,645.8,19,621.7,4.98955751651,10,5,5,10,5,4
206,206,18,603.6,17,578.8,5.24852920574,10,5,3,9,5,3
207,207,19,613.7,17,566.4,5.78081116953,10,4,5,9,4,4
208,208,19,598.8,17,549.1,4.70818001613,9,4,6,8,4,5
209,209,19,638.8,19,638.8,4.59100315198,10,4,5,10,4,5
210,210,19,644.1,19,644.1,4.08193853729,10,5,4,10,5,4
211,211,18,604.9,16,556.9,4.76228716952,10,4,4,8,4,4
212,212,16,544.4,16,544.4,2.73434940464,7,4,5,7,4,5
213,213,17,549.7,16,526.4,5.01035692048,9,4,4,9,3,4
214,214,17,560.9,17,560.9,4.10098625154,8,5,4,8,5,4
215,215,18,587.7,17,564.6,4.50989109038,8,5,5,8,5,4
216,216,17,566.9,15,520.0,4.4588560258,8,5,4,7,5,3
217,217,16,545.8,15,521.3,3.54417362253,7,5,4,7,5,3
218,218,17,557.7,17,557.7,4.3205136541,8,5,4,8,5,4
219,219,17,580.6,16,555.8,3.95823787295,8,5,4,7,5,4
220,220,18,607.9,18,607.9,3.76669703267,9,5,4,9,5,4
221,221,18,605.2,17,580.9,4.58623972021,9,5,4,8,5,4
222,222,18,624.0,17,600.2,4.03951074498,9,5,4,8,5,4
223,223,19,630.8,19,630.8,3.68042871899,10,5,4,10,5,4
224,224,18,593.9,16,546.3,4.4816583357,8,5,5,7,4,5
225,225,18,570.9,16,524.7,4.39816138056,9,5,4,7,5,4
226,226,19,602.2,17,552.8,5.22690408519,10,5,4,8,5,4
227,227,19,607.3,16,534.6,5.5514973482,9,5,5,8,4,4
228,228,19,626.5,18,603.1,4.64181981857,9,5,5,8,5,5
229,229,18,583.2,18,583.2,4.3926409047,8,5,5,8,5,5
230,230,19,615.8,18,591.1,4.19005366405,9,5,5,8,5,5
231,231,18,594.5,17,570.0,4.69540520779,9,5,4,8,5,4
232,232,18,585.6,17,561.2,5.03201515008,8,5,5,8,5,4
233,233,19,598.3,17,551.2,4.18023055409,9,5,5,9,5,3
234,234,16,540.5,16,540.5,3.54461445952,7,5,4,7,5,4
235,235,19,627.6,18,602.6,3.54135137916,11,4,4,10,4,4
236,236,19,637.2,19,637.2,5.25496701822,11,4,4,11,4,4
237,237,19,623.9,17,575.7,5.51132274164,11,4,4,9,4,4
238,238,18,588.3,18,588.3,5.80549942119,10,3,5,10,3,5
239,239,18,606.0,18,606.0,4.99917640276,10,4,4,10,4,4
240,240,18,605.1,16,556.4,5.19810485828,10,3,5,10,3,3
241,241,20,658.0,17,585.7,5.7853717526,11,4,5,10,3,4
242,242,18,621.3,18,621.3,4.70697230025,10,4,4,10,4,4
243,243,20,659.8,18,612.6,5.18448089063,10,4,6,10,4,4
244,244,19,627.5,17,579.8,5.46085484815,10,4,5,9,4,4
245,245,20,656.2,18,608.8,5.64594871055,11,4,5,9,4,5
246,246,20,656.2,19,631.2,5.29596668776,11,4,5,10,4,5
247,247,19,634.9,17,585.9,5.15431460665,11,4,4,10,3,4
248,248,18,603.3,18,603.3,4.71596163233,10,3,5,10,3,5
249,249,20,656.4,19,632.2,5.23466180479,11,4,5,10,4,5
250,250,19,594.7,17,548.1,4.6159144995,9,4,6,8,4,5
251,251,17,552.2,17,552.2,3.38862717301,9,4,4,9,4,4
252,252,18,566.8,16,517.3,4.14684697925,9,4,5,8,4,4
253,253,19,605.6,17,557.6,4.73789007251,10,4,5,9,4,4
254,254,19,613.8,17,565.1,4.26685854832,10,4,5,10,4,3
255,255,19,607.3,19,607.3,4.27813699411,10,4,5,10,4,5
256,256,19,602.1,19,602.1,4.11891230745,10,4,5,10,4,5
257,257,19,613.5,17,566.3,4.11756329464,11,4,4,9,4,4
258,258,18,575.7,17,551.9,3.77176039411,10,4,4,9,4,4
259,259,18,565.4,16,517.3,3.78773390097,10,4,4,8,4,4
260,260,18,570.5,17,547.2,4.17224332693,10,4,4,9,4,4
261,261,19,598.3,17,552.0,4.46864318668,10,4,5,8,4,5
262,262,18,565.2,15,494.0,4.89140903554,8,4,6,6,4,5
263,263,18,578.0,17,554.8,4.03381134746,9,4,5,8,4,5
264,264,18,555.4,14,460.7,5.0799747825,10,4,4,6,4,4
265,265,18,562.5,16,513.8,4.28255696023,10,4,4,8,4,4
266,266,17,526.5,15,480.5,4.50427084913,9,4,4,7,4,4
267,267,18,549.1,15,480.4,4.71212106883,10,4,4,8,4,3
268,268,16,505.1,14,456.6,4.54895134436,8,4,4,6,4,4
269,269,19,650.9,19,650.9,3.64742158388,10,4,5,10,4,5
270,270,18,584.1,16,534.8,4.95132186747,10,4,4,8,4,4
271,271,18,596.2,16,550.2,5.39537444108,9,4,5,8,4,4
272,272,16,515.2,13,442.3,4.73187771045,10,3,3,8,3,2
273,273,19,626.0,18,605.1,5.04814249898,10,4,5,10,4,4
274,274,19,624.6,18,603.7,4.84112499612,10,4,5,10,4,4
275,275,18,600.9,17,576.9,4.41764510065,10,4,4,9,4,4
278,278,2,55.5,2,55.5,0.212132034356,1,1,0,1,1,0
279,279,2,60.7,2,60.7,3.88908729653,1,1,0,1,1,0
280,280,2,62.9,2,62.9,5.44472221514,1,1,0,1,1,0
281,281,2,65.3,2,65.3,3.18198051534,1,1,0,1,1,0
282,282,2,67.7,2,67.7,4.31335136524,1,1,0,1,1,0
283,283,2,63.3,2,63.3,5.86898628385,1,1,0,1,1,0
284,284,4,102.3,2,63.3,8.85188303884,1,2,1,1,1,0
285,285,4,103.3,2,63.0,8.75495098025,1,2,1,1,1,0
286,286,4,101.2,2,62.6,8.3338666496,1,2,1,1,1,0
287,287,6,137.6,1,36.1,6.79225048615,1,3,2,1,0,0
288,288,11,250.0,3,98.4,7.23423678201,4,4,3,2,1,0
289,289,11,249.0,3,96.6,6.99046103305,4,4,3,2,1,0
290,290,11,243.5,3,96.3,7.22554810755,4,4,3,2,1,0
291,291,11,238.2,2,68.3,6.73176999553,4,4,3,2,0,0
292,292,12,255.3,3,93.3,6.67915686024,5,4,3,2,1,0
293,293,13,256.6,1,36.5,5.64100145682,6,4,3,1,0,0
294,294,13,254.0,2,56.4,4.8177689272,6,4,3,2,0,0
295,295,13,242.4,1,25.7,3.54438884826,6,4,3,1,0,0
296,296,13,235.0,0,0,4.00710906726,6,4,3,0,0,0
297,297,13,238.6,1,25.9,3.87827611717,6,4,3,1,0,0
298,298,13,237.8,0,0,3.03437570143,6,4,3,0,0,0
299,299,13,255.1,0,0,4.20954349191,6,4,3,0,0,0
