,e_id,num_sat,sum_snr,num_sat_25,sum_snr_25,num_sat_u20,sum_sat_u20,snr_std,elev_0_30,elev_30_60,elev_60_90,sum_elev_0_30,sum_elev_30_60,sum_elev_60_90,elev_0_30_25,elev_30_60_25,elev_60_90_25,sum_elev_0_30_25,sum_elev_30_60_25,sum_elev_60_90_25
1,1,23,662.0,17,550.0,4,70.8,6.93932484101,14,6,3,414.8,170.6,76.6,11,4,2,356.7,135.0,58.3
2,2,23,699.8,18,602.3,3,47.7,6.70943822274,14,6,3,435.9,172.7,91.2,11,4,3,372.9,138.2,91.2
3,3,23,735.8,22,713.5,0,0,4.28951290342,14,6,3,426.7,204.9,104.2,13,6,3,404.4,204.9,104.2
4,4,23,703.9,21,660.6,1,19.4,5.31357423457,14,6,3,418.3,183.9,101.7,12,6,3,375.0,183.9,101.7
5,5,23,729.6,20,660.9,1,19.4,5.01080255972,14,6,3,435.1,192.0,102.5,12,5,3,391.0,167.4,102.5
6,6,24,765.2,22,717.7,0,0,4.46295541256,15,6,3,473.7,191.1,100.4,13,6,3,426.2,191.1,100.4
7,7,24,755.3,22,714.8,1,18.4,5.31687053809,15,6,3,466.1,187.4,101.8,13,6,3,425.6,187.4,101.8
8,8,22,700.7,19,630.9,0,0,5.16690475642,13,6,3,410.6,197.3,92.8,11,5,3,364.2,173.9,92.8
9,9,18,586.4,17,563.2,0,0,5.05656888501,11,5,2,349.7,171.8,64.9,10,5,2,326.5,171.8,64.9
10,10,21,656.5,20,633.1,0,0,4.25517052425,13,5,3,413.1,151.6,91.8,12,5,3,389.7,151.6,91.8
11,11,22,655.9,19,585.0,0,0,4.41504952834,13,6,3,393.1,169.9,92.9,11,5,3,345.9,146.2,92.9
12,12,20,632.2,17,561.4,0,0,4.65390611264,12,6,2,374.9,188.5,68.8,9,6,2,304.1,188.5,68.8
13,13,18,587.5,18,587.5,0,0,4.18120991339,10,6,2,330.0,186.1,71.4,10,6,2,330.0,186.1,71.4
14,14,21,676.1,18,605.3,0,0,5.09700659117,12,6,3,384.9,188.1,103.1,10,5,3,338.4,163.8,103.1
15,15,19,606.6,17,559.3,0,0,4.60010170241,11,6,2,358.1,180.8,67.7,10,5,2,334.1,157.5,67.7
16,16,17,552.8,15,504.6,0,0,4.73936115079,10,5,2,328.5,166.5,57.8,9,5,1,304.4,166.5,33.7
17,17,20,634.8,18,588.1,0,0,5.35472246074,13,5,2,410.3,165.1,59.4,12,4,2,386.6,142.1,59.4
18,18,21,675.0,18,605.8,0,0,5.20284262962,13,5,3,416.7,166.3,92.0,11,5,2,369.9,166.3,69.6
19,19,20,650.6,18,600.8,0,0,4.54869559093,12,5,3,385.9,166.0,98.7,10,5,3,336.1,166.0,98.7
20,20,20,653.5,18,606.9,0,0,5.22704253706,12,5,3,402.3,166.8,84.4,11,5,2,378.3,166.8,61.8
21,21,20,653.3,17,581.2,0,0,5.49863858749,12,5,3,406.0,158.5,88.8,11,4,2,381.7,134.4,65.1
22,22,20,661.9,19,637.4,0,0,4.94415923351,12,5,3,402.6,164.9,94.4,12,5,2,402.6,164.9,69.9
23,23,20,662.3,18,615.5,0,0,5.0344366747,12,5,3,403.1,155.9,103.3,11,4,3,379.5,132.7,103.3
24,24,21,690.1,20,665.6,0,0,4.73143489763,12,6,3,411.0,182.0,97.1,12,5,3,411.0,157.5,97.1
25,25,20,644.4,18,596.4,0,0,5.30269047897,12,6,2,386.1,186.1,72.2,11,5,2,362.9,161.3,72.2
26,26,21,652.8,18,582.9,0,0,5.53130054456,12,6,3,368.4,181.8,102.6,9,6,3,298.5,181.8,102.6
27,27,20,645.6,19,621.8,0,0,4.80423059178,12,6,2,391.0,187.4,67.2,11,6,2,367.2,187.4,67.2
28,28,20,657.8,19,635.4,0,0,4.57290648103,11,6,3,374.2,185.6,98.0,11,5,3,374.2,163.2,98.0
29,29,20,636.7,18,590.9,0,0,5.3425082814,12,6,2,386.1,180.7,69.9,11,5,2,363.7,157.3,69.9
30,30,20,665.4,20,665.4,0,0,4.28142868432,12,5,3,408.2,158.4,98.8,12,5,3,408.2,158.4,98.8
31,31,22,704.7,20,657.2,0,0,4.78722370717,13,6,3,422.4,183.3,99.0,12,5,3,399.2,159.0,99.0
32,32,21,685.3,20,660.9,0,0,4.51645140938,12,6,3,401.5,182.7,101.1,12,5,3,401.5,158.3,101.1
33,33,21,691.1,21,691.1,0,0,4.26179595498,12,6,3,401.5,186.4,103.2,12,6,3,401.5,186.4,103.2
34,34,22,725.4,21,701.0,0,0,4.418487332,13,6,3,434.6,187.8,103.0,12,6,3,410.2,187.8,103.0
35,35,22,704.4,20,656.2,0,0,4.56963438817,13,6,3,414.5,188.3,101.6,11,6,3,366.3,188.3,101.6
36,36,21,668.6,20,644.1,0,0,4.99234175417,12,6,3,382.2,183.9,102.5,11,6,3,357.7,183.9,102.5
37,37,19,641.7,18,617.7,0,0,4.73566164628,10,6,3,336.8,202.3,102.6,9,6,3,312.8,202.3,102.6
38,38,19,613.3,17,564.8,0,0,4.96919163417,12,5,2,375.4,169.0,68.9,10,5,2,326.9,169.0,68.9
39,39,20,659.0,19,636.3,0,0,4.66515639722,11,6,3,367.2,202.7,89.1,11,6,2,367.2,202.7,66.4
40,40,19,635.5,19,635.5,0,0,3.68817455918,11,5,3,367.0,174.2,94.3,11,5,3,367.0,174.2,94.3
41,41,18,594.0,16,546.3,0,0,4.83844894933,11,5,2,358.5,164.2,71.3,9,5,2,310.8,164.2,71.3
42,42,20,639.2,17,570.3,0,0,5.5987216586,11,6,3,348.4,193.8,97.0,9,6,2,302.6,193.8,73.9
43,43,18,607.0,16,559.5,0,0,5.1089950152,10,5,3,334.2,179.0,93.8,9,5,2,310.9,179.0,69.6
44,44,21,662.8,19,615.0,0,0,5.31229481396,12,6,3,378.4,187.8,96.6,10,6,3,330.6,187.8,96.6
45,45,21,682.9,20,659.8,0,0,5.31259061547,12,6,3,404.3,176.8,101.8,12,5,3,404.3,153.7,101.8
46,46,21,669.2,19,620.9,0,0,5.57407690415,12,6,3,393.2,177.8,98.2,10,6,3,344.9,177.8,98.2
47,47,21,666.6,19,618.5,0,0,5.82147502173,12,6,3,397.8,170.9,97.9,11,5,3,373.1,147.5,97.9
48,48,21,662.4,19,614.2,0,0,5.22690840063,12,6,3,381.1,182.8,98.5,11,5,3,356.7,159.0,98.5
49,49,20,632.6,17,561.9,0,0,5.48290165207,11,6,3,361.1,173.5,98.0,9,5,3,313.9,150.0,98.0
50,50,21,653.3,17,560.8,0,0,5.91607173401,12,6,3,388.9,165.7,98.7,10,4,3,342.9,119.2,98.7
51,51,19,593.9,16,524.1,0,0,5.20430546006,10,6,3,330.8,168.5,94.6,8,5,3,285.5,144.0,94.6
52,52,19,604.6,16,532.6,0,0,4.64118985551,11,5,3,361.4,145.0,98.2,10,3,3,338.0,96.4,98.2
53,53,18,590.0,18,590.0,0,0,4.16378724036,10,5,3,336.9,154.9,98.2,10,5,3,336.9,154.9,98.2
54,54,19,614.6,17,566.1,0,0,5.29479497253,11,5,3,362.7,153.4,98.5,10,4,3,338.7,128.9,98.5
55,55,20,634.7,17,562.8,0,0,5.2286936076,11,6,3,358.6,179.3,96.8,9,5,3,310.9,155.1,96.8
56,56,17,578.2,16,554.1,0,0,4.66126087461,10,4,3,331.4,144.1,102.7,9,4,3,307.3,144.1,102.7
57,57,21,648.6,19,600.9,0,0,3.94566670086,12,6,3,362.5,192.2,93.9,10,6,3,314.8,192.2,93.9
58,58,20,632.2,19,608.3,0,0,4.47835731162,12,5,3,370.7,161.7,99.8,11,5,3,346.8,161.7,99.8
59,59,19,603.3,17,554.7,0,0,4.53742075793,11,5,3,341.4,160.6,101.3,10,4,3,316.6,136.8,101.3
60,60,20,635.8,19,613.2,0,0,4.66757008799,12,5,3,368.1,166.5,101.2,11,5,3,345.5,166.5,101.2
61,61,18,607.7,17,584.8,0,0,4.71033143443,10,5,3,320.0,182.6,105.1,9,5,3,297.1,182.6,105.1
62,62,19,634.3,19,634.3,0,0,4.62664543198,10,6,3,315.3,210.3,108.7,10,6,3,315.3,210.3,108.7
63,63,21,670.3,18,599.7,0,0,5.27736857227,12,6,3,382.6,194.7,93.0,10,5,3,334.7,172.0,93.0
64,64,19,645.1,18,621.5,0,0,4.75667582586,12,5,2,407.8,166.6,70.7,11,5,2,384.2,166.6,70.7
65,65,17,597.3,17,597.3,0,0,3.98260925407,10,5,2,355.1,168.5,73.7,10,5,2,355.1,168.5,73.7
66,66,19,639.1,16,566.9,0,0,5.30714513403,11,5,3,369.2,171.8,98.1,9,5,2,321.0,171.8,74.1
67,67,21,684.7,19,635.6,0,0,4.57454655572,12,6,3,392.2,195.1,97.4,10,6,3,343.1,195.1,97.4
68,68,21,682.1,20,657.9,0,0,4.31191593698,12,6,3,384.5,195.5,102.1,11,6,3,360.3,195.5,102.1
69,69,22,714.5,21,690.8,0,0,4.78648213779,13,6,3,415.5,196.8,102.2,12,6,3,391.8,196.8,102.2
70,70,21,708.8,20,686.0,0,0,4.48805292389,13,5,3,444.9,168.0,95.9,12,5,3,422.1,168.0,95.9
71,71,21,684.6,20,660.3,0,0,4.54103512429,12,6,3,402.2,184.3,98.1,11,6,3,377.9,184.3,98.1
72,72,20,664.1,19,639.5,0,0,4.81723604963,13,4,3,430.6,131.5,102.0,12,4,3,406.0,131.5,102.0
73,73,21,665.5,18,594.7,0,0,4.82005236091,12,6,3,373.4,186.6,105.5,9,6,3,302.6,186.6,105.5
74,74,20,661.4,20,661.4,0,0,3.70420813329,12,5,3,391.1,163.0,107.3,12,5,3,391.1,163.0,107.3
75,75,20,655.0,20,655.0,0,0,4.13655081337,11,6,3,355.7,193.5,105.8,11,6,3,355.7,193.5,105.8
76,76,20,666.0,20,666.0,0,0,4.99936838116,11,6,3,360.5,199.8,105.7,11,6,3,360.5,199.8,105.7
77,77,21,663.9,18,590.4,0,0,4.53798255994,12,6,3,365.9,198.9,99.1,9,6,3,292.4,198.9,99.1
78,78,20,627.7,17,555.0,0,0,4.48380418841,11,6,3,336.8,192.7,98.2,9,5,3,288.8,168.0,98.2
79,79,20,629.8,19,605.3,0,0,4.43323571981,11,6,3,331.3,196.8,101.7,10,6,3,306.8,196.8,101.7
80,80,17,585.0,16,560.5,0,0,4.86747911564,9,5,3,318.9,162.6,103.5,8,5,3,294.4,162.6,103.5
81,81,21,655.7,18,584.2,0,0,4.62340834903,12,6,3,371.9,179.9,103.9,10,5,3,323.9,156.4,103.9
82,82,17,567.4,16,544.3,0,0,4.00570365413,9,5,3,292.0,171.0,104.4,8,5,3,268.9,171.0,104.4
83,83,18,587.9,17,564.3,0,0,4.11927162164,10,5,3,323.6,174.3,90.0,10,5,2,323.6,174.3,66.4
84,84,18,590.2,17,567.4,0,0,4.44163309777,10,5,3,319.6,171.5,99.1,9,5,3,296.8,171.5,99.1
85,85,19,612.1,17,567.0,0,0,4.82312291155,11,5,3,335.7,174.0,102.4,9,5,3,290.6,174.0,102.4
86,86,19,590.4,15,495.7,0,0,5.47507910701,11,5,3,331.4,158.8,100.2,8,4,3,261.4,134.1,100.2
87,87,18,583.3,17,560.0,0,0,4.47140880842,10,5,3,312.7,165.4,105.2,9,5,3,289.4,165.4,105.2
88,88,17,565.5,16,541.7,0,0,4.29577425741,8,6,3,260.5,198.0,107.0,7,6,3,236.7,198.0,107.0
89,89,19,607.4,17,559.5,0,0,4.64854249937,10,6,3,307.8,192.2,107.4,9,5,3,284.4,167.7,107.4
90,90,18,581.4,16,535.8,0,0,5.51585948718,11,4,3,346.0,135.1,100.3,10,4,2,323.9,135.1,76.8
91,91,18,603.7,16,554.4,0,0,5.2816150481,10,6,2,343.2,187.1,73.4,8,6,2,293.9,187.1,73.4
92,92,21,676.6,20,653.6,0,0,4.48404048238,12,6,3,390.6,198.0,88.0,12,6,2,390.6,198.0,65.0
93,93,21,713.1,21,713.1,0,0,4.51271220316,13,5,3,446.9,178.3,87.9,13,5,3,446.9,178.3,87.9
94,94,20,669.5,20,669.5,0,0,4.15779230387,12,5,3,407.5,167.0,95.0,12,5,3,407.5,167.0,95.0
95,95,19,642.5,19,642.5,0,0,3.72711731889,10,6,3,350.7,194.7,97.1,10,6,3,350.7,194.7,97.1
96,96,20,654.7,20,654.7,0,0,4.20366694559,13,5,2,409.8,174.5,70.4,13,5,2,409.8,174.5,70.4
97,97,22,742.3,20,696.2,0,0,4.84548479966,14,5,3,465.6,173.4,103.3,12,5,3,419.5,173.4,103.3
98,98,22,719.7,22,719.7,0,0,3.55303967176,13,6,3,435.5,181.7,102.5,13,6,3,435.5,181.7,102.5
99,99,21,702.9,21,702.9,0,0,4.53642401646,12,6,3,403.0,198.7,101.2,12,6,3,403.0,198.7,101.2
100,100,20,656.8,19,632.6,0,0,4.69954085103,12,6,2,388.2,195.7,72.9,11,6,2,364.0,195.7,72.9
101,101,19,615.5,18,591.0,0,0,4.62991164833,10,6,3,336.1,182.1,97.3,10,6,2,336.1,182.1,72.8
102,102,19,649.8,19,649.8,0,0,3.67408340799,11,6,2,376.3,208.6,64.9,11,6,2,376.3,208.6,64.9
103,103,21,680.4,19,632.2,0,0,4.4968878127,12,6,3,399.9,190.0,90.5,12,5,2,399.9,165.5,66.8
104,104,21,683.0,19,635.6,0,0,4.35475656747,12,6,3,400.8,187.6,94.6,10,6,3,353.4,187.6,94.6
105,105,20,659.3,20,659.3,0,0,3.93556991125,12,5,3,405.6,156.2,97.5,12,5,3,405.6,156.2,97.5
106,106,20,657.0,19,634.9,0,0,4.38760215056,11,6,3,367.7,193.4,95.9,10,6,3,345.6,193.4,95.9
107,107,19,640.7,19,640.7,0,0,3.4777992638,10,6,3,347.3,194.7,98.7,10,6,3,347.3,194.7,98.7
108,108,21,698.2,20,673.9,0,0,4.43425518522,12,6,3,404.9,200.4,92.9,11,6,3,380.6,200.4,92.9
109,109,20,686.8,20,686.8,0,0,4.42580947101,13,5,2,444.2,182.4,60.2,13,5,2,444.2,182.4,60.2
110,110,19,646.3,19,646.3,0,0,4.26435655663,12,5,2,400.3,181.2,64.8,12,5,2,400.3,181.2,64.8
111,111,20,666.7,20,666.7,0,0,4.33313731001,12,5,3,388.0,183.2,95.5,12,5,3,388.0,183.2,95.5
112,112,21,698.9,20,675.5,0,0,4.54462529232,13,5,3,410.9,182.5,105.5,12,5,3,387.5,182.5,105.5
113,113,22,702.1,18,606.9,0,0,5.52865224725,13,6,3,409.7,194.5,97.9,11,5,2,362.1,171.2,73.6
114,114,22,716.2,19,645.4,0,0,5.71111925255,13,6,3,434.7,182.2,99.3,12,4,3,411.5,134.6,99.3
115,115,21,700.8,19,651.3,0,0,4.69692908794,13,5,3,435.1,156.0,109.7,11,5,3,385.6,156.0,109.7
116,116,22,728.6,21,704.6,0,0,4.68153783887,14,5,3,462.7,162.2,103.7,13,5,3,438.7,162.2,103.7
117,117,22,713.3,20,664.1,0,0,4.71491370604,14,5,3,442.4,174.8,96.1,13,5,2,417.8,174.8,71.5
118,118,20,636.3,18,587.8,0,0,4.21853990705,11,6,3,359.8,184.9,91.6,11,4,3,359.8,136.4,91.6
119,119,21,667.9,18,594.6,0,0,4.45718253951,12,6,3,387.1,186.0,94.8,10,5,3,338.7,161.1,94.8
120,120,21,650.3,19,600.9,0,0,4.77329376147,12,6,3,373.2,186.8,90.3,10,6,3,323.8,186.8,90.3
121,121,21,666.2,18,594.1,0,0,4.48128382965,13,6,2,406.1,193.6,66.5,10,6,2,334.0,193.6,66.5
122,122,19,610.9,19,610.9,0,0,4.16671578918,10,6,3,337.9,179.6,93.4,10,6,3,337.9,179.6,93.4
123,123,20,651.1,19,626.7,0,0,4.02668402169,11,6,3,375.0,184.0,92.1,11,5,3,375.0,159.6,92.1
124,124,19,591.8,17,543.8,0,0,4.12733010567,10,6,3,315.2,187.7,88.9,8,6,3,267.2,187.7,88.9
125,125,19,593.2,16,521.4,0,0,4.49463617949,11,5,3,345.7,156.4,91.1,10,4,2,322.1,131.5,67.8
126,126,19,608.2,18,585.4,0,0,4.07197668854,10,6,3,325.6,192.2,90.4,10,5,3,325.6,169.4,90.4
127,127,19,619.3,18,594.7,0,0,3.25789190261,10,6,3,333.2,192.9,93.2,10,5,3,333.2,168.3,93.2
128,128,17,562.6,17,562.6,0,0,3.49901246572,8,6,3,276.4,192.5,93.7,8,6,3,276.4,192.5,93.7
129,129,20,637.4,18,590.2,0,0,4.19788167131,11,6,3,349.5,192.0,95.9,9,6,3,302.3,192.0,95.9
130,130,18,569.7,16,523.3,0,0,4.91231944736,10,6,2,314.1,185.1,70.5,9,5,2,291.3,161.5,70.5
131,131,19,635.5,18,611.4,0,0,4.92514730982,10,6,3,354.8,193.0,87.7,10,6,2,354.8,193.0,63.6
132,132,18,604.3,17,581.6,0,0,4.48852203574,10,6,2,324.9,205.9,73.5,9,6,2,302.2,205.9,73.5
133,133,22,727.2,20,678.7,0,0,4.5849367522,13,6,3,433.7,200.5,93.0,11,6,3,385.2,200.5,93.0
134,134,20,683.1,19,659.4,0,0,4.74047243926,12,5,3,429.9,161.6,91.6,12,4,3,429.9,137.9,91.6
135,135,21,678.5,19,629.9,0,0,4.79488318543,13,5,3,417.9,168.2,92.4,11,5,3,369.3,168.2,92.4
136,136,21,697.7,21,697.7,0,0,3.8836715569,13,5,3,430.5,173.0,94.2,13,5,3,430.5,173.0,94.2
137,137,20,672.2,19,648.1,0,0,5.05349279941,12,6,2,418.6,186.7,66.9,12,5,2,418.6,162.6,66.9
138,138,21,705.1,19,658.8,0,0,5.13584508741,13,6,2,452.9,189.4,62.8,12,5,2,430.6,165.4,62.8
139,139,19,646.6,18,621.8,0,0,4.48219348975,11,6,2,392.3,188.7,65.6,11,5,2,392.3,163.9,65.6
140,140,21,701.3,20,677.5,0,0,4.4849165199,12,6,3,424.6,192.6,84.1,12,6,2,424.6,192.6,60.3
141,141,19,621.1,17,572.1,0,0,4.90735216417,11,5,3,374.3,151.5,95.3,10,4,3,350.2,126.6,95.3
142,142,21,685.5,19,637.1,0,0,4.81191972383,12,6,3,417.7,185.5,82.3,12,5,2,417.7,161.5,57.9
143,143,21,703.4,19,656.6,0,0,4.90606524523,12,6,3,400.3,212.0,91.1,10,6,3,353.5,212.0,91.1
144,144,21,709.3,21,709.3,0,0,4.06114574497,12,6,3,415.1,206.1,88.1,12,6,3,415.1,206.1,88.1
145,145,19,627.6,18,604.8,0,0,3.98330580626,12,5,2,408.4,156.0,63.2,12,4,2,408.4,133.2,63.2
146,146,19,603.2,16,533.1,0,0,5.31793280859,11,5,3,355.3,159.7,88.2,10,4,2,332.3,136.7,64.1
147,147,18,590.2,17,567.9,0,0,4.00160098679,12,5,1,390.0,164.1,36.1,12,4,1,390.0,141.8,36.1
148,148,19,604.2,18,581.3,0,0,3.94334883063,13,5,1,404.2,164.2,35.8,12,5,1,381.3,164.2,35.8
149,149,20,679.3,20,679.3,0,0,4.0313606166,11,6,3,377.3,206.8,95.2,11,6,3,377.3,206.8,95.2
150,150,19,632.3,18,608.5,0,0,4.03382627117,11,6,2,362.8,206.7,62.8,10,6,2,339.0,206.7,62.8
151,151,22,714.8,20,667.7,0,0,4.2838466349,13,6,3,419.4,205.2,90.2,11,6,3,372.3,205.2,90.2
152,152,19,635.3,19,635.3,0,0,4.01306346356,12,5,2,405.1,168.2,62.0,12,5,2,405.1,168.2,62.0
153,153,21,685.7,21,685.7,0,0,5.18812288286,12,6,3,397.9,193.1,94.7,12,6,3,397.9,193.1,94.7
154,154,19,595.3,17,548.0,0,0,4.43772371975,11,6,2,326.0,196.8,72.5,9,6,2,278.7,196.8,72.5
155,155,19,620.5,19,620.5,0,0,4.30275309663,10,6,3,324.0,200.1,96.4,10,6,3,324.0,200.1,96.4
156,156,20,643.4,19,619.3,0,0,3.82252327796,11,6,3,348.3,198.1,97.0,10,6,3,324.2,198.1,97.0
157,157,18,569.1,17,545.1,0,0,4.03400982821,11,5,2,344.4,158.7,66.0,11,4,2,344.4,134.7,66.0
158,158,18,547.7,18,547.7,0,0,4.23428659948,10,5,3,296.4,161.4,89.9,10,5,3,296.4,161.4,89.9
159,159,21,689.8,20,665.7,0,0,4.19399797897,12,6,3,395.9,195.9,98.0,11,6,3,371.8,195.9,98.0
160,160,19,611.6,17,563.4,0,0,3.89528129591,11,6,2,350.8,189.5,71.3,10,5,2,326.6,165.5,71.3
161,161,18,604.4,18,604.4,0,0,2.94309871825,10,6,2,334.3,197.0,73.1,10,6,2,334.3,197.0,73.1
162,162,21,698.5,20,674.3,0,0,3.87794741977,12,6,3,407.8,196.1,94.6,12,6,2,407.8,196.1,70.4
163,163,20,653.4,19,630.0,0,0,3.52092990109,12,6,2,392.2,194.9,66.3,11,6,2,368.8,194.9,66.3
164,164,18,583.1,18,583.1,0,0,4.47088255825,11,5,2,346.4,166.4,70.3,11,5,2,346.4,166.4,70.3
165,165,20,654.8,18,607.4,0,0,4.35979236589,11,6,3,367.0,195.1,92.7,11,5,2,367.0,171.9,68.5
166,166,19,610.0,16,536.9,0,0,4.89608388683,11,6,2,339.6,201.1,69.3,8,6,2,266.5,201.1,69.3
167,167,19,621.7,17,573.0,0,0,4.83420439822,11,5,3,354.0,170.5,97.2,10,5,2,329.2,170.5,73.3
168,168,18,583.1,17,558.9,0,0,5.11381890478,11,4,3,366.1,128.1,88.9,10,4,3,341.9,128.1,88.9
169,169,19,635.8,19,635.8,0,0,4.28216073785,11,6,2,366.1,199.4,70.3,11,6,2,366.1,199.4,70.3
170,170,18,612.5,18,612.5,0,0,4.02474778977,11,5,2,368.4,174.8,69.3,11,5,2,368.4,174.8,69.3
171,171,18,560.9,14,466.1,0,0,5.46218431732,12,3,3,365.4,104.6,90.9,8,3,3,270.6,104.6,90.9
172,172,20,633.8,17,561.2,0,0,4.99883144239,11,6,3,352.2,185.6,96.0,10,4,3,328.7,136.5,96.0
173,173,21,682.7,20,657.8,0,0,4.58954297963,12,6,3,386.8,198.7,97.2,11,6,3,361.9,198.7,97.2
174,174,19,631.4,19,631.4,0,0,3.85861987872,12,5,2,388.6,170.2,72.6,12,5,2,388.6,170.2,72.6
175,175,21,689.9,20,666.4,0,0,4.44427936201,12,6,3,389.4,200.9,99.6,11,6,3,365.9,200.9,99.6
176,176,18,573.2,18,573.2,0,0,3.66529386066,10,5,3,316.6,164.2,92.4,10,5,3,316.6,164.2,92.4
177,177,18,598.4,18,598.4,0,0,3.87013029454,10,5,3,328.7,171.5,98.2,10,5,3,328.7,171.5,98.2
178,178,21,668.7,19,620.7,0,0,4.75347992828,12,6,3,374.3,195.7,98.7,11,6,2,351.1,195.7,73.9
179,179,19,617.6,18,594.4,0,0,4.29152571732,11,5,3,346.9,168.5,102.2,10,5,3,323.7,168.5,102.2
180,180,18,608.9,18,608.9,0,0,4.14811162643,10,5,3,328.5,174.8,105.6,10,5,3,328.5,174.8,105.6
181,181,21,692.1,20,668.3,0,0,4.74126264075,12,6,3,383.3,204.8,104.0,11,6,3,359.5,204.8,104.0
182,182,21,691.3,20,667.5,0,0,4.77897677831,12,6,3,383.9,203.4,104.0,11,6,3,360.1,203.4,104.0
183,183,21,688.3,20,664.8,0,0,4.73052901502,12,6,3,381.5,203.1,103.7,11,6,3,358.0,203.1,103.7
184,184,21,676.1,19,631.0,0,0,4.82809239664,12,6,3,380.8,200.7,94.6,11,6,2,358.3,200.7,72.0
185,185,19,624.0,19,624.0,0,0,4.00961563543,10,6,3,325.8,202.9,95.3,10,6,3,325.8,202.9,95.3
186,186,22,694.0,20,648.5,0,0,4.87293079629,13,6,3,400.7,196.2,97.1,12,6,2,377.3,196.2,75.0
187,187,21,651.0,20,627.7,0,0,4.60575726673,13,6,2,384.4,192.4,74.2,12,6,2,361.1,192.4,74.2
188,188,18,604.4,18,604.4,0,0,4.38453908713,10,6,2,335.2,200.5,68.7,10,6,2,335.2,200.5,68.7
189,189,19,617.4,18,594.4,0,0,4.7957705538,11,6,2,360.2,189.1,68.1,11,5,2,360.2,166.1,68.1
190,190,19,624.3,18,600.5,0,0,4.16510848058,11,6,2,360.5,198.7,65.1,10,6,2,336.7,198.7,65.1
191,191,18,610.0,18,610.0,0,0,2.98897757237,10,6,2,341.6,201.9,66.5,10,6,2,341.6,201.9,66.5
192,192,21,674.5,20,649.8,0,0,4.44585414151,12,6,3,394.4,190.1,90.0,12,5,3,394.4,165.4,90.0
193,193,19,624.5,19,624.5,0,0,4.18051732997,11,5,3,358.9,167.5,98.1,11,5,3,358.9,167.5,98.1
194,194,18,602.5,17,578.2,0,0,3.76888274216,10,5,3,344.3,166.2,92.0,10,5,2,344.3,166.2,67.7
195,195,21,682.2,20,658.1,0,0,4.50425195946,12,6,3,406.5,181.2,94.5,12,5,3,406.5,157.1,94.5
196,196,21,681.0,21,681.0,0,0,4.40365108258,12,6,3,390.3,193.0,97.7,12,6,3,390.3,193.0,97.7
197,197,19,618.0,17,568.5,0,0,4.4364452869,11,5,3,357.1,165.9,95.0,10,5,2,332.5,165.9,70.1
198,198,21,672.1,20,648.7,0,0,4.3970986105,12,6,3,384.6,190.7,96.8,12,5,3,384.6,167.3,96.8
199,199,21,667.8,19,618.8,0,0,4.60727685298,12,6,3,376.7,197.0,94.1,11,5,3,352.6,172.1,94.1
200,200,18,586.5,18,586.5,0,0,4.13624581133,10,5,3,324.1,172.5,89.9,10,5,3,324.1,172.5,89.9
201,201,20,646.5,20,646.5,0,0,4.22870827608,11,6,3,350.4,202.9,93.2,11,6,3,350.4,202.9,93.2
202,202,18,592.9,18,592.9,0,0,3.3615715668,10,6,2,326.1,194.7,72.1,10,6,2,326.1,194.7,72.1
203,203,21,690.7,21,690.7,0,0,4.26132664342,12,6,3,396.6,198.4,95.7,12,6,3,396.6,198.4,95.7
204,204,19,615.6,18,592.1,0,0,5.14371245092,11,5,3,350.9,165.2,99.5,10,5,3,327.4,165.2,99.5
205,205,19,633.3,19,633.3,0,0,3.85559515965,10,6,3,331.2,203.9,98.2,10,6,3,331.2,203.9,98.2
206,206,17,565.5,17,565.5,0,0,4.48120256969,9,5,3,296.8,176.3,92.4,9,5,3,296.8,176.3,92.4
207,207,20,620.6,18,572.9,0,0,5.16313858036,11,6,3,342.4,191.0,87.2,10,6,2,318.4,191.0,63.5
208,208,19,629.0,18,605.0,0,0,4.9096813298,10,6,3,326.6,206.2,96.2,9,6,3,302.6,206.2,96.2
209,209,19,627.6,19,627.6,0,0,3.90499005996,10,6,3,329.3,203.2,95.1,10,6,3,329.3,203.2,95.1
210,210,21,685.4,19,638.6,0,0,5.11287357466,12,6,3,387.8,192.4,105.2,11,5,3,363.4,170.0,105.2
211,211,19,625.4,18,601.0,0,0,3.97872999808,11,5,3,356.7,176.3,92.4,10,5,3,332.3,176.3,92.4
212,212,21,687.1,18,616.1,0,0,5.02698906381,13,5,3,413.3,176.4,97.4,10,5,3,342.3,176.4,97.4
213,213,19,624.6,18,600.4,0,0,4.47224056514,11,5,3,349.1,172.8,102.7,10,5,3,324.9,172.8,102.7
214,214,20,646.0,19,622.3,0,0,4.84518208881,11,6,3,350.8,195.1,100.1,11,6,2,350.8,195.1,76.4
215,215,19,600.1,17,551.3,0,0,4.29512167179,10,6,3,308.7,184.3,107.1,9,5,3,284.7,159.5,107.1
216,216,21,662.4,20,638.3,0,0,4.19053354939,12,6,3,365.9,196.8,99.7,11,6,3,341.8,196.8,99.7
217,217,17,572.7,17,572.7,0,0,3.87118882789,8,6,3,266.6,206.8,99.3,8,6,3,266.6,206.8,99.3
218,218,16,536.3,15,513.7,0,0,4.19240881435,7,6,3,231.7,199.3,105.3,7,5,3,231.7,176.7,105.3
219,219,20,637.3,18,589.7,0,0,4.01828387041,11,6,3,335.4,200.0,101.9,9,6,3,287.8,200.0,101.9
220,220,18,593.8,18,593.8,0,0,3.77778162245,9,6,3,286.4,203.5,103.9,9,6,3,286.4,203.5,103.9
221,221,16,533.2,16,533.2,0,0,3.37964495177,7,6,3,222.8,204.6,105.8,7,6,3,222.8,204.6,105.8
222,222,20,640.1,18,593.6,0,0,4.29203362424,11,6,3,331.1,202.2,106.8,9,6,3,284.6,202.2,106.8
223,223,20,643.0,18,596.3,0,0,4.72178601356,11,6,3,333.2,201.2,108.6,9,6,3,286.5,201.2,108.6
224,224,18,589.6,17,565.1,0,0,3.71376172415,9,6,3,279.6,202.8,107.2,8,6,3,255.1,202.8,107.2
225,225,20,646.8,19,623.0,0,0,3.92460524331,11,6,3,338.2,201.7,106.9,10,6,3,314.4,201.7,106.9
226,226,18,588.5,17,564.3,0,0,4.05063135561,10,5,3,305.1,177.5,105.9,9,5,3,280.9,177.5,105.9
227,227,19,606.7,17,558.2,0,0,4.42368029681,10,6,3,310.3,198.7,97.7,9,5,3,286.0,174.5,97.7
228,228,21,654.5,20,630.0,0,0,4.0181255995,12,6,3,359.5,199.3,95.7,11,6,3,335.0,199.3,95.7
229,229,19,609.1,16,539.5,0,0,4.98367510416,10,6,3,302.6,201.8,104.7,8,5,3,255.9,178.9,104.7
230,230,21,665.1,20,641.6,0,0,4.06203678678,12,6,3,371.6,195.4,98.1,11,6,3,348.1,195.4,98.1
231,231,21,692.4,20,669.2,0,0,4.43002741043,12,6,3,400.6,196.3,95.5,12,6,2,400.6,196.3,72.3
232,232,19,615.0,19,615.0,0,0,3.19861995095,11,6,2,354.3,192.4,68.3,11,6,2,354.3,192.4,68.3
233,233,19,581.0,18,558.0,0,0,2.77239947165,11,5,3,347.5,141.5,92.0,11,4,3,347.5,118.5,92.0
234,234,17,538.8,17,538.8,0,0,3.28223829654,9,5,3,286.6,155.4,96.8,9,5,3,286.6,155.4,96.8
235,235,20,649.2,19,626.7,0,0,4.16847820269,11,6,3,362.5,188.0,98.7,10,6,3,340.0,188.0,98.7
236,236,18,564.1,15,494.8,0,0,4.62386887776,11,4,3,331.0,135.1,98.0,8,4,3,261.7,135.1,98.0
237,237,18,555.7,16,507.9,0,0,4.25839041058,10,5,3,313.5,150.4,91.8,10,4,2,313.5,125.9,68.5
238,238,20,615.4,18,567.3,0,0,3.88899933009,12,5,3,368.8,154.4,92.2,11,5,2,344.8,154.4,68.1
239,239,18,559.9,18,559.9,0,0,3.04002171475,11,5,2,339.2,154.0,66.7,11,5,2,339.2,154.0,66.7
240,240,21,632.4,18,561.9,0,0,4.07557182666,12,6,3,366.0,178.7,87.7,11,5,2,342.7,155.5,63.7
241,241,18,546.9,15,474.3,0,0,4.56692070282,11,5,2,331.0,160.1,55.8,9,5,1,283.3,160.1,30.9
242,242,19,576.3,17,529.5,0,0,3.77021258339,11,5,3,331.3,157.7,87.3,10,5,2,307.8,157.7,64.0
243,243,19,579.8,17,533.0,0,0,4.021782794,10,6,3,302.7,191.0,86.1,9,6,2,278.8,191.0,63.2
244,244,17,525.7,17,525.7,0,0,3.3340158615,9,6,2,280.0,180.1,65.6,9,6,2,280.0,180.1,65.6
245,245,20,613.0,18,565.5,0,0,4.40830555823,12,6,2,371.0,181.7,60.3,11,5,2,346.3,158.9,60.3
246,246,17,533.8,15,486.6,0,0,4.43959457608,9,6,2,281.3,186.2,66.3,8,5,2,256.7,163.6,66.3
247,247,20,620.1,17,547.4,0,0,4.21956283592,11,6,3,343.1,184.9,92.1,10,5,2,319.6,160.4,67.4
248,248,19,582.8,17,534.8,0,0,4.35211852694,10,6,3,303.9,188.1,90.8,8,6,3,255.9,188.1,90.8
249,249,18,560.7,18,560.7,0,0,3.93734009946,9,6,3,278.8,189.1,92.8,9,6,3,278.8,189.1,92.8
250,250,17,522.7,16,498.6,0,0,4.29361701352,8,6,3,249.8,184.0,88.9,8,5,3,249.8,159.9,88.9
251,251,19,585.2,19,585.2,0,0,3.69052841745,10,6,3,309.9,185.6,89.7,10,6,3,309.9,185.6,89.7
252,252,19,584.3,18,559.4,0,0,4.05645828293,10,6,3,309.8,186.1,88.4,10,5,3,309.8,161.2,88.4
253,253,17,527.4,16,503.0,0,0,4.51421773563,9,5,3,283.0,161.5,82.9,8,5,3,258.6,161.5,82.9
254,254,19,577.6,16,505.5,0,0,4.70283602379,11,5,3,337.0,159.2,81.4,10,4,2,313.5,135.0,57.0
255,255,17,514.1,15,467.3,0,0,5.08835174977,10,4,3,303.7,131.8,78.6,10,3,2,303.7,108.0,55.6
256,256,17,531.6,17,531.6,0,0,4.6033635401,9,6,2,287.6,186.8,57.2,9,6,2,287.6,186.8,57.2
257,257,20,604.8,18,557.2,0,0,4.72934845852,11,6,3,330.9,188.5,85.4,10,6,2,307.7,188.5,61.0
258,258,19,603.6,17,556.4,0,0,4.6788000161,12,4,3,366.1,138.8,98.7,10,4,3,318.9,138.8,98.7
259,259,18,561.2,14,464.7,0,0,5.04888520666,11,4,3,335.1,133.9,92.2,9,3,2,287.1,109.6,68.0
260,260,18,544.0,15,475.7,0,0,5.38533472176,9,6,3,276.5,189.9,77.6,8,6,1,253.7,189.9,32.1
261,261,21,623.2,17,525.9,0,0,5.32765471497,12,6,3,354.8,186.0,82.4,9,5,3,281.6,161.9,82.4
262,262,19,589.1,17,541.6,0,0,4.7659059631,11,6,2,342.1,182.3,64.7,11,4,2,342.1,134.8,64.7
263,263,20,609.9,18,563.0,0,0,4.65351875919,11,6,3,337.9,185.7,86.3,11,5,2,337.9,161.9,63.2
264,264,20,619.8,18,573.9,0,0,4.70888298298,11,6,3,344.9,184.2,90.7,11,4,3,344.9,138.3,90.7
265,265,17,549.7,17,549.7,0,0,3.18471764378,10,4,3,321.3,137.5,90.9,10,4,3,321.3,137.5,90.9
266,266,18,574.2,18,574.2,0,0,3.47122626239,11,4,3,350.8,135.8,87.6,11,4,3,350.8,135.8,87.6
267,267,18,554.4,15,483.3,0,0,4.61187724953,10,5,3,310.5,155.3,88.6,9,3,3,287.1,107.6,88.6
268,268,17,536.2,16,511.4,0,0,3.54701614451,10,4,3,315.0,133.2,88.0,9,4,3,290.2,133.2,88.0
269,269,19,596.8,19,596.8,0,0,3.75113238263,11,5,3,349.5,157.5,89.8,11,5,3,349.5,157.5,89.8
270,270,19,598.6,19,598.6,0,0,3.95115646702,11,5,3,351.5,158.4,88.7,11,5,3,351.5,158.4,88.7
271,271,19,595.0,17,546.9,0,0,4.25326843706,11,5,3,346.9,157.8,90.3,10,4,3,323.7,132.9,90.3
272,272,16,518.4,16,518.4,0,0,3.2271762683,9,4,3,292.7,133.5,92.2,9,4,3,292.7,133.5,92.2
273,273,20,625.6,19,600.9,0,0,4.36005794264,11,6,3,347.6,187.9,90.1,11,6,2,347.6,187.9,65.4
274,274,19,627.9,19,627.9,0,0,3.79464072682,11,6,2,359.1,201.0,67.8,11,6,2,359.1,201.0,67.8
275,275,21,665.8,18,593.9,0,0,4.95938264207,12,6,3,374.9,191.8,99.1,10,5,3,327.4,167.4,99.1
276,276,21,672.1,19,626.0,0,0,4.51436332061,12,6,3,385.7,192.5,93.9,10,6,3,339.6,192.5,93.9
277,277,18,602.4,18,602.4,0,0,3.43065762861,10,5,3,344.8,164.4,93.2,10,5,3,344.8,164.4,93.2
278,278,19,585.6,15,491.0,0,0,4.73914888601,11,5,3,340.5,149.3,95.8,9,3,3,293.2,102.0,95.8
279,279,19,583.5,17,534.2,0,0,4.39708170101,10,6,3,304.6,191.4,87.5,9,5,3,279.9,166.8,87.5
280,280,17,548.6,16,525.1,0,0,3.88052263005,8,6,3,268.8,188.1,91.7,8,5,3,268.8,164.6,91.7
281,281,21,648.4,19,601.4,0,0,4.62567884336,12,6,3,373.9,188.2,86.3,11,6,2,350.7,188.2,62.5
282,282,20,648.1,18,599.8,0,0,4.42189230748,11,6,3,368.2,195.6,84.3,10,6,2,344.4,195.6,59.8
283,283,19,639.4,19,639.4,0,0,4.13875563976,11,6,2,378.5,199.0,61.9,11,6,2,378.5,199.0,61.9
284,284,20,678.7,20,678.7,0,0,3.9666073267,11,6,3,384.0,204.9,89.8,11,6,3,384.0,204.9,89.8
285,285,21,697.7,20,674.4,0,0,4.69306986544,12,6,3,404.7,208.5,84.5,12,6,2,404.7,208.5,61.2
286,286,17,592.1,17,592.1,0,0,3.83157355173,10,6,1,356.3,199.5,36.3,10,6,1,356.3,199.5,36.3
287,287,20,674.4,19,651.1,0,0,4.76628510312,11,6,3,382.1,205.5,86.8,11,6,2,382.1,205.5,63.5
288,288,19,639.8,17,591.6,0,0,4.99497993604,11,6,2,373.1,207.5,59.2,10,6,1,348.3,207.5,35.8
289,289,17,588.8,17,588.8,0,0,3.55667351195,10,6,1,346.8,204.9,37.1,10,6,1,346.8,204.9,37.1
290,290,19,646.7,19,646.7,0,0,4.25743930945,11,6,2,379.5,203.8,63.4,11,6,2,379.5,203.8,63.4
291,291,20,661.6,19,636.7,0,0,4.13669076997,11,6,3,377.1,193.0,91.5,11,6,2,377.1,193.0,66.6
292,292,18,594.8,16,547.1,0,0,4.56962119967,9,6,3,314.0,192.8,88.0,9,5,2,314.0,169.0,64.1
293,293,17,564.9,15,515.8,0,0,4.50981772163,9,5,3,301.8,170.4,92.7,8,5,2,277.6,170.4,67.8
294,294,18,641.4,18,641.4,0,0,3.86385969785,10,6,2,366.7,202.6,72.1,10,6,2,366.7,202.6,72.1
295,295,18,616.5,18,616.5,0,0,4.15766478574,10,5,3,353.8,167.6,95.1,10,5,3,353.8,167.6,95.1
296,296,21,711.6,21,711.6,0,0,4.59165391926,12,6,3,420.0,192.9,98.7,12,6,3,420.0,192.9,98.7
297,297,19,656.6,19,656.6,0,0,4.07762400717,10,6,3,353.6,196.2,106.8,10,6,3,353.6,196.2,106.8
298,298,18,606.8,18,606.8,0,0,4.2911521679,10,5,3,341.7,159.5,105.6,10,5,3,341.7,159.5,105.6
299,299,19,628.5,17,581.1,0,0,5.19450339273,11,5,3,366.4,154.8,107.3,10,4,3,341.9,131.9,107.3
300,300,18,628.8,18,628.8,0,0,3.92158431369,10,5,3,349.7,167.3,111.8,10,5,3,349.7,167.3,111.8
301,301,19,655.5,18,631.5,0,0,4.36131988177,11,5,3,381.8,163.9,109.8,10,5,3,357.8,163.9,109.8
302,302,18,608.9,18,608.9,0,0,4.50395976833,9,6,3,319.6,188.5,100.8,9,6,3,319.6,188.5,100.8
303,303,17,571.8,17,571.8,0,0,4.38376852384,9,5,3,316.7,162.6,92.5,9,5,3,316.7,162.6,92.5
304,304,17,566.2,16,541.7,0,0,4.74453245698,9,5,3,312.9,162.6,90.7,8,5,3,288.4,162.6,90.7
305,305,17,560.0,15,513.3,0,0,5.07124970095,10,5,2,337.4,163.7,58.9,9,5,1,313.0,163.7,36.6
306,306,18,596.7,17,573.2,0,0,4.233792626,10,6,2,332.4,196.1,68.2,9,6,2,308.9,196.1,68.2
307,307,18,595.1,17,571.4,0,0,4.74863929599,10,5,3,332.4,164.7,98.0,9,5,3,308.7,164.7,98.0
308,308,20,661.4,18,614.6,0,0,4.60184173657,11,6,3,362.0,195.7,103.7,10,5,3,339.6,171.3,103.7
309,309,20,671.6,20,671.6,0,0,3.88175218168,12,6,2,396.0,203.4,72.2,12,6,2,396.0,203.4,72.2
310,310,20,644.4,18,595.1,0,0,4.91191890898,11,6,3,350.7,196.1,97.6,10,6,2,326.3,196.1,72.7
311,311,19,633.3,19,633.3,0,0,3.99027326154,10,6,3,327.0,200.7,105.6,10,6,3,327.0,200.7,105.6
312,312,20,655.8,18,609.8,0,0,5.44956782449,13,5,2,424.0,166.2,65.6,11,5,2,378.0,166.2,65.6
313,313,20,651.0,18,603.1,0,0,4.90987190314,13,5,2,426.7,163.8,60.5,11,5,2,378.8,163.8,60.5
314,314,19,625.8,18,602.9,0,0,4.67501759074,11,5,3,364.8,168.0,93.0,10,5,3,341.9,168.0,93.0
315,315,1,21.9,0,0,0,0,,1,0,0,21.9,0,0,0,0,0,0,0,0
316,316,2,47.6,1,27.7,1,19.9,5.51543289326,1,1,0,19.9,27.7,0,0,1,0,0,27.7,0
317,317,5,107.6,0,0,1,19.9,1.39892816113,2,3,0,42.2,65.4,0,0,0,0,0,0,0
318,318,8,164.7,1,27.5,5,90.4,3.77754171765,3,5,0,68.2,96.5,0,1,0,0,27.5,0,0
319,319,9,169.5,1,27.2,7,120.5,3.60970912956,3,6,0,61.8,107.7,0,1,0,0,27.2,0,0
320,320,11,200.0,1,26.3,9,149.1,3.89353776964,4,7,0,77.0,123.0,0,1,0,0,26.3,0,0
321,321,11,192.5,0,0,9,146.9,3.00665927567,4,7,0,74.4,118.1,0,0,0,0,0,0,0
322,322,13,223.4,1,26.6,11,173.5,3.80675849725,4,8,1,77.4,131.9,14.1,1,0,0,26.6,0,0
323,323,13,216.6,1,26.4,11,167.2,3.75933027314,4,8,1,73.3,129.4,13.9,1,0,0,26.4,0,0
324,324,14,226.2,1,25.8,12,177.9,3.64347980027,5,8,1,86.3,126.3,13.6,1,0,0,25.8,0,0
325,325,14,225.3,1,26.8,12,176.4,3.90492081782,5,8,1,87.5,124.6,13.2,1,0,0,26.8,0,0
326,326,14,229.0,1,26.5,11,157.0,4.41339121062,5,8,1,90.3,125.9,12.8,1,0,0,26.5,0,0
327,327,15,249.1,1,25.8,11,155.3,4.50641870267,6,8,1,111.9,124.4,12.8,1,0,0,25.8,0,0
328,328,15,247.3,1,27.8,11,154.2,4.56036757082,6,8,1,108.0,126.5,12.8,1,0,0,27.8,0,0
