,e_id,num_sat,sum_snr,num_sat_25,sum_snr_25,snr_std,elev_0_30,elev_30_60,elev_60_90,elev_0_30_25,elev_30_60_25,elev_60_90_25
1,1,23,662.0,17,550.0,6.93932484101,13,7,3,10,5,2
2,2,23,699.8,18,602.3,6.70943822274,13,7,3,10,5,3
3,3,23,735.8,22,713.5,4.28951290342,13,7,3,12,7,3
4,4,23,703.9,21,660.6,5.31357423457,13,7,3,11,7,3
5,5,23,729.6,20,660.9,5.01080255972,13,7,3,11,6,3
6,6,24,765.2,22,717.7,4.46295541256,14,7,3,12,7,3
7,7,24,755.3,22,714.8,5.31687053809,14,7,3,12,7,3
8,8,22,700.7,19,630.9,5.16690475642,12,7,3,11,5,3
9,9,18,586.4,17,563.2,5.05656888501,10,6,2,9,6,2
10,10,21,656.5,20,633.1,4.25517052425,12,6,3,11,6,3
11,11,22,655.9,18,560.0,4.41504952834,12,7,3,10,6,2
12,12,20,632.2,17,561.4,4.65390611264,12,6,2,9,6,2
13,13,18,587.5,18,587.5,4.18120991339,9,7,2,9,7,2
14,14,21,676.1,18,605.3,5.09700659117,11,7,3,9,6,3
15,15,19,606.6,17,559.3,4.60010170241,10,7,2,9,6,2
16,16,17,552.8,15,504.6,4.73936115079,10,5,2,9,5,1
17,17,20,634.8,17,563.1,5.35472246074,12,6,2,11,4,2
18,18,21,675.0,18,605.8,5.20284262962,12,6,3,10,6,2
19,19,20,650.6,18,600.8,4.54869559093,11,6,3,10,5,3
20,20,20,653.5,18,606.9,5.22704253706,11,6,3,11,5,2
21,21,20,653.3,17,581.2,5.49863858749,11,6,3,11,4,2
22,22,20,661.9,19,637.4,4.94415923351,11,6,3,11,6,2
23,23,20,662.3,18,615.5,5.0344366747,11,6,3,10,5,3
24,24,21,690.1,20,665.6,4.73143489763,11,7,3,11,6,3
25,25,20,644.4,18,596.4,5.30269047897,11,7,2,10,6,2
26,26,21,652.8,18,582.9,5.53130054456,11,7,3,9,6,3
27,27,20,645.6,19,621.8,4.80423059178,11,7,2,11,6,2
28,28,20,657.8,19,635.4,4.57290648103,10,7,3,10,6,3
29,29,20,636.7,18,590.9,5.3425082814,11,7,2,10,6,2
30,30,20,665.4,20,665.4,4.28142868432,11,6,3,11,6,3
31,31,22,704.7,20,657.2,4.78722370717,12,7,3,11,6,3
32,32,21,685.3,19,635.9,4.51645140938,11,7,3,10,6,3
33,33,21,691.1,21,691.1,4.26179595498,11,7,3,11,7,3
34,34,22,725.4,21,701.0,4.418487332,12,7,3,11,7,3
35,35,22,704.4,20,656.2,4.56963438817,12,7,3,10,7,3
36,36,21,668.6,19,619.1,4.99234175417,11,7,3,10,6,3
37,37,19,641.7,18,617.7,4.73566164628,9,7,3,8,7,3
38,38,19,613.3,17,564.8,4.96919163417,11,6,2,9,6,2
39,39,20,659.0,19,636.3,4.66515639722,10,7,3,10,7,2
40,40,19,635.5,18,610.5,3.68817455918,10,6,3,10,6,2
41,41,18,594.0,16,546.3,4.83844894933,10,6,2,8,6,2
42,42,20,639.2,17,570.3,5.5987216586,10,7,3,8,7,2
43,43,18,607.0,16,559.5,5.1089950152,9,6,3,8,6,2
44,44,21,662.8,19,615.0,5.31229481396,11,7,3,9,7,3
45,45,21,682.9,20,659.8,5.31259061547,11,7,3,11,6,3
46,46,21,669.2,19,620.9,5.57407690415,11,7,3,9,7,3
47,47,21,666.6,18,593.5,5.82147502173,11,7,3,10,5,3
48,48,21,662.4,19,614.2,5.22690840063,11,7,3,10,6,3
49,49,20,632.6,17,561.9,5.48290165207,10,7,3,8,6,3
50,50,21,653.3,17,560.8,5.91607173401,11,7,3,9,5,3
51,51,19,593.9,16,524.1,5.20430546006,9,7,3,7,6,3
52,52,19,604.6,16,532.6,4.64118985551,10,6,3,9,4,3
53,53,18,590.0,18,590.0,4.16378724036,9,6,3,9,6,3
54,54,19,614.6,17,566.1,5.29479497253,10,6,3,9,5,3
55,55,20,634.7,17,562.8,5.2286936076,10,7,3,9,5,3
56,56,17,578.2,16,554.1,4.66126087461,9,5,3,8,5,3
57,57,21,648.6,19,600.9,3.94566670086,11,7,3,9,7,3
58,58,20,632.2,19,608.3,4.47835731162,11,6,3,10,6,3
59,59,19,603.3,16,529.7,4.53742075793,10,6,3,9,4,3
60,60,20,635.8,19,613.2,4.66757008799,11,6,3,10,6,3
61,61,18,607.7,17,584.8,4.71033143443,9,6,3,8,6,3
62,62,19,634.3,19,634.3,4.62664543198,10,6,3,10,6,3
63,63,21,670.3,18,599.7,5.27736857227,11,7,3,9,6,3
64,64,19,645.1,18,621.5,4.75667582586,11,6,2,10,6,2
65,65,17,597.3,17,597.3,3.98260925407,9,6,2,9,6,2
66,66,19,639.1,16,566.9,5.30714513403,10,6,3,8,6,2
67,67,21,684.7,18,610.6,4.57454655572,11,7,3,8,7,3
68,68,21,682.1,20,657.9,4.31191593698,11,7,3,10,7,3
69,69,22,714.5,21,690.8,4.78648213779,12,7,3,11,7,3
70,70,21,708.8,20,686.0,4.48805292389,12,6,3,11,6,3
71,71,21,684.6,20,660.3,4.54103512429,11,7,3,10,7,3
72,72,20,664.1,19,639.5,4.81723604963,12,5,3,11,5,3
73,73,21,665.5,18,594.7,4.82005236091,11,7,3,8,7,3
74,74,20,661.4,20,661.4,3.70420813329,11,6,3,11,6,3
75,75,20,655.0,20,655.0,4.13655081337,10,7,3,10,7,3
76,76,20,666.0,20,666.0,4.99936838116,10,7,3,10,7,3
77,77,21,663.9,17,565.4,4.53798255994,11,7,3,7,7,3
78,78,20,627.7,17,555.0,4.48380418841,10,7,3,9,5,3
79,79,20,629.8,19,605.3,4.43323571981,10,7,3,9,7,3
80,80,17,585.0,16,560.5,4.86747911564,8,6,3,7,6,3
81,81,21,655.7,18,584.2,4.62340834903,11,7,3,9,6,3
82,82,17,567.4,16,544.3,4.00570365413,9,5,3,8,5,3
83,83,18,587.9,17,564.3,4.11927162164,10,5,3,10,5,2
84,84,18,590.2,17,567.4,4.44163309777,10,5,3,9,5,3
85,85,19,612.1,17,567.0,4.82312291155,11,5,3,9,5,3
86,86,19,590.4,15,495.7,5.47507910701,10,6,3,8,4,3
87,87,18,583.3,17,560.0,4.47140880842,10,5,3,9,5,3
88,88,17,565.5,16,541.7,4.29577425741,8,6,3,7,6,3
89,89,19,607.4,17,559.5,4.64854249937,9,7,3,8,6,3
90,90,18,581.4,16,535.8,5.51585948718,10,5,3,9,5,2
91,91,18,603.7,16,554.4,5.2816150481,9,7,2,7,7,2
92,92,21,676.6,20,653.6,4.48404048238,11,7,3,11,7,2
93,93,21,713.1,21,713.1,4.51271220316,12,6,3,12,6,3
94,94,20,669.5,20,669.5,4.15779230387,11,6,3,11,6,3
95,95,19,642.5,19,642.5,3.72711731889,10,6,3,10,6,3
96,96,20,654.7,20,654.7,4.20366694559,12,6,2,12,6,2
97,97,22,742.3,20,696.2,4.84548479966,13,6,3,11,6,3
98,98,22,719.7,21,694.7,3.55303967176,12,7,3,12,6,3
99,99,21,702.9,21,702.9,4.53642401646,11,7,3,11,7,3
100,100,20,656.8,19,632.6,4.69954085103,11,7,2,10,7,2
101,101,19,615.5,18,591.0,4.62991164833,9,7,3,9,7,2
102,102,19,649.8,19,649.8,3.67408340799,10,7,2,10,7,2
103,103,21,680.4,19,632.2,4.4968878127,11,7,3,11,6,2
104,104,21,683.0,19,635.6,4.35475656747,12,6,3,10,6,3
105,105,20,659.3,20,659.3,3.93556991125,12,5,3,12,5,3
106,106,20,657.0,19,634.9,4.38760215056,11,6,3,10,6,3
107,107,19,640.7,19,640.7,3.4777992638,10,6,3,10,6,3
108,108,21,698.2,19,648.9,4.43425518522,11,7,3,11,6,2
109,109,20,686.8,20,686.8,4.42580947101,12,6,2,12,6,2
110,110,19,646.3,19,646.3,4.26435655663,11,6,2,11,6,2
111,111,20,666.7,20,666.7,4.33313731001,11,6,3,11,6,3
112,112,21,698.9,20,675.5,4.54462529232,12,6,3,11,6,3
113,113,22,702.1,17,581.9,5.52865224725,12,7,3,10,5,2
114,114,22,716.2,19,645.4,5.71111925255,13,6,3,12,4,3
115,115,21,700.8,19,651.3,4.69692908794,13,5,3,11,5,3
116,116,22,728.6,21,704.6,4.68153783887,14,5,3,13,5,3
117,117,22,713.3,19,639.1,4.71491370604,14,5,3,12,5,2
118,118,20,636.3,18,587.8,4.21853990705,11,6,3,11,4,3
119,119,21,667.9,18,594.6,4.45718253951,12,6,3,10,5,3
120,120,21,650.3,17,550.9,4.77329376147,12,6,3,10,5,2
121,121,21,666.2,18,594.1,4.48128382965,13,6,2,10,6,2
122,122,19,610.9,19,610.9,4.16671578918,10,6,3,10,6,3
123,123,20,651.1,19,626.7,4.02668402169,11,6,3,11,5,3
124,124,19,591.8,17,543.8,4.12733010567,10,6,3,8,6,3
125,125,19,593.2,16,521.4,4.49463617949,11,5,3,10,4,2
126,126,19,608.2,18,585.4,4.07197668854,10,6,3,10,5,3
127,127,19,619.3,18,594.7,3.25789190261,10,6,3,10,5,3
128,128,17,562.6,16,537.6,3.49901246572,8,6,3,8,5,3
129,129,20,637.4,18,590.2,4.19788167131,11,6,3,9,6,3
130,130,18,569.7,16,523.3,4.91231944736,10,6,2,9,5,2
131,131,19,635.5,17,586.4,4.92514730982,10,6,3,10,6,1
132,132,18,604.3,17,581.6,4.48852203574,10,6,2,9,6,2
133,133,22,727.2,20,678.7,4.5849367522,13,6,3,11,6,3
134,134,20,683.1,19,659.4,4.74047243926,12,5,3,12,4,3
135,135,21,678.5,19,629.9,4.79488318543,13,5,3,11,5,3
136,136,21,697.7,21,697.7,3.8836715569,13,5,3,13,5,3
137,137,20,672.2,19,648.1,5.05349279941,12,6,2,12,5,2
138,138,21,705.1,19,658.8,5.13584508741,13,6,2,12,5,2
139,139,19,646.6,18,621.8,4.48219348975,11,6,2,11,5,2
140,140,21,701.3,20,677.5,4.4849165199,12,6,3,12,6,2
141,141,19,621.1,17,572.1,4.90735216417,11,5,3,10,4,3
142,142,21,685.5,19,637.1,4.81191972383,12,6,3,12,5,2
143,143,21,703.4,19,656.6,4.90606524523,12,6,3,10,6,3
144,144,21,709.3,21,709.3,4.06114574497,12,6,3,12,6,3
145,145,19,627.6,18,604.8,3.98330580626,12,5,2,12,4,2
146,146,19,603.2,16,533.1,5.31793280859,11,5,3,10,4,2
147,147,18,590.2,17,567.9,4.00160098679,12,5,1,12,4,1
148,148,19,604.2,18,581.3,3.94334883063,13,5,1,12,5,1
149,149,20,679.3,20,679.3,4.0313606166,11,6,3,11,6,3
150,150,19,632.3,18,608.5,4.03382627117,11,6,2,10,6,2
151,151,22,714.8,20,667.7,4.2838466349,13,6,3,11,6,3
152,152,19,635.3,19,635.3,4.01306346356,12,5,2,12,5,2
153,153,21,685.7,20,660.7,5.18812288286,12,6,3,11,6,3
154,154,19,595.3,17,548.0,4.43772371975,11,6,2,9,6,2
155,155,19,620.5,19,620.5,4.30275309663,10,6,3,10,6,3
156,156,20,643.4,19,619.3,3.82252327796,11,6,3,10,6,3
157,157,18,569.1,17,545.1,4.03400982821,11,5,2,11,4,2
158,158,18,547.7,18,547.7,4.23428659948,10,5,3,10,5,3
159,159,21,689.8,20,665.7,4.19399797897,12,6,3,11,6,3
160,160,19,611.6,17,563.4,3.89528129591,11,6,2,10,5,2
161,161,18,604.4,18,604.4,2.94309871825,10,6,2,10,6,2
162,162,21,698.5,20,674.3,3.87794741977,12,6,3,12,6,2
163,163,20,653.4,19,630.0,3.52092990109,12,6,2,11,6,2
164,164,18,583.1,18,583.1,4.47088255825,11,5,2,11,5,2
165,165,20,654.8,18,607.4,4.35979236589,11,6,3,11,5,2
166,166,19,610.0,16,536.9,4.89608388683,11,6,2,8,6,2
167,167,19,621.7,17,573.0,4.83420439822,11,5,3,10,5,2
168,168,18,583.1,17,558.9,5.11381890478,11,4,3,10,4,3
169,169,19,635.8,19,635.8,4.28216073785,11,6,2,11,6,2
170,170,18,612.5,18,612.5,4.02474778977,11,5,2,11,5,2
171,171,18,560.9,14,466.1,5.46218431732,12,3,3,8,3,3
172,172,20,633.8,17,561.2,4.99883144239,11,6,3,10,4,3
173,173,21,682.7,20,657.8,4.58954297963,12,6,3,11,6,3
174,174,19,631.4,19,631.4,3.85861987872,12,5,2,12,5,2
175,175,21,689.9,20,666.4,4.44427936201,12,6,3,11,6,3
176,176,18,573.2,18,573.2,3.66529386066,10,5,3,10,5,3
177,177,18,598.4,18,598.4,3.87013029454,10,5,3,10,5,3
178,178,21,668.7,19,620.7,4.75347992828,12,6,3,11,6,2
179,179,19,617.6,18,594.4,4.29152571732,11,5,3,10,5,3
180,180,18,608.9,18,608.9,4.14811162643,10,5,3,10,5,3
181,181,21,692.1,20,668.3,4.74126264075,12,6,3,11,6,3
182,182,21,691.3,20,667.5,4.77897677831,12,6,3,11,6,3
183,183,21,688.3,20,664.8,4.73052901502,12,6,3,11,6,3
184,184,21,676.1,19,631.0,4.82809239664,12,6,3,11,6,2
185,185,19,624.0,19,624.0,4.00961563543,10,6,3,10,6,3
186,186,22,694.0,20,648.5,4.87293079629,13,6,3,12,6,2
187,187,21,651.0,20,627.7,4.60575726673,13,6,2,12,6,2
188,188,18,604.4,18,604.4,4.38453908713,10,6,2,10,6,2
189,189,19,617.4,18,594.4,4.7957705538,11,6,2,11,5,2
190,190,19,624.3,18,600.5,4.16510848058,11,6,2,10,6,2
191,191,18,610.0,18,610.0,2.98897757237,10,6,2,10,6,2
192,192,21,674.5,20,649.8,4.44585414151,12,6,3,12,5,3
193,193,19,624.5,19,624.5,4.18051732997,11,5,3,11,5,3
194,194,18,602.5,17,578.2,3.76888274216,10,5,3,10,5,2
195,195,21,682.2,20,658.1,4.50425195946,12,6,3,12,5,3
196,196,21,681.0,21,681.0,4.40365108258,12,6,3,12,6,3
197,197,19,618.0,17,568.5,4.4364452869,11,5,3,10,5,2
198,198,21,672.1,20,648.7,4.3970986105,12,6,3,12,5,3
199,199,21,667.8,19,618.8,4.60727685298,12,6,3,11,5,3
200,200,18,586.5,18,586.5,4.13624581133,10,5,3,10,5,3
201,201,20,646.5,20,646.5,4.22870827608,11,6,3,11,6,3
202,202,18,592.9,18,592.9,3.3615715668,10,6,2,10,6,2
203,203,21,690.7,21,690.7,4.26132664342,12,6,3,12,6,3
204,204,19,615.6,18,592.1,5.14371245092,11,5,3,10,5,3
205,205,19,633.3,19,633.3,3.85559515965,10,6,3,10,6,3
206,206,17,565.5,17,565.5,4.48120256969,9,5,3,9,5,3
207,207,20,620.6,17,547.9,5.16313858036,11,6,3,9,6,2
208,208,19,629.0,18,605.0,4.9096813298,10,6,3,9,6,3
209,209,19,627.6,19,627.6,3.90499005996,10,6,3,10,6,3
210,210,21,685.4,19,638.6,5.11287357466,12,6,3,11,5,3
211,211,19,625.4,18,601.0,3.97872999808,11,5,3,10,5,3
212,212,21,687.1,18,616.1,5.02698906381,13,5,3,10,5,3
213,213,19,624.6,17,575.4,4.47224056514,11,5,3,9,5,3
214,214,20,646.0,19,622.3,4.84518208881,11,6,3,11,6,2
215,215,19,600.1,17,551.3,4.29512167179,10,6,3,9,5,3
216,216,21,662.4,20,638.3,4.19053354939,12,6,3,11,6,3
217,217,17,572.7,17,572.7,3.87118882789,8,6,3,8,6,3
218,218,16,536.3,15,513.7,4.19240881435,7,6,3,7,5,3
219,219,20,637.3,18,589.7,4.01828387041,11,6,3,9,6,3
220,220,18,593.8,18,593.8,3.77778162245,9,6,3,9,6,3
221,221,16,533.2,16,533.2,3.37964495177,7,6,3,7,6,3
222,222,20,640.1,18,593.6,4.29203362424,11,6,3,9,6,3
223,223,20,643.0,18,596.3,4.72178601356,11,6,3,9,6,3
224,224,18,589.6,17,565.1,3.71376172415,9,6,3,8,6,3
225,225,20,646.8,19,623.0,3.92460524331,11,6,3,10,6,3
226,226,18,588.5,17,564.3,4.05063135561,10,5,3,9,5,3
227,227,19,606.7,17,558.2,4.42368029681,10,6,3,9,5,3
228,228,21,654.5,20,630.0,4.0181255995,12,6,3,11,6,3
229,229,19,609.1,16,539.5,4.98367510416,10,6,3,8,5,3
230,230,21,665.1,20,641.6,4.06203678678,12,6,3,11,6,3
231,231,21,692.4,20,669.2,4.43002741043,12,6,3,12,6,2
232,232,19,615.0,19,615.0,3.19861995095,11,6,2,11,6,2
233,233,19,581.0,18,558.0,2.77239947165,11,5,3,11,4,3
234,234,17,538.8,17,538.8,3.28223829654,9,5,3,9,5,3
235,235,20,649.2,19,626.7,4.16847820269,11,6,3,10,6,3
236,236,18,564.1,15,494.8,4.62386887776,11,4,3,8,4,3
237,237,18,555.7,16,507.9,4.25839041058,10,5,3,10,4,2
238,238,20,615.4,18,567.3,3.88899933009,12,5,3,11,5,2
239,239,18,559.9,18,559.9,3.04002171475,11,5,2,11,5,2
240,240,21,632.4,18,561.9,4.07557182666,12,6,3,11,5,2
241,241,18,546.9,15,474.3,4.56692070282,11,5,2,9,5,1
242,242,19,576.3,16,504.5,3.77021258339,11,5,3,9,5,2
243,243,19,579.8,17,533.0,4.021782794,10,6,3,9,6,2
244,244,17,525.7,17,525.7,3.3340158615,9,6,2,9,6,2
245,245,20,613.0,18,565.5,4.40830555823,12,6,2,11,5,2
246,246,17,533.8,15,486.6,4.43959457608,9,6,2,8,5,2
247,247,20,620.1,17,547.4,4.21956283592,11,6,3,10,5,2
248,248,19,582.8,16,509.8,4.35211852694,10,6,3,8,5,3
249,249,18,560.7,18,560.7,3.93734009946,9,6,3,9,6,3
250,250,17,522.7,16,498.6,4.29361701352,8,6,3,8,5,3
251,251,19,585.2,19,585.2,3.69052841745,10,6,3,10,6,3
252,252,19,584.3,18,559.4,4.05645828293,10,6,3,10,5,3
253,253,17,527.4,16,503.0,4.51421773563,9,5,3,8,5,3
254,254,19,577.6,16,505.5,4.70283602379,11,5,3,10,4,2
255,255,17,514.1,15,467.3,5.08835174977,10,4,3,10,3,2
256,256,17,531.6,17,531.6,4.6033635401,9,6,2,9,6,2
257,257,20,604.8,18,557.2,4.72934845852,11,6,3,10,6,2
258,258,19,603.6,17,556.4,4.6788000161,12,4,3,10,4,3
259,259,18,561.2,14,464.7,5.04888520666,11,4,3,9,3,2
260,260,18,544.0,15,475.7,5.38533472176,9,6,3,8,6,1
261,261,21,623.2,16,500.9,5.32765471497,12,6,3,9,4,3
262,262,19,589.1,16,516.6,4.7659059631,11,6,2,11,3,2
263,263,20,609.9,18,563.0,4.65351875919,11,6,3,11,5,2
264,264,20,619.8,18,573.9,4.70888298298,11,6,3,11,4,3
265,265,17,549.7,17,549.7,3.18471764378,10,4,3,10,4,3
266,266,18,574.2,18,574.2,3.47122626239,11,4,3,11,4,3
267,267,18,554.4,15,483.3,4.61187724953,10,5,3,9,3,3
268,268,17,536.2,16,511.4,3.54701614451,10,4,3,9,4,3
269,269,19,596.8,19,596.8,3.75113238263,11,5,3,11,5,3
270,270,19,598.6,18,573.6,3.95115646702,11,5,3,10,5,3
271,271,19,595.0,17,546.9,4.25326843706,11,5,3,10,4,3
272,272,16,518.4,16,518.4,3.2271762683,9,4,3,9,4,3
273,273,20,625.6,19,600.9,4.36005794264,11,6,3,11,6,2
274,274,19,627.9,19,627.9,3.79464072682,11,6,2,11,6,2
275,275,21,665.8,18,593.9,4.95938264207,12,6,3,10,5,3
276,276,21,672.1,19,626.0,4.51436332061,12,6,3,10,6,3
277,277,18,602.4,18,602.4,3.43065762861,10,5,3,10,5,3
278,278,19,585.6,15,491.0,4.73914888601,11,5,3,9,3,3
279,279,19,583.5,17,534.2,4.39708170101,10,6,3,9,5,3
280,280,17,548.6,16,525.1,3.88052263005,8,6,3,8,5,3
281,281,21,648.4,19,601.4,4.62567884336,12,6,3,11,6,2
282,282,20,648.1,18,599.8,4.42189230748,11,6,3,10,6,2
283,283,19,639.4,19,639.4,4.13875563976,11,6,2,11,6,2
284,284,20,678.7,20,678.7,3.9666073267,11,6,3,11,6,3
285,285,21,697.7,20,674.4,4.69306986544,12,6,3,12,6,2
286,286,17,592.1,17,592.1,3.83157355173,10,6,1,10,6,1
287,287,20,674.4,19,651.1,4.76628510312,11,6,3,11,6,2
288,288,19,639.8,17,591.6,4.99497993604,11,6,2,10,6,1
289,289,17,588.8,17,588.8,3.55667351195,10,6,1,10,6,1
290,290,19,646.7,19,646.7,4.25743930945,11,6,2,11,6,2
291,291,20,661.6,19,636.7,4.13669076997,11,6,3,11,6,2
292,292,18,594.8,16,547.1,4.56962119967,9,6,3,9,5,2
293,293,17,564.9,15,515.8,4.50981772163,9,5,3,8,5,2
294,294,18,641.4,18,641.4,3.86385969785,10,6,2,10,6,2
295,295,18,616.5,18,616.5,4.15766478574,10,5,3,10,5,3
296,296,21,711.6,21,711.6,4.59165391926,12,6,3,12,6,3
297,297,19,656.6,19,656.6,4.07762400717,10,6,3,10,6,3
298,298,18,606.8,18,606.8,4.2911521679,10,5,3,10,5,3
299,299,19,628.5,17,581.1,5.19450339273,11,5,3,10,4,3
300,300,18,628.8,18,628.8,3.92158431369,10,5,3,10,5,3
301,301,19,655.5,18,631.5,4.36131988177,11,5,3,10,5,3
302,302,18,608.9,18,608.9,4.50395976833,9,6,3,9,6,3
303,303,17,571.8,17,571.8,4.38376852384,9,5,3,9,5,3
304,304,17,566.2,16,541.7,4.74453245698,9,5,3,8,5,3
305,305,17,560.0,15,513.3,5.07124970095,10,5,2,9,5,1
306,306,18,596.7,17,573.2,4.233792626,10,6,2,9,6,2
307,307,18,595.1,17,571.4,4.74863929599,10,5,3,9,5,3
308,308,20,661.4,18,614.6,4.60184173657,11,6,3,10,5,3
309,309,20,671.6,20,671.6,3.88175218168,12,6,2,12,6,2
310,310,20,644.4,18,595.1,4.91191890898,11,6,3,10,6,2
311,311,19,633.3,19,633.3,3.99027326154,10,6,3,10,6,3
312,312,20,655.8,18,609.8,5.44956782449,13,5,2,11,5,2
313,313,20,651.0,18,603.1,4.90987190314,13,5,2,11,5,2
314,314,19,625.8,18,602.9,4.67501759074,11,5,3,10,5,3
315,315,1,21.9,0,0,,1,0,0,0,0,0
316,316,2,47.6,1,27.7,5.51543289326,1,1,0,0,1,0
317,317,5,107.6,0,0,1.39892816113,2,3,0,0,0,0
318,318,8,164.7,1,27.5,3.77754171765,3,5,0,1,0,0
319,319,9,169.5,1,27.2,3.60970912956,3,6,0,1,0,0
320,320,11,200.0,1,26.3,3.89353776964,4,7,0,1,0,0
321,321,11,192.5,0,0,3.00665927567,4,7,0,0,0,0
322,322,13,223.4,1,26.6,3.80675849725,4,8,1,1,0,0
323,323,13,216.6,1,26.4,3.75933027314,4,8,1,1,0,0
324,324,14,226.2,1,25.8,3.64347980027,5,8,1,1,0,0
325,325,14,225.3,1,26.8,3.90492081782,5,8,1,1,0,0
326,326,14,229.0,1,26.5,4.41339121062,5,8,1,1,0,0
327,327,15,249.1,1,25.8,4.50641870267,5,9,1,0,1,0
328,328,15,247.3,1,27.8,4.56036757082,5,9,1,0,1,0
