,e_id,num_sat,sum_snr,num_sat_25,sum_snr_25,snr_std,elev_0_30,elev_30_60,elev_60_90,elev_0_30_25,elev_30_60_25,elev_60_90_25
1,1,10,171.5,1,25.2,3.31469790814,2,5,3,0,1,0
2,2,10,169.9,0,0,3.16524529504,2,5,3,0,0,0
3,3,10,169.8,1,25.4,3.35784322313,2,5,3,0,1,0
4,4,10,171.3,1,26.2,3.62032840745,2,5,3,0,1,0
5,5,10,172.7,1,26.0,3.4759650938,2,5,3,0,1,0
6,6,10,169.8,1,25.6,3.27746514517,2,5,3,0,1,0
7,7,10,170.9,0,0,3.1331382918,2,5,3,0,0,0
8,8,10,174.9,1,26.4,3.63178866248,2,5,3,0,1,0
9,9,10,168.9,1,26.4,3.80743424836,2,5,3,0,1,0
10,10,11,179.8,1,26.2,3.47170379968,3,5,3,0,1,0
11,11,11,185.3,1,26.3,3.53761604371,3,5,3,0,1,0
12,12,11,180.4,1,25.5,3.56903348261,3,5,3,0,1,0
13,13,11,187.5,1,25.6,3.30737467982,3,5,3,0,1,0
14,14,11,182.7,0,0,3.05039490737,3,5,3,0,0,0
15,15,11,180.4,0,0,3.10837578166,3,5,3,0,0,0
16,16,11,176.0,0,0,2.00349694285,3,5,3,0,0,0
17,17,11,185.5,0,0,2.63980026793,3,5,3,0,0,0
18,18,11,187.3,0,0,1.79838311218,3,5,3,0,0,0
19,19,11,177.3,0,0,1.53741222957,3,5,3,0,0,0
20,20,11,176.9,0,0,1.72963474862,3,5,3,0,0,0
21,21,11,180.4,0,0,1.54077902374,3,5,3,0,0,0
22,22,11,186.4,0,0,2.86334197621,3,5,3,0,0,0
23,23,11,183.8,0,0,2.81583186482,4,4,3,0,0,0
24,24,11,176.7,0,0,3.30583506161,4,4,3,0,0,0
25,25,11,177.5,0,0,3.34791658417,4,4,3,0,0,0
26,26,11,181.9,0,0,3.41651071337,4,4,3,0,0,0
27,27,11,182.0,0,0,3.49409892143,4,4,3,0,0,0
28,28,12,196.6,0,0,3.07240898477,4,5,3,0,0,0
29,29,12,201.8,0,0,3.42313873337,4,5,3,0,0,0
30,30,12,202.5,0,0,3.59345996853,4,5,3,0,0,0
31,31,12,203.4,0,0,3.39585308602,4,5,3,0,0,0
32,32,13,218.4,0,0,3.5981476716,5,5,3,0,0,0
33,33,13,217.1,0,0,3.57001400557,5,5,3,0,0,0
34,34,13,215.6,0,0,3.47175415649,5,5,3,0,0,0
35,35,12,207.7,0,0,3.79340536226,4,5,3,0,0,0
36,36,12,204.1,0,0,3.50518014926,4,5,3,0,0,0
37,37,12,203.5,0,0,3.48306509044,4,5,3,0,0,0
38,38,11,184.5,0,0,3.43280960995,3,5,3,0,0,0
39,39,12,200.6,0,0,3.38011116905,4,5,3,0,0,0
40,40,12,203.2,0,0,3.23597205666,4,5,3,0,0,0
41,41,12,202.8,0,0,3.128461719,4,5,3,0,0,0
42,42,12,195.0,0,0,2.25892170575,4,5,3,0,0,0
43,43,12,199.6,0,0,2.61023626006,4,5,3,0,0,0
44,44,12,198.0,0,0,2.69038692722,4,5,3,0,0,0
45,45,11,183.2,0,0,1.8710230551,4,4,3,0,0,0
46,46,11,185.3,0,0,2.65983594846,4,4,3,0,0,0
47,47,11,190.6,0,0,2.49041800069,4,4,3,0,0,0
48,48,11,193.5,0,0,2.17460550236,4,4,3,0,0,0
49,49,11,188.0,0,0,2.22461436903,4,4,3,0,0,0
50,50,12,195.4,0,0,2.87934125463,5,4,3,0,0,0
51,51,13,201.4,0,0,3.03355169685,5,5,3,0,0,0
52,52,13,209.9,0,0,3.05576378467,5,5,3,0,0,0
53,53,13,209.3,0,0,3.05450486986,5,5,3,0,0,0
54,54,13,207.9,0,0,3.26737956638,5,5,3,0,0,0
55,55,13,201.3,0,0,2.90167944297,5,5,3,0,0,0
56,56,14,217.7,0,0,3.40446539348,5,6,3,0,0,0
57,57,14,215.8,0,0,3.09363046445,5,6,3,0,0,0
58,58,14,231.0,0,0,3.35146351499,5,6,3,0,0,0
59,59,14,234.8,0,0,3.53932383187,5,6,3,0,0,0
60,60,14,235.1,0,0,3.34421757797,5,6,3,0,0,0
61,61,15,246.6,0,0,3.17890367445,6,6,3,0,0,0
62,62,15,243.9,0,0,2.91493690204,6,6,3,0,0,0
63,63,15,248.0,0,0,3.23058302272,6,6,3,0,0,0
64,64,15,241.9,0,0,3.05227471771,6,6,3,0,0,0
69,69,1,24.1,0,0,,1,0,0,0,0,0
70,70,1,23.7,0,0,,1,0,0,0,0,0
71,71,3,66.1,1,25.9,3.52467492591,1,1,1,0,0,1
72,72,3,66.8,0,0,2.87286152352,1,1,1,0,0,0
73,73,5,108.3,1,25.3,2.83072428894,1,3,1,0,0,1
74,74,7,149.6,1,25.4,2.61069230008,2,4,1,0,0,1
75,75,9,182.6,0,0,2.54874696883,3,5,1,0,0,0
76,76,11,221.4,1,26.5,2.91379165662,5,5,1,0,0,1
77,77,11,217.2,1,26.1,2.90942043588,5,5,1,0,0,1
78,78,12,234.9,1,26.3,3.08872583321,6,5,1,0,0,1
79,79,13,248.2,1,27.0,3.22269595692,7,5,1,0,0,1
80,80,13,243.5,1,27.1,3.55044237042,7,5,1,0,0,1
81,81,13,240.5,1,26.8,3.61639783947,7,5,1,0,0,1
82,82,13,245.0,1,26.5,3.21937245039,7,5,1,0,0,1
83,83,13,242.4,1,26.4,3.09801425234,7,5,1,0,0,1
84,84,14,253.7,0,0,2.28714755887,7,5,2,0,0,0
85,85,14,252.6,0,0,2.5725516473,7,5,2,0,0,0
86,86,15,259.0,1,25.1,3.20014880606,7,6,2,0,0,1
87,87,15,260.3,1,27.2,3.76295223512,7,6,2,0,0,1
88,88,15,263.0,1,25.7,3.55902608401,7,6,2,0,0,1
89,89,15,256.1,1,26.6,3.67607451088,7,6,2,0,0,1
90,90,15,253.2,1,25.6,3.42745219827,7,6,2,0,0,1
91,91,15,253.9,0,0,3.22079552433,7,6,2,0,0,0
92,92,15,255.9,0,0,3.10639892572,7,6,2,0,0,0
93,93,15,251.9,0,0,3.16464095609,7,6,2,0,0,0
94,94,15,250.1,0,0,2.83963444998,7,6,2,0,0,0
95,95,15,247.0,0,0,2.92591052169,7,6,2,0,0,0
96,96,15,252.2,0,0,2.9880396504,7,6,2,0,0,0
