,e_id,num_sat,sum_snr,num_sat_25,sum_snr_25,snr_std,elev_0_30,elev_30_60,elev_60_90,elev_0_30_25,elev_30_60_25,elev_60_90_25
1,1,9,152.9,0,0,2.57849008358,2,7,0,0,0,0
2,2,9,153.2,0,0,2.61714433008,2,7,0,0,0,0
3,3,9,148.8,0,0,2.45865817063,2,7,0,0,0,0
4,4,9,147.3,0,0,2.45153013443,2,7,0,0,0,0
5,5,9,145.7,0,0,2.64407093534,2,7,0,0,0,0
6,6,9,136.2,0,0,2.64007575649,2,7,0,0,0,0
7,7,10,156.8,0,0,2.87201052304,3,7,0,0,0,0
8,8,10,150.7,0,0,2.61451078917,3,7,0,0,0,0
9,9,10,157.7,0,0,3.12980297569,3,7,0,0,0,0
10,10,11,181.2,0,0,3.63237963575,3,7,1,0,0,0
11,11,12,202.6,0,0,3.37930421384,4,7,1,0,0,0
12,12,12,199.9,0,0,2.97976763381,4,7,1,0,0,0
13,13,12,202.0,0,0,3.13233381866,4,7,1,0,0,0
14,14,12,188.5,0,0,2.39979481446,4,7,1,0,0,0
15,15,13,213.0,0,0,3.09080522244,5,7,1,0,0,0
16,16,13,219.6,0,0,3.77568129359,5,7,1,0,0,0
17,17,13,214.3,0,0,3.91744945805,5,7,1,0,0,0
18,18,13,214.3,0,0,3.54185595271,5,7,1,0,0,0
19,19,13,218.5,0,0,3.40354264908,5,7,1,0,0,0
20,20,13,232.7,0,0,3.00942962481,5,7,1,0,0,0
21,21,13,220.5,0,0,2.47505503694,5,7,1,0,0,0
22,22,13,222.3,0,0,3.13235800423,5,7,1,0,0,0
23,23,13,222.3,0,0,3.13235800423,5,7,1,0,0,0
24,24,13,216.0,0,0,2.97653214156,5,7,1,0,0,0
25,25,13,216.0,0,0,2.97653214156,5,7,1,0,0,0
26,26,13,214.9,0,0,2.97724274438,5,7,1,0,0,0
27,27,13,203.2,0,0,2.8205745914,5,7,1,0,0,0
28,28,13,198.8,0,0,2.69427217706,5,7,1,0,0,0
29,29,13,199.0,0,0,2.69705442364,5,7,1,0,0,0
30,30,13,199.6,0,0,2.63458263128,5,7,1,0,0,0
31,31,13,194.4,0,0,2.51681524438,5,7,1,0,0,0
32,32,13,197.9,0,0,2.72003487911,5,7,1,0,0,0
33,33,13,204.2,0,0,2.83797508166,5,7,1,0,0,0
34,34,13,214.0,0,0,2.91705858173,5,7,1,0,0,0
35,35,13,216.2,0,0,2.96574459886,5,7,1,0,0,0
36,36,13,212.5,0,0,2.57701875062,5,7,1,0,0,0
37,37,12,197.8,0,0,2.32958573505,4,7,1,0,0,0
38,38,12,199.1,0,0,2.2749458868,4,7,1,0,0,0
39,39,12,198.7,0,0,2.70032265188,4,7,1,0,0,0
40,40,12,198.3,0,0,2.73666186838,4,7,1,0,0,0
41,41,12,192.2,0,0,1.58563628372,4,7,1,0,0,0
42,42,12,198.0,0,0,1.98035809434,4,7,1,0,0,0
43,43,12,201.7,0,0,1.94209742913,4,7,1,0,0,0
44,44,12,201.3,0,0,2.00051129828,4,7,1,0,0,0
45,45,12,200.0,0,0,1.98646938211,4,7,1,0,0,0
46,46,13,208.6,0,0,2.42336384138,5,7,1,0,0,0
47,47,13,205.5,0,0,2.68187171532,5,7,1,0,0,0
48,48,13,200.9,0,0,2.7861608546,5,7,1,0,0,0
49,49,13,198.9,0,0,2.91061276481,5,7,1,0,0,0
50,50,13,202.9,0,0,2.75453006835,5,7,1,0,0,0
51,51,13,206.1,0,0,2.71772434971,5,7,1,0,0,0
52,52,13,208.4,0,0,2.7078234234,5,7,1,0,0,0
53,53,13,208.3,0,0,2.78901232403,5,7,1,0,0,0
54,54,13,210.8,0,0,3.00245625942,5,7,1,0,0,0
55,55,13,212.0,0,0,2.77592673368,5,7,1,0,0,0
56,56,14,225.8,0,0,2.86716922079,6,7,1,0,0,0
57,57,14,227.3,0,0,3.04923878089,6,7,1,0,0,0
58,58,14,216.5,0,0,2.76783924135,6,7,1,0,0,0
59,59,12,184.9,0,0,2.52495124465,5,6,1,0,0,0
60,60,12,186.8,0,0,2.66810567234,5,6,1,0,0,0
61,61,12,183.7,0,0,2.93643517128,5,6,1,0,0,0
62,62,12,184.1,0,0,2.92806431044,5,6,1,0,0,0
63,63,12,192.4,0,0,2.85158116692,5,6,1,0,0,0
64,64,12,205.7,0,0,3.76453747813,5,6,1,0,0,0
65,65,13,220.3,0,0,3.17217469691,6,6,1,0,0,0
66,66,13,216.5,0,0,2.99905968169,6,6,1,0,0,0
67,67,13,224.6,0,0,3.07927314101,5,7,1,0,0,0
68,68,13,219.7,0,0,2.40242932605,5,7,1,0,0,0
69,69,13,216.9,0,0,2.12086702154,5,7,1,0,0,0
70,70,13,215.5,0,0,2.90176780778,5,7,1,0,0,0
71,71,13,205.6,0,0,3.40901895806,5,7,1,0,0,0
72,72,13,218.1,0,0,3.66995773049,5,7,1,0,0,0
73,73,13,232.9,0,0,4.07775390663,5,7,1,0,0,0
74,74,13,231.6,0,0,4.13377272272,5,7,1,0,0,0
75,75,13,225.1,0,0,3.69320234888,5,7,1,0,0,0
76,76,13,223.3,0,0,3.51737445788,5,7,1,0,0,0
77,77,13,212.8,0,0,2.88830533225,5,7,1,0,0,0
78,78,13,219.4,0,0,2.87232595822,5,7,1,0,0,0
79,79,13,218.9,0,0,2.73298934671,5,7,1,0,0,0
80,80,13,210.8,0,0,3.12192412727,5,7,1,0,0,0
81,81,13,213.3,0,0,3.45987994456,5,7,1,0,0,0
82,82,13,208.0,0,0,2.93172304285,5,7,1,0,0,0
83,83,13,191.4,0,0,2.60709092226,5,7,1,0,0,0
84,84,13,194.6,0,0,3.03737403453,5,7,1,0,0,0
85,85,14,207.9,0,0,2.95211788383,6,7,1,0,0,0
86,86,14,205.6,0,0,2.63347011283,6,7,1,0,0,0
87,87,14,205.8,0,0,2.64458808775,6,7,1,0,0,0
88,88,14,203.4,0,0,2.62515305676,6,7,1,0,0,0
89,89,14,199.8,0,0,2.51194946404,6,7,1,0,0,0
90,90,14,210.4,0,0,3.59859557465,6,7,1,0,0,0
91,91,13,194.5,0,0,2.88892669272,5,7,1,0,0,0
92,92,13,204.0,0,0,3.34625699812,5,7,1,0,0,0
93,93,14,220.4,0,0,2.65611465395,6,7,1,0,0,0
94,94,14,225.2,0,0,3.05887288012,6,7,1,0,0,0
95,95,14,224.8,0,0,3.19415675298,6,7,1,0,0,0
96,96,15,232.1,0,0,2.72592491948,7,7,1,0,0,0
97,97,15,232.8,0,0,2.68280237279,7,7,1,0,0,0
98,98,15,232.6,0,0,2.80674357999,7,7,1,0,0,0
99,99,15,230.4,0,0,2.46744517959,7,7,1,0,0,0
100,100,15,229.4,0,0,2.54122205323,7,7,1,0,0,0
101,101,15,232.0,0,0,2.85973691764,7,7,1,0,0,0
102,102,15,225.8,0,0,2.83595956718,7,7,1,0,0,0
103,103,14,208.3,0,0,2.5693993825,7,6,1,0,0,0
104,104,14,215.0,0,0,3.15319478666,7,6,1,0,0,0
105,105,15,236.7,0,0,3.31429802953,7,7,1,0,0,0
106,106,15,241.8,0,0,3.5907022791,7,7,1,0,0,0
107,107,15,241.7,0,0,3.68411002369,7,7,1,0,0,0
108,108,15,238.6,0,0,3.59274401034,7,7,1,0,0,0
109,109,15,246.1,0,0,3.69119931471,7,7,1,0,0,0
110,110,15,245.5,0,0,3.3646622982,7,7,1,0,0,0
111,111,15,244.3,0,0,3.42133363026,7,7,1,0,0,0
112,112,15,239.9,0,0,3.42250256531,7,7,1,0,0,0
113,113,15,236.9,0,0,3.39442119338,7,7,1,0,0,0
114,114,15,236.0,0,0,3.49012211548,7,7,1,0,0,0
115,115,15,232.8,0,0,3.27265728641,7,7,1,0,0,0
116,116,15,233.9,0,0,3.24113442809,7,7,1,0,0,0
117,117,15,232.9,0,0,3.40723320236,7,7,1,0,0,0
118,118,15,234.0,0,0,3.55407211117,7,7,1,0,0,0
119,119,15,234.3,0,0,3.45009316644,7,7,1,0,0,0
120,120,15,236.4,0,0,3.36490288546,7,7,1,0,0,0
121,121,15,235.0,0,0,3.39929964776,7,7,1,0,0,0
122,122,14,223.3,0,0,2.58955000546,6,7,1,0,0,0
123,123,13,213.7,0,0,2.93585264774,5,7,1,0,0,0
124,124,13,217.7,0,0,3.2157465138,5,7,1,0,0,0
125,125,13,213.0,0,0,2.85740154507,5,7,1,0,0,0
126,126,13,212.4,0,0,2.79896959062,5,7,1,0,0,0
127,127,13,210.6,0,0,2.8615263992,5,7,1,0,0,0
128,128,12,187.2,0,0,2.32457229693,4,7,1,0,0,0
129,129,12,183.9,0,0,2.02400368307,4,7,1,0,0,0
130,130,12,186.4,0,0,1.98326330409,4,7,1,0,0,0
131,131,11,172.4,0,0,1.74990908855,3,7,1,0,0,0
132,132,11,179.1,0,0,2.10134156282,3,7,1,0,0,0
133,133,11,174.5,0,0,2.43978389505,3,7,1,0,0,0
134,134,12,200.8,0,0,2.76646585617,4,7,1,0,0,0
135,135,12,198.7,0,0,2.83691840923,4,7,1,0,0,0
136,136,12,199.6,0,0,2.61510762279,4,7,1,0,0,0
137,137,12,203.6,0,0,2.70633376069,4,7,1,0,0,0
138,138,12,206.2,0,0,2.47930831019,4,7,1,0,0,0
139,139,12,198.1,0,0,2.22688462914,4,7,1,0,0,0
140,140,12,194.8,0,0,2.64036269318,4,7,1,0,0,0
141,141,12,194.9,0,0,2.49051229974,4,7,1,0,0,0
142,142,12,196.4,0,0,2.48461935381,4,7,1,0,0,0
143,143,12,202.8,0,0,2.49981817521,4,7,1,0,0,0
144,144,12,205.5,0,0,2.77623846238,4,7,1,0,0,0
145,145,12,204.7,0,0,2.95802708615,4,7,1,0,0,0
146,146,12,202.8,0,0,2.54165300543,4,7,1,0,0,0
147,147,13,215.8,0,0,2.86966897046,5,7,1,0,0,0
148,148,13,214.7,0,0,2.88410764762,5,7,1,0,0,0
149,149,13,217.3,0,0,3.03255836818,5,7,1,0,0,0
150,150,13,218.5,0,0,2.91246217099,5,7,1,0,0,0
151,151,13,225.0,0,0,3.23817374932,5,7,1,0,0,0
152,152,13,219.3,0,0,2.96883383822,5,7,1,0,0,0
153,153,13,222.7,0,0,3.04203457557,5,7,1,0,0,0
154,154,13,218.3,0,0,2.81852843947,5,7,1,0,0,0
155,155,12,205.2,0,0,2.89639274082,4,7,1,0,0,0
156,156,12,200.7,0,0,2.47941525364,4,7,1,0,0,0
157,157,12,203.1,0,0,2.68434010851,4,7,1,0,0,0
158,158,12,207.4,0,0,2.95629784861,4,7,1,0,0,0
159,159,12,202.8,0,0,2.5041783265,4,7,1,0,0,0
160,160,11,192.6,0,0,2.89290668548,4,6,1,0,0,0
161,161,11,191.6,0,0,2.98691083959,4,6,1,0,0,0
162,162,11,193.1,0,0,2.9333815423,4,6,1,0,0,0
163,163,11,191.0,0,0,2.43033854731,4,6,1,0,0,0
164,164,11,190.2,0,0,2.32183313158,4,6,1,0,0,0
165,165,11,189.1,0,0,2.57233533796,4,6,1,0,0,0
166,166,11,183.5,0,0,2.42768127307,4,6,1,0,0,0
167,167,11,183.4,0,0,2.43601761451,4,6,1,0,0,0
168,168,11,184.3,0,0,2.20107411795,4,6,1,0,0,0
169,169,11,180.8,0,0,2.85456572083,4,6,1,0,0,0
170,170,11,187.8,0,0,3.24779645578,4,6,1,0,0,0
171,171,12,216.6,0,0,2.94263332903,4,7,1,0,0,0
172,172,12,218.9,0,0,2.98281695209,4,7,1,0,0,0
173,173,12,216.2,0,0,3.42366983681,4,7,1,0,0,0
174,174,12,206.0,0,0,3.4978781447,4,7,1,0,0,0
175,175,13,215.5,0,0,3.52329245786,5,7,1,0,0,0
176,176,13,206.0,0,0,2.62285321251,5,7,1,0,0,0
177,177,13,208.4,0,0,2.5460376455,5,7,1,0,0,0
178,178,13,209.9,0,0,2.45343819453,5,7,1,0,0,0
179,179,12,192.4,0,0,2.00151457803,4,7,1,0,0,0
180,180,12,198.0,0,0,2.18548933568,4,7,1,0,0,0
181,181,12,195.7,0,0,2.48063713712,4,7,1,0,0,0
182,182,12,200.8,0,0,2.69792288229,4,7,1,0,0,0
183,183,12,198.8,0,0,2.57340712722,4,7,1,0,0,0
184,184,12,198.0,0,0,2.44986084948,4,7,1,0,0,0
185,185,12,196.8,0,0,2.76898406049,4,7,1,0,0,0
186,186,12,193.7,0,0,2.59035214641,4,7,1,0,0,0
187,187,12,193.9,0,0,2.57274467282,4,7,1,0,0,0
188,188,12,195.1,0,0,2.48978214941,4,7,1,0,0,0
189,189,12,187.2,0,0,2.38403782764,4,7,1,0,0,0
190,190,12,195.2,0,0,2.39291884653,4,7,1,0,0,0
191,191,12,192.4,0,0,2.66946822533,4,7,1,0,0,0
192,192,12,188.6,0,0,2.57393696798,4,7,1,0,0,0
193,193,12,191.6,0,0,2.58011040403,4,7,1,0,0,0
194,194,12,194.9,0,0,2.84300044234,4,7,1,0,0,0
195,195,12,203.7,0,0,2.80749807739,4,7,1,0,0,0
196,196,12,202.5,0,0,2.93013341303,4,7,1,0,0,0
197,197,11,164.1,0,0,1.86966209879,4,6,1,0,0,0
198,198,11,173.5,0,0,2.54404831286,4,6,1,0,0,0
199,199,10,159.4,0,0,2.52375381789,3,6,1,0,0,0
200,200,10,160.4,0,0,2.41624134188,3,6,1,0,0,0
201,201,10,168.0,0,0,2.42532930181,3,6,1,0,0,0
202,202,10,167.7,0,0,2.40788058028,3,6,1,0,0,0
203,203,10,171.9,0,0,2.29271794069,3,6,1,0,0,0
204,204,10,166.2,0,0,2.3078609625,3,6,1,0,0,0
205,205,11,172.5,0,0,2.30252825469,4,6,1,0,0,0
206,206,11,172.1,0,0,2.34323009385,4,6,1,0,0,0
207,207,11,172.7,0,0,2.35457002444,4,6,1,0,0,0
208,208,11,172.4,0,0,2.39294417365,4,6,1,0,0,0
209,209,12,176.5,0,0,2.62244103264,4,7,1,0,0,0
210,210,12,175.8,0,0,2.4876056396,4,7,1,0,0,0
211,211,12,180.8,0,0,2.70229980617,4,7,1,0,0,0
212,212,12,186.1,0,0,2.35929817505,4,7,1,0,0,0
213,213,12,189.4,0,0,2.91011818983,4,7,1,0,0,0
214,214,12,185.0,0,0,2.84439906845,4,7,1,0,0,0
215,215,12,180.8,0,0,2.69859671726,4,7,1,0,0,0
216,216,12,185.0,0,0,2.99994949452,4,7,1,0,0,0
217,217,12,182.1,0,0,2.65950268762,4,7,1,0,0,0
218,218,12,182.7,0,0,2.71230361669,4,7,1,0,0,0
219,219,12,183.8,0,0,2.64844150856,4,7,1,0,0,0
220,220,12,182.8,0,0,2.6749114967,4,7,1,0,0,0
221,221,11,160.3,0,0,2.4527906185,4,6,1,0,0,0
222,222,11,159.7,0,0,2.43056297257,4,6,1,0,0,0
223,223,11,167.4,0,0,2.50192653042,4,6,1,0,0,0
224,224,11,168.8,0,0,2.60167778034,4,6,1,0,0,0
225,225,11,167.2,0,0,2.64045450633,4,6,1,0,0,0
226,226,11,169.3,0,0,2.60478580519,4,6,1,0,0,0
227,227,11,170.9,0,0,2.5745961731,4,6,1,0,0,0
228,228,11,171.4,0,0,2.39241224784,4,6,1,0,0,0
229,229,10,159.6,0,0,2.14745327203,4,5,1,0,0,0
230,230,10,160.4,0,0,1.77776388883,4,5,1,0,0,0
231,231,11,172.5,0,0,2.64190014263,4,6,1,0,0,0
232,232,11,182.0,0,0,2.02453137114,4,6,1,0,0,0
233,233,11,185.4,0,0,2.76960778319,4,6,1,0,0,0
234,234,11,182.7,0,0,2.84831688738,4,6,1,0,0,0
235,235,11,184.3,0,0,2.95816282052,4,6,1,0,0,0
236,236,11,184.8,0,0,2.60959767014,4,6,1,0,0,0
237,237,11,190.8,0,0,2.81899401786,4,6,1,0,0,0
238,238,11,186.4,0,0,2.70198580173,4,6,1,0,0,0
239,239,11,183.7,0,0,2.33452350599,4,6,1,0,0,0
240,240,11,175.7,0,0,2.69706911632,4,6,1,0,0,0
241,241,11,170.1,0,0,2.5068995701,4,6,1,0,0,0
242,242,11,171.8,0,0,2.43179694128,4,6,1,0,0,0
243,243,11,168.9,0,0,2.28357773521,4,6,1,0,0,0
244,244,11,168.1,0,0,2.71765273051,4,6,1,0,0,0
245,245,11,170.4,0,0,2.75951247341,4,6,1,0,0,0
246,246,11,173.8,0,0,3.03578655376,4,6,1,0,0,0
247,247,11,167.7,0,0,2.82041260682,4,6,1,0,0,0
248,248,11,165.7,0,0,2.31442119212,4,6,1,0,0,0
249,249,11,179.2,0,0,2.98745863418,4,6,1,0,0,0
250,250,11,179.0,0,0,2.96111158489,4,6,1,0,0,0
251,251,11,183.6,0,0,3.58062970592,4,6,1,0,0,0
252,252,11,178.8,0,0,3.42968326128,4,6,1,0,0,0
253,253,11,184.4,0,0,3.09039567929,4,6,1,0,0,0
254,254,11,185.5,0,0,3.18724731619,4,6,1,0,0,0
255,255,11,183.1,0,0,2.98742820378,4,6,1,0,0,0
256,256,11,181.3,0,0,3.10348777404,4,6,1,0,0,0
257,257,11,179.7,0,0,2.88245476193,4,6,1,0,0,0
258,258,11,179.9,0,0,2.94969952245,4,6,1,0,0,0
259,259,12,191.9,0,0,2.72945493504,5,6,1,0,0,0
260,260,12,188.7,0,0,2.70458365137,5,6,1,0,0,0
261,261,12,178.0,0,0,2.8974387854,5,6,1,0,0,0
262,262,12,177.6,0,0,2.85688959917,5,6,1,0,0,0
263,263,12,190.2,0,0,2.50907444,5,6,1,0,0,0
264,264,12,189.1,0,0,2.84651567977,5,6,1,0,0,0
265,265,4,131.7,4,131.7,3.09017259496,2,2,0,2,2,0
266,266,11,292.0,6,183.6,5.46284973917,5,5,1,2,4,0
267,267,12,328.9,8,239.1,4.58564129219,6,5,1,3,4,1
268,268,7,188.3,5,144.5,4.37721372565,4,2,1,2,2,1
269,269,11,293.5,8,226.6,3.14986291188,6,4,1,4,4,0
270,270,12,316.0,7,210.9,5.61933890213,7,4,1,5,2,0
271,271,13,309.7,4,117.2,4.55945059668,7,5,1,3,1,0
272,272,13,306.7,4,122.7,5.67912281056,7,5,1,2,2,0
273,273,14,321.5,5,144.6,5.1595478548,8,5,1,3,2,0
274,274,14,293.1,3,81.0,4.63126617391,8,5,1,1,2,0
275,275,14,311.2,5,137.9,4.78321240163,8,5,1,3,2,0
276,276,14,315.6,5,143.5,5.40551204231,8,5,1,4,1,0
277,277,15,370.9,6,187.0,6.22133043496,9,5,1,4,2,0
278,278,15,354.0,5,143.5,4.5483120888,9,5,1,3,2,0
279,279,15,334.6,5,138.5,4.72250942171,9,5,1,3,2,0
280,280,15,332.5,5,145.1,5.57502936144,9,5,1,4,1,0
281,281,15,372.0,7,213.0,6.24053569129,9,5,1,5,2,0
