,e_id,num_sat,sum_snr,num_sat_25,sum_snr_25,snr_std,elev_0_30,elev_30_60,elev_60_90,elev_0_30_25,elev_30_60_25,elev_60_90_25
1,1,8,127.6,0,0,2.75525471988,3,2,3,0,0,0
2,2,8,123.9,0,0,2.08904455263,3,2,3,0,0,0
3,3,9,139.9,0,0,2.42080106117,3,3,3,0,0,0
4,4,9,139.5,0,0,2.63533679062,3,3,3,0,0,0
5,5,9,137.3,0,0,2.35005910091,3,3,3,0,0,0
6,6,9,144.5,0,0,2.81873691177,3,3,3,0,0,0
7,7,8,134.1,0,0,2.98756350799,2,3,3,0,0,0
8,8,8,128.4,0,0,2.19219394345,2,3,3,0,0,0
9,9,10,156.7,0,0,3.03609764153,2,4,4,0,0,0
10,10,10,159.4,0,0,3.31300467854,2,4,4,0,0,0
11,11,10,159.7,0,0,3.46988632539,2,4,4,0,0,0
12,12,10,156.4,0,0,3.54877130536,2,4,4,0,0,0
13,13,10,153.1,0,0,3.2606918148,2,4,4,0,0,0
14,14,10,145.8,0,0,2.7931662639,2,4,4,0,0,0
15,15,11,160.4,0,0,2.66413895352,3,4,4,0,0,0
16,16,11,160.8,0,0,2.72096239659,3,4,4,0,0,0
17,17,11,164.2,0,0,3.23731089304,3,4,4,0,0,0
18,18,11,166.6,0,0,3.2407911492,3,4,4,0,0,0
19,19,11,165.3,0,0,3.17114834377,3,4,4,0,0,0
20,20,11,165.1,0,0,3.17819273974,3,4,4,0,0,0
21,21,11,166.3,0,0,3.34807950378,3,4,4,0,0,0
22,22,11,159.6,0,0,2.74934702992,3,4,4,0,0,0
23,23,11,159.6,0,0,2.74934702992,3,4,4,0,0,0
24,24,11,155.7,0,0,2.59590586746,3,4,4,0,0,0
25,25,11,152.9,0,0,2.30737946597,3,4,4,0,0,0
26,26,11,157.1,0,0,2.31724758359,3,4,4,0,0,0
27,27,11,166.4,0,0,3.4655709224,3,4,4,0,0,0
28,28,11,173.5,0,0,3.00668951144,3,4,4,0,0,0
29,29,10,164.5,0,0,3.15533058666,3,3,4,0,0,0
30,30,10,165.9,0,0,2.98568808373,3,3,4,0,0,0
31,31,10,159.0,0,0,2.4571889992,3,3,4,0,0,0
32,32,10,160.2,0,0,2.44304000058,3,3,4,0,0,0
33,33,10,157.8,0,0,2.10702528593,3,3,4,0,0,0
34,34,10,158.0,0,0,2.10290803941,3,3,4,0,0,0
35,35,10,158.0,0,0,2.18835300829,3,3,4,0,0,0
36,36,10,155.7,0,0,2.49579646606,3,3,4,0,0,0
37,37,11,164.9,0,0,2.59170003876,3,4,4,0,0,0
38,38,11,161.6,0,0,2.08060305943,3,4,4,0,0,0
39,39,10,159.4,0,0,2.74477280987,2,4,4,0,0,0
40,40,10,160.2,0,0,2.61355441242,2,4,4,0,0,0
41,41,9,157.0,0,0,3.10890298623,2,4,3,0,0,0
42,42,9,155.3,0,0,3.32043337198,2,4,3,0,0,0
43,43,9,141.0,0,0,1.45773797371,2,4,3,0,0,0
44,44,9,136.5,0,0,1.3702189606,2,4,3,0,0,0
45,45,9,134.8,0,0,1.38814424483,2,4,3,0,0,0
46,46,9,137.0,0,0,1.70790645073,2,4,3,0,0,0
47,47,9,140.4,0,0,1.58271917913,2,4,3,0,0,0
48,48,9,139.5,0,0,1.20623380818,2,4,3,0,0,0
49,49,9,140.8,0,0,1.55813278567,2,4,3,0,0,0
50,50,9,145.3,0,0,2.3081979503,2,4,3,0,0,0
51,51,9,142.3,0,0,2.04049285985,2,4,3,0,0,0
52,52,9,140.4,0,0,2.19715725427,2,4,3,0,0,0
53,53,10,163.6,0,0,2.74477280987,3,4,3,0,0,0
54,54,10,160.4,0,0,2.07856788305,3,4,3,0,0,0
55,55,10,162.5,0,0,2.62138640163,3,4,3,0,0,0
56,56,10,164.7,0,0,2.84567898557,3,4,3,0,0,0
57,57,10,160.6,0,0,2.86480559744,3,4,3,0,0,0
58,58,10,163.1,0,0,3.24360910099,3,4,3,0,0,0
59,59,10,161.4,0,0,2.96842644436,3,4,3,0,0,0
60,60,10,154.9,0,0,2.10684071011,3,4,3,0,0,0
61,61,9,154.2,0,0,2.64386081328,3,3,3,0,0,0
62,62,9,153.2,0,0,2.53020640353,3,3,3,0,0,0
63,63,9,147.8,0,0,2.23650272623,3,3,3,0,0,0
64,64,9,150.1,0,0,2.23258693995,3,3,3,0,0,0
65,65,9,152.8,0,0,2.53316885431,3,3,3,0,0,0
66,66,9,140.1,0,0,2.91247317584,3,3,3,0,0,0
67,67,9,136.7,0,0,2.23240030261,3,3,3,0,0,0
68,68,9,137.9,0,0,2.47728570101,3,3,3,0,0,0
69,69,10,153.1,0,0,2.63415598964,3,3,4,0,0,0
70,70,9,144.7,0,0,3.0202556919,3,2,4,0,0,0
71,71,9,142.8,0,0,3.02985148151,3,2,4,0,0,0
72,72,9,141.4,0,0,2.76967707705,3,2,4,0,0,0
73,73,9,134.4,0,0,2.23327114341,3,2,4,0,0,0
74,74,9,134.4,0,0,2.23327114341,3,2,4,0,0,0
75,75,8,120.6,0,0,2.82122060716,3,2,3,0,0,0
76,76,8,118.7,0,0,2.36760125745,3,2,3,0,0,0
77,77,7,106.4,0,0,2.83078316607,2,2,3,0,0,0
78,78,7,106.3,0,0,2.76853064003,2,2,3,0,0,0
79,79,8,120.5,0,0,2.37543229148,2,2,4,0,0,0
80,80,8,119.9,0,0,2.35094965614,2,2,4,0,0,0
81,81,8,119.5,0,0,2.34516980805,2,2,4,0,0,0
82,82,7,102.7,0,0,2.46083609485,2,1,4,0,0,0
83,83,7,102.9,0,0,2.45967477525,2,1,4,0,0,0
84,84,7,100.1,0,0,2.5670995306,2,1,4,0,0,0
85,85,6,83.6,0,0,0.952190457139,2,0,4,0,0,0
86,86,6,83.4,0,0,0.965401470892,2,0,4,0,0,0
87,87,7,103.6,0,0,2.57940561629,2,1,4,0,0,0
88,88,7,99.0,0,0,1.10582871316,2,1,4,0,0,0
89,89,7,99.7,0,0,1.26076318535,2,1,4,0,0,0
90,90,8,123.3,0,0,2.60243704466,3,1,4,0,0,0
91,91,8,122.5,0,0,2.48391252434,3,1,4,0,0,0
92,92,9,133.6,0,0,1.95071212068,3,2,4,0,0,0
93,93,9,134.6,0,0,2.22604532249,3,2,4,0,0,0
94,94,10,146.3,0,0,1.86490988761,3,3,4,0,0,0
95,95,10,146.9,0,0,2.36006120448,3,3,4,0,0,0
96,96,10,146.7,0,0,2.3242920069,3,3,4,0,0,0
97,97,9,129.6,0,0,1.40178457689,3,3,3,0,0,0
98,98,9,129.6,0,0,1.97230829233,3,3,3,0,0,0
99,99,9,130.8,0,0,2.24833271559,3,3,3,0,0,0
100,100,9,132.2,0,0,2.24022568308,3,3,3,0,0,0
101,101,9,132.9,0,0,1.69115345253,3,3,3,0,0,0
102,102,9,142.6,0,0,3.00836795917,3,3,3,0,0,0
103,103,9,143.7,0,0,3.06186217848,3,3,3,0,0,0
104,104,9,148.8,0,0,3.26573115856,3,3,3,0,0,0
105,105,9,147.4,0,0,2.93588903817,3,3,3,0,0,0
106,106,9,143.8,0,0,2.05959812693,3,3,3,0,0,0
107,107,9,144.3,0,0,2.18174242293,3,3,3,0,0,0
108,108,9,147.6,0,0,2.8735866091,3,3,3,0,0,0
109,109,9,153.2,0,0,3.15308490917,3,3,3,0,0,0
110,110,9,148.8,0,0,3.0,3,3,3,0,0,0
111,111,9,149.4,0,0,3.09354165965,3,3,3,0,0,0
112,112,9,150.2,0,0,3.1238775762,3,3,3,0,0,0
113,113,9,147.3,0,0,2.92489316044,3,3,3,0,0,0
114,114,9,143.2,0,0,2.2262324926,3,3,3,0,0,0
115,115,9,143.2,0,0,2.2262324926,3,3,3,0,0,0
116,116,9,148.4,0,0,2.04477654308,3,3,3,0,0,0
117,117,8,134.4,0,0,2.18435999126,3,2,3,0,0,0
118,118,8,130.5,0,0,2.53458224228,3,2,3,0,0,0
119,119,8,136.2,0,0,2.50812963894,3,2,3,0,0,0
120,120,8,134.5,0,0,2.24208926801,3,2,3,0,0,0
121,121,8,138.0,0,0,1.850868522,3,2,3,0,0,0
122,122,8,134.1,0,0,1.82203771327,3,2,3,0,0,0
123,123,8,136.7,0,0,1.97515822151,3,2,3,0,0,0
124,124,8,134.4,0,0,1.81894789056,3,2,3,0,0,0
125,125,8,138.1,0,0,2.09280229085,3,2,3,0,0,0
126,126,8,142.2,0,0,2.54992997103,3,2,3,0,0,0
127,127,8,134.8,0,0,2.40416305603,3,2,3,0,0,0
128,128,8,135.8,0,0,2.32363631283,3,2,3,0,0,0
129,129,8,134.8,0,0,2.02202161921,3,2,3,0,0,0
130,130,7,117.1,0,0,2.07903365831,3,1,3,0,0,0
131,131,7,119.0,0,0,2.08006410158,3,1,3,0,0,0
132,132,7,121.0,0,0,2.25198325292,3,1,3,0,0,0
133,133,7,113.5,0,0,2.76612157568,3,1,3,0,0,0
134,134,9,147.6,0,0,2.78657495862,3,3,3,0,0,0
135,135,9,146.6,0,0,2.76877429761,3,3,3,0,0,0
136,136,10,154.6,0,0,3.11811909116,3,4,3,0,0,0
137,137,11,166.5,0,0,3.00974175878,4,4,3,0,0,0
138,138,11,159.3,0,0,2.50272578674,4,4,3,0,0,0
139,139,11,168.3,0,0,2.84077454227,4,4,3,0,0,0
140,140,11,165.3,0,0,2.66986550564,4,4,3,0,0,0
141,141,11,168.8,0,0,3.26783219776,4,4,3,0,0,0
142,142,11,169.2,0,0,3.06523023012,4,4,3,0,0,0
143,143,11,174.0,0,0,3.56112852389,4,4,3,0,0,0
144,144,11,178.6,0,0,3.81399337369,4,4,3,0,0,0
145,145,11,174.0,0,0,2.99627040896,4,4,3,0,0,0
146,146,11,188.2,0,0,2.75261858798,4,4,3,0,0,0
147,147,11,185.0,0,0,2.39867387605,4,4,3,0,0,0
148,148,11,185.4,0,0,1.8645984213,4,4,3,0,0,0
149,149,11,186.6,0,0,2.42704459262,4,4,3,0,0,0
150,150,11,188.1,0,0,2.57681974535,4,4,3,0,0,0
151,151,11,183.9,0,0,1.98988350504,4,4,3,0,0,0
152,152,11,180.4,0,0,1.54142790944,4,4,3,0,0,0
153,153,11,178.2,0,0,1.55563491861,4,4,3,0,0,0
154,154,11,182.5,0,0,1.82013985477,4,4,3,0,0,0
155,155,11,179.6,0,0,2.12983140605,4,4,3,0,0,0
156,156,12,191.5,0,0,2.20514206235,4,4,4,0,0,0
157,157,12,192.1,0,0,2.44817495414,4,4,4,0,0,0
158,158,12,191.9,0,0,2.47476659444,4,4,4,0,0,0
159,159,11,176.7,0,0,2.59432948072,4,3,4,0,0,0
160,160,11,170.5,0,0,3.20343565567,4,3,4,0,0,0
161,161,10,158.5,0,0,3.70742498238,4,2,4,0,0,0
162,162,10,160.6,0,0,3.20041663954,4,2,4,0,0,0
163,163,10,162.8,0,0,3.31052194609,4,2,4,0,0,0
164,164,10,155.2,0,0,3.33959412038,4,2,4,0,0,0
165,165,10,159.4,0,0,3.12594874487,4,2,4,0,0,0
166,166,10,160.6,0,0,3.36029099269,4,2,4,0,0,0
167,167,11,177.4,0,0,3.24039840424,4,3,4,0,0,0
168,168,11,178.0,0,0,3.42485567048,4,3,4,0,0,0
169,169,11,173.5,0,0,3.49516549225,4,3,4,0,0,0
170,170,11,179.2,0,0,3.42095148912,4,3,4,0,0,0
171,171,11,181.1,0,0,3.49235528756,4,3,4,0,0,0
172,172,11,184.8,0,0,3.8958952758,4,3,4,0,0,0
173,173,10,161.5,0,0,3.77837413594,3,3,4,0,0,0
174,174,10,162.1,0,0,3.57287621454,3,3,4,0,0,0
175,175,10,167.2,0,0,3.53735620045,3,3,4,0,0,0
176,176,11,179.6,0,0,3.76060923498,4,3,4,0,0,0
177,177,10,166.6,0,0,3.57652842231,4,3,3,0,0,0
178,178,10,167.3,0,0,3.74048422296,4,3,3,0,0,0
179,179,10,164.2,0,0,3.84644135678,4,3,3,0,0,0
180,180,10,162.2,0,0,3.5850925914,4,3,3,0,0,0
181,181,10,163.6,0,0,3.45292146836,4,3,3,0,0,0
182,182,10,166.1,0,0,3.16805232841,4,3,3,0,0,0
183,183,11,173.7,0,0,2.91563185106,5,3,3,0,0,0
184,184,11,169.5,0,0,2.55986505326,5,3,3,0,0,0
185,185,11,182.7,0,0,3.349165432,5,3,3,0,0,0
186,186,11,181.0,0,0,3.70927584209,5,3,3,0,0,0
187,187,11,179.5,0,0,3.48735377667,5,3,3,0,0,0
188,188,11,173.5,0,0,3.64666722065,5,3,3,0,0,0
189,189,11,175.9,0,0,3.81089347672,5,3,3,0,0,0
190,190,12,188.8,0,0,3.62850666336,5,4,3,0,0,0
191,191,12,189.3,0,0,3.8014650286,5,4,3,0,0,0
192,192,12,187.0,0,0,3.17256229492,5,4,3,0,0,0
193,193,12,183.5,0,0,2.6918929917,5,4,3,0,0,0
194,194,12,179.7,0,0,2.20376743535,5,4,3,0,0,0
195,195,12,181.6,0,0,2.11545539191,5,4,3,0,0,0
196,196,11,168.6,0,0,1.97438137607,4,4,3,0,0,0
197,197,11,168.6,0,0,1.97438137607,4,4,3,0,0,0
198,198,11,168.8,0,0,2.0441935507,4,4,3,0,0,0
199,199,11,166.0,0,0,1.9023430529,4,4,3,0,0,0
200,200,11,163.4,0,0,2.02798601394,4,4,3,0,0,0
201,201,11,174.8,0,0,2.35646113715,4,4,3,0,0,0
202,202,11,175.4,0,0,2.39096785272,4,4,3,0,0,0
203,203,10,164.9,0,0,2.38953737968,4,3,3,0,0,0
204,204,10,165.1,0,0,2.37601440325,4,3,3,0,0,0
205,205,9,143.5,0,0,2.57541798118,3,3,3,0,0,0
206,206,8,128.6,0,0,2.86194239734,3,2,3,0,0,0
207,207,8,134.4,0,0,2.61424668199,3,2,3,0,0,0
208,208,8,134.8,0,0,2.56292243905,3,2,3,0,0,0
209,209,8,136.0,0,0,2.67368125037,3,2,3,0,0,0
210,210,8,132.3,0,0,1.88599159216,3,2,3,0,0,0
211,211,8,134.8,0,0,2.60219687407,3,2,3,0,0,0
212,212,8,133.9,0,0,2.49853528521,3,2,3,0,0,0
213,213,8,137.9,0,0,3.07707537398,3,2,3,0,0,0
214,214,8,141.3,0,0,3.21378170652,3,2,3,0,0,0
215,215,9,152.0,0,0,3.18097643989,3,3,3,0,0,0
216,216,9,140.8,0,0,2.51152897212,3,3,3,0,0,0
217,217,9,148.4,0,0,2.41528696248,3,3,3,0,0,0
218,218,10,164.5,0,0,3.00379389735,4,3,3,0,0,0
219,219,10,166.1,0,0,2.79063911437,4,3,3,0,0,0
220,220,10,164.9,0,0,2.66268452673,4,3,3,0,0,0
221,221,11,174.1,0,0,2.5958008048,4,4,3,0,0,0
222,222,11,172.3,0,0,2.11531214116,4,4,3,0,0,0
223,223,11,171.5,0,0,2.46797672009,4,4,3,0,0,0
224,224,11,170.4,0,0,2.52089450214,4,4,3,0,0,0
225,225,11,174.3,0,0,2.86683227147,4,4,3,0,0,0
226,226,11,172.6,0,0,2.62086037227,4,4,3,0,0,0
227,227,12,186.3,0,0,2.57262688529,5,4,3,0,0,0
228,228,12,185.1,0,0,2.23652530827,5,4,3,0,0,0
229,229,12,180.1,0,0,1.61721327841,5,4,3,0,0,0
230,230,12,183.7,0,0,1.95748369706,5,4,3,0,0,0
231,231,12,186.6,0,0,2.05448511577,5,4,3,0,0,0
232,232,12,186.3,0,0,2.40421032207,5,4,3,0,0,0
233,233,12,187.4,0,0,2.25664003386,5,4,3,0,0,0
234,234,12,181.4,0,0,1.81450385572,5,4,3,0,0,0
235,235,12,184.3,0,0,2.02235611167,5,4,3,0,0,0
236,236,12,182.0,0,0,2.08689997728,5,4,3,0,0,0
237,237,12,194.2,0,0,2.58872848161,5,4,3,0,0,0
238,238,10,168.9,0,0,2.86645348045,4,3,3,0,0,0
239,239,10,169.3,0,0,2.82412228253,4,3,3,0,0,0
240,240,10,169.2,0,0,2.85065294665,4,3,3,0,0,0
241,241,10,168.7,0,0,2.43267114277,4,3,3,0,0,0
242,242,10,172.2,0,0,2.66324780839,4,3,3,0,0,0
243,243,10,170.3,0,0,2.20254902834,4,3,3,0,0,0
244,244,10,172.4,0,0,2.5687004929,4,3,3,0,0,0
245,245,10,171.5,0,0,2.44142490271,4,3,3,0,0,0
246,246,11,180.0,0,0,2.37329843352,4,4,3,0,0,0
247,247,11,177.5,0,0,2.41382382426,4,4,3,0,0,0
248,248,11,175.2,0,0,2.72473518313,4,4,3,0,0,0
249,249,11,174.6,0,0,2.92030508991,4,4,3,0,0,0
250,250,11,173.1,0,0,2.19648479497,4,4,3,0,0,0
251,251,10,163.7,0,0,2.12187024423,3,4,3,0,0,0
252,252,10,160.9,0,0,1.94733436038,3,4,3,0,0,0
253,253,10,162.0,0,0,2.12916258969,3,4,3,0,0,0
254,254,11,178.6,0,0,1.79681536462,4,4,3,0,0,0
255,255,11,169.0,0,0,1.60017044547,4,4,3,0,0,0
256,256,10,159.4,0,0,1.75068240663,4,3,3,0,0,0
257,257,9,144.7,0,0,2.09151725894,3,3,3,0,0,0
258,258,9,146.6,0,0,2.20988938889,3,3,3,0,0,0
259,259,9,146.5,0,0,2.18046885886,3,3,3,0,0,0
260,260,9,142.8,0,0,2.49749874875,3,3,3,0,0,0
261,261,9,142.7,0,0,2.49254443848,3,3,3,0,0,0
262,262,9,136.5,0,0,1.70440605491,3,3,3,0,0,0
263,263,10,154.8,0,0,2.11597101429,4,3,3,0,0,0
264,264,10,154.3,0,0,1.6911863029,4,3,3,0,0,0
265,265,10,163.3,0,0,2.60898021797,4,3,3,0,0,0
266,266,10,161.2,0,0,2.29724472648,4,3,3,0,0,0
267,267,10,161.3,0,0,2.29252408203,4,3,3,0,0,0
268,268,10,160.6,0,0,1.65206940936,4,3,3,0,0,0
269,269,10,161.2,0,0,1.62808681177,4,3,3,0,0,0
270,270,10,157.0,0,0,1.48099065943,4,3,3,0,0,0
271,271,10,160.4,0,0,1.92076373699,4,3,3,0,0,0
272,272,10,164.7,0,0,2.89944439122,4,3,3,0,0,0
273,273,10,162.2,0,0,2.37009141877,4,3,3,0,0,0
274,274,10,158.3,0,0,2.78729259318,4,3,3,0,0,0
275,275,10,162.7,0,0,3.33668165165,4,3,3,0,0,0
276,276,10,163.1,0,0,2.65599949799,4,3,3,0,0,0
277,277,10,160.9,0,0,2.5873409774,4,3,3,0,0,0
278,278,10,162.1,0,0,2.49819935153,4,3,3,0,0,0
279,279,10,153.1,0,0,2.1773837512,4,3,3,0,0,0
280,280,10,153.5,0,0,2.19911598401,4,3,3,0,0,0
281,281,10,153.5,0,0,2.19911598401,4,3,3,0,0,0
282,282,10,155.1,0,0,1.93875676086,4,3,3,0,0,0
283,283,9,138.5,0,0,2.01584005097,3,3,3,0,0,0
284,284,9,135.8,0,0,2.11213425499,3,3,3,0,0,0
285,285,9,140.8,0,0,2.23668902125,3,3,3,0,0,0
286,286,1,28.8,1,28.8,,0,1,0,0,1,0
287,287,6,152.8,4,109.3,2.95612358785,1,3,2,0,3,1
288,288,8,196.0,2,58.1,3.56089876295,1,4,3,0,1,1
289,289,11,242.1,3,84.4,4.48273455504,4,4,3,0,3,0
290,290,12,288.5,6,173.2,5.51072645489,5,4,3,0,4,2
291,291,12,289.1,4,114.9,4.17491607609,5,4,3,0,3,1
293,293,3,58.1,0,0,0.850490054812,2,1,0,0,0,0
294,294,6,132.1,1,31.0,5.29921377816,4,2,0,1,0,0
295,295,7,151.1,1,30.9,4.52527294625,5,2,0,1,0,0
296,296,9,193.4,2,56.5,3.95520051465,7,2,0,1,1,0
297,297,9,204.6,3,83.6,4.2921439864,7,2,0,2,1,0
298,298,12,269.8,3,86.4,4.71242715561,10,2,0,2,1,0
299,299,12,280.7,6,170.9,5.78924682389,10,2,0,5,1,0
300,300,12,281.3,4,117.6,5.65323050578,10,2,0,3,1,0
301,301,12,264.4,3,86.2,5.03809728394,10,2,0,2,1,0
302,302,14,299.7,4,114.5,5.52539094137,11,3,0,2,2,0
303,303,15,305.2,1,29.1,4.25153193679,12,3,0,1,0,0
304,304,16,329.8,3,83.8,5.24021309999,12,4,0,1,2,0
