,e_id,num_sat,sum_snr,num_sat_25,sum_snr_25,num_sat_u20,sum_sat_u20,snr_std,elev_0_30,elev_30_60,elev_60_90,sum_elev_0_30,sum_elev_30_60,sum_elev_60_90,elev_0_30_25,elev_30_60_25,elev_60_90_25,sum_elev_0_30_25,sum_elev_30_60_25,sum_elev_60_90_25
1,1,9,152.9,0,0,8,132.2,2.57849008358,2,7,0,31.6,121.3,0,0,0,0,0,0,0
2,2,9,153.2,0,0,8,132.5,2.61714433008,2,7,0,31.4,121.8,0,0,0,0,0,0,0
3,3,9,148.8,0,0,8,128.1,2.45865817063,2,7,0,31.3,117.5,0,0,0,0,0,0,0
4,4,9,147.3,0,0,9,147.3,2.45153013443,2,7,0,37.3,110.0,0,0,0,0,0,0,0
5,5,9,145.7,0,0,9,145.7,2.64407093534,2,7,0,37.3,108.4,0,0,0,0,0,0,0
6,6,9,136.2,0,0,9,136.2,2.64007575649,2,7,0,32.5,103.7,0,0,0,0,0,0,0
7,7,10,156.8,0,0,10,156.8,2.87201052304,3,7,0,45.1,111.7,0,0,0,0,0,0,0
8,8,10,150.7,0,0,10,150.7,2.61451078917,3,7,0,42.1,108.6,0,0,0,0,0,0,0
9,9,10,157.7,0,0,9,136.7,3.12980297569,3,7,0,46.3,111.4,0,0,0,0,0,0,0
10,10,11,181.2,0,0,9,137.5,3.63237963575,3,7,1,52.2,114.9,14.1,0,0,0,0,0,0
11,11,12,202.6,0,0,9,138.9,3.37930421384,4,7,1,66.7,119.8,16.1,0,0,0,0,0,0
12,12,12,199.9,0,0,12,199.9,2.97976763381,4,7,1,63.8,120.0,16.1,0,0,0,0,0,0
13,13,12,202.0,0,0,11,179.6,3.13233381866,4,7,1,63.2,122.7,16.1,0,0,0,0,0,0
14,14,12,188.5,0,0,12,188.5,2.39979481446,4,7,1,59.2,114.6,14.7,0,0,0,0,0,0
15,15,13,213.0,0,0,12,191.3,3.09080522244,5,7,1,75.9,122.4,14.7,0,0,0,0,0,0
16,16,13,219.6,0,0,11,173.9,3.77568129359,5,7,1,75.4,129.5,14.7,0,0,0,0,0,0
17,17,13,214.3,0,0,11,166.7,3.91744945805,5,7,1,73.0,126.6,14.7,0,0,0,0,0,0
18,18,13,214.3,0,0,11,169.8,3.54185595271,5,7,1,75.3,124.3,14.7,0,0,0,0,0,0
19,19,13,218.5,0,0,10,153.8,3.40354264908,5,7,1,78.1,127.2,13.2,0,0,0,0,0,0
20,20,13,232.7,0,0,10,167.1,3.00942962481,5,7,1,78.1,131.9,22.7,0,0,0,0,0,0
21,21,13,220.5,0,0,12,199.5,2.47505503694,5,7,1,74.6,127.3,18.6,0,0,0,0,0,0
22,22,13,222.3,0,0,11,180.3,3.13235800423,5,7,1,72.5,128.8,21.0,0,0,0,0,0,0
23,23,13,222.3,0,0,11,180.3,3.13235800423,5,7,1,72.5,128.8,21.0,0,0,0,0,0,0
24,24,13,216.0,0,0,12,195.0,2.97653214156,5,7,1,74.3,120.7,21.0,0,0,0,0,0,0
25,25,13,216.0,0,0,12,195.0,2.97653214156,5,7,1,74.3,120.7,21.0,0,0,0,0,0,0
26,26,13,214.9,0,0,12,193.9,2.97724274438,5,7,1,73.2,120.7,21.0,0,0,0,0,0,0
27,27,13,203.2,0,0,13,203.2,2.8205745914,5,7,1,76.4,111.6,15.2,0,0,0,0,0,0
28,28,13,198.8,0,0,13,198.8,2.69427217706,5,7,1,76.3,107.3,15.2,0,0,0,0,0,0
29,29,13,199.0,0,0,13,199.0,2.69705442364,5,7,1,77.1,105.4,16.5,0,0,0,0,0,0
30,30,13,199.6,0,0,13,199.6,2.63458263128,5,7,1,77.1,106.0,16.5,0,0,0,0,0,0
31,31,13,194.4,0,0,13,194.4,2.51681524438,5,7,1,70.5,107.4,16.5,0,0,0,0,0,0
32,32,13,197.9,0,0,13,197.9,2.72003487911,5,7,1,74.1,107.4,16.4,0,0,0,0,0,0
33,33,13,204.2,0,0,12,184.0,2.83797508166,5,7,1,82.6,102.2,19.4,0,0,0,0,0,0
34,34,13,214.0,0,0,11,173.0,2.91705858173,5,7,1,82.3,110.9,20.8,0,0,0,0,0,0
35,35,13,216.2,0,0,11,173.4,2.96574459886,5,7,1,86.3,108.7,21.2,0,0,0,0,0,0
36,36,13,212.5,0,0,11,171.6,2.57701875062,5,7,1,85.1,109.5,17.9,0,0,0,0,0,0
37,37,12,197.8,0,0,11,177.3,2.32958573505,4,7,1,71.8,108.1,17.9,0,0,0,0,0,0
38,38,12,199.1,0,0,11,178.6,2.2749458868,4,7,1,69.5,111.7,17.9,0,0,0,0,0,0
39,39,12,198.7,0,0,10,156.8,2.70032265188,4,7,1,69.5,114.8,14.4,0,0,0,0,0,0
40,40,12,198.3,0,0,10,156.3,2.73666186838,4,7,1,69.5,114.4,14.4,0,0,0,0,0,0
41,41,12,192.2,0,0,12,192.2,1.58563628372,4,7,1,69.5,107.2,15.5,0,0,0,0,0,0
42,42,12,198.0,0,0,11,177.8,1.98035809434,4,7,1,69.5,113.0,15.5,0,0,0,0,0,0
43,43,12,201.7,0,0,12,201.7,1.94209742913,4,7,1,69.5,115.2,17.0,0,0,0,0,0,0
44,44,12,201.3,0,0,11,181.1,2.00051129828,4,7,1,69.5,114.8,17.0,0,0,0,0,0,0
45,45,12,200.0,0,0,11,179.8,1.98646938211,4,7,1,69.5,113.5,17.0,0,0,0,0,0,0
46,46,13,208.6,0,0,12,188.1,2.42336384138,5,7,1,80.8,112.9,14.9,0,0,0,0,0,0
47,47,13,205.5,0,0,12,184.9,2.68187171532,5,7,1,80.5,110.1,14.9,0,0,0,0,0,0
48,48,13,200.9,0,0,12,180.5,2.7861608546,5,7,1,76.8,109.2,14.9,0,0,0,0,0,0
49,49,13,198.9,0,0,12,177.5,2.91061276481,5,7,1,76.8,107.2,14.9,0,0,0,0,0,0
50,50,13,202.9,0,0,12,181.9,2.75453006835,5,7,1,76.8,112.3,13.8,0,0,0,0,0,0
51,51,13,206.1,0,0,12,185.4,2.71772434971,5,7,1,80.1,112.2,13.8,0,0,0,0,0,0
52,52,13,208.4,0,0,12,187.7,2.7078234234,5,7,1,80.1,112.9,15.4,0,0,0,0,0,0
53,53,13,208.3,0,0,12,187.1,2.78901232403,5,7,1,80.1,112.8,15.4,0,0,0,0,0,0
54,54,13,210.8,0,0,12,188.8,3.00245625942,5,7,1,80.8,114.6,15.4,0,0,0,0,0,0
55,55,13,212.0,0,0,11,170.9,2.77592673368,5,7,1,80.8,115.8,15.4,0,0,0,0,0,0
56,56,14,225.8,0,0,12,184.9,2.86716922079,6,7,1,94.6,115.8,15.4,0,0,0,0,0,0
57,57,14,227.3,0,0,12,184.9,3.04923878089,6,7,1,94.6,117.3,15.4,0,0,0,0,0,0
58,58,14,216.5,0,0,14,216.5,2.76783924135,6,7,1,89.8,111.3,15.4,0,0,0,0,0,0
59,59,12,184.9,0,0,12,184.9,2.52495124465,5,6,1,72.2,97.3,15.4,0,0,0,0,0,0
60,60,12,186.8,0,0,12,186.8,2.66810567234,5,6,1,72.2,99.2,15.4,0,0,0,0,0,0
61,61,12,183.7,0,0,12,183.7,2.93643517128,5,6,1,74.1,97.7,11.9,0,0,0,0,0,0
62,62,12,184.1,0,0,12,184.1,2.92806431044,5,6,1,74.1,98.1,11.9,0,0,0,0,0,0
63,63,12,192.4,0,0,12,192.4,2.85158116692,5,6,1,75.1,100.7,16.6,0,0,0,0,0,0
64,64,12,205.7,0,0,11,180.8,3.76453747813,5,6,1,78.7,102.1,24.9,0,0,0,0,0,0
65,65,13,220.3,0,0,12,198.0,3.17217469691,6,6,1,96.9,101.1,22.3,0,0,0,0,0,0
66,66,13,216.5,0,0,12,195.8,2.99905968169,6,6,1,96.4,99.4,20.7,0,0,0,0,0,0
67,67,13,224.6,0,0,11,180.1,3.07927314101,5,7,1,82.6,119.5,22.5,0,0,0,0,0,0
68,68,13,219.7,0,0,12,198.6,2.40242932605,5,7,1,80.3,120.3,19.1,0,0,0,0,0,0
69,69,13,216.9,0,0,13,216.9,2.12086702154,5,7,1,80.3,118.9,17.7,0,0,0,0,0,0
70,70,13,215.5,0,0,12,192.0,2.90176780778,5,7,1,80.3,111.7,23.5,0,0,0,0,0,0
71,71,13,205.6,0,0,11,162.4,3.40901895806,5,7,1,71.5,111.8,22.3,0,0,0,0,0,0
72,72,13,218.1,0,0,11,172.9,3.66995773049,5,7,1,80.0,113.5,24.6,0,0,0,0,0,0
73,73,13,232.9,0,0,8,122.7,4.07775390663,5,7,1,80.0,128.0,24.9,0,0,0,0,0,0
74,74,13,231.6,0,0,9,140.2,4.13377272272,5,7,1,80.0,127.4,24.2,0,0,0,0,0,0
75,75,13,225.1,0,0,10,158.5,3.69320234888,5,7,1,80.0,121.2,23.9,0,0,0,0,0,0
76,76,13,223.3,0,0,11,178.2,3.51737445788,5,7,1,78.0,122.8,22.5,0,0,0,0,0,0
77,77,13,212.8,0,0,13,212.8,2.88830533225,5,7,1,78.0,117.6,17.2,0,0,0,0,0,0
78,78,13,219.4,0,0,12,198.2,2.87232595822,5,7,1,78.2,124.0,17.2,0,0,0,0,0,0
79,79,13,218.9,0,0,13,218.9,2.73298934671,5,7,1,78.2,122.4,18.3,0,0,0,0,0,0
80,80,13,210.8,0,0,12,190.4,3.12192412727,5,7,1,68.6,121.8,20.4,0,0,0,0,0,0
81,81,13,213.3,0,0,12,190.4,3.45987994456,5,7,1,68.6,121.8,22.9,0,0,0,0,0,0
82,82,13,208.0,0,0,13,208.0,2.93172304285,5,7,1,68.6,121.1,18.3,0,0,0,0,0,0
83,83,13,191.4,0,0,13,191.4,2.60709092226,5,7,1,70.3,102.8,18.3,0,0,0,0,0,0
84,84,13,194.6,0,0,12,173.6,3.03737403453,5,7,1,70.3,106.0,18.3,0,0,0,0,0,0
85,85,14,207.9,0,0,13,186.9,2.95211788383,6,7,1,83.6,106.0,18.3,0,0,0,0,0,0
86,86,14,205.6,0,0,14,205.6,2.63347011283,6,7,1,83.6,103.7,18.3,0,0,0,0,0,0
87,87,14,205.8,0,0,14,205.8,2.64458808775,6,7,1,83.8,103.7,18.3,0,0,0,0,0,0
88,88,14,203.4,0,0,14,203.4,2.62515305676,6,7,1,80.4,104.7,18.3,0,0,0,0,0,0
89,89,14,199.8,0,0,14,199.8,2.51194946404,6,7,1,82.8,104.7,12.3,0,0,0,0,0,0
90,90,14,210.4,0,0,12,167.9,3.59859557465,6,7,1,85.2,103.1,22.1,0,0,0,0,0,0
91,91,13,194.5,0,0,12,174.1,2.88892669272,5,7,1,73.4,103.8,17.3,0,0,0,0,0,0
92,92,13,204.0,0,0,11,163.5,3.34625699812,5,7,1,71.4,113.6,19.0,0,0,0,0,0,0
93,93,14,220.4,0,0,14,220.4,2.65611465395,6,7,1,88.7,113.9,17.8,0,0,0,0,0,0
94,94,14,225.2,0,0,13,204.2,3.05887288012,6,7,1,88.5,117.5,19.2,0,0,0,0,0,0
95,95,14,224.8,0,0,12,183.8,3.19415675298,6,7,1,88.1,117.5,19.2,0,0,0,0,0,0
96,96,15,232.1,0,0,14,211.9,2.72592491948,7,7,1,101.8,114.2,16.1,0,0,0,0,0,0
97,97,15,232.8,0,0,14,212.6,2.68280237279,7,7,1,101.7,114.0,17.1,0,0,0,0,0,0
98,98,15,232.6,0,0,14,212.4,2.80674357999,7,7,1,101.5,114.0,17.1,0,0,0,0,0,0
99,99,15,230.4,0,0,15,230.4,2.46744517959,7,7,1,103.4,109.9,17.1,0,0,0,0,0,0
100,100,15,229.4,0,0,15,229.4,2.54122205323,7,7,1,103.9,109.6,15.9,0,0,0,0,0,0
101,101,15,232.0,0,0,14,211.3,2.85973691764,7,7,1,104.2,109.6,18.2,0,0,0,0,0,0
102,102,15,225.8,0,0,14,204.1,2.83595956718,7,7,1,104.8,102.8,18.2,0,0,0,0,0,0
103,103,14,208.3,0,0,13,186.6,2.5693993825,7,6,1,103.5,90.0,14.8,0,0,0,0,0,0
104,104,14,215.0,0,0,12,171.6,3.15319478666,7,6,1,103.3,90.0,21.7,0,0,0,0,0,0
105,105,15,236.7,0,0,13,193.3,3.31429802953,7,7,1,105.3,109.7,21.7,0,0,0,0,0,0
106,106,15,241.8,0,0,12,175.6,3.5907022791,7,7,1,106.0,119.1,16.7,0,0,0,0,0,0
107,107,15,241.7,0,0,12,174.3,3.68411002369,7,7,1,108.2,116.8,16.7,0,0,0,0,0,0
108,108,15,238.6,0,0,12,172.6,3.59274401034,7,7,1,106.6,115.4,16.6,0,0,0,0,0,0
109,109,15,246.1,0,0,12,178.2,3.69119931471,7,7,1,111.1,118.4,16.6,0,0,0,0,0,0
110,110,15,245.5,0,0,12,179.4,3.3646622982,7,7,1,112.1,116.8,16.6,0,0,0,0,0,0
111,111,15,244.3,0,0,12,178.3,3.42133363026,7,7,1,110.9,116.8,16.6,0,0,0,0,0,0
112,112,15,239.9,0,0,13,193.8,3.42250256531,7,7,1,110.4,114.7,14.8,0,0,0,0,0,0
113,113,15,236.9,0,0,13,190.6,3.39442119338,7,7,1,107.4,114.7,14.8,0,0,0,0,0,0
114,114,15,236.0,0,0,13,189.4,3.49012211548,7,7,1,107.5,113.7,14.8,0,0,0,0,0,0
115,115,15,232.8,0,0,13,187.2,3.27265728641,7,7,1,106.0,112.3,14.5,0,0,0,0,0,0
116,116,15,233.9,0,0,13,188.2,3.24113442809,7,7,1,108.0,111.4,14.5,0,0,0,0,0,0
117,117,15,232.9,0,0,13,187.1,3.40723320236,7,7,1,109.3,109.1,14.5,0,0,0,0,0,0
118,118,15,234.0,0,0,13,187.5,3.55407211117,7,7,1,109.7,109.8,14.5,0,0,0,0,0,0
119,119,15,234.3,0,0,13,188.5,3.45009316644,7,7,1,109.7,110.1,14.5,0,0,0,0,0,0
120,120,15,236.4,0,0,12,171.9,3.36490288546,7,7,1,109.4,113.8,13.2,0,0,0,0,0,0
121,121,15,235.0,0,0,12,170.6,3.39929964776,7,7,1,108.1,113.7,13.2,0,0,0,0,0,0
122,122,14,223.3,0,0,12,181.5,2.58955000546,6,7,1,94.8,111.2,17.3,0,0,0,0,0,0
123,123,13,213.7,0,0,11,170.8,2.93585264774,5,7,1,82.0,112.4,19.3,0,0,0,0,0,0
124,124,13,217.7,0,0,11,172.9,3.2157465138,5,7,1,84.2,110.4,23.1,0,0,0,0,0,0
125,125,13,213.0,0,0,12,191.3,2.85740154507,5,7,1,85.8,109.9,17.3,0,0,0,0,0,0
126,126,13,212.4,0,0,12,190.7,2.79896959062,5,7,1,84.4,109.3,18.7,0,0,0,0,0,0
127,127,13,210.6,0,0,12,188.9,2.8615263992,5,7,1,84.4,107.8,18.4,0,0,0,0,0,0
128,128,12,187.2,0,0,12,187.2,2.32457229693,4,7,1,62.7,106.1,18.4,0,0,0,0,0,0
129,129,12,183.9,0,0,12,183.9,2.02400368307,4,7,1,61.1,106.1,16.7,0,0,0,0,0,0
130,130,12,186.4,0,0,12,186.4,1.98326330409,4,7,1,61.1,107.6,17.7,0,0,0,0,0,0
131,131,11,172.4,0,0,11,172.4,1.74990908855,3,7,1,48.3,107.2,16.9,0,0,0,0,0,0
132,132,11,179.1,0,0,11,179.1,2.10134156282,3,7,1,48.3,113.9,16.9,0,0,0,0,0,0
133,133,11,174.5,0,0,11,174.5,2.43978389505,3,7,1,46.1,111.5,16.9,0,0,0,0,0,0
134,134,12,200.8,0,0,11,179.2,2.76646585617,4,7,1,64.0,119.9,16.9,0,0,0,0,0,0
135,135,12,198.7,0,0,11,177.1,2.83691840923,4,7,1,63.1,118.7,16.9,0,0,0,0,0,0
136,136,12,199.6,0,0,11,178.0,2.61510762279,4,7,1,63.3,120.5,15.8,0,0,0,0,0,0
137,137,12,203.6,0,0,10,162.1,2.70633376069,4,7,1,63.3,119.2,21.1,0,0,0,0,0,0
138,138,12,206.2,0,0,11,185.1,2.47930831019,4,7,1,63.3,121.8,21.1,0,0,0,0,0,0
139,139,12,198.1,0,0,12,198.1,2.22688462914,4,7,1,58.9,122.2,17.0,0,0,0,0,0,0
140,140,12,194.8,0,0,11,173.5,2.64036269318,4,7,1,55.7,117.8,21.3,0,0,0,0,0,0
141,141,12,194.9,0,0,11,173.6,2.49051229974,4,7,1,57.7,115.9,21.3,0,0,0,0,0,0
142,142,12,196.4,0,0,11,175.0,2.48461935381,4,7,1,60.3,120.5,15.6,0,0,0,0,0,0
143,143,12,202.8,0,0,11,182.4,2.49981817521,4,7,1,60.3,122.1,20.4,0,0,0,0,0,0
144,144,12,205.5,0,0,10,164.0,2.77623846238,4,7,1,60.3,123.8,21.4,0,0,0,0,0,0
145,145,12,204.7,0,0,10,161.4,2.95802708615,4,7,1,60.3,123.1,21.3,0,0,0,0,0,0
146,146,12,202.8,0,0,11,181.2,2.54165300543,4,7,1,60.3,120.9,21.6,0,0,0,0,0,0
147,147,13,215.8,0,0,11,172.6,2.86966897046,5,7,1,74.3,118.6,22.9,0,0,0,0,0,0
148,148,13,214.7,0,0,12,191.2,2.88410764762,5,7,1,72.0,119.2,23.5,0,0,0,0,0,0
149,149,13,217.3,0,0,12,193.5,3.03255836818,5,7,1,71.9,121.6,23.8,0,0,0,0,0,0
150,150,13,218.5,0,0,12,194.7,2.91246217099,5,7,1,72.0,122.7,23.8,0,0,0,0,0,0
151,151,13,225.0,0,0,12,200.4,3.23817374932,5,7,1,71.6,128.8,24.6,0,0,0,0,0,0
152,152,13,219.3,0,0,12,195.6,2.96883383822,5,7,1,71.6,124.0,23.7,0,0,0,0,0,0
153,153,13,222.7,0,0,11,178.7,3.04203457557,5,7,1,71.6,127.6,23.5,0,0,0,0,0,0
154,154,13,218.3,0,0,12,195.8,2.81852843947,5,7,1,71.7,124.1,22.5,0,0,0,0,0,0
155,155,12,205.2,0,0,11,181.2,2.89639274082,4,7,1,58.9,122.3,24.0,0,0,0,0,0,0
156,156,12,200.7,0,0,11,177.6,2.47941525364,4,7,1,62.0,115.6,23.1,0,0,0,0,0,0
157,157,12,203.1,0,0,11,179.8,2.68434010851,4,7,1,62.5,117.3,23.3,0,0,0,0,0,0
158,158,12,207.4,0,0,10,162.8,2.95629784861,4,7,1,64.6,119.3,23.5,0,0,0,0,0,0
159,159,12,202.8,0,0,11,180.8,2.5041783265,4,7,1,62.9,117.9,22.0,0,0,0,0,0,0
160,160,11,192.6,0,0,8,128.8,2.89290668548,4,6,1,63.8,106.1,22.7,0,0,0,0,0,0
161,161,11,191.6,0,0,9,147.2,2.98691083959,4,6,1,61.5,106.3,23.8,0,0,0,0,0,0
162,162,11,193.1,0,0,9,150.2,2.9333815423,4,6,1,62.9,107.9,22.3,0,0,0,0,0,0
163,163,11,191.0,0,0,9,150.0,2.43033854731,4,6,1,64.4,106.2,20.4,0,0,0,0,0,0
164,164,11,190.2,0,0,10,169.6,2.32183313158,4,6,1,64.4,107.3,18.5,0,0,0,0,0,0
165,165,11,189.1,0,0,10,168.5,2.57233533796,4,6,1,64.4,104.8,19.9,0,0,0,0,0,0
166,166,11,183.5,0,0,10,162.9,2.42768127307,4,6,1,59.9,104.8,18.8,0,0,0,0,0,0
167,167,11,183.4,0,0,10,162.8,2.43601761451,4,6,1,59.9,104.7,18.8,0,0,0,0,0,0
168,168,11,184.3,0,0,10,163.7,2.20107411795,4,6,1,61.1,105.8,17.4,0,0,0,0,0,0
169,169,11,180.8,0,0,10,157.3,2.85456572083,4,6,1,61.1,96.2,23.5,0,0,0,0,0,0
170,170,11,187.8,0,0,9,142.5,3.24779645578,4,6,1,61.4,102.9,23.5,0,0,0,0,0,0
171,171,12,216.6,0,0,10,171.3,2.94263332903,4,7,1,67.5,125.6,23.5,0,0,0,0,0,0
172,172,12,218.9,0,0,9,152.8,2.98281695209,4,7,1,69.7,125.7,23.5,0,0,0,0,0,0
173,173,12,216.2,0,0,8,128.4,3.42366983681,4,7,1,70.8,121.9,23.5,0,0,0,0,0,0
174,174,12,206.0,0,0,10,160.6,3.4978781447,4,7,1,67.2,115.3,23.5,0,0,0,0,0,0
175,175,13,215.5,0,0,11,170.3,3.52329245786,5,7,1,75.7,116.3,23.5,0,0,0,0,0,0
176,176,13,206.0,0,0,11,165.6,2.62285321251,5,7,1,76.3,115.0,14.7,0,0,0,0,0,0
177,177,13,208.4,0,0,12,188.3,2.5460376455,5,7,1,74.6,119.1,14.7,0,0,0,0,0,0
178,178,13,209.9,0,0,12,189.8,2.45343819453,5,7,1,74.6,118.5,16.8,0,0,0,0,0,0
179,179,12,192.4,0,0,12,192.4,2.00151457803,4,7,1,62.3,111.2,18.9,0,0,0,0,0,0
180,180,12,198.0,0,0,12,198.0,2.18548933568,4,7,1,65.4,113.3,19.3,0,0,0,0,0,0
181,181,12,195.7,0,0,11,175.1,2.48063713712,4,7,1,63.1,112.0,20.6,0,0,0,0,0,0
182,182,12,200.8,0,0,11,179.5,2.69792288229,4,7,1,63.1,118.2,19.5,0,0,0,0,0,0
183,183,12,198.8,0,0,10,156.8,2.57340712722,4,7,1,65.2,112.2,21.4,0,0,0,0,0,0
184,184,12,198.0,0,0,10,156.8,2.44986084948,4,7,1,65.2,111.8,21.0,0,0,0,0,0,0
185,185,12,196.8,0,0,10,153.9,2.76898406049,4,7,1,62.3,112.4,22.1,0,0,0,0,0,0
186,186,12,193.7,0,0,10,151.9,2.59035214641,4,7,1,60.3,112.4,21.0,0,0,0,0,0,0
187,187,12,193.9,0,0,10,152.6,2.57274467282,4,7,1,61.1,112.3,20.5,0,0,0,0,0,0
188,188,12,195.1,0,0,10,154.1,2.48978214941,4,7,1,62.6,111.7,20.8,0,0,0,0,0,0
189,189,12,187.2,0,0,11,167.0,2.38403782764,4,7,1,62.7,106.0,18.5,0,0,0,0,0,0
190,190,12,195.2,0,0,11,175.0,2.39291884653,4,7,1,62.7,114.0,18.5,0,0,0,0,0,0
191,191,12,192.4,0,0,10,151.7,2.66946822533,4,7,1,60.2,113.7,18.5,0,0,0,0,0,0
192,192,12,188.6,0,0,10,147.9,2.57393696798,4,7,1,60.2,113.7,14.7,0,0,0,0,0,0
193,193,12,191.6,0,0,10,150.9,2.58011040403,4,7,1,60.2,116.7,14.7,0,0,0,0,0,0
194,194,12,194.9,0,0,9,132.6,2.84300044234,4,7,1,58.0,121.6,15.3,0,0,0,0,0,0
195,195,12,203.7,0,0,9,141.4,2.80749807739,4,7,1,61.5,125.4,16.8,0,0,0,0,0,0
196,196,12,202.5,0,0,9,140.2,2.93013341303,4,7,1,61.5,124.2,16.8,0,0,0,0,0,0
197,197,11,164.1,0,0,11,164.1,1.86966209879,4,6,1,58.2,87.3,18.6,0,0,0,0,0,0
198,198,11,173.5,0,0,11,173.5,2.54404831286,4,6,1,58.2,96.7,18.6,0,0,0,0,0,0
199,199,10,159.4,0,0,10,159.4,2.52375381789,3,6,1,45.3,95.5,18.6,0,0,0,0,0,0
200,200,10,160.4,0,0,10,160.4,2.41624134188,3,6,1,45.3,96.5,18.6,0,0,0,0,0,0
201,201,10,168.0,0,0,10,168.0,2.42532930181,3,6,1,44.5,104.9,18.6,0,0,0,0,0,0
202,202,10,167.7,0,0,10,167.7,2.40788058028,3,6,1,44.5,104.6,18.6,0,0,0,0,0,0
203,203,10,171.9,0,0,10,171.9,2.29271794069,3,6,1,48.7,104.6,18.6,0,0,0,0,0,0
204,204,10,166.2,0,0,10,166.2,2.3078609625,3,6,1,48.7,98.9,18.6,0,0,0,0,0,0
205,205,11,172.5,0,0,11,172.5,2.30252825469,4,6,1,61.1,92.8,18.6,0,0,0,0,0,0
206,206,11,172.1,0,0,11,172.1,2.34323009385,4,6,1,60.7,92.8,18.6,0,0,0,0,0,0
207,207,11,172.7,0,0,11,172.7,2.35457002444,4,6,1,61.3,92.8,18.6,0,0,0,0,0,0
208,208,11,172.4,0,0,11,172.4,2.39294417365,4,6,1,61.0,92.8,18.6,0,0,0,0,0,0
209,209,12,176.5,0,0,12,176.5,2.62244103264,4,7,1,61.1,104.4,11.0,0,0,0,0,0,0
210,210,12,175.8,0,0,12,175.8,2.4876056396,4,7,1,61.3,103.5,11.0,0,0,0,0,0,0
211,211,12,180.8,0,0,12,180.8,2.70229980617,4,7,1,60.2,109.6,11.0,0,0,0,0,0,0
212,212,12,186.1,0,0,12,186.1,2.35929817505,4,7,1,60.5,109.6,16.0,0,0,0,0,0,0
213,213,12,189.4,0,0,11,168.4,2.91011818983,4,7,1,58.8,109.6,21.0,0,0,0,0,0,0
214,214,12,185.0,0,0,11,164.9,2.84439906845,4,7,1,65.0,99.9,20.1,0,0,0,0,0,0
215,215,12,180.8,0,0,12,180.8,2.69859671726,4,7,1,63.6,99.9,17.3,0,0,0,0,0,0
216,216,12,185.0,0,0,11,164.6,2.99994949452,4,7,1,64.7,99.9,20.4,0,0,0,0,0,0
217,217,12,182.1,0,0,12,182.1,2.65950268762,4,7,1,64.7,99.9,17.5,0,0,0,0,0,0
218,218,12,182.7,0,0,12,182.7,2.71230361669,4,7,1,64.7,99.9,18.1,0,0,0,0,0,0
219,219,12,183.8,0,0,12,183.8,2.64844150856,4,7,1,66.1,99.9,17.8,0,0,0,0,0,0
220,220,12,182.8,0,0,12,182.8,2.6749114967,4,7,1,65.1,99.9,17.8,0,0,0,0,0,0
221,221,11,160.3,0,0,11,160.3,2.4527906185,4,6,1,65.1,77.4,17.8,0,0,0,0,0,0
222,222,11,159.7,0,0,11,159.7,2.43056297257,4,6,1,65.1,76.8,17.8,0,0,0,0,0,0
223,223,11,167.4,0,0,11,167.4,2.50192653042,4,6,1,67.5,82.1,17.8,0,0,0,0,0,0
224,224,11,168.8,0,0,11,168.8,2.60167778034,4,6,1,68.9,82.1,17.8,0,0,0,0,0,0
225,225,11,167.2,0,0,11,167.2,2.64045450633,4,6,1,68.0,81.4,17.8,0,0,0,0,0,0
226,226,11,169.3,0,0,11,169.3,2.60478580519,4,6,1,68.0,83.5,17.8,0,0,0,0,0,0
227,227,11,170.9,0,0,11,170.9,2.5745961731,4,6,1,68.6,84.5,17.8,0,0,0,0,0,0
228,228,11,171.4,0,0,11,171.4,2.39241224784,4,6,1,71.0,82.6,17.8,0,0,0,0,0,0
229,229,10,159.6,0,0,10,159.6,2.14745327203,4,5,1,71.0,70.8,17.8,0,0,0,0,0,0
230,230,10,160.4,0,0,10,160.4,1.77776388883,4,5,1,70.0,72.6,17.8,0,0,0,0,0,0
231,231,11,172.5,0,0,11,172.5,2.64190014263,4,6,1,70.0,92.6,9.9,0,0,0,0,0,0
232,232,11,182.0,0,0,10,161.7,2.02453137114,4,6,1,67.5,97.2,17.3,0,0,0,0,0,0
233,233,11,185.4,0,0,10,162.7,2.76960778319,4,6,1,68.4,99.8,17.2,0,0,0,0,0,0
234,234,11,182.7,0,0,10,160.2,2.84831688738,4,6,1,65.8,99.7,17.2,0,0,0,0,0,0
235,235,11,184.3,0,0,9,141.8,2.95816282052,4,6,1,65.8,101.3,17.2,0,0,0,0,0,0
236,236,11,184.8,0,0,10,162.5,2.60959767014,4,6,1,64.1,103.4,17.3,0,0,0,0,0,0
237,237,11,190.8,0,0,9,148.5,2.81899401786,4,6,1,67.1,105.6,18.1,0,0,0,0,0,0
238,238,11,186.4,0,0,10,164.6,2.70198580173,4,6,1,66.7,101.6,18.1,0,0,0,0,0,0
239,239,11,183.7,0,0,11,183.7,2.33452350599,4,6,1,66.7,98.9,18.1,0,0,0,0,0,0
240,240,11,175.7,0,0,11,175.7,2.69706911632,4,6,1,64.8,92.8,18.1,0,0,0,0,0,0
241,241,11,170.1,0,0,11,170.1,2.5068995701,4,6,1,64.8,90.1,15.2,0,0,0,0,0,0
242,242,11,171.8,0,0,11,171.8,2.43179694128,4,6,1,64.8,91.8,15.2,0,0,0,0,0,0
243,243,11,168.9,0,0,11,168.9,2.28357773521,4,6,1,63.6,90.1,15.2,0,0,0,0,0,0
244,244,11,168.1,0,0,11,168.1,2.71765273051,4,6,1,59.9,91.8,16.4,0,0,0,0,0,0
245,245,11,170.4,0,0,11,170.4,2.75951247341,4,6,1,61.2,92.8,16.4,0,0,0,0,0,0
246,246,11,173.8,0,0,11,173.8,3.03578655376,4,6,1,61.2,96.2,16.4,0,0,0,0,0,0
247,247,11,167.7,0,0,11,167.7,2.82041260682,4,6,1,61.2,90.1,16.4,0,0,0,0,0,0
248,248,11,165.7,0,0,11,165.7,2.31442119212,4,6,1,59.8,91.2,14.7,0,0,0,0,0,0
249,249,11,179.2,0,0,10,158.9,2.98745863418,4,6,1,63.7,95.2,20.3,0,0,0,0,0,0
250,250,11,179.0,0,0,10,158.9,2.96111158489,4,6,1,63.7,95.2,20.1,0,0,0,0,0,0
251,251,11,183.6,0,0,10,159.7,3.58062970592,4,6,1,64.5,95.2,23.9,0,0,0,0,0,0
252,252,11,178.8,0,0,10,155.0,3.42968326128,4,6,1,63.8,91.2,23.8,0,0,0,0,0,0
253,253,11,184.4,0,0,10,161.8,3.09039567929,4,6,1,65.9,95.9,22.6,0,0,0,0,0,0
254,254,11,185.5,0,0,10,162.7,3.18724731619,4,6,1,65.7,97.0,22.8,0,0,0,0,0,0
255,255,11,183.1,0,0,10,161.0,2.98742820378,4,6,1,64.5,96.5,22.1,0,0,0,0,0,0
256,256,11,181.3,0,0,10,159.8,3.10348777404,4,6,1,64.6,95.2,21.5,0,0,0,0,0,0
257,257,11,179.7,0,0,10,159.3,2.88245476193,4,6,1,64.6,94.7,20.4,0,0,0,0,0,0
258,258,11,179.9,0,0,9,139.4,2.94969952245,4,6,1,64.1,95.6,20.2,0,0,0,0,0,0
259,259,12,191.9,0,0,11,171.7,2.72945493504,5,6,1,77.0,94.7,20.2,0,0,0,0,0,0
260,260,12,188.7,0,0,12,188.7,2.70458365137,5,6,1,76.3,95.2,17.2,0,0,0,0,0,0
261,261,12,178.0,0,0,12,178.0,2.8974387854,5,6,1,74.6,86.2,17.2,0,0,0,0,0,0
262,262,12,177.6,0,0,12,177.6,2.85688959917,5,6,1,74.6,86.2,16.8,0,0,0,0,0,0
263,263,12,190.2,0,0,12,190.2,2.50907444,5,6,1,74.8,96.5,18.9,0,0,0,0,0,0
264,264,12,189.1,0,0,12,189.1,2.84651567977,5,6,1,74.5,95.7,18.9,0,0,0,0,0,0
265,265,4,131.7,4,131.7,0,0,3.09017259496,2,2,0,68.5,63.2,0,2,2,0,68.5,63.2,0
266,266,11,292.0,6,183.6,2,39.9,5.46284973917,5,5,1,134.2,134.6,23.2,2,4,0,68.9,114.7,0
267,267,12,328.9,8,239.1,0,0,4.58564129219,6,5,1,166.1,136.3,26.5,3,4,1,96.8,115.8,26.5
268,268,7,188.3,5,144.5,0,0,4.37721372565,4,2,1,105.3,56.9,26.1,2,2,1,61.5,56.9,26.1
269,269,11,293.5,8,226.6,0,0,3.14986291188,6,4,1,156.8,112.6,24.1,4,4,0,114.0,112.6,0
270,270,12,316.0,7,210.9,3,58.6,5.61933890213,7,4,1,188.1,108.5,19.4,5,2,0,148.9,62.0,0
271,271,13,309.7,4,117.2,3,56.0,4.55945059668,7,5,1,170.0,120.3,19.4,3,1,0,84.8,32.4,0
272,272,13,306.7,5,147.7,4,71.6,5.67912281056,7,5,1,167.1,120.2,19.4,3,2,0,81.5,66.2,0
273,273,14,321.5,5,144.6,5,90.0,5.1595478548,8,5,1,183.3,118.8,19.4,3,2,0,81.7,62.9,0
274,274,14,293.1,3,81.0,7,118.1,4.63126617391,8,5,1,175.4,104.5,13.2,1,2,0,26.6,54.4,0
275,275,14,311.2,5,137.9,6,105.3,4.78321240163,8,5,1,181.5,113.1,16.6,3,2,0,80.5,57.4,0
276,276,14,315.6,5,143.5,6,104.5,5.40551204231,8,5,1,192.3,106.7,16.6,4,1,0,114.2,29.3,0
277,277,15,370.9,6,187.0,4,68.7,6.22133043496,9,5,1,236.6,118.0,16.3,4,2,0,128.1,58.9,0
278,278,15,354.0,5,143.5,3,51.0,4.5483120888,9,5,1,215.3,115.5,23.2,3,2,0,86.8,56.7,0
279,279,15,334.6,5,138.5,6,104.3,4.72250942171,9,5,1,211.5,105.4,17.7,3,2,0,85.8,52.7,0
280,280,15,332.5,5,145.1,8,140.6,5.57502936144,9,5,1,206.5,107.3,18.7,4,1,0,118.5,26.6,0
281,281,15,372.0,7,213.0,4,71.9,6.24053569129,9,5,1,239.2,110.9,21.9,5,2,0,158.5,54.5,0
