,e_id,num_sat,sum_snr,num_sat_25,sum_snr_25,num_sat_u20,sum_sat_u20,snr_std,elev_0_30,elev_30_60,elev_60_90,sum_elev_0_30,sum_elev_30_60,sum_elev_60_90,elev_0_30_25,elev_30_60_25,elev_60_90_25,sum_elev_0_30_25,sum_elev_30_60_25,sum_elev_60_90_25
1,1,8,127.6,0,0,7,107.0,2.75525471988,3,2,3,43.0,29.8,54.8,0,0,0,0,0,0
2,2,8,123.9,0,0,8,123.9,2.08904455263,3,2,3,43.1,29.8,51.0,0,0,0,0,0,0
3,3,9,139.9,0,0,9,139.9,2.42080106117,3,3,3,46.2,47.3,46.4,0,0,0,0,0,0
4,4,9,139.5,0,0,9,139.5,2.63533679062,3,3,3,46.2,47.0,46.3,0,0,0,0,0,0
5,5,9,137.3,0,0,9,137.3,2.35005910091,3,3,3,44.1,46.9,46.3,0,0,0,0,0,0
6,6,9,144.5,0,0,8,123.5,2.81873691177,3,3,3,48.0,46.5,50.0,0,0,0,0,0,0
7,7,8,134.1,0,0,7,112.6,2.98756350799,2,3,3,35.2,46.2,52.7,0,0,0,0,0,0
8,8,8,128.4,0,0,8,128.4,2.19219394345,2,3,3,32.7,44.1,51.6,0,0,0,0,0,0
9,9,10,156.7,0,0,9,136.2,3.03609764153,2,4,4,33.3,59.6,63.8,0,0,0,0,0,0
10,10,10,159.4,0,0,8,118.9,3.31300467854,2,4,4,33.1,60.0,66.3,0,0,0,0,0,0
11,11,10,159.7,0,0,9,138.3,3.46988632539,2,4,4,32.2,60.8,66.7,0,0,0,0,0,0
12,12,10,156.4,0,0,9,135.2,3.54877130536,2,4,4,34.0,58.9,63.5,0,0,0,0,0,0
13,13,10,153.1,0,0,9,131.9,3.2606918148,2,4,4,34.0,59.0,60.1,0,0,0,0,0,0
14,14,10,145.8,0,0,9,124.6,2.7931662639,2,4,4,34.0,56.1,55.7,0,0,0,0,0,0
15,15,11,160.4,0,0,10,139.2,2.66413895352,3,4,4,48.8,55.9,55.7,0,0,0,0,0,0
16,16,11,160.8,0,0,10,139.6,2.72096239659,3,4,4,48.5,55.9,56.4,0,0,0,0,0,0
17,17,11,164.2,0,0,9,122.3,3.23731089304,3,4,4,48.3,55.8,60.1,0,0,0,0,0,0
18,18,11,166.6,0,0,9,124.7,3.2407911492,3,4,4,48.2,58.3,60.1,0,0,0,0,0,0
19,19,11,165.3,0,0,9,123.4,3.17114834377,3,4,4,48.0,56.4,60.9,0,0,0,0,0,0
20,20,11,165.1,0,0,9,123.2,3.17819273974,3,4,4,47.8,56.4,60.9,0,0,0,0,0,0
21,21,11,166.3,0,0,9,124.4,3.34807950378,3,4,4,47.8,58.6,59.9,0,0,0,0,0,0
22,22,11,159.6,0,0,10,138.4,2.74934702992,3,4,4,47.8,57.2,54.6,0,0,0,0,0,0
23,23,11,159.6,0,0,10,138.4,2.74934702992,3,4,4,47.8,57.2,54.6,0,0,0,0,0,0
24,24,11,155.7,0,0,11,155.7,2.59590586746,3,4,4,38.8,60.0,56.9,0,0,0,0,0,0
25,25,11,152.9,0,0,11,152.9,2.30737946597,3,4,4,38.8,58.4,55.7,0,0,0,0,0,0
26,26,11,157.1,0,0,11,157.1,2.31724758359,3,4,4,38.8,58.4,59.9,0,0,0,0,0,0
27,27,11,166.4,0,0,10,142.6,3.4655709224,3,4,4,41.7,58.7,66.0,0,0,0,0,0,0
28,28,11,173.5,0,0,10,151.9,3.00668951144,3,4,4,41.7,64.8,67.0,0,0,0,0,0,0
29,29,10,164.5,0,0,9,142.9,3.15533058666,3,3,4,41.7,55.3,67.5,0,0,0,0,0,0
30,30,10,165.9,0,0,9,144.3,2.98568808373,3,3,4,43.2,55.2,67.5,0,0,0,0,0,0
31,31,10,159.0,0,0,10,159.0,2.4571889992,3,3,4,42.9,55.1,61.0,0,0,0,0,0,0
32,32,10,160.2,0,0,10,160.2,2.44304000058,3,3,4,43.7,55.5,61.0,0,0,0,0,0,0
33,33,10,157.8,0,0,10,157.8,2.10702528593,3,3,4,44.2,52.6,61.0,0,0,0,0,0,0
34,34,10,158.0,0,0,10,158.0,2.10290803941,3,3,4,44.4,52.6,61.0,0,0,0,0,0,0
35,35,10,158.0,0,0,10,158.0,2.18835300829,3,3,4,43.9,54.1,60.0,0,0,0,0,0,0
36,36,10,155.7,0,0,9,135.3,2.49579646606,3,3,4,43.8,53.1,58.8,0,0,0,0,0,0
37,37,11,164.9,0,0,10,144.5,2.59170003876,3,4,4,43.3,66.7,54.9,0,0,0,0,0,0
38,38,11,161.6,0,0,11,161.6,2.08060305943,3,4,4,43.1,63.6,54.9,0,0,0,0,0,0
39,39,10,159.4,0,0,9,138.1,2.74477280987,2,4,4,32.0,67.8,59.6,0,0,0,0,0,0
40,40,10,160.2,0,0,9,139.0,2.61355441242,2,4,4,32.0,67.6,60.6,0,0,0,0,0,0
41,41,9,157.0,0,0,7,112.7,3.10890298623,2,4,3,32.0,67.5,57.5,0,0,0,0,0,0
42,42,9,155.3,0,0,7,111.0,3.32043337198,2,4,3,32.0,65.8,57.5,0,0,0,0,0,0
43,43,9,141.0,0,0,9,141.0,1.45773797371,2,4,3,32.0,60.9,48.1,0,0,0,0,0,0
44,44,9,136.5,0,0,9,136.5,1.3702189606,2,4,3,31.3,57.1,48.1,0,0,0,0,0,0
45,45,9,134.8,0,0,9,134.8,1.38814424483,2,4,3,31.3,57.1,46.4,0,0,0,0,0,0
46,46,9,137.0,0,0,9,137.0,1.70790645073,2,4,3,31.3,57.1,48.6,0,0,0,0,0,0
47,47,9,140.4,0,0,9,140.4,1.58271917913,2,4,3,31.3,58.0,51.1,0,0,0,0,0,0
48,48,9,139.5,0,0,9,139.5,1.20623380818,2,4,3,31.3,59.2,49.0,0,0,0,0,0,0
49,49,9,140.8,0,0,9,140.8,1.55813278567,2,4,3,32.7,62.1,46.0,0,0,0,0,0,0
50,50,9,145.3,0,0,8,124.4,2.3081979503,2,4,3,32.7,65.0,47.6,0,0,0,0,0,0
51,51,9,142.3,0,0,9,142.3,2.04049285985,2,4,3,32.7,62.0,47.6,0,0,0,0,0,0
52,52,9,140.4,0,0,8,120.3,2.19715725427,2,4,3,32.6,62.5,45.3,0,0,0,0,0,0
53,53,10,163.6,0,0,9,141.6,2.74477280987,3,4,3,52.0,66.3,45.3,0,0,0,0,0,0
54,54,10,160.4,0,0,10,160.4,2.07856788305,3,4,3,52.0,62.9,45.5,0,0,0,0,0,0
55,55,10,162.5,0,0,9,140.6,2.62138640163,3,4,3,45.9,62.9,53.7,0,0,0,0,0,0
56,56,10,164.7,0,0,9,142.8,2.84567898557,3,4,3,49.0,62.0,53.7,0,0,0,0,0,0
57,57,10,160.6,0,0,9,138.7,2.86480559744,3,4,3,48.5,62.0,50.1,0,0,0,0,0,0
58,58,10,163.1,0,0,8,119.6,3.24360910099,3,4,3,51.0,62.0,50.1,0,0,0,0,0,0
59,59,10,161.4,0,0,9,139.5,2.96842644436,3,4,3,49.3,62.0,50.1,0,0,0,0,0,0
60,60,10,154.9,0,0,10,154.9,2.10684071011,3,4,3,49.1,62.3,43.5,0,0,0,0,0,0
61,61,9,154.2,0,0,8,134.0,2.64386081328,3,3,3,49.1,51.4,53.7,0,0,0,0,0,0
62,62,9,153.2,0,0,9,153.2,2.53020640353,3,3,3,49.1,51.1,53.0,0,0,0,0,0,0
63,63,9,147.8,0,0,9,147.8,2.23650272623,3,3,3,44.8,51.3,51.7,0,0,0,0,0,0
64,64,9,150.1,0,0,9,150.1,2.23258693995,3,3,3,47.2,51.2,51.7,0,0,0,0,0,0
65,65,9,152.8,0,0,8,132.6,2.53316885431,3,3,3,49.6,51.5,51.7,0,0,0,0,0,0
66,66,9,140.1,0,0,8,119.0,2.91247317584,3,3,3,50.5,44.4,45.2,0,0,0,0,0,0
67,67,9,136.7,0,0,9,136.7,2.23240030261,3,3,3,47.9,43.6,45.2,0,0,0,0,0,0
68,68,9,137.9,0,0,9,137.9,2.47728570101,3,3,3,49.1,43.6,45.2,0,0,0,0,0,0
69,69,10,153.1,0,0,9,131.5,2.63415598964,3,3,4,51.0,41.7,60.4,0,0,0,0,0,0
70,70,9,144.7,0,0,9,144.7,3.0202556919,3,2,4,48.5,31.3,64.9,0,0,0,0,0,0
71,71,9,142.8,0,0,8,122.0,3.02985148151,3,2,4,48.5,29.8,64.5,0,0,0,0,0,0
72,72,9,141.4,0,0,9,141.4,2.76967707705,3,2,4,48.5,29.8,63.1,0,0,0,0,0,0
73,73,9,134.4,0,0,9,134.4,2.23327114341,3,2,4,43.2,28.1,63.1,0,0,0,0,0,0
74,74,9,134.4,0,0,9,134.4,2.23327114341,3,2,4,43.2,28.1,63.1,0,0,0,0,0,0
75,75,8,120.6,0,0,7,100.2,2.82122060716,3,2,3,43.2,31.7,45.7,0,0,0,0,0,0
76,76,8,118.7,0,0,8,118.7,2.36760125745,3,2,3,43.2,29.5,46.0,0,0,0,0,0,0
77,77,7,106.4,0,0,7,106.4,2.83078316607,2,2,3,29.7,29.5,47.2,0,0,0,0,0,0
78,78,7,106.3,0,0,7,106.3,2.76853064003,2,2,3,29.7,29.5,47.1,0,0,0,0,0,0
79,79,8,120.5,0,0,8,120.5,2.37543229148,2,2,4,29.7,27.6,63.2,0,0,0,0,0,0
80,80,8,119.9,0,0,8,119.9,2.35094965614,2,2,4,29.7,27.6,62.6,0,0,0,0,0,0
81,81,8,119.5,0,0,8,119.5,2.34516980805,2,2,4,29.7,27.6,62.2,0,0,0,0,0,0
82,82,7,102.7,0,0,7,102.7,2.46083609485,2,1,4,29.7,11.3,61.7,0,0,0,0,0,0
83,83,7,102.9,0,0,7,102.9,2.45967477525,2,1,4,29.7,11.3,61.9,0,0,0,0,0,0
84,84,7,100.1,0,0,7,100.1,2.5670995306,2,1,4,26.8,11.3,62.0,0,0,0,0,0,0
85,85,6,83.6,0,0,6,83.6,0.952190457139,2,0,4,26.8,0,56.8,0,0,0,0,0,0
86,86,6,83.4,0,0,6,83.4,0.965401470892,2,0,4,26.8,0,56.6,0,0,0,0,0,0
87,87,7,103.6,0,0,6,83.3,2.57940561629,2,1,4,26.8,20.3,56.5,0,0,0,0,0,0
88,88,7,99.0,0,0,7,99.0,1.10582871316,2,1,4,27.9,14.9,56.2,0,0,0,0,0,0
89,89,7,99.7,0,0,7,99.7,1.26076318535,2,1,4,27.9,14.9,56.9,0,0,0,0,0,0
90,90,8,123.3,0,0,8,123.3,2.60243704466,3,1,4,46.3,16.2,60.8,0,0,0,0,0,0
91,91,8,122.5,0,0,8,122.5,2.48391252434,3,1,4,45.5,16.2,60.8,0,0,0,0,0,0
92,92,9,133.6,0,0,9,133.6,1.95071212068,3,2,4,45.3,29.5,58.8,0,0,0,0,0,0
93,93,9,134.6,0,0,9,134.6,2.22604532249,3,2,4,44.7,29.5,60.4,0,0,0,0,0,0
94,94,10,146.3,0,0,10,146.3,1.86490988761,3,3,4,44.6,42.5,59.2,0,0,0,0,0,0
95,95,10,146.9,0,0,9,126.6,2.36006120448,3,3,4,45.0,40.6,61.3,0,0,0,0,0,0
96,96,10,146.7,0,0,9,126.4,2.3242920069,3,3,4,44.7,40.4,61.6,0,0,0,0,0,0
97,97,9,129.6,0,0,9,129.6,1.40178457689,3,3,3,44.7,40.4,44.5,0,0,0,0,0,0
98,98,9,129.6,0,0,9,129.6,1.97230829233,3,3,3,41.9,40.9,46.8,0,0,0,0,0,0
99,99,9,130.8,0,0,9,130.8,2.24833271559,3,3,3,42.2,40.9,47.7,0,0,0,0,0,0
100,100,9,132.2,0,0,9,132.2,2.24022568308,3,3,3,42.1,40.9,49.2,0,0,0,0,0,0
101,101,9,132.9,0,0,9,132.9,1.69115345253,3,3,3,42.0,44.0,46.9,0,0,0,0,0,0
102,102,9,142.6,0,0,8,121.1,3.00836795917,3,3,3,42.0,52.6,48.0,0,0,0,0,0,0
103,103,9,143.7,0,0,8,122.4,3.06186217848,3,3,3,42.0,52.4,49.3,0,0,0,0,0,0
104,104,9,148.8,0,0,8,125.8,3.26573115856,3,3,3,44.3,53.1,51.4,0,0,0,0,0,0
105,105,9,147.4,0,0,8,125.8,2.93588903817,3,3,3,44.3,51.7,51.4,0,0,0,0,0,0
106,106,9,143.8,0,0,9,143.8,2.05959812693,3,3,3,47.4,49.4,47.0,0,0,0,0,0,0
107,107,9,144.3,0,0,8,123.9,2.18174242293,3,3,3,47.4,49.9,47.0,0,0,0,0,0,0
108,108,9,147.6,0,0,8,124.7,2.8735866091,3,3,3,47.7,52.4,47.5,0,0,0,0,0,0
109,109,9,153.2,0,0,7,110.3,3.15308490917,3,3,3,51.3,52.2,49.7,0,0,0,0,0,0
110,110,9,148.8,0,0,8,126.2,3.0,3,3,3,50.1,50.1,48.6,0,0,0,0,0,0
111,111,9,149.4,0,0,8,126.6,3.09354165965,3,3,3,50.5,50.3,48.6,0,0,0,0,0,0
112,112,9,150.2,0,0,7,107.1,3.1238775762,3,3,3,52.2,50.3,47.7,0,0,0,0,0,0
113,113,9,147.3,0,0,8,125.6,2.92489316044,3,3,3,51.8,49.2,46.3,0,0,0,0,0,0
114,114,9,143.2,0,0,9,143.2,2.2262324926,3,3,3,51.8,45.1,46.3,0,0,0,0,0,0
115,115,9,143.2,0,0,9,143.2,2.2262324926,3,3,3,51.8,45.1,46.3,0,0,0,0,0,0
116,116,9,148.4,0,0,9,148.4,2.04477654308,3,3,3,51.8,45.4,51.2,0,0,0,0,0,0
117,117,8,134.4,0,0,8,134.4,2.18435999126,3,2,3,48.7,32.6,53.1,0,0,0,0,0,0
118,118,8,130.5,0,0,8,130.5,2.53458224228,3,2,3,48.7,31.2,50.6,0,0,0,0,0,0
119,119,8,136.2,0,0,7,115.9,2.50812963894,3,2,3,42.7,38.1,55.4,0,0,0,0,0,0
120,120,8,134.5,0,0,8,134.5,2.24208926801,3,2,3,42.7,36.4,55.4,0,0,0,0,0,0
121,121,8,138.0,0,0,7,117.4,1.850868522,3,2,3,46.3,38.6,53.1,0,0,0,0,0,0
122,122,8,134.1,0,0,8,134.1,1.82203771327,3,2,3,46.3,37.1,50.7,0,0,0,0,0,0
123,123,8,136.7,0,0,7,116.4,1.97515822151,3,2,3,47.5,37.5,51.7,0,0,0,0,0,0
124,124,8,134.4,0,0,8,134.4,1.81894789056,3,2,3,47.5,36.0,50.9,0,0,0,0,0,0
125,125,8,138.1,0,0,7,117.3,2.09280229085,3,2,3,46.9,36.6,54.6,0,0,0,0,0,0
126,126,8,142.2,0,0,5,80.7,2.54992997103,3,2,3,46.9,40.7,54.6,0,0,0,0,0,0
127,127,8,134.8,0,0,7,113.5,2.40416305603,3,2,3,49.6,39.1,46.1,0,0,0,0,0,0
128,128,8,135.8,0,0,7,114.7,2.32363631283,3,2,3,48.7,39.3,47.8,0,0,0,0,0,0
129,129,8,134.8,0,0,8,134.8,2.02202161921,3,2,3,48.7,37.4,48.7,0,0,0,0,0,0
130,130,7,117.1,0,0,6,96.8,2.07903365831,3,1,3,48.7,16.1,52.3,0,0,0,0,0,0
131,131,7,119.0,0,0,6,98.1,2.08006410158,3,1,3,48.7,16.1,54.2,0,0,0,0,0,0
132,132,7,121.0,0,0,5,80.6,2.25198325292,3,1,3,48.7,16.1,56.2,0,0,0,0,0,0
133,133,7,113.5,0,0,6,93.4,2.76612157568,3,1,3,42.7,16.1,54.7,0,0,0,0,0,0
134,134,9,147.6,0,0,8,127.5,2.78657495862,3,3,3,42.7,50.2,54.7,0,0,0,0,0,0
135,135,9,146.6,0,0,8,126.5,2.76877429761,3,3,3,42.7,49.8,54.1,0,0,0,0,0,0
136,136,10,154.6,0,0,9,134.5,3.11811909116,3,4,3,39.5,62.8,52.3,0,0,0,0,0,0
137,137,11,166.5,0,0,10,146.4,3.00974175878,4,4,3,53.6,60.6,52.3,0,0,0,0,0,0
138,138,11,159.3,0,0,11,159.3,2.50272578674,4,4,3,52.0,60.7,46.6,0,0,0,0,0,0
139,139,11,168.3,0,0,11,168.3,2.84077454227,4,4,3,55.9,60.6,51.8,0,0,0,0,0,0
140,140,11,165.3,0,0,11,165.3,2.66986550564,4,4,3,57.9,53.8,53.6,0,0,0,0,0,0
141,141,11,168.8,0,0,9,126.7,3.26783219776,4,4,3,57.6,54.1,57.1,0,0,0,0,0,0
142,142,11,169.2,0,0,10,148.6,3.06523023012,4,4,3,57.4,53.8,58.0,0,0,0,0,0,0
143,143,11,174.0,0,0,10,150.7,3.56112852389,4,4,3,57.6,57.2,59.2,0,0,0,0,0,0
144,144,11,178.6,0,0,9,135.1,3.81399337369,4,4,3,59.5,60.2,58.9,0,0,0,0,0,0
145,145,11,174.0,0,0,11,174.0,2.99627040896,4,4,3,58.9,60.2,54.9,0,0,0,0,0,0
146,146,11,188.2,0,0,9,146.7,2.75261858798,4,4,3,70.6,58.1,59.5,0,0,0,0,0,0
147,147,11,185.0,0,0,10,164.8,2.39867387605,4,4,3,70.0,58.1,56.9,0,0,0,0,0,0
148,148,11,185.4,0,0,11,185.4,1.8645984213,4,4,3,69.8,62.5,53.1,0,0,0,0,0,0
149,149,11,186.6,0,0,10,164.3,2.42704459262,4,4,3,73.0,60.9,52.7,0,0,0,0,0,0
150,150,11,188.1,0,0,9,145.4,2.57681974535,4,4,3,72.9,60.9,54.3,0,0,0,0,0,0
151,151,11,183.9,0,0,10,163.4,1.98988350504,4,4,3,68.7,60.9,54.3,0,0,0,0,0,0
152,152,11,180.4,0,0,11,180.4,1.54142790944,4,4,3,68.7,61.4,50.3,0,0,0,0,0,0
153,153,11,178.2,0,0,11,178.2,1.55563491861,4,4,3,68.7,61.4,48.1,0,0,0,0,0,0
154,154,11,182.5,0,0,11,182.5,1.82013985477,4,4,3,67.0,61.4,54.1,0,0,0,0,0,0
155,155,11,179.6,0,0,10,158.9,2.12983140605,4,4,3,67.0,57.5,55.1,0,0,0,0,0,0
156,156,12,191.5,0,0,11,171.4,2.20514206235,4,4,4,67.0,57.5,67.0,0,0,0,0,0,0
157,157,12,192.1,0,0,11,170.7,2.44817495414,4,4,4,66.3,57.5,68.3,0,0,0,0,0,0
158,158,12,191.9,0,0,11,170.5,2.47476659444,4,4,4,66.3,57.5,68.1,0,0,0,0,0,0
159,159,11,176.7,0,0,10,155.0,2.59432948072,4,3,4,66.7,41.6,68.4,0,0,0,0,0,0
160,160,11,170.5,0,0,10,149.5,3.20343565567,4,3,4,52.0,50.8,67.7,0,0,0,0,0,0
161,161,10,158.5,0,0,9,135.9,3.70742498238,4,2,4,52.0,37.2,69.3,0,0,0,0,0,0
162,162,10,160.6,0,0,9,139.7,3.20041663954,4,2,4,55.8,37.2,67.6,0,0,0,0,0,0
163,163,10,162.8,0,0,9,141.7,3.31052194609,4,2,4,57.8,37.2,67.8,0,0,0,0,0,0
164,164,10,155.2,0,0,9,134.8,3.33959412038,4,2,4,55.5,37.2,62.5,0,0,0,0,0,0
165,165,10,159.4,0,0,9,138.3,3.12594874487,4,2,4,59.0,37.2,63.2,0,0,0,0,0,0
166,166,10,160.6,0,0,9,138.3,3.36029099269,4,2,4,59.0,37.2,64.4,0,0,0,0,0,0
167,167,11,177.4,0,0,10,155.8,3.24039840424,4,3,4,63.0,50.7,63.7,0,0,0,0,0,0
168,168,11,178.0,0,0,10,155.5,3.42485567048,4,3,4,63.0,50.4,64.6,0,0,0,0,0,0
169,169,11,173.5,0,0,10,150.6,3.49516549225,4,3,4,61.1,50.1,62.3,0,0,0,0,0,0
170,170,11,179.2,0,0,10,156.4,3.42095148912,4,3,4,62.0,50.1,67.1,0,0,0,0,0,0
171,171,11,181.1,0,0,9,138.8,3.49235528756,4,3,4,63.3,49.9,67.9,0,0,0,0,0,0
172,172,11,184.8,0,0,8,120.4,3.8958952758,4,3,4,65.6,49.6,69.6,0,0,0,0,0,0
173,173,10,161.5,0,0,9,139.0,3.77837413594,3,3,4,44.0,49.6,67.9,0,0,0,0,0,0
174,174,10,162.1,0,0,8,120.3,3.57287621454,3,3,4,44.0,49.6,68.5,0,0,0,0,0,0
175,175,10,167.2,0,0,9,145.2,3.53735620045,3,3,4,44.8,49.6,72.8,0,0,0,0,0,0
176,176,11,179.6,0,0,10,156.6,3.76060923498,4,3,4,56.8,49.6,73.2,0,0,0,0,0,0
177,177,10,166.6,0,0,9,144.0,3.57652842231,4,3,3,57.1,49.6,59.9,0,0,0,0,0,0
178,178,10,167.3,0,0,8,123.5,3.74048422296,4,3,3,55.6,49.6,62.1,0,0,0,0,0,0
179,179,10,164.2,0,0,9,141.2,3.84644135678,4,3,3,58.8,45.0,60.4,0,0,0,0,0,0
180,180,10,162.2,0,0,9,140.6,3.5850925914,4,3,3,59.0,45.0,58.2,0,0,0,0,0,0
181,181,10,163.6,0,0,9,142.0,3.45292146836,4,3,3,60.4,45.0,58.2,0,0,0,0,0,0
182,182,10,166.1,0,0,9,146.0,3.16805232841,4,3,3,66.5,45.0,54.6,0,0,0,0,0,0
183,183,11,173.7,0,0,11,173.7,2.91563185106,5,3,3,79.1,40.0,54.6,0,0,0,0,0,0
184,184,11,169.5,0,0,11,169.5,2.55986505326,5,3,3,79.3,40.6,49.6,0,0,0,0,0,0
185,185,11,182.7,0,0,10,161.1,3.349165432,5,3,3,79.7,45.0,58.0,0,0,0,0,0,0
186,186,11,181.0,0,0,9,137.8,3.70927584209,5,3,3,81.1,44.6,55.3,0,0,0,0,0,0
187,187,11,179.5,0,0,10,158.0,3.48735377667,5,3,3,79.9,46.0,53.6,0,0,0,0,0,0
188,188,11,173.5,0,0,9,130.2,3.64666722065,5,3,3,73.8,44.5,55.2,0,0,0,0,0,0
189,189,11,175.9,0,0,8,112.4,3.81089347672,5,3,3,74.8,45.6,55.5,0,0,0,0,0,0
190,190,12,188.8,0,0,9,126.0,3.62850666336,5,4,3,74.5,59.2,55.1,0,0,0,0,0,0
191,191,12,189.3,0,0,9,124.5,3.8014650286,5,4,3,75.1,59.9,54.3,0,0,0,0,0,0
192,192,12,187.0,0,0,10,145.2,3.17256229492,5,4,3,76.6,58.8,51.6,0,0,0,0,0,0
193,193,12,183.5,0,0,12,183.5,2.6918929917,5,4,3,74.7,58.7,50.1,0,0,0,0,0,0
194,194,12,179.7,0,0,12,179.7,2.20376743535,5,4,3,72.6,56.7,50.4,0,0,0,0,0,0
195,195,12,181.6,0,0,12,181.6,2.11545539191,5,4,3,72.6,58.6,50.4,0,0,0,0,0,0
196,196,11,168.6,0,0,11,168.6,1.97438137607,4,4,3,59.8,58.4,50.4,0,0,0,0,0,0
197,197,11,168.6,0,0,11,168.6,1.97438137607,4,4,3,59.8,58.4,50.4,0,0,0,0,0,0
198,198,11,168.8,0,0,11,168.8,2.0441935507,4,4,3,59.8,58.6,50.4,0,0,0,0,0,0
199,199,11,166.0,0,0,11,166.0,1.9023430529,4,4,3,58.9,60.6,46.5,0,0,0,0,0,0
200,200,11,163.4,0,0,11,163.4,2.02798601394,4,4,3,60.0,56.9,46.5,0,0,0,0,0,0
201,201,11,174.8,0,0,11,174.8,2.35646113715,4,4,3,63.5,61.6,49.7,0,0,0,0,0,0
202,202,11,175.4,0,0,11,175.4,2.39096785272,4,4,3,65.5,61.6,48.3,0,0,0,0,0,0
203,203,10,164.9,0,0,10,164.9,2.38953737968,4,3,3,65.7,49.2,50.0,0,0,0,0,0,0
204,204,10,165.1,0,0,10,165.1,2.37601440325,4,3,3,65.2,50.0,49.9,0,0,0,0,0,0
205,205,9,143.5,0,0,9,143.5,2.57541798118,3,3,3,51.0,49.0,43.5,0,0,0,0,0,0
206,206,8,128.6,0,0,7,107.3,2.86194239734,3,2,3,52.3,33.5,42.8,0,0,0,0,0,0
207,207,8,134.4,0,0,7,113.5,2.61424668199,3,2,3,50.8,33.5,50.1,0,0,0,0,0,0
208,208,8,134.8,0,0,7,113.9,2.56292243905,3,2,3,50.1,34.6,50.1,0,0,0,0,0,0
209,209,8,136.0,0,0,7,115.1,2.67368125037,3,2,3,49.6,36.1,50.3,0,0,0,0,0,0
210,210,8,132.3,0,0,8,132.3,1.88599159216,3,2,3,50.3,35.4,46.6,0,0,0,0,0,0
211,211,8,134.8,0,0,8,134.8,2.60219687407,3,2,3,50.3,30.9,53.6,0,0,0,0,0,0
212,212,8,133.9,0,0,8,133.9,2.49853528521,3,2,3,49.4,30.9,53.6,0,0,0,0,0,0
213,213,8,137.9,0,0,7,115.9,3.07707537398,3,2,3,53.0,30.9,54.0,0,0,0,0,0,0
214,214,8,141.3,0,0,7,119.1,3.21378170652,3,2,3,53.2,30.9,57.2,0,0,0,0,0,0
215,215,9,152.0,0,0,8,129.8,3.18097643989,3,3,3,53.2,45.8,53.0,0,0,0,0,0,0
216,216,9,140.8,0,0,9,140.8,2.51152897212,3,3,3,45.8,45.3,49.7,0,0,0,0,0,0
217,217,9,148.4,0,0,9,148.4,2.41528696248,3,3,3,52.0,45.3,51.1,0,0,0,0,0,0
218,218,10,164.5,0,0,9,144.1,3.00379389735,4,3,3,68.1,45.3,51.1,0,0,0,0,0,0
219,219,10,166.1,0,0,9,144.5,2.79063911437,4,3,3,67.5,47.5,51.1,0,0,0,0,0,0
220,220,10,164.9,0,0,9,143.3,2.66268452673,4,3,3,67.5,48.6,48.8,0,0,0,0,0,0
221,221,11,174.1,0,0,10,152.5,2.5958008048,4,4,3,65.9,62.4,45.8,0,0,0,0,0,0
222,222,11,172.3,0,0,11,172.3,2.11531214116,4,4,3,61.8,60.5,50.0,0,0,0,0,0,0
223,223,11,171.5,0,0,11,171.5,2.46797672009,4,4,3,59.0,62.7,49.8,0,0,0,0,0,0
224,224,11,170.4,0,0,11,170.4,2.52089450214,4,4,3,59.0,59.6,51.8,0,0,0,0,0,0
225,225,11,174.3,0,0,10,154.0,2.86683227147,4,4,3,59.0,63.5,51.8,0,0,0,0,0,0
226,226,11,172.6,0,0,10,152.3,2.62086037227,4,4,3,59.0,64.9,48.7,0,0,0,0,0,0
227,227,12,186.3,0,0,11,166.0,2.57262688529,5,4,3,73.0,64.6,48.7,0,0,0,0,0,0
228,228,12,185.1,0,0,11,164.8,2.23652530827,5,4,3,70.5,64.7,49.9,0,0,0,0,0,0
229,229,12,180.1,0,0,12,180.1,1.61721327841,5,4,3,70.8,59.4,49.9,0,0,0,0,0,0
230,230,12,183.7,0,0,12,183.7,1.95748369706,5,4,3,70.7,63.1,49.9,0,0,0,0,0,0
231,231,12,186.6,0,0,12,186.6,2.05448511577,5,4,3,70.8,65.2,50.6,0,0,0,0,0,0
232,232,12,186.3,0,0,12,186.3,2.40421032207,5,5,2,73.0,78.0,35.3,0,0,0,0,0,0
233,233,12,187.4,0,0,12,187.4,2.25664003386,5,5,2,73.0,79.4,35.0,0,0,0,0,0,0
234,234,12,181.4,0,0,12,181.4,1.81450385572,5,5,2,73.0,74.1,34.3,0,0,0,0,0,0
235,235,12,184.3,0,0,12,184.3,2.02235611167,5,5,2,73.0,77.0,34.3,0,0,0,0,0,0
236,236,12,182.0,0,0,12,182.0,2.08689997728,5,5,2,72.7,77.0,32.3,0,0,0,0,0,0
237,237,12,194.2,0,0,11,173.7,2.58872848161,5,5,2,79.2,82.7,32.3,0,0,0,0,0,0
238,238,10,168.9,0,0,9,147.1,2.86645348045,4,4,2,63.8,72.8,32.3,0,0,0,0,0,0
239,239,10,169.3,0,0,9,148.3,2.82412228253,4,4,2,63.8,73.2,32.3,0,0,0,0,0,0
240,240,10,169.2,0,0,8,127.7,2.85065294665,4,4,2,62.8,74.1,32.3,0,0,0,0,0,0
241,241,10,168.7,0,0,9,147.9,2.43267114277,4,4,2,62.8,71.9,34.0,0,0,0,0,0,0
242,242,10,172.2,0,0,9,149.9,2.66324780839,4,4,2,62.8,68.5,40.9,0,0,0,0,0,0
243,243,10,170.3,0,0,10,170.3,2.20254902834,4,4,2,62.8,70.1,37.4,0,0,0,0,0,0
244,244,10,172.4,0,0,9,150.7,2.5687004929,4,4,2,62.8,69.3,40.3,0,0,0,0,0,0
245,245,10,171.5,0,0,9,150.4,2.44142490271,4,4,2,62.8,69.0,39.7,0,0,0,0,0,0
246,246,11,180.0,0,0,11,180.0,2.37329843352,4,5,2,62.8,85.8,31.4,0,0,0,0,0,0
247,247,11,177.5,0,0,10,157.4,2.41382382426,4,5,2,62.8,82.3,32.4,0,0,0,0,0,0
248,248,11,175.2,0,0,10,153.2,2.72473518313,4,5,2,58.6,82.3,34.3,0,0,0,0,0,0
249,249,11,174.6,0,0,10,152.6,2.92030508991,4,5,2,57.2,83.1,34.3,0,0,0,0,0,0
250,250,11,173.1,0,0,11,173.1,2.19648479497,4,5,2,59.7,83.6,29.8,0,0,0,0,0,0
251,251,10,163.7,0,0,10,163.7,2.12187024423,3,5,2,48.3,83.6,31.8,0,0,0,0,0,0
252,252,10,160.9,0,0,10,160.9,1.94733436038,3,5,2,47.8,81.3,31.8,0,0,0,0,0,0
253,253,10,162.0,0,0,10,162.0,2.12916258969,3,5,2,47.8,84.4,29.8,0,0,0,0,0,0
254,254,11,178.6,0,0,11,178.6,1.79681536462,4,5,2,63.8,85.0,29.8,0,0,0,0,0,0
255,255,11,169.0,0,0,11,169.0,1.60017044547,4,5,2,64.0,75.2,29.8,0,0,0,0,0,0
256,256,10,159.4,0,0,10,159.4,1.75068240663,4,4,2,67.8,61.6,30.0,0,0,0,0,0,0
257,257,9,144.7,0,0,9,144.7,2.09151725894,3,4,2,53.1,61.6,30.0,0,0,0,0,0,0
258,258,9,146.6,0,0,9,146.6,2.20988938889,3,4,2,53.4,61.6,31.6,0,0,0,0,0,0
259,259,9,146.5,0,0,9,146.5,2.18046885886,3,4,2,53.0,62.9,30.6,0,0,0,0,0,0
260,260,9,142.8,0,0,9,142.8,2.49749874875,3,4,2,52.6,59.6,30.6,0,0,0,0,0,0
261,261,9,142.7,0,0,9,142.7,2.49254443848,3,4,2,52.5,59.6,30.6,0,0,0,0,0,0
262,262,9,136.5,0,0,9,136.5,1.70440605491,3,4,2,45.7,60.2,30.6,0,0,0,0,0,0
263,263,10,154.8,0,0,10,154.8,2.11597101429,4,4,2,63.9,60.3,30.6,0,0,0,0,0,0
264,264,10,154.3,0,0,10,154.3,1.6911863029,4,4,2,66.8,60.6,26.9,0,0,0,0,0,0
265,265,10,163.3,0,0,9,141.3,2.60898021797,4,4,2,70.5,60.6,32.2,0,0,0,0,0,0
266,266,10,161.2,0,0,9,140.5,2.29724472648,4,4,2,69.2,60.2,31.8,0,0,0,0,0,0
267,267,10,161.3,0,0,9,140.6,2.29252408203,4,4,2,69.2,60.3,31.8,0,0,0,0,0,0
268,268,10,160.6,0,0,10,160.6,1.65206940936,4,4,2,64.9,63.9,31.8,0,0,0,0,0,0
269,269,10,161.2,0,0,10,161.2,1.62808681177,4,4,2,64.9,64.5,31.8,0,0,0,0,0,0
270,270,10,157.0,0,0,10,157.0,1.48099065943,4,4,2,64.9,64.5,27.6,0,0,0,0,0,0
271,271,10,160.4,0,0,10,160.4,1.92076373699,4,4,2,64.6,64.5,31.3,0,0,0,0,0,0
272,272,10,164.7,0,0,9,142.1,2.89944439122,4,4,2,69.2,63.6,31.9,0,0,0,0,0,0
273,273,10,162.2,0,0,10,162.2,2.37009141877,4,4,2,66.5,63.6,32.1,0,0,0,0,0,0
274,274,10,158.3,0,0,10,158.3,2.78729259318,4,4,2,62.5,63.7,32.1,0,0,0,0,0,0
275,275,10,162.7,0,0,9,140.0,3.33668165165,4,4,2,59.7,70.9,32.1,0,0,0,0,0,0
276,276,10,163.1,0,0,9,142.5,2.65599949799,4,4,2,59.7,68.8,34.6,0,0,0,0,0,0
277,277,10,160.9,0,0,10,160.9,2.5873409774,4,4,2,59.7,66.6,34.6,0,0,0,0,0,0
278,278,10,162.1,0,0,10,162.1,2.49819935153,4,4,2,59.7,66.3,36.1,0,0,0,0,0,0
279,279,10,153.1,0,0,10,153.1,2.1773837512,4,4,2,59.7,63.6,29.8,0,0,0,0,0,0
280,280,10,153.5,0,0,10,153.5,2.19911598401,4,4,2,59.7,63.6,30.2,0,0,0,0,0,0
281,281,10,153.5,0,0,10,153.5,2.19911598401,4,4,2,59.7,63.6,30.2,0,0,0,0,0,0
282,282,10,155.1,0,0,10,155.1,1.93875676086,4,4,2,61.3,63.6,30.2,0,0,0,0,0,0
283,283,9,138.5,0,0,9,138.5,2.01584005097,3,4,2,44.7,63.6,30.2,0,0,0,0,0,0
284,284,9,135.8,0,0,9,135.8,2.11213425499,3,4,2,44.7,60.9,30.2,0,0,0,0,0,0
285,285,9,140.8,0,0,9,140.8,2.23668902125,3,4,2,44.7,65.9,30.2,0,0,0,0,0,0
286,286,1,28.8,1,28.8,0,0,,0,1,0,0,28.8,0,0,1,0,0,28.8,0
287,287,6,152.8,4,109.3,0,0,2.95612358785,1,3,2,22.0,81.6,49.2,0,3,1,0,81.6,27.7
288,288,8,196.0,2,58.1,1,18.2,3.56089876295,1,4,3,22.7,103.6,69.7,0,1,1,0,30.4,27.7
289,289,11,242.1,3,84.4,5,91.7,4.48273455504,4,4,3,74.7,105.8,61.6,0,3,0,0,84.4,0
290,290,12,288.5,6,173.2,4,72.6,5.51072645489,5,4,3,96.7,116.5,75.3,0,4,2,0,116.5,56.7
291,291,12,289.1,4,114.9,3,58.1,4.17491607609,5,4,3,105.4,108.8,74.9,0,3,1,0,84.1,30.8
293,293,3,58.1,0,0,3,58.1,0.850490054812,2,1,0,38.4,19.7,0,0,0,0,0,0,0
294,294,6,132.1,1,31.0,3,53.8,5.29921377816,4,2,0,89.9,42.2,0,1,0,0,31.0,0,0
295,295,7,151.1,1,30.9,4,76.1,4.52527294625,5,2,0,107.6,43.5,0,1,0,0,30.9,0,0
296,296,9,193.4,2,56.5,4,75.7,3.95520051465,7,2,0,145.9,47.5,0,1,1,0,27.5,29.0,0
297,297,9,204.6,3,83.6,3,57.0,4.2921439864,7,2,0,152.3,52.3,0,2,1,0,52.3,31.3,0
298,298,12,269.8,4,111.4,4,72.6,4.71242715561,10,2,0,223.8,46.0,0,3,1,0,85.8,25.6,0
299,299,12,280.7,6,170.9,5,89.1,5.78924682389,10,2,0,228.8,51.9,0,5,1,0,139.7,31.2,0
300,300,12,281.3,4,117.6,4,72.2,5.65323050578,10,2,0,220.9,60.4,0,3,1,0,80.7,36.9,0
301,301,12,264.4,4,111.2,6,106.0,5.03809728394,10,2,0,210.3,54.1,0,3,1,0,80.4,30.8,0
302,302,14,299.7,4,114.5,8,138.7,5.52539094137,11,3,0,228.2,71.5,0,2,2,0,61.1,53.4,0
303,303,15,305.2,1,29.1,8,135.0,4.25153193679,12,3,0,240.6,64.6,0,1,0,0,29.1,0,0
304,304,16,329.8,3,83.8,8,128.2,5.24021309999,12,4,0,245.6,84.2,0,1,2,0,28.8,55.0,0
