,e_id,num_sat,sum_snr,num_sat_25,sum_snr_25,snr_std,elev_0_30,elev_30_60,elev_60_90,elev_0_30_25,elev_30_60_25,elev_60_90_25
1,1,5,80.8,0,0,0.642650760522,2,2,1,0,0,0
2,2,5,80.2,0,0,0.829457654133,2,2,1,0,0,0
3,3,5,78.8,0,0,0.887693640847,2,2,1,0,0,0
4,4,6,90.3,0,0,1.57702251094,3,2,1,0,0,0
5,5,6,89.7,0,0,1.41244468918,3,2,1,0,0,0
6,6,6,89.5,0,0,1.46889981505,3,2,1,0,0,0
7,7,6,88.8,0,0,1.6382917933,3,2,1,0,0,0
8,8,6,88.4,0,0,1.57564801484,3,2,1,0,0,0
9,9,6,88.8,0,0,1.68522995464,3,2,1,0,0,0
10,10,7,107.9,0,0,2.23787739568,4,2,1,0,0,0
11,11,7,110.2,0,0,2.0354009784,4,2,1,0,0,0
12,12,7,107.7,0,0,1.49602648309,4,2,1,0,0,0
13,13,7,108.3,0,0,1.62861319913,4,2,1,0,0,0
14,14,7,109.5,0,0,1.84106594383,4,2,1,0,0,0
15,15,7,115.3,0,0,1.94483442801,4,2,1,0,0,0
16,16,7,116.9,0,0,2.57034368649,4,2,1,0,0,0
17,17,8,128.0,0,0,2.67047347327,4,3,1,0,0,0
18,18,8,122.7,0,0,2.41243060596,4,3,1,0,0,0
19,19,8,131.1,0,0,2.37212231677,4,3,1,0,0,0
20,20,9,155.9,0,0,2.86521280963,5,3,1,0,0,0
21,21,9,155.5,0,0,2.855161019,5,3,1,0,0,0
22,22,9,151.4,0,0,2.52872387667,5,3,1,0,0,0
23,23,9,153.7,0,0,2.87305489757,5,3,1,0,0,0
24,24,9,151.1,0,0,2.8976043745,5,3,1,0,0,0
25,25,9,150.6,0,0,2.95127091267,5,3,1,0,0,0
26,26,8,131.7,0,0,2.33968099169,4,3,1,0,0,0
27,27,8,131.6,0,0,2.35614697577,4,3,1,0,0,0
28,28,9,138.8,0,0,2.66588530219,4,4,1,0,0,0
29,29,9,134.2,0,0,2.97592189264,4,4,1,0,0,0
30,30,9,134.0,0,0,2.95991741627,4,4,1,0,0,0
31,31,9,135.4,0,0,3.09964155634,4,4,1,0,0,0
32,32,9,135.4,0,0,3.09964155634,4,4,1,0,0,0
33,33,9,134.5,0,0,2.98793871721,4,4,1,0,0,0
34,34,9,134.8,0,0,3.02645740833,4,4,1,0,0,0
35,35,9,135.0,0,0,3.0495901364,4,4,1,0,0,0
36,36,8,118.4,0,0,2.96262431927,4,3,1,0,0,0
37,37,7,105.7,0,0,3.06594194335,4,2,1,0,0,0
38,38,7,108.7,0,0,3.14203452438,4,2,1,0,0,0
39,39,7,103.1,0,0,2.50912619964,3,3,1,0,0,0
40,40,7,103.8,0,0,2.56301533726,3,3,1,0,0,0
41,41,7,103.7,0,0,2.55370878751,3,3,1,0,0,0
42,42,7,104.8,0,0,2.6386324019,3,3,1,0,0,0
43,43,7,105.4,0,0,2.70176309278,3,3,1,0,0,0
44,44,7,104.0,0,0,2.86755246558,3,3,1,0,0,0
45,45,7,105.2,0,0,2.83179229801,3,3,1,0,0,0
46,46,6,86.6,0,0,3.22965426426,3,2,1,0,0,0
47,47,6,83.4,0,0,1.96468827044,3,2,1,0,0,0
48,48,5,76.9,0,0,2.28407530524,2,2,1,0,0,0
49,49,5,76.9,0,0,2.28407530524,2,2,1,0,0,0
50,50,5,75.1,0,0,1.77115781341,2,2,1,0,0,0
51,51,5,78.1,0,0,2.27090290413,2,2,1,0,0,0
52,52,5,79.4,0,0,2.42115674833,2,2,1,0,0,0
53,53,5,80.4,0,0,2.6451843036,2,2,1,0,0,0
54,54,6,94.8,0,0,2.31689447321,3,2,1,0,0,0
55,55,8,122.8,0,0,2.12871523963,4,3,1,0,0,0
56,56,8,119.1,0,0,1.95407084241,4,3,1,0,0,0
57,57,8,116.9,0,0,1.66942034423,4,3,1,0,0,0
58,58,8,112.6,0,0,1.62458785982,4,3,1,0,0,0
59,59,8,111.3,0,0,1.92163434904,4,3,1,0,0,0
60,60,8,111.1,0,0,1.98669682783,4,3,1,0,0,0
61,61,8,110.6,0,0,1.86068343819,4,3,1,0,0,0
62,62,8,112.0,0,0,1.8593393604,4,3,1,0,0,0
63,63,8,111.7,0,0,1.81339263734,4,3,1,0,0,0
64,64,8,110.5,0,0,1.59054123762,4,3,1,0,0,0
65,65,8,111.2,0,0,1.72874851513,4,3,1,0,0,0
66,66,8,112.5,0,0,1.94784679656,4,3,1,0,0,0
67,67,8,112.7,0,0,2.19443289127,4,3,1,0,0,0
68,68,9,129.3,0,0,2.45764114549,5,3,1,0,0,0
69,69,9,131.9,0,0,2.6622880719,5,3,1,0,0,0
70,70,9,133.2,0,0,3.20312347561,5,3,1,0,0,0
71,71,9,132.8,0,0,3.24542412911,5,3,1,0,0,0
72,72,9,131.8,0,0,3.01376471838,5,3,1,0,0,0
73,73,9,131.3,0,0,2.90836914973,5,3,1,0,0,0
74,74,9,131.6,0,0,3.14752989572,5,3,1,0,0,0
75,75,9,130.7,0,0,2.90679281072,5,3,1,0,0,0
76,76,9,130.8,0,0,3.13687742827,5,3,1,0,0,0
77,77,9,129.8,0,0,2.86084680548,5,3,1,0,0,0
78,78,9,130.8,0,0,2.75317997959,5,3,1,0,0,0
79,79,8,118.6,0,0,3.03773882071,5,2,1,0,0,0
80,80,8,124.2,0,0,3.29534303439,5,2,1,0,0,0
81,81,8,123.0,0,0,3.0755951805,5,2,1,0,0,0
82,82,2,55.9,1,33.8,8.27314933988,0,2,0,0,1,0
83,83,3,88.3,2,66.2,7.50555349947,0,3,0,0,2,0
84,84,10,271.8,5,156.7,5.58008363139,3,6,1,2,3,0
85,85,11,276.6,5,150.2,5.65585778399,4,6,1,1,3,1
86,86,13,320.1,5,152.7,6.09318661104,6,6,1,1,4,0
87,87,13,318.6,5,151.3,5.90486544279,6,6,1,2,3,0
88,88,13,308.3,6,172.8,5.96543462427,6,6,1,1,4,1
89,89,13,282.1,4,113.7,5.53624421427,6,6,1,0,4,0
90,90,13,261.0,1,29.1,3.91857836597,6,6,1,0,1,0
91,91,14,283.7,1,28.4,4.01374698196,7,6,1,0,1,0
92,92,14,267.2,0,0,3.54809963065,7,6,1,0,0,0
93,93,14,268.4,1,25.9,3.65122288712,7,6,1,0,1,0
94,94,14,271.5,0,0,3.42063068537,7,6,1,0,0,0
95,95,14,282.5,3,81.9,4.64843705271,7,6,1,0,2,1
96,96,14,282.7,2,51.7,3.97094530224,7,6,1,0,2,0
97,97,15,307.1,2,60.4,5.4386798118,7,6,2,0,2,0
98,98,14,292.1,4,112.2,5.7103963412,6,6,2,1,2,1
99,99,14,291.1,3,86.5,5.29941423261,6,6,2,1,2,0
100,100,15,310.8,3,85.5,4.79615917763,7,6,2,0,3,0
101,101,15,325.2,4,116.6,5.81588956468,7,6,2,1,2,1
102,102,14,299.2,4,116.3,5.76627176865,6,6,2,1,3,0
103,103,14,311.6,3,86.5,4.81978523073,6,6,2,1,2,0
104,104,16,351.4,4,119.4,5.63759700582,8,6,2,1,3,0
105,105,16,391.2,8,233.9,6.46900301438,8,6,2,2,4,2
106,106,16,379.0,6,174.8,5.09913391339,8,6,2,2,4,0
107,107,16,388.0,6,179.1,5.08776309721,8,6,2,2,3,1
108,108,15,365.9,6,180.0,5.57782172878,7,6,2,1,4,1
