,e_id,num_sat,sum_snr,num_sat_25,sum_snr_25,snr_std,elev_0_30,elev_30_60,elev_60_90,elev_0_30_25,elev_30_60_25,elev_60_90_25
1,1,15,386.9,7,218.6,5.99529180353,9,5,1,5,2,0
2,2,15,360.5,6,181.0,5.72908203401,9,5,1,5,1,0
3,3,16,398.5,7,218.5,6.4309116772,9,5,2,5,2,0
4,4,16,396.6,9,268.5,6.63605053226,9,5,2,7,2,0
5,5,16,374.0,7,196.1,5.09345985881,9,5,2,6,1,0
6,6,16,378.7,6,180.1,5.53807653131,9,5,2,6,0,0
7,7,16,373.6,5,155.6,6.22842944355,9,5,2,5,0,0
8,8,16,383.8,6,179.5,5.75741550814,9,5,2,5,1,0
9,9,16,388.5,7,207.7,5.71841688465,9,5,2,6,1,0
10,10,16,380.2,7,206.2,6.09632402901,9,5,2,6,1,0
11,11,16,389.1,6,183.6,6.15231325059,9,5,2,6,0,0
12,12,16,382.2,5,156.4,6.0422815779,9,5,2,5,0,0
13,13,16,378.6,5,155.8,5.99342695515,9,5,2,5,0,0
14,14,16,400.0,8,239.8,6.13840370129,9,5,2,7,1,0
15,15,16,403.5,9,267.1,6.00380087944,9,5,2,7,2,0
16,16,16,389.2,8,233.5,5.83032303279,9,5,2,6,2,0
17,17,16,394.8,8,232.7,5.64853963428,9,5,2,6,2,0
18,18,16,398.9,7,208.0,5.16381238363,9,5,2,6,1,0
19,19,16,397.1,8,231.2,5.10858346315,9,5,2,6,2,0
20,20,16,394.8,6,179.8,5.04546000546,9,5,2,5,1,0
21,21,17,403.6,7,206.7,5.91650855906,10,5,2,6,1,0
22,22,17,402.3,7,203.5,5.64899782887,10,5,2,6,1,0
23,23,17,403.8,7,205.1,5.77203578115,10,5,2,6,1,0
24,24,18,407.3,7,205.5,6.49224021479,11,5,2,6,1,0
25,25,18,389.2,4,119.9,5.90976814072,11,5,2,4,0,0
26,26,18,391.8,4,122.1,6.32046163616,11,5,2,4,0,0
27,27,18,395.1,6,173.9,6.2748095823,11,5,2,4,2,0
28,28,18,392.3,6,174.5,6.44309682777,11,5,2,4,2,0
29,29,18,389.6,6,174.1,6.39404338816,11,5,2,5,1,0
30,30,18,397.1,8,224.6,6.32977454193,11,5,2,6,2,0
31,31,18,406.7,8,228.1,6.46924599863,11,5,2,7,1,0
32,32,18,401.4,7,203.5,6.72510660313,11,5,2,6,1,0
33,33,18,399.6,5,153.5,6.56111540015,11,5,2,5,0,0
34,34,18,398.5,6,180.4,6.67859961447,11,5,2,6,0,0
35,35,18,407.3,7,206.2,6.6271993513,11,5,2,7,0,0
36,36,18,406.6,7,205.3,6.56092612624,11,5,2,7,0,0
37,37,18,401.9,6,182.4,6.99586479165,11,5,2,6,0,0
38,38,18,411.0,7,208.7,7.03804785768,11,5,2,7,0,0
39,39,18,416.5,8,236.5,6.89579060765,11,5,2,7,1,0
40,40,19,430.6,7,208.4,6.64815851916,11,6,2,7,0,0
41,41,19,420.1,7,207.0,7.00990527253,11,6,2,6,1,0
42,42,19,432.2,8,235.8,6.86200233339,11,6,2,7,1,0
43,43,19,446.0,9,261.3,6.39182134583,11,6,2,7,2,0
44,44,19,446.2,8,234.9,6.21496966632,11,6,2,6,2,0
45,45,19,452.6,9,263.8,6.16004860617,11,6,2,6,3,0
46,46,19,460.3,9,271.8,6.44996486685,11,6,2,6,3,0
47,47,18,446.3,9,271.4,6.20336457305,10,6,2,6,3,0
48,48,18,439.6,8,241.3,6.11474164291,10,6,2,5,3,0
49,49,19,458.2,8,249.4,6.77243294195,11,6,2,6,2,0
50,50,19,454.1,8,245.5,6.64095040052,11,6,2,6,2,0
51,51,19,460.7,8,237.6,5.7153174716,11,6,2,6,1,1
52,52,19,464.4,9,263.0,5.36017369012,11,6,2,7,2,0
53,53,19,454.8,10,293.5,6.32308034341,11,6,2,7,3,0
54,54,19,465.7,10,297.6,6.34629329581,11,6,2,7,3,0
55,55,19,471.2,10,301.6,6.44291169512,11,6,2,7,3,0
56,56,19,467.1,10,298.0,6.24733393429,11,6,2,7,3,0
57,57,19,464.4,10,297.6,6.23567832802,11,6,2,7,3,0
58,58,19,457.5,9,268.0,6.36662992549,11,6,2,7,2,0
59,59,19,450.8,9,266.2,6.29972151988,11,6,2,6,3,0
60,60,19,452.5,9,267.5,6.39455177457,11,6,2,7,2,0
61,61,19,442.7,8,233.4,5.71780843797,11,6,2,7,1,0
62,62,19,423.6,8,220.7,5.27693868368,11,6,2,6,2,0
63,63,19,438.0,9,252.8,5.586528282,11,6,2,7,2,0
64,64,19,453.8,10,292.9,6.38359556971,11,6,2,7,3,0
65,65,19,423.7,6,174.2,5.41633332308,11,6,2,4,2,0
66,66,18,418.4,7,208.7,6.26598869925,11,5,2,4,3,0
67,67,18,406.5,6,185.3,6.67402779878,11,5,2,4,2,0
68,68,18,399.7,5,159.4,6.89803656824,11,5,2,4,1,0
69,69,18,412.4,8,233.6,6.35664440602,11,5,2,7,1,0
70,70,18,416.4,7,207.8,6.18337429298,11,5,2,6,1,0
71,71,18,419.6,9,258.6,6.18555137006,11,5,2,7,2,0
72,72,18,427.3,8,236.1,6.22963872892,11,5,2,6,2,0
73,73,18,416.2,7,206.2,6.09083743451,11,5,2,5,2,0
74,74,18,426.9,8,231.1,5.57349293795,11,5,2,6,2,0
75,75,18,418.9,7,205.2,5.82487622242,11,5,2,6,1,0
76,76,18,412.4,7,200.6,5.69064132526,11,5,2,7,0,0
77,77,18,410.9,8,231.1,6.23743966662,11,5,2,6,2,0
78,78,18,424.4,9,263.6,6.60263365952,11,5,2,7,2,0
79,79,18,422.5,8,231.8,6.22601804154,11,5,2,6,2,0
80,80,18,428.4,8,240.6,6.47211212002,11,5,2,6,2,0
81,81,18,432.7,9,267.4,6.5193953968,11,5,2,7,2,0
82,82,18,433.5,9,275.2,7.28021088899,11,5,2,7,2,0
83,83,18,434.7,8,237.6,6.15670366349,11,5,2,6,2,0
84,84,18,429.9,8,236.9,6.21461749332,11,5,2,7,1,0
85,85,18,420.5,7,215.3,7.08180260277,11,5,2,5,2,0
86,86,18,431.0,8,242.8,6.72967285475,11,5,2,6,2,0
87,87,19,456.8,9,267.5,6.57134484709,11,6,2,6,3,0
88,88,19,452.7,8,245.9,6.83340179683,11,6,2,5,3,0
89,89,19,453.3,8,244.4,6.68832446959,11,6,2,5,3,0
90,90,19,451.6,8,243.5,6.69610605183,11,6,2,5,3,0
91,91,19,454.7,8,242.4,6.57030801169,11,6,2,5,3,0
92,92,19,458.9,8,245.6,6.63470408124,11,6,2,5,3,0
93,93,19,447.4,8,240.5,6.66461371899,11,6,2,5,3,0
94,94,19,448.7,8,245.9,7.16312029758,11,6,2,5,3,0
95,95,19,447.2,9,265.7,7.03256003066,11,6,2,7,2,0
96,96,18,431.7,6,189.9,6.55638440534,11,6,1,6,0,0
97,97,18,435.0,9,270.4,6.76183059098,11,6,1,7,2,0
98,98,18,418.0,7,195.4,4.53723880215,11,6,1,4,3,0
99,99,18,422.6,6,168.0,4.03580381316,11,6,1,4,2,0
100,100,18,455.2,9,259.7,4.31875375391,11,6,1,7,2,0
101,101,18,446.5,8,230.1,4.22074320501,11,6,1,6,2,0
102,102,18,421.7,6,166.2,4.1310596213,11,6,1,4,2,0
103,103,18,414.8,4,112.9,3.78607700463,11,6,1,3,1,0
104,104,18,414.5,6,169.0,4.2808472987,11,6,1,4,2,0
105,105,18,422.5,7,200.7,4.61656933429,11,6,1,5,2,0
106,106,18,424.6,7,200.0,4.53844867106,11,6,1,5,2,0
107,107,19,426.4,8,220.5,5.10700127162,11,7,1,6,2,0
108,108,19,437.5,7,201.0,5.35836232291,11,7,1,5,2,0
109,109,19,430.4,5,147.2,5.42077981486,11,7,1,3,2,0
110,110,19,438.1,7,200.7,5.54820449329,11,7,1,4,3,0
111,111,19,453.4,8,229.0,5.53275203034,11,7,1,4,4,0
112,112,19,448.4,6,181.1,5.61535593015,11,7,1,3,3,0
113,113,19,443.5,6,180.5,5.88532221241,11,7,1,4,2,0
114,114,20,444.7,6,180.7,6.29856082141,11,7,2,4,2,0
115,115,20,446.3,6,182.0,6.44648210879,11,7,2,4,2,0
116,116,20,455.2,7,209.6,6.50201588173,11,7,2,5,2,0
117,117,20,461.1,6,184.9,6.36648089193,11,7,2,4,2,0
118,118,20,460.5,6,185.7,6.4658515945,11,7,2,4,2,0
119,119,20,460.0,6,184.9,6.43902575174,11,7,2,4,2,0
120,120,20,457.4,6,183.7,6.32938842976,11,7,2,4,2,0
121,121,20,448.1,7,210.6,7.12589606554,11,7,2,4,3,0
122,122,20,433.4,6,171.1,5.71775627691,11,7,2,4,2,0
123,123,20,446.4,7,189.0,5.06241049304,11,7,2,4,3,0
124,124,20,451.6,6,165.2,4.71052572773,11,7,2,4,2,0
125,125,20,423.4,5,134.8,4.55713437197,11,7,2,4,1,0
126,126,20,455.9,9,244.8,5.00341725329,11,7,2,7,2,0
127,127,20,460.1,7,205.1,5.72937720506,11,7,2,5,2,0
128,128,20,460.9,8,237.6,6.36176696739,11,7,2,7,1,0
129,129,20,480.6,8,251.6,6.83813609569,11,7,2,7,1,0
130,130,20,480.8,8,249.6,6.71458741923,11,7,2,7,1,0
131,131,20,471.6,8,248.7,6.93834501729,11,7,2,7,1,0
132,132,18,428.3,6,193.8,6.82783853683,11,6,1,6,0,0
133,133,18,420.8,6,188.9,6.37057163891,11,6,1,6,0,0
134,134,18,429.6,7,218.1,6.45354439778,11,6,1,6,1,0
135,135,18,422.0,7,221.9,7.40152784086,11,6,1,6,1,0
136,136,18,442.9,9,273.8,6.66257962956,11,6,1,7,2,0
137,137,18,436.5,9,270.1,6.6771119153,11,6,1,7,2,0
138,138,18,440.7,10,290.5,6.1781636335,11,6,1,7,3,0
139,139,18,461.6,11,327.7,6.30286790206,11,6,1,8,3,0
140,140,18,450.7,11,325.8,6.66484533944,11,6,1,8,3,0
141,141,18,426.3,10,281.4,5.72129664448,11,6,1,8,2,0
142,142,19,438.8,8,234.2,6.08636670347,11,7,1,7,1,0
143,143,19,437.8,9,261.1,6.66502611393,11,7,1,7,1,1
144,144,19,450.5,9,258.9,6.02512284216,11,7,1,7,1,1
145,145,19,414.8,7,193.5,5.43477001778,11,7,1,6,1,0
146,146,19,423.0,7,202.5,5.98407242662,11,7,1,6,1,0
147,147,19,432.9,7,204.0,6.062201943,11,7,1,6,1,0
148,148,19,396.6,5,137.7,5.02735208692,11,7,1,5,0,0
149,149,19,396.6,5,137.3,5.1654667537,11,7,1,5,0,0
150,150,19,422.2,7,202.4,6.12368615817,11,7,1,7,0,0
151,151,19,375.6,1,27.6,3.79986149332,11,7,1,1,0,0
152,152,19,422.9,8,233.0,6.56339307485,11,7,1,8,0,0
153,153,19,403.9,6,170.2,5.87351076061,11,7,1,6,0,0
154,154,19,418.5,6,176.2,6.183296685,11,7,1,6,0,0
155,155,19,426.3,7,202.6,6.1522543769,11,7,1,7,0,0
156,156,19,429.4,7,205.2,6.23743180769,11,7,1,7,0,0
157,157,19,423.0,8,231.4,6.56998313259,11,7,1,8,0,0
158,158,19,438.2,7,207.1,6.0497208867,11,7,1,7,0,0
159,159,19,436.8,7,209.3,6.19039531468,11,7,1,7,0,0
160,160,19,425.2,7,208.9,6.57838032644,11,7,1,7,0,0
161,161,19,435.0,7,209.4,6.29439553926,11,7,1,7,0,0
162,162,19,431.8,8,231.8,6.43107405107,11,7,1,7,1,0
163,163,19,420.1,8,232.8,6.700986224,11,7,1,7,1,0
164,164,18,420.0,7,209.1,5.91955880709,11,6,1,6,1,0
165,165,18,423.1,7,208.7,5.71288247243,11,6,1,6,1,0
166,166,18,428.5,7,208.3,5.57288310875,11,6,1,6,1,0
167,167,19,448.0,7,210.8,5.86122654469,11,6,2,6,1,0
168,168,19,451.2,7,210.6,5.8368911456,11,6,2,6,1,0
169,169,19,441.6,7,212.3,6.3071666283,11,6,2,6,1,0
170,170,19,439.9,8,235.9,6.20137694576,11,6,2,7,1,0
171,171,19,439.9,8,236.1,6.34423346399,11,6,2,6,2,0
172,172,19,433.4,7,208.6,6.33630585829,11,6,2,5,2,0
173,173,19,409.4,6,172.7,5.67199439949,11,6,2,5,1,0
174,174,19,418.8,7,203.3,6.02276383486,11,6,2,5,2,0
175,175,19,415.3,7,204.7,6.2478721524,11,6,2,5,2,0
176,176,19,412.7,7,205.2,6.43942534939,11,6,2,5,2,0
177,177,19,410.6,7,205.1,6.4702648698,11,6,2,5,2,0
178,178,19,415.3,7,206.5,6.40792181509,11,6,2,5,2,0
179,179,19,421.6,7,207.2,6.32981435017,11,6,2,5,2,0
180,180,19,416.6,7,204.0,6.19137770571,11,6,2,5,2,0
181,181,19,411.2,6,177.7,6.25879965324,11,6,2,5,1,0
182,182,19,413.1,7,203.7,6.42601620061,11,6,2,5,2,0
183,183,19,415.6,7,203.6,6.34760165603,10,7,2,5,2,0
184,184,19,402.7,6,175.1,6.54390927031,10,7,2,4,2,0
185,185,19,397.5,7,199.6,6.6762912981,10,7,2,5,2,0
186,186,19,406.2,6,176.9,6.51285727938,10,7,2,5,1,0
187,187,19,406.0,6,175.2,6.25104903477,10,7,2,5,1,0
188,188,19,409.4,6,173.4,6.06459382363,10,7,2,5,1,0
189,189,20,422.1,6,173.4,6.13561432604,11,7,2,5,1,0
190,190,20,428.2,6,173.3,6.00472620875,11,7,2,5,1,0
191,191,20,437.6,8,229.6,6.48095184692,11,7,2,6,2,0
192,192,20,455.5,8,230.9,5.82172654803,11,7,2,6,2,0
193,193,20,487.2,11,314.5,5.33995860422,11,7,2,7,4,0
194,194,20,482.2,7,216.0,5.90796963966,11,7,2,7,0,0
195,195,20,490.8,8,247.8,6.13123152393,11,7,2,6,2,0
196,196,19,476.3,9,273.8,6.236902065,11,7,1,7,2,0
197,197,19,448.0,7,205.7,5.8953445802,11,7,1,6,1,0
198,198,20,466.4,9,252.0,5.05887443275,11,7,2,6,3,0
199,199,20,436.5,5,138.9,4.28398179268,11,7,2,3,2,0
200,200,19,458.3,8,238.8,5.79737286741,11,7,1,6,2,0
201,201,19,447.8,8,228.6,5.21035855362,11,7,1,6,2,0
202,202,19,426.6,6,172.9,5.17948607715,11,7,1,4,2,0
203,203,19,420.6,6,166.4,4.70840979599,11,7,1,4,2,0
204,204,19,423.9,6,164.0,4.19005366405,11,7,1,4,2,0
205,205,19,435.4,6,170.1,4.50336456415,11,7,1,4,2,0
206,206,19,414.7,6,167.6,5.1866111935,11,7,1,4,2,0
207,207,19,406.5,6,162.9,4.82729205021,11,7,1,4,2,0
208,208,19,420.3,7,193.6,5.04254994438,11,7,1,5,2,0
209,209,19,450.3,9,260.9,5.7127537629,11,7,1,7,2,0
210,210,19,437.2,5,150.8,5.23162336574,11,7,1,4,1,0
211,211,19,449.0,7,201.5,5.07598404598,11,7,1,5,2,0
212,212,19,453.3,8,229.8,5.26290116333,11,7,1,6,2,0
213,213,19,450.6,7,206.7,5.56858880566,11,7,1,5,2,0
214,214,19,446.0,7,207.2,5.69754743584,11,7,1,5,2,0
215,215,19,442.2,7,207.8,5.69276754656,11,7,1,4,3,0
216,216,19,434.2,7,206.8,5.95682320453,11,7,1,4,3,0
217,217,19,455.6,7,207.7,5.61402796052,11,7,1,4,3,0
218,218,19,456.4,7,212.7,6.06204759571,11,7,1,4,3,0
219,219,19,461.8,7,213.6,6.0535089626,11,7,1,4,3,0
220,220,20,470.6,9,264.4,6.53348460262,11,7,2,5,4,0
221,221,20,473.5,10,290.2,6.47219762563,11,7,2,6,4,0
222,222,20,475.0,9,263.1,6.21538837335,11,7,2,6,3,0
223,223,20,462.5,9,260.3,6.28154146352,11,7,2,6,3,0
224,224,20,453.2,6,177.7,5.78522619309,11,7,2,3,3,0
225,225,20,452.4,6,179.6,5.78215039219,11,7,2,3,3,0
226,226,20,431.6,6,172.0,5.44789674529,11,7,2,3,3,0
227,227,20,446.7,6,178.2,5.8803217778,11,7,2,3,3,0
228,228,20,450.9,6,178.9,5.91905709063,11,7,2,3,3,0
229,229,20,443.4,6,176.9,5.91404216563,11,7,2,3,3,0
230,230,20,434.6,6,169.7,5.42616468216,11,7,2,3,3,0
231,231,20,459.1,8,223.5,5.26382640491,11,7,2,4,4,0
232,232,20,467.6,10,286.6,6.13922676427,11,7,2,6,4,0
233,233,20,461.0,9,264.9,6.83015758468,11,7,2,5,4,0
234,234,20,447.9,7,204.9,6.47687993437,11,7,2,5,2,0
235,235,20,445.0,7,203.9,6.41925557251,11,7,2,4,3,0
236,236,20,446.0,7,207.4,6.84120641869,11,7,2,4,3,0
237,237,20,450.2,7,209.1,6.8100467577,11,7,2,4,3,0
238,238,20,450.6,7,209.1,6.83952137445,11,7,2,4,3,0
239,239,20,439.7,7,205.4,6.61443994526,11,7,2,4,3,0
240,240,20,445.7,7,211.7,7.18443309854,11,7,2,4,3,0
241,241,19,426.9,8,236.1,7.3917410843,10,7,2,5,3,0
242,242,19,421.9,7,209.5,7.31637992485,10,7,2,5,2,0
243,243,19,427.9,7,211.1,7.35402980589,10,7,2,5,2,0
244,244,19,408.1,6,184.1,7.74170372775,10,7,2,4,2,0
245,245,19,405.8,7,209.1,7.68247036292,10,7,2,4,3,0
246,246,19,417.8,7,211.6,7.63048671353,10,7,2,4,3,0
247,247,19,421.1,8,241.6,7.74791803765,10,7,2,5,3,0
248,248,19,409.6,7,207.7,7.21151207672,10,7,2,5,2,0
249,249,19,405.0,4,118.2,5.59138853336,10,7,2,2,2,0
250,250,20,381.0,0,0,3.69017186877,11,7,2,0,0,0
251,251,20,372.8,2,52.5,4.14568894662,11,7,2,2,0,0
252,252,20,408.3,4,109.3,4.97607697944,11,7,2,2,2,0
253,253,18,339.9,2,55.2,4.93561486723,11,6,1,1,1,0
254,254,18,384.0,7,197.6,6.52524509344,11,6,1,4,3,0
255,255,17,338.4,5,133.1,5.38788810531,11,5,1,4,1,0
256,256,17,316.0,2,50.7,4.92936131169,11,5,1,2,0,0
257,257,17,325.9,5,141.0,6.69521888233,11,5,1,4,1,0
258,258,16,311.5,5,137.8,6.21597069384,10,5,1,4,1,0
259,259,16,306.1,5,137.0,6.37377112339,10,5,1,4,1,0
260,260,16,320.7,5,144.9,7.0220575095,10,5,1,4,1,0
261,261,16,303.6,5,131.8,5.8386642308,10,5,1,4,1,0
262,262,16,320.3,5,131.4,5.44404491164,10,5,1,3,2,0
263,263,16,335.3,5,137.1,5.87650335375,10,5,1,3,2,0
264,264,16,323.7,4,106.5,5.58792970011,10,5,1,2,2,0
265,265,15,320.1,4,120.6,6.61424868857,10,4,1,2,2,0
266,266,15,304.6,3,87.1,5.5330780205,10,4,1,1,2,0
267,267,14,316.9,5,158.6,7.99746182263,9,4,1,2,3,0
268,268,15,336.8,6,185.6,8.00043451201,9,5,1,3,3,0
269,269,16,312.4,3,89.6,5.93537418085,10,5,1,2,1,0
270,270,16,315.3,3,89.4,6.0707461101,10,5,1,2,1,0
271,271,15,292.3,3,89.3,6.29726319996,10,4,1,2,1,0
272,272,15,272.6,1,29.9,5.06408455508,10,4,1,1,0,0
273,273,16,283.1,1,30.6,4.74643287111,10,5,1,1,0,0
274,274,16,287.9,2,55.1,4.55711440131,10,5,1,2,0,0
275,275,16,285.9,1,29.9,4.66257707711,10,5,1,1,0,0
276,276,16,283.5,1,28.4,4.2458165685,9,6,1,1,0,0
277,277,16,302.1,3,85.9,5.81036071743,9,6,1,3,0,0
278,278,16,338.3,4,134.6,8.4088817132,9,6,1,4,0,0
279,279,16,335.5,4,128.6,7.48328971776,9,6,1,4,0,0
280,280,16,336.2,4,125.8,7.25303384798,9,6,1,4,0,0
281,281,16,344.4,3,102.7,7.41579395615,9,6,1,3,0,0
282,282,17,315.2,3,87.3,6.29037546808,9,7,1,3,0,0
283,283,17,316.9,3,80.6,5.15788944525,9,7,1,3,0,0
284,284,16,314.4,3,90.8,6.70343195684,9,6,1,3,0,0
285,285,18,376.4,5,156.5,7.9840936639,10,7,1,3,2,0
286,286,18,393.4,5,148.2,6.70532906788,10,7,1,4,1,0
287,287,18,375.0,5,139.8,5.4932043579,10,7,1,3,1,1
288,288,18,339.9,0,0,3.9688863455,10,7,1,0,0,0
289,289,18,341.6,1,29.0,4.55031421741,10,7,1,1,0,0
290,290,18,355.2,2,57.4,5.16458528601,10,7,1,2,0,0
291,291,18,333.7,0,0,3.55000230139,10,7,1,0,0,0
292,292,18,327.6,1,27.5,4.00440933443,10,7,1,1,0,0
293,293,18,309.0,0,0,3.68829627494,10,7,1,0,0,0
294,294,18,306.5,0,0,3.76200909333,10,7,1,0,0,0
295,295,18,305.5,0,0,3.86002218152,10,7,1,0,0,0
296,296,17,279.6,0,0,3.0475641189,9,7,1,0,0,0
297,297,17,281.4,0,0,3.41396354093,9,7,1,0,0,0
298,298,17,278.3,1,26.4,3.93569636562,9,7,1,1,0,0
299,299,17,280.2,0,0,3.22087629655,9,7,1,0,0,0
300,300,17,273.7,0,0,3.35559234711,9,7,1,0,0,0
301,301,17,290.1,1,25.2,4.26041975286,9,7,1,1,0,0
302,302,17,282.0,0,0,3.75630841934,9,7,1,0,0,0
303,303,17,288.7,0,0,4.13676130779,9,7,1,0,0,0
304,304,17,286.1,0,0,4.01150917765,9,7,1,0,0,0
305,305,17,284.5,0,0,4.02786251883,9,7,1,0,0,0
306,306,17,285.2,0,0,4.00788744412,9,7,1,0,0,0
307,307,17,302.8,3,78.6,5.62337558244,9,7,1,2,0,1
308,308,17,306.8,3,87.3,6.28272608497,9,7,1,2,0,1
309,309,16,288.7,3,89.2,6.68251137921,9,6,1,2,0,1
310,310,16,300.9,4,116.0,6.7798199337,9,6,1,3,0,1
311,311,16,296.2,2,57.2,5.61294634454,9,6,1,2,0,0
312,312,16,295.6,2,59.8,5.7712505866,9,6,1,2,0,0
313,313,16,289.0,2,59.2,5.92000844594,9,6,1,2,0,0
314,314,16,261.9,2,54.9,5.21110592869,9,6,1,2,0,0
315,315,16,257.9,0,0,3.6278953954,9,6,1,0,0,0
316,316,16,246.4,0,0,3.11276939932,9,6,1,0,0,0
317,317,15,233.8,0,0,3.30991296102,8,6,1,0,0,0
318,318,15,238.6,0,0,3.21857702956,8,6,1,0,0,0
319,319,16,256.4,0,0,3.57314054206,9,6,1,0,0,0
320,320,16,256.3,0,0,3.60614637344,9,6,1,0,0,0
321,321,16,245.9,0,0,3.31314930743,9,6,1,0,0,0
322,322,17,268.8,0,0,3.9159740731,9,7,1,0,0,0
323,323,17,277.4,1,25.3,4.25076982647,9,7,1,1,0,0
324,324,17,281.0,0,0,4.24304794721,9,7,1,0,0,0
325,325,17,271.7,0,0,3.4386107831,9,7,1,0,0,0
326,326,17,256.6,0,0,3.40761474279,9,7,1,0,0,0
327,327,17,284.3,1,30.3,5.03717795643,9,7,1,1,0,0
328,328,17,302.2,1,34.8,5.83872090142,9,7,1,1,0,0
329,329,17,286.7,1,30.1,5.05938993067,9,7,1,1,0,0
330,330,17,283.4,0,0,4.075500691,9,7,1,0,0,0
331,331,17,276.1,0,0,3.50036762775,9,7,1,0,0,0
332,332,17,267.6,0,0,3.12850979372,9,7,1,0,0,0
333,333,16,253.5,0,0,3.3105827785,9,6,1,0,0,0
334,334,16,253.1,0,0,3.2760176536,9,6,1,0,0,0
335,335,16,251.3,0,0,3.29615306077,9,6,1,0,0,0
336,336,16,247.9,0,0,3.26363166835,9,6,1,0,0,0
337,337,16,241.9,0,0,3.34967038179,9,6,1,0,0,0
338,338,15,233.4,0,0,3.45042440454,8,6,1,0,0,0
339,339,14,218.2,0,0,3.62106171062,8,5,1,0,0,0
340,340,14,208.5,0,0,3.4122999881,8,5,1,0,0,0
341,341,14,198.1,0,0,3.00275514512,8,5,1,0,0,0
342,342,13,186.8,0,0,3.01783162093,8,4,1,0,0,0
343,343,13,194.7,0,0,3.5294366515,8,4,1,0,0,0
344,344,13,191.0,0,0,3.64405029659,8,4,1,0,0,0
345,345,13,191.1,0,0,3.6551333765,8,4,1,0,0,0
346,346,13,190.1,0,0,3.61505044828,8,4,1,0,0,0
347,347,12,181.6,0,0,3.77800652902,7,4,1,0,0,0
348,348,12,178.6,0,0,3.36636662329,7,4,1,0,0,0
349,349,12,180.4,0,0,3.60613954586,7,4,1,0,0,0
350,350,12,182.6,0,0,4.00994974653,7,4,1,0,0,0
351,351,12,183.5,1,25.5,4.26432523349,7,4,1,1,0,0
352,352,11,165.5,1,25.1,4.63062925235,7,3,1,1,0,0
353,353,11,164.2,0,0,4.60262770797,7,3,1,0,0,0
354,354,10,145.8,1,25.1,4.65207241751,6,3,1,1,0,0
355,355,10,144.3,0,0,4.28487002266,6,3,1,0,0,0
356,356,10,147.9,0,0,3.87913220536,6,3,1,0,0,0
357,357,10,148.1,0,0,3.92356130745,6,3,1,0,0,0
358,358,10,139.2,0,0,4.12197363731,6,3,1,0,0,0
359,359,10,139.8,0,0,4.31658301077,6,3,1,0,0,0
360,360,10,136.1,0,0,4.19535457381,6,3,1,0,0,0
361,361,10,141.2,0,0,3.90492566439,6,3,1,0,0,0
362,362,10,143.7,0,0,3.6432738635,6,3,1,0,0,0
363,363,10,148.0,0,0,3.90327497821,6,3,1,0,0,0
364,364,10,146.7,0,0,3.70916282858,6,3,1,0,0,0
365,365,10,143.6,0,0,3.46224076446,6,3,1,0,0,0
366,366,10,147.4,0,0,3.93818909314,6,3,1,0,0,0
367,367,10,145.1,0,0,3.46584926261,6,3,1,0,0,0
368,368,10,146.7,0,0,3.72232006505,6,3,1,0,0,0
369,369,10,144.1,0,0,3.49331106863,6,3,1,0,0,0
370,370,10,144.2,0,0,3.31957159217,6,3,1,0,0,0
371,371,10,142.9,0,0,3.11678252904,6,3,1,0,0,0
372,372,9,132.5,0,0,3.36295174578,6,3,0,0,0,0
373,373,9,131.3,0,0,3.09372124005,6,3,0,0,0,0
374,374,9,131.8,0,0,3.29663127719,6,3,0,0,0,0
375,375,9,131.5,0,0,3.25055550808,6,3,0,0,0,0
376,376,9,130.4,0,0,3.65836180703,6,3,0,0,0,0
377,377,8,122.9,0,0,3.14730610432,5,3,0,0,0,0
378,378,8,124.4,0,0,3.02513281881,5,3,0,0,0,0
379,379,7,116.3,0,0,1.9299642237,5,2,0,0,0,0
380,380,7,118.7,0,0,1.2231886511,5,2,0,0,0,0
381,381,7,128.0,0,0,1.44271569321,5,2,0,0,0,0
382,382,7,129.0,0,0,2.59275547485,5,2,0,0,0,0
383,383,7,123.3,0,0,2.47482563118,5,2,0,0,0,0
384,384,8,141.4,0,0,3.08394459835,5,3,0,0,0,0
385,385,8,142.5,1,27.3,4.40663055601,5,3,0,1,0,0
386,386,9,155.9,0,0,3.08454930978,6,3,0,0,0,0
387,387,8,150.8,0,0,3.60515503927,6,2,0,0,0,0
388,388,8,149.5,0,0,3.33956263176,6,2,0,0,0,0
389,389,9,158.2,0,0,2.73851135554,6,2,1,0,0,0
390,390,9,168.0,0,0,3.35111921602,6,2,1,0,0,0
391,391,9,178.4,1,27.2,3.83594114194,6,2,1,0,0,1
