,e_id,num_sat,sum_snr,num_sat_25,sum_snr_25,num_sat_u20,sum_sat_u20,snr_std,elev_0_30,elev_30_60,elev_60_90,sum_elev_0_30,sum_elev_30_60,sum_elev_60_90,elev_0_30_25,elev_30_60_25,elev_60_90_25,sum_elev_0_30_25,sum_elev_30_60_25,sum_elev_60_90_25
1,1,17,339.9,4,111.7,10,160.2,5.553655394,12,4,1,238.9,88.8,12.2,2,2,0,54.4,57.3,0
2,2,17,333.0,2,53.5,9,140.9,4.83384970196,12,4,1,231.3,89.6,12.1,0,2,0,0,53.5,0
3,3,18,350.4,4,107.4,10,157.5,5.03131370986,12,4,2,232.5,85.5,32.4,2,2,0,53.2,54.2,0
4,4,18,361.7,2,55.7,9,144.3,4.77634763517,12,4,2,240.8,90.8,30.1,1,1,0,27.3,28.4,0
5,5,18,343.2,2,55.7,12,196.3,4.59360168828,12,4,2,220.1,93.0,30.1,1,1,0,26.7,29.0,0
6,6,18,322.5,0,0,12,187.4,3.79895496466,12,4,2,212.4,81.2,28.9,0,0,0,0,0,0
7,7,18,343.6,1,26.6,10,157.9,4.37195458898,12,4,2,229.2,86.5,27.9,1,0,0,26.6,0,0
8,8,18,342.5,1,26.1,10,156.5,4.26598110301,12,4,2,225.3,88.3,28.9,1,0,0,26.1,0,0
9,9,19,351.1,1,27.5,12,191.6,4.01975385473,13,4,2,242.0,80.7,28.4,1,0,0,27.5,0,0
10,10,19,374.7,4,110.8,11,177.1,5.19845906093,13,4,2,247.2,99.6,27.9,2,2,0,54.0,56.8,0
11,11,19,386.6,6,164.2,11,179.3,5.60202031226,13,4,2,250.8,105.7,30.1,3,3,0,78.1,86.1,0
12,12,19,388.4,6,167.0,9,138.9,5.79341731714,13,4,2,258.4,98.4,31.6,3,3,0,82.8,84.2,0
13,13,19,384.7,3,87.2,9,138.5,5.60529198576,13,4,2,261.1,91.8,31.8,2,1,0,55.1,32.1,0
14,14,19,400.8,5,134.9,8,127.2,5.18742857345,13,4,2,276.2,94.9,29.7,3,2,0,82.9,52.0,0
15,15,19,387.1,3,81.2,7,109.6,4.47782711508,13,4,2,272.3,85.3,29.5,3,0,0,81.2,0,0
16,16,19,378.1,2,55.6,9,147.6,4.39557858662,13,4,2,263.4,85.2,29.5,2,0,0,55.6,0,0
17,17,20,383.0,4,108.3,12,187.1,5.0898764332,13,4,3,251.2,86.7,45.1,3,1,0,80.8,27.5,0
18,18,20,383.5,3,81.7,12,192.1,4.66632674201,13,4,3,254.6,84.3,44.6,2,1,0,56.0,25.7,0
19,19,20,383.2,2,55.4,13,212.2,4.68866494296,13,4,3,251.7,87.3,44.2,2,0,0,55.4,0,0
20,20,20,391.7,4,107.5,11,175.6,4.84857819637,13,4,3,258.6,88.7,44.4,2,2,0,53.8,53.7,0
21,21,21,410.5,5,135.4,13,211.2,4.93564778399,13,5,3,262.9,102.9,44.7,3,2,0,81.2,54.2,0
22,22,21,399.4,3,80.3,14,227.6,4.61059855633,13,5,3,258.3,96.8,44.3,2,1,0,53.5,26.8,0
23,23,21,386.8,1,27.2,13,200.0,4.54473531106,13,5,3,260.2,85.9,40.7,1,0,0,27.2,0,0
24,24,21,400.6,4,106.6,12,185.0,5.08152583009,13,5,3,263.1,91.3,46.2,4,0,0,106.6,0,0
25,25,21,391.4,3,80.4,15,238.5,5.03492563902,13,5,3,255.1,90.0,46.3,2,1,0,54.9,25.5,0
26,26,20,384.0,4,107.4,13,211.5,4.9334518715,12,5,3,245.4,92.0,46.6,3,1,0,80.5,26.9,0
27,27,20,383.1,3,82.3,14,228.8,4.87436635558,12,5,3,247.4,89.1,46.6,2,1,0,54.5,27.8,0
28,28,20,388.1,3,82.7,13,213.7,4.78467674759,12,5,3,247.1,92.7,48.3,2,1,0,54.7,28.0,0
29,29,20,391.6,3,84.1,13,218.5,4.70079500555,12,5,3,245.7,97.6,48.3,2,1,0,54.6,29.5,0
30,30,20,377.0,4,107.0,14,227.5,4.86388408795,12,5,3,236.1,92.6,48.3,3,1,0,79.4,27.6,0
31,31,20,382.2,4,110.3,12,185.3,5.38437310039,12,5,3,244.0,94.4,43.8,3,1,0,80.9,29.4,0
32,32,20,381.5,4,110.3,11,163.9,5.565294242,12,5,3,240.6,97.1,43.8,3,1,0,83.5,26.8,0
33,33,20,384.2,4,111.9,12,183.4,5.64930363664,12,5,3,238.7,101.7,43.8,3,1,0,84.0,27.9,0
34,34,20,385.5,3,82.9,12,189.1,5.10612377445,12,5,3,234.6,104.5,46.4,2,1,0,56.1,26.8,0
35,35,21,427.1,4,116.4,10,153.6,5.76450138264,13,5,3,268.5,112.2,46.4,2,2,0,59.3,57.1,0
36,36,21,416.2,4,108.4,11,174.4,5.05654220269,13,5,3,265.1,104.7,46.4,3,1,0,81.7,26.7,0
37,37,21,398.1,3,79.2,12,189.8,4.4873791269,13,5,3,251.1,100.6,46.4,2,1,0,52.5,26.7,0
38,38,21,391.2,2,51.5,13,206.1,4.37071422735,13,5,3,261.1,87.7,42.4,2,0,0,51.5,0,0
39,39,21,400.7,4,109.3,12,188.0,5.00765604326,13,5,3,270.6,87.7,42.4,4,0,0,109.3,0,0
40,40,21,397.0,3,84.4,12,184.1,5.11961680114,13,5,3,271.1,83.5,42.4,3,0,0,84.4,0,0
41,41,21,378.2,4,106.9,14,206.5,5.21314729908,13,5,3,264.1,71.7,42.4,4,0,0,106.9,0,0
42,42,21,376.8,3,79.6,14,213.2,4.70675805928,13,5,3,257.3,77.6,41.9,3,0,0,79.6,0,0
43,43,21,382.1,3,82.8,14,209.9,5.18820548846,13,5,3,264.7,75.5,41.9,3,0,0,82.8,0,0
44,44,21,388.0,4,107.4,13,194.4,5.23468287119,13,5,3,268.9,77.2,41.9,4,0,0,107.4,0,0
45,45,21,397.4,3,79.4,11,168.7,4.4952090899,13,5,3,266.4,87.9,43.1,3,0,0,79.4,0,0
46,46,20,390.5,5,135.6,10,153.0,5.13736313686,13,4,3,260.0,87.4,43.1,3,2,0,81.6,54.0,0
47,47,20,396.5,6,161.1,10,147.6,5.67708922823,13,4,3,257.5,95.9,43.1,3,3,0,80.2,80.9,0
48,48,20,388.0,5,137.2,12,183.8,5.63653495649,13,4,3,250.9,92.2,44.9,3,2,0,83.1,54.1,0
49,49,21,462.7,7,213.8,11,180.8,7.03969696317,14,4,3,315.6,100.4,46.7,4,3,0,128.4,85.4,0
50,50,20,438.7,7,212.5,11,182.4,7.05581320614,14,4,2,315.3,92.2,31.2,5,2,0,152.8,59.7,0
51,51,20,450.0,8,231.7,9,151.2,6.18699825185,14,4,2,316.8,101.1,32.1,5,3,0,144.9,86.8,0
52,52,19,430.4,7,204.4,8,136.9,5.9038940465,13,4,2,289.8,101.8,38.8,4,3,0,116.9,87.5,0
53,53,19,434.5,7,207.2,8,135.5,6.11492278788,13,4,2,292.5,103.6,38.4,4,3,0,117.9,89.3,0
54,54,20,451.3,8,233.7,10,174.7,6.12873087231,14,4,2,306.3,106.6,38.4,5,3,0,142.7,91.0,0
55,55,20,457.3,8,238.0,10,175.9,6.31816720593,14,4,2,314.0,106.5,36.8,5,3,0,147.1,90.9,0
56,56,20,448.0,6,187.3,11,190.3,6.54249268447,14,4,2,304.7,106.2,37.1,3,3,0,97.7,89.6,0
57,57,20,444.4,6,187.0,11,186.4,6.75586295084,14,4,2,300.9,106.4,37.1,3,3,0,97.2,89.8,0
58,58,20,450.6,7,216.0,10,168.8,6.94232632025,14,4,2,305.5,108.0,37.1,4,3,0,124.6,91.4,0
59,59,20,449.0,7,218.0,10,165.9,7.13460801859,14,4,2,307.1,107.7,34.2,4,3,0,126.9,91.1,0
60,60,20,450.4,7,219.8,10,159.7,7.58943864508,14,4,2,308.1,108.1,34.2,4,3,0,127.0,92.8,0
61,61,20,431.4,8,239.8,10,145.7,8.01328502189,14,4,2,292.7,110.5,28.2,5,3,0,147.3,92.5,0
62,62,20,425.9,9,264.0,10,141.4,8.10149271496,14,4,2,286.7,110.2,29.0,6,3,0,171.8,92.2,0
63,63,20,426.3,9,265.0,10,139.3,8.21745734781,14,4,2,288.1,109.2,29.0,6,3,0,173.5,91.5,0
64,64,20,429.2,7,214.9,10,140.5,8.334860211,14,4,2,295.1,105.1,29.0,4,3,0,127.5,87.4,0
65,65,20,431.5,7,210.8,9,125.4,7.87827626084,14,4,2,299.4,103.1,29.0,4,3,0,123.4,87.4,0
66,66,20,413.3,6,176.9,9,124.8,7.25971400046,14,4,2,288.6,95.7,29.0,4,2,0,120.6,56.3,0
67,67,20,425.1,8,233.9,10,146.0,7.60979113068,14,4,2,303.0,96.5,25.6,5,3,0,153.1,80.8,0
68,68,20,441.5,9,265.3,11,176.2,7.55212587707,14,4,2,319.1,96.8,25.6,6,3,0,183.6,81.7,0
69,69,20,446.7,9,268.3,11,178.4,7.48966129513,14,4,2,319.4,98.9,28.4,6,3,0,184.5,83.8,0
70,70,20,442.2,9,267.5,11,174.7,7.53971240552,14,4,2,315.0,98.8,28.4,6,3,0,183.8,83.7,0
71,71,20,447.5,9,269.3,10,157.2,7.57328233088,14,4,2,319.1,100.0,28.4,6,3,0,184.4,84.9,0
72,72,20,446.7,9,268.6,10,157.9,7.56684422854,14,4,2,318.0,100.3,28.4,6,3,0,183.4,85.2,0
73,73,20,448.0,8,243.1,9,139.2,7.53406299835,14,4,2,318.9,100.7,28.4,5,3,0,157.5,85.6,0
74,74,20,421.1,6,183.1,11,166.1,7.39825548427,14,4,2,300.6,94.4,26.1,4,2,0,126.9,56.2,0
75,75,20,433.7,6,185.2,10,158.3,7.12152223526,14,4,2,318.2,89.4,26.1,5,1,0,155.2,30.0,0
76,76,20,454.7,8,239.3,8,126.9,7.06326858883,14,4,2,328.7,99.9,26.1,6,2,0,184.2,55.1,0
77,77,20,455.8,8,237.3,7,110.3,6.70835300204,14,4,2,326.2,102.0,27.6,6,2,0,180.2,57.1,0
78,78,20,452.5,8,240.3,7,103.1,7.27981166616,14,4,2,322.4,102.5,27.6,6,2,0,182.3,58.0,0
79,79,20,446.0,7,211.8,8,119.8,7.20109640775,14,4,2,315.0,102.2,28.8,5,2,0,153.6,58.2,0
80,80,19,438.7,7,212.1,6,92.1,6.73637676573,14,4,1,317.9,102.4,18.4,5,2,0,154.7,57.4,0
81,81,19,438.5,8,238.6,7,109.3,7.05758685131,14,4,1,323.6,96.5,18.4,6,2,0,180.9,57.7,0
82,82,19,446.0,8,240.6,8,133.3,6.87982897924,14,4,1,328.7,98.9,18.4,6,2,0,184.0,56.6,0
83,83,19,446.1,8,240.4,7,115.0,6.6924982005,14,4,1,326.8,100.9,18.4,5,3,0,157.6,82.8,0
84,84,19,447.1,9,268.6,7,111.6,7.08904104403,14,4,1,331.5,99.8,15.8,6,3,0,186.1,82.5,0
85,85,20,445.2,7,211.0,9,148.0,6.70980429552,14,4,2,320.4,93.8,31.0,5,2,0,155.6,55.4,0
86,86,20,430.7,5,148.5,8,124.7,6.04276644558,14,4,2,307.1,93.3,30.3,4,1,0,119.1,29.4,0
87,87,20,435.7,7,207.7,11,179.7,6.89746520947,14,4,2,307.4,97.1,31.2,5,2,0,151.3,56.4,0
88,88,20,438.6,7,210.4,10,158.9,7.00962496181,14,4,2,306.6,100.0,32.0,5,2,0,150.4,60.0,0
89,89,20,447.4,7,211.6,9,141.9,6.93291918466,14,4,2,317.8,99.0,30.6,5,2,0,153.0,58.6,0
90,90,20,443.1,7,209.4,9,143.6,6.90708827373,14,4,2,316.7,95.6,30.8,5,2,0,151.8,57.6,0
91,91,20,444.8,6,181.7,9,143.0,6.87132868481,14,4,2,316.9,94.0,33.9,4,2,0,123.3,58.4,0
92,92,21,458.4,7,203.5,9,138.7,6.64696493575,14,5,2,312.4,110.9,35.1,5,2,0,147.1,56.4,0
93,93,21,462.0,8,231.1,9,138.6,6.64996240591,14,5,2,317.2,110.3,34.5,5,3,0,146.9,84.2,0
94,94,21,458.0,7,204.7,10,158.4,6.6155804554,14,5,2,315.6,108.5,33.9,5,2,0,147.3,57.4,0
95,95,21,460.4,7,204.7,10,163.2,6.43629588831,14,5,2,316.2,109.0,35.2,4,3,0,122.0,82.7,0
96,96,21,442.3,6,180.1,13,219.3,6.50903035716,14,5,2,304.9,102.2,35.2,4,2,0,122.3,57.8,0
97,97,21,446.3,5,149.3,11,183.7,6.24920947381,14,5,2,302.7,108.4,35.2,2,3,0,68.7,80.6,0
98,98,21,453.9,6,180.1,9,139.8,6.6386960854,14,5,2,315.0,107.6,31.3,4,2,0,123.5,56.6,0
99,99,21,453.2,5,149.7,8,126.6,6.3321891197,14,5,2,318.4,99.7,35.1,4,1,0,119.8,29.9,0
100,100,21,433.3,4,118.4,12,203.4,5.68993262995,14,5,2,306.8,92.7,33.8,3,1,0,93.0,25.4,0
101,101,21,437.5,4,120.2,11,178.4,6.21669794451,14,5,2,308.4,95.3,33.8,3,1,0,94.6,25.6,0
102,102,22,452.5,4,129.6,13,212.2,6.60370648908,14,5,3,298.5,105.3,48.7,3,1,0,95.8,33.8,0
103,103,22,440.9,5,146.4,14,228.5,5.97826691648,14,5,3,299.6,92.3,49.0,4,1,0,117.1,29.3,0
104,104,22,466.2,6,173.3,10,158.7,6.07774308761,14,5,3,317.9,98.9,49.4,5,1,0,147.7,25.6,0
105,105,22,485.1,6,177.3,7,101.2,6.49891932408,14,5,3,331.9,109.7,43.5,3,3,0,95.4,81.9,0
106,106,22,466.9,7,205.7,11,170.6,6.90616921022,14,5,3,314.9,108.5,43.5,4,3,0,125.0,80.7,0
107,107,22,465.2,7,209.0,12,188.2,7.23547657118,14,5,3,312.9,108.8,43.5,4,3,0,128.0,81.0,0
108,108,22,457.2,6,181.3,11,163.6,7.31532223446,14,5,3,309.0,104.7,43.5,4,2,0,126.7,54.6,0
109,109,22,464.7,5,155.8,10,150.1,7.17581465879,14,5,3,315.6,105.6,43.5,3,2,0,100.5,55.3,0
110,110,22,465.3,4,130.1,11,171.3,7.04980580617,14,5,3,314.3,107.5,43.5,3,1,0,101.1,29.0,0
111,111,22,454.2,5,150.5,11,172.2,6.61237852694,14,5,3,305.7,105.0,43.5,3,2,0,96.4,54.1,0
112,112,22,460.0,4,128.2,10,151.1,6.86016167315,14,5,3,310.0,106.5,43.5,3,1,0,98.2,30.0,0
113,113,22,462.3,7,208.4,11,166.3,7.36234275955,14,5,3,309.9,111.5,40.9,4,3,0,125.7,82.7,0
114,114,21,443.0,6,180.7,10,153.4,7.18174604052,14,4,3,308.6,93.5,40.9,4,2,0,126.7,54.0,0
115,115,20,427.9,5,157.3,10,156.3,7.31958260242,13,4,3,295.8,91.8,40.3,4,1,0,128.8,28.5,0
116,116,20,432.9,5,154.0,10,163.2,6.90884063699,13,4,3,296.5,92.6,43.8,4,1,0,125.5,28.5,0
117,117,21,447.7,6,174.2,10,161.8,6.49127252914,14,4,3,317.6,86.3,43.8,4,2,0,123.5,50.7,0
118,118,21,452.2,4,124.2,9,147.1,6.20558887885,14,4,3,317.1,89.1,46.0,3,1,0,95.7,28.5,0
119,119,21,442.7,5,144.8,10,159.3,6.22186620297,14,4,3,317.3,79.8,45.6,5,0,0,144.8,0,0
120,120,21,445.4,5,146.8,11,184.9,6.08176822659,14,4,3,313.9,82.7,48.8,4,1,0,119.7,27.1,0
121,121,21,443.4,5,145.8,11,184.1,5.73561554798,14,4,3,315.5,79.1,48.8,5,0,0,145.8,0,0
122,122,21,445.7,5,153.8,11,181.2,6.5227988442,14,4,3,319.3,77.6,48.8,5,0,0,153.8,0,0
123,123,21,435.7,4,123.6,12,196.5,6.46185879199,14,4,3,308.7,78.2,48.8,4,0,0,123.6,0,0
124,124,21,426.8,4,117.6,13,216.5,5.78505875181,14,4,3,302.5,75.5,48.8,3,1,0,92.1,25.5,0
125,125,21,428.2,4,120.3,13,215.1,6.12853202341,14,4,3,303.9,75.5,48.8,4,0,0,120.3,0,0
126,126,21,420.5,2,63.4,12,197.7,5.54625141532,14,4,3,300.3,71.4,48.8,2,0,0,63.4,0,0
127,127,20,404.3,4,122.7,14,237.3,6.44762502175,14,4,2,296.1,73.8,34.4,4,0,0,122.7,0,0
128,128,20,420.7,5,151.2,10,159.9,6.61252997207,14,4,2,305.0,81.3,34.4,5,0,0,151.2,0,0
129,129,20,423.9,6,175.2,10,159.1,6.5062298081,14,4,2,305.1,89.5,29.3,4,2,0,120.5,54.7,0
130,130,20,424.2,7,203.3,11,176.0,6.78496014804,14,4,2,299.4,89.8,35.0,5,2,0,148.3,55.0,0
131,131,20,429.3,7,202.1,9,137.0,6.7591867309,14,4,2,303.9,87.0,38.4,5,2,0,147.4,54.7,0
132,132,20,421.9,4,126.0,9,140.8,6.52900209994,14,4,2,298.4,86.8,36.7,3,1,0,97.0,29.0,0
133,133,20,423.7,4,125.1,8,123.6,6.38924054461,14,4,2,298.8,87.5,37.4,3,1,0,97.2,27.9,0
134,134,20,418.1,4,122.7,10,162.7,6.26808751156,14,4,2,293.6,87.7,36.8,3,1,0,95.9,26.8,0
135,135,20,424.2,6,169.5,9,141.3,6.30671321521,14,4,2,295.0,93.8,35.4,3,3,0,91.7,77.8,0
136,136,20,418.6,5,150.9,9,134.5,6.9309451015,14,4,2,304.3,78.9,35.4,5,0,0,150.9,0,0
137,137,20,412.8,4,119.2,10,158.6,5.95380462173,14,4,2,301.8,75.6,35.4,4,0,0,119.2,0,0
138,138,20,402.0,2,61.9,9,139.4,5.2859296847,14,4,2,291.4,75.2,35.4,2,0,0,61.9,0,0
139,139,20,411.2,4,123.7,10,150.7,6.97102272947,14,4,2,294.8,81.0,35.4,4,0,0,123.7,0,0
140,140,20,425.7,5,151.5,9,138.9,6.62175640557,14,4,2,300.3,90.0,35.4,4,1,0,123.5,28.0,0
141,141,20,447.6,7,208.0,7,108.7,6.60554790747,14,4,2,310.4,101.8,35.4,4,3,0,124.5,83.5,0
142,142,19,417.5,7,198.6,8,131.1,6.18868520458,13,4,2,288.5,93.6,35.4,5,2,0,142.8,55.8,0
143,143,19,426.2,6,181.0,7,111.3,6.63518003034,13,4,2,292.5,99.0,34.7,4,2,0,123.7,57.3,0
144,144,19,419.0,7,202.7,7,104.9,6.71245678,13,4,2,291.4,100.5,27.1,5,2,0,143.9,58.8,0
145,145,19,418.3,8,228.0,7,101.9,6.99525737418,13,4,2,294.4,96.8,27.1,6,2,0,169.3,58.7,0
146,146,19,411.1,7,200.8,6,77.0,7.02291570711,13,4,2,287.5,96.5,27.1,5,2,0,142.4,58.4,0
147,147,19,396.1,7,203.0,9,124.7,7.50269347346,13,4,2,278.6,90.4,27.1,5,2,0,143.8,59.2,0
148,148,19,406.1,6,180.6,7,93.4,7.40876673687,13,4,2,281.6,97.4,27.1,4,2,0,121.7,58.9,0
149,149,19,421.2,6,188.0,7,98.7,7.60774843546,13,4,2,294.2,98.8,28.2,4,2,0,129.6,58.4,0
150,150,20,447.8,8,235.2,8,122.5,7.04608140443,14,4,2,329.1,90.5,28.2,6,2,0,180.2,55.0,0
151,151,20,454.0,7,217.0,8,123.5,7.66935116998,14,4,2,330.5,95.3,28.2,5,2,0,161.2,55.8,0
152,152,19,400.4,5,153.1,9,137.3,7.15431820692,13,4,2,295.7,76.5,28.2,5,0,0,153.1,0,0
153,153,20,433.3,4,128.4,8,126.5,6.79916984097,14,4,2,317.2,85.0,31.1,4,0,0,128.4,0,0
154,154,20,451.4,7,201.8,7,111.6,6.26713230819,14,4,2,329.3,91.0,31.1,6,1,0,175.2,26.6,0
155,155,19,427.9,7,210.7,8,131.2,7.02452678892,14,4,1,330.1,81.6,16.2,6,1,0,184.9,25.8,0
156,156,19,418.0,6,183.3,10,170.3,6.67233092704,14,4,1,319.0,82.8,16.2,5,1,0,154.8,28.5,0
157,157,20,418.9,5,153.0,13,223.1,6.2136924356,14,4,2,305.9,79.3,33.7,4,1,0,124.8,28.2,0
158,158,20,424.3,5,157.5,12,202.7,6.58908786915,14,4,2,312.0,78.0,34.3,4,1,0,129.1,28.4,0
159,159,20,434.1,5,158.7,9,147.7,6.57222825308,14,4,2,316.3,83.4,34.4,4,1,0,130.2,28.5,0
160,160,20,430.3,5,157.7,11,184.1,6.69550320423,14,4,2,313.1,82.9,34.3,4,1,0,131.2,26.5,0
161,161,20,428.3,5,158.3,10,163.1,6.82520676379,14,4,2,314.7,79.7,33.9,4,1,0,129.6,28.7,0
162,162,20,434.5,5,161.5,11,189.1,6.78022472846,14,4,2,320.2,80.8,33.5,4,1,0,132.4,29.1,0
163,163,20,436.9,5,159.7,10,170.1,6.63646029621,14,4,2,324.7,78.7,33.5,4,1,0,130.4,29.3,0
164,164,20,433.0,6,180.1,9,145.1,6.43620515848,14,4,2,319.9,79.7,33.4,5,1,0,152.6,27.5,0
165,165,20,439.8,6,180.7,9,153.0,6.14148104887,14,4,2,321.5,85.4,32.9,5,1,0,154.8,25.9,0
166,166,20,442.3,6,184.5,10,171.4,6.64199359736,14,4,2,321.7,88.1,32.5,5,1,0,157.4,27.1,0
167,167,19,426.9,6,187.7,9,153.2,6.89452702685,13,4,2,308.1,86.5,32.3,5,1,0,161.4,26.3,0
168,168,19,414.6,5,155.0,9,152.4,6.44365139303,13,4,2,304.5,78.0,32.1,5,0,0,155.0,0,0
169,169,20,426.4,7,207.3,10,157.3,7.12501892888,14,4,2,305.7,88.6,32.1,5,2,0,152.3,55.0,0
170,170,20,413.9,4,124.0,8,119.5,6.52916332191,14,4,2,303.7,79.5,30.7,4,0,0,124.0,0,0
171,171,20,424.8,4,120.6,8,120.7,6.35240526349,14,4,2,312.7,81.4,30.7,3,1,0,93.0,27.6,0
172,172,20,434.6,6,180.0,8,120.7,6.75909523687,14,4,2,322.1,81.8,30.7,5,1,0,152.9,27.1,0
173,173,20,427.0,6,182.8,12,197.6,7.1533209071,14,4,2,316.0,79.4,31.6,5,1,0,155.7,27.1,0
174,174,21,446.4,5,157.4,10,154.9,7.38272113984,14,5,2,319.9,94.9,31.6,4,1,0,131.3,26.1,0
175,175,21,459.4,4,133.2,9,140.3,7.1439418224,14,5,2,325.6,102.2,31.6,3,1,0,105.1,28.1,0
176,176,21,458.8,6,183.3,11,184.4,6.89504307801,14,5,2,322.0,105.2,31.6,5,1,0,156.3,27.0,0
177,177,20,434.3,6,174.7,9,148.4,5.71988912296,13,5,2,298.9,103.8,31.6,5,1,0,147.7,27.0,0
178,178,20,439.9,6,181.2,8,129.6,6.31984968176,13,5,2,304.0,107.1,28.8,5,1,0,153.1,28.1,0
179,179,20,442.6,6,189.5,10,165.7,7.14195167193,13,5,2,306.6,103.9,32.1,5,1,0,160.8,28.7,0
180,180,20,437.0,5,160.9,10,168.3,6.78244638367,13,5,2,304.1,100.6,32.3,4,1,0,133.5,27.4,0
181,181,20,444.7,6,184.9,10,170.9,6.60767297203,13,5,2,308.9,101.3,34.5,5,1,0,158.0,26.9,0
182,182,20,440.9,5,155.8,10,170.1,6.33116560317,13,5,2,311.0,92.9,37.0,5,0,0,155.8,0,0
183,183,20,436.7,6,184.3,10,163.5,6.70288822272,13,5,2,305.6,97.0,34.1,6,0,0,184.3,0,0
184,184,20,436.7,6,182.8,9,146.6,6.61634936709,13,5,2,306.0,95.4,35.3,5,1,0,157.3,25.5,0
185,185,20,431.4,5,151.3,8,127.7,6.39638878381,13,5,2,294.5,100.8,36.1,4,1,0,125.6,25.7,0
186,186,20,429.7,5,152.3,8,125.2,6.6488047996,13,5,2,294.1,100.7,34.9,4,1,0,125.5,26.8,0
187,187,20,438.6,6,185.7,9,148.5,7.10730535954,13,5,2,298.3,107.0,33.3,5,1,0,156.6,29.1,0
188,188,20,448.9,6,192.7,9,146.2,7.58970736555,13,5,2,306.8,108.8,33.3,5,1,0,162.5,30.2,0
189,189,19,428.4,6,191.9,8,126.1,7.6125166244,12,5,2,290.9,106.7,30.8,5,1,0,161.6,30.3,0
190,190,19,424.7,6,191.1,9,147.8,7.4864595119,12,5,2,289.5,105.8,29.4,5,1,0,160.9,30.2,0
191,191,19,422.9,6,186.3,10,172.8,6.99033585185,12,5,2,286.6,105.4,30.9,5,1,0,156.9,29.4,0
192,192,19,427.2,7,212.5,8,129.2,7.34818671192,12,5,2,284.8,112.3,30.1,5,2,0,158.4,54.1,0
193,193,19,441.9,7,214.5,7,115.1,7.11058020679,12,5,2,296.7,115.1,30.1,5,2,0,159.0,55.5,0
194,194,19,434.0,7,210.9,8,134.6,7.04196277795,12,5,2,291.2,112.7,30.1,5,2,0,155.1,55.8,0
195,195,19,428.9,4,134.2,8,131.5,6.99887626736,12,5,2,285.3,111.2,32.4,3,1,0,104.1,30.1,0
196,196,19,432.3,7,216.6,8,126.4,7.58011788395,12,5,2,295.7,105.7,30.9,6,1,0,189.1,27.5,0
197,197,19,433.4,6,188.5,8,135.8,6.81035932621,12,5,2,302.5,98.0,32.9,6,0,0,188.5,0,0
198,198,19,440.5,6,186.1,6,103.2,6.39168410757,12,5,2,303.5,104.1,32.9,6,0,0,186.1,0,0
199,199,19,435.8,7,210.6,9,155.5,6.80222271894,12,5,2,297.9,105.6,32.3,6,1,0,185.4,25.2,0
200,200,19,427.0,7,203.2,8,140.6,5.87847694799,12,5,2,289.4,105.3,32.3,6,1,0,174.7,28.5,0
201,201,18,394.7,6,176.4,9,151.3,6.4274965903,12,4,2,277.0,85.4,32.3,5,1,0,148.2,28.2,0
202,202,18,409.2,7,210.3,9,152.8,7.09523452334,12,4,2,278.6,99.2,31.4,4,3,0,126.1,84.2,0
203,203,18,418.5,6,178.4,6,101.6,6.15364550012,12,4,2,293.0,91.7,33.8,5,1,0,151.1,27.3,0
204,204,19,428.9,6,183.7,8,134.9,6.63181239726,13,4,2,312.9,83.4,32.6,5,1,0,156.1,27.6,0
205,205,19,426.2,6,178.8,7,114.4,6.56227032458,13,4,2,304.6,88.5,33.1,4,2,0,126.7,52.1,0
206,206,20,447.8,6,185.3,7,112.4,6.6626926752,14,4,2,328.7,82.9,36.2,5,1,0,156.3,29.0,0
207,207,20,445.6,6,180.8,9,153.8,6.28972428481,14,4,2,327.5,82.0,36.1,5,1,0,152.6,28.2,0
208,208,20,456.4,6,179.5,6,98.1,6.06826082776,14,4,2,335.9,82.9,37.6,5,1,0,152.7,26.8,0
209,209,19,438.6,5,150.7,5,86.9,5.45214159328,13,4,2,314.7,84.2,39.7,4,1,0,124.9,25.8,0
210,210,19,442.6,7,203.2,6,106.2,5.65090687749,13,4,2,320.9,81.2,40.5,6,1,0,177.3,25.9,0
211,211,19,438.2,5,152.0,5,87.3,5.59297282572,13,4,2,311.2,88.4,38.6,4,1,0,123.7,28.3,0
212,212,19,437.1,6,185.1,6,98.9,6.62826218923,13,4,2,305.5,93.0,38.6,4,2,0,125.9,59.2,0
213,213,19,428.7,4,130.8,5,79.2,6.34868407418,13,4,2,301.3,91.9,35.5,3,1,0,100.4,30.4,0
214,214,19,421.8,6,177.0,8,129.3,6.42313526766,13,4,2,296.9,89.4,35.5,6,0,0,177.0,0,0
215,215,19,415.7,6,172.2,8,130.6,5.77105603155,13,4,2,302.6,83.0,30.1,5,1,0,145.1,27.1,0
216,216,19,410.1,7,194.0,9,150.7,5.55780363872,13,4,2,298.1,81.9,30.1,6,1,0,168.1,25.9,0
217,217,19,411.2,5,143.3,8,135.9,5.76476999536,13,4,2,297.8,80.6,32.8,5,0,0,143.3,0,0
218,218,19,411.9,4,127.5,10,172.2,6.46594316806,13,4,2,300.8,78.3,32.8,4,0,0,127.5,0,0
219,219,19,408.8,4,127.3,11,189.3,6.50130441253,13,4,2,294.0,83.4,31.4,3,1,0,100.4,26.9,0
220,220,19,435.8,7,211.9,8,131.6,6.89260558105,13,4,2,309.2,95.2,31.4,6,1,0,183.2,28.7,0
221,221,19,430.8,7,217.8,9,146.9,7.60086560168,13,4,2,314.9,87.3,28.6,6,1,0,188.5,29.3,0
222,222,21,464.0,7,213.4,9,138.3,7.22796487197,14,4,3,330.8,92.2,41.0,6,1,0,184.4,29.0,0
223,223,21,466.7,6,188.1,10,161.4,7.26759277628,14,4,3,329.7,94.8,42.2,5,1,0,160.6,27.5,0
224,224,21,474.4,9,263.5,9,141.4,7.15002830497,14,4,3,333.5,98.9,42.0,6,3,0,183.7,79.8,0
225,225,21,443.2,6,174.0,11,180.5,6.05866950662,14,4,3,320.1,81.1,42.0,6,0,0,174.0,0,0
226,226,21,422.5,3,93.0,12,192.7,5.85453832916,14,4,3,299.5,81.0,42.0,3,0,0,93.0,0,0
227,227,21,430.0,5,147.2,11,176.5,6.19006500466,14,4,3,312.3,75.7,42.0,5,0,0,147.2,0,0
228,228,21,432.3,6,173.8,12,186.5,6.69949891516,14,4,3,315.1,76.7,40.5,6,0,0,173.8,0,0
229,229,21,463.0,8,238.7,9,136.8,7.11615198317,14,4,3,328.3,86.6,48.1,6,2,0,184.2,54.5,0
230,230,21,448.4,7,206.3,11,177.0,6.65587102096,14,4,3,319.9,83.4,45.1,6,1,0,178.8,27.5,0
231,231,21,450.8,6,186.8,12,195.0,7.3018034302,14,4,3,327.5,81.2,42.1,5,1,0,161.6,25.2,0
232,232,21,449.3,5,158.6,11,178.7,6.92303951964,14,4,3,323.3,83.9,42.1,5,0,0,158.6,0,0
233,233,21,441.1,6,180.5,12,191.1,6.96781717545,14,4,3,314.0,86.7,40.4,5,1,0,154.7,25.8,0
234,234,21,450.8,6,186.7,12,193.6,7.25929289486,14,4,3,325.7,84.7,40.4,6,0,0,186.7,0,0
235,235,21,451.5,6,179.9,11,183.0,6.27216071223,14,4,3,328.7,79.4,43.4,6,0,0,179.9,0,0
236,236,21,462.1,7,210.2,12,202.6,6.6758876706,14,4,3,337.8,82.4,41.9,6,1,0,183.4,26.8,0
237,237,21,479.6,10,288.7,10,166.5,6.85379283247,14,4,3,336.4,98.9,44.3,7,3,0,208.6,80.1,0
238,238,21,476.4,9,257.9,9,147.7,6.42652983454,14,4,3,332.4,99.7,44.3,7,2,0,205.0,52.9,0
239,239,21,458.6,9,254.0,9,136.6,6.68427080469,14,4,3,317.6,97.7,43.3,7,2,0,200.4,53.6,0
240,240,21,460.1,5,150.2,7,109.6,5.95238647619,14,4,3,321.2,95.6,43.3,4,1,0,123.8,26.4,0
241,241,22,462.9,6,170.8,10,155.3,5.98352174455,14,5,3,311.1,108.5,43.3,5,1,0,144.7,26.1,0
242,242,22,461.9,4,123.3,11,175.4,6.17317370508,14,5,3,319.5,101.1,41.3,4,0,0,123.3,0,0
243,243,21,443.2,5,147.0,11,182.3,6.02648124451,14,5,2,307.3,106.4,29.5,4,1,0,121.2,25.8,0
244,244,21,446.3,5,151.4,10,161.4,6.16738348472,14,5,2,313.1,102.4,30.8,5,0,0,151.4,0,0
245,245,21,443.1,5,145.8,10,159.4,5.97519874146,14,5,2,317.7,94.4,31.0,5,0,0,145.8,0,0
246,246,21,438.1,5,146.0,10,156.7,6.0255685367,14,5,2,311.3,95.8,31.0,4,1,0,120.3,25.7,0
247,247,21,460.7,8,236.7,9,135.5,7.19099966559,14,5,2,324.1,106.1,30.5,6,2,0,176.0,60.7,0
248,248,21,492.0,9,276.9,7,108.0,7.93663296727,14,5,2,338.4,116.0,37.6,7,2,0,210.3,66.6,0
249,249,21,507.5,11,328.6,7,113.7,7.54899551817,14,5,2,351.2,116.4,39.9,9,2,0,266.0,62.6,0
250,250,20,481.0,7,230.2,7,115.6,7.91138420253,13,5,2,318.9,120.1,42.0,5,2,0,165.3,64.9,0
251,251,19,476.9,11,339.9,7,114.3,8.13688447066,12,5,2,322.3,116.2,38.4,9,2,0,270.1,69.8,0
252,252,19,487.9,10,314.8,4,63.1,7.57331418332,12,5,2,324.6,124.1,39.2,8,2,0,246.0,68.8,0
253,253,20,502.9,7,239.5,4,61.7,7.75170439662,13,5,2,341.2,124.0,37.7,5,2,0,169.9,69.6,0
254,254,20,501.0,8,265.1,6,100.9,7.87343969505,13,5,2,339.4,123.9,37.7,6,2,0,196.1,69.0,0
255,255,20,502.1,9,288.2,7,120.3,7.67048169763,13,5,2,341.3,120.5,40.3,7,2,0,221.1,67.1,0
256,256,20,501.3,10,313.7,6,99.1,7.69136734131,13,5,2,341.1,119.7,40.5,8,2,0,246.3,67.4,0
257,257,20,491.1,9,286.7,7,113.1,7.99325208832,13,5,2,337.0,114.2,39.9,7,2,0,220.7,66.0,0
258,258,20,497.4,10,315.0,6,90.1,8.12967921941,13,5,2,342.8,115.4,39.2,8,2,0,249.3,65.7,0
259,259,20,492.8,9,289.0,6,89.9,8.21246805649,13,5,2,337.0,116.5,39.3,7,2,0,223.2,65.8,0
260,260,20,483.3,9,285.3,6,88.7,8.2284023518,13,5,2,331.6,114.5,37.2,7,2,0,220.4,64.9,0
261,261,20,493.2,9,287.5,7,112.9,8.0253807911,13,5,2,338.8,117.6,36.8,7,2,0,221.9,65.6,0
262,262,20,489.2,8,262.7,8,132.7,8.09446854665,13,5,2,338.1,117.6,33.5,6,2,0,197.4,65.3,0
263,263,20,453.4,7,206.8,9,149.0,6.65938988829,13,5,2,316.6,103.3,33.5,6,1,0,181.0,25.8,0
264,264,20,439.2,5,150.2,7,107.2,6.29999164578,13,5,2,305.5,100.2,33.5,4,1,0,122.9,27.3,0
265,265,20,455.5,7,202.3,6,93.5,5.9685028538,13,5,2,315.8,106.2,33.5,6,1,0,170.9,31.4,0
266,266,20,452.7,6,180.0,7,111.0,6.20316345441,13,5,2,318.6,100.1,34.0,5,1,0,147.7,32.3,0
267,267,20,471.0,10,293.2,7,109.8,7.08857494401,13,5,2,329.2,107.8,34.0,8,2,0,236.5,56.7,0
268,268,20,459.2,9,267.3,9,144.8,7.10221611078,13,5,2,316.3,108.9,34.0,6,3,0,186.3,81.0,0
269,269,19,432.6,7,207.4,8,135.7,6.35444312024,13,4,2,315.3,81.7,35.6,6,1,0,178.6,28.8,0
270,270,19,425.2,5,151.2,7,117.1,6.1564400741,13,4,2,309.8,79.8,35.6,5,0,0,151.2,0,0
271,271,19,414.5,5,146.8,7,107.7,6.39663654308,13,4,2,304.4,81.4,28.7,4,1,0,120.3,26.5,0
272,272,19,418.6,6,179.7,9,145.5,6.88331740366,13,4,2,299.3,90.6,28.7,4,2,0,125.1,54.6,0
273,273,19,426.7,8,233.6,8,129.0,7.06472581755,13,4,2,308.2,90.9,27.6,5,3,0,156.0,77.6,0
274,274,19,417.9,6,183.2,8,123.2,7.13983143936,13,4,2,305.0,85.3,27.6,5,1,0,156.6,26.6,0
275,275,19,445.4,7,227.0,8,127.8,8.19825969266,13,4,2,316.5,99.2,29.7,5,2,0,165.3,61.7,0
276,276,19,429.7,6,181.0,7,115.7,6.24671141552,13,4,2,309.7,90.3,29.7,5,1,0,150.3,30.7,0
277,277,19,422.9,6,175.7,7,114.5,6.06110695697,13,4,2,305.4,88.6,28.9,4,2,0,122.3,53.4,0
278,278,19,438.4,6,179.1,7,116.3,6.32392653212,13,4,2,327.1,81.6,29.7,5,1,0,153.8,25.3,0
279,279,20,450.5,6,182.3,9,149.0,6.55799030512,14,4,2,333.0,87.8,29.7,4,2,0,126.4,55.9,0
280,280,20,454.1,7,208.5,8,130.0,6.49821635447,14,4,2,334.4,86.0,33.7,5,2,0,152.0,56.5,0
281,281,20,450.1,7,210.2,8,123.3,6.85676577127,14,4,2,329.2,87.2,33.7,5,2,0,151.5,58.7,0
282,282,20,457.1,9,262.6,8,123.5,7.12478808549,14,4,2,335.3,88.3,33.5,7,2,0,202.4,60.2,0
283,283,20,458.2,8,238.7,7,107.8,6.99608161007,14,4,2,332.8,92.1,33.3,6,2,0,179.0,59.7,0
284,284,20,457.9,7,209.8,7,107.7,6.8963357929,14,4,2,331.5,93.1,33.3,5,2,0,152.3,57.5,0
285,285,20,463.5,9,265.1,7,108.6,7.03748422453,14,4,2,335.2,96.6,31.7,7,2,0,205.5,59.6,0
286,286,20,456.3,6,187.1,7,108.3,6.93399520289,14,4,2,329.3,95.3,31.7,5,1,0,153.4,33.7,0
287,287,20,468.8,11,316.8,7,107.2,6.92967683609,14,4,2,339.3,96.7,32.8,9,2,0,256.7,60.1,0
288,288,20,464.5,7,212.5,6,90.9,6.73966069738,14,4,2,329.9,98.7,35.9,5,2,0,154.0,58.5,0
289,289,20,465.4,8,241.2,6,91.4,7.010901286,14,4,2,333.7,95.8,35.9,6,2,0,182.2,59.0,0
290,290,20,448.1,5,162.5,9,147.7,6.87508660233,14,4,2,325.6,90.7,31.8,4,1,0,127.7,34.8,0
291,291,20,441.0,6,186.6,11,187.6,6.70518259887,14,4,2,321.7,87.5,31.8,5,1,0,155.1,31.5,0
292,292,20,453.5,6,186.6,9,151.4,6.65360013352,14,4,2,325.0,95.0,33.5,4,2,0,128.6,58.0,0
293,293,20,440.4,6,178.8,9,148.5,6.28637624676,14,4,2,313.5,91.8,35.1,4,2,0,123.1,55.7,0
294,294,20,449.0,8,232.9,8,128.9,6.42163284695,14,4,2,322.5,92.7,33.8,6,2,0,177.2,55.7,0
295,295,20,452.0,9,255.2,6,87.8,6.46284929831,14,4,2,324.3,92.3,35.4,7,2,0,198.6,56.6,0
296,296,20,448.0,10,274.8,7,108.9,6.03995468787,14,4,2,322.2,89.5,36.3,8,2,0,218.7,56.1,0
297,297,20,444.0,9,252.5,8,124.1,6.37049118159,14,4,2,321.5,87.5,35.0,8,1,0,223.5,29.0,0
298,298,20,444.3,8,227.3,8,125.6,6.42669391965,14,4,2,323.1,87.4,33.8,7,1,0,198.7,28.6,0
299,299,21,460.9,8,232.6,9,138.2,6.96107887095,14,4,3,325.0,88.9,47.0,7,1,0,203.2,29.4,0
300,300,21,455.0,6,181.6,10,156.3,6.99802353049,14,4,3,321.2,89.9,43.9,5,1,0,151.6,30.0,0
301,301,21,445.7,6,174.2,10,157.7,6.25594954918,14,4,3,318.6,83.2,43.9,5,1,0,145.6,28.6,0
302,302,21,441.2,5,144.1,9,139.6,5.95280646098,14,4,3,317.5,80.1,43.6,5,0,0,144.1,0,0
303,303,21,415.3,3,83.5,10,151.9,5.29848136374,14,4,3,294.3,78.6,42.4,3,0,0,83.5,0,0
304,304,21,400.6,2,57.0,12,182.8,5.23009605666,14,4,3,286.1,75.2,39.3,2,0,0,57.0,0,0
305,305,22,400.3,2,58.0,16,251.4,4.95498568281,14,5,3,283.5,73.9,42.9,2,0,0,58.0,0,0
306,306,22,425.5,4,109.1,12,189.1,5.11344251677,14,5,3,297.7,83.6,44.2,4,0,0,109.1,0,0
307,307,22,435.0,5,142.9,14,226.2,6.0726695956,14,5,3,298.5,92.3,44.2,4,1,0,113.2,29.7,0
308,308,22,428.4,3,89.1,14,225.6,5.78686376268,14,5,3,298.1,86.1,44.2,3,0,0,89.1,0,0
309,309,22,398.4,2,55.8,17,275.6,4.50575389717,14,5,3,267.7,86.5,44.2,1,1,0,29.0,26.8,0
310,310,22,429.7,3,88.1,12,183.6,5.85730202508,14,5,3,285.9,99.6,44.2,2,1,0,61.4,26.7,0
311,311,22,428.1,4,118.1,13,198.7,6.13069242504,14,5,3,283.3,100.6,44.2,3,1,0,89.1,29.0,0
312,312,22,472.1,7,222.5,13,208.3,8.26793341433,14,5,3,318.3,109.6,44.2,5,2,0,155.4,67.1,0
313,313,22,457.0,6,190.6,13,203.7,7.90745168862,14,5,3,309.5,103.3,44.2,4,2,0,127.9,62.7,0
314,314,22,449.9,6,184.3,13,204.3,7.42920555901,14,5,3,304.7,101.0,44.2,4,2,0,123.9,60.4,0
315,315,22,428.3,6,179.2,15,228.4,7.50449937188,14,5,3,292.3,99.8,36.2,4,2,0,120.0,59.2,0
316,316,22,432.9,6,183.1,14,207.7,7.76812362085,14,5,3,295.8,100.9,36.2,4,2,0,122.8,60.3,0
317,317,22,429.0,6,181.0,15,226.7,7.63226234949,14,5,3,294.3,98.5,36.2,4,2,0,121.6,59.4,0
318,318,21,416.4,5,156.3,14,214.6,7.80487942618,13,5,3,276.6,103.6,36.2,3,2,0,97.4,58.9,0
319,319,20,398.6,5,150.0,11,162.8,7.21176670084,13,5,2,276.8,96.7,25.1,3,2,0,96.9,53.1,0
320,320,19,348.7,2,56.4,11,164.7,5.17508651791,13,4,2,246.3,77.3,25.1,1,1,0,30.8,25.6,0
321,321,19,347.1,2,54.1,12,179.1,5.26667221852,13,4,2,242.4,79.3,25.4,2,0,0,54.1,0,0
322,322,19,346.6,1,26.6,13,203.5,4.83336963084,13,4,2,246.1,75.1,25.4,0,1,0,0,26.6,0
323,323,19,328.9,1,25.5,15,239.0,3.94783973794,13,4,2,230.2,73.3,25.4,1,0,0,25.5,0,0
324,324,19,339.2,2,53.0,14,219.8,4.62593755315,13,4,2,240.5,73.3,25.4,2,0,0,53.0,0,0
325,325,19,341.1,2,55.4,14,218.3,4.87366715923,13,4,2,247.8,66.2,27.1,2,0,0,55.4,0,0
326,326,19,355.0,2,57.9,12,185.1,5.38488245594,13,4,2,253.2,74.7,27.1,2,0,0,57.9,0,0
327,327,18,323.9,1,26.9,11,164.6,4.72695303206,13,3,2,240.2,56.6,27.1,1,0,0,26.9,0,0
328,328,18,315.2,1,26.9,13,198.4,4.49193904009,13,3,2,234.7,53.4,27.1,1,0,0,26.9,0,0
329,329,18,322.4,3,83.3,13,195.0,5.54986898509,13,3,2,241.9,53.4,27.1,3,0,0,83.3,0,0
330,330,18,317.4,3,78.5,12,176.2,4.97771504396,13,3,2,237.4,52.9,27.1,3,0,0,78.5,0,0
331,331,18,310.0,1,26.9,13,196.0,4.26180789524,13,3,2,231.4,51.5,27.1,1,0,0,26.9,0,0
332,332,18,305.9,1,26.9,12,175.6,4.16645881835,13,3,2,227.3,51.5,27.1,1,0,0,26.9,0,0
