,e_id,num_sat,sum_snr,num_sat_25,sum_snr_25,snr_std,elev_0_30,elev_30_60,elev_60_90,elev_0_30_25,elev_30_60_25,elev_60_90_25
1,1,17,339.9,4,111.7,5.553655394,12,4,1,2,2,0
2,2,17,333.0,2,53.5,4.83384970196,12,4,1,0,2,0
3,3,18,350.4,4,107.4,5.03131370986,12,4,2,2,2,0
4,4,18,361.7,2,55.7,4.77634763517,12,4,2,1,1,0
5,5,18,343.2,2,55.7,4.59360168828,12,4,2,1,1,0
6,6,18,322.5,0,0,3.79895496466,12,4,2,0,0,0
7,7,18,343.6,1,26.6,4.37195458898,12,4,2,1,0,0
8,8,18,342.5,1,26.1,4.26598110301,12,4,2,1,0,0
9,9,19,351.1,1,27.5,4.01975385473,13,4,2,1,0,0
10,10,19,374.7,4,110.8,5.19845906093,13,4,2,2,2,0
11,11,19,386.6,5,139.2,5.60202031226,13,4,2,2,3,0
12,12,19,388.4,6,167.0,5.79341731714,13,4,2,3,3,0
13,13,19,384.7,3,87.2,5.60529198576,13,4,2,2,1,0
14,14,19,400.8,4,109.9,5.18742857345,13,4,2,3,1,0
15,15,19,387.1,3,81.2,4.47782711508,13,4,2,3,0,0
16,16,19,378.1,2,55.6,4.39557858662,13,4,2,2,0,0
17,17,20,383.0,3,83.3,5.0898764332,13,4,3,2,1,0
18,18,20,383.5,3,81.7,4.66632674201,13,4,3,2,1,0
19,19,20,383.2,2,55.4,4.68866494296,13,4,3,2,0,0
20,20,20,391.7,4,107.5,4.84857819637,13,4,3,2,2,0
21,21,21,410.5,5,135.4,4.93564778399,13,5,3,3,2,0
22,22,21,399.4,3,80.3,4.61059855633,13,5,3,2,1,0
23,23,21,386.8,1,27.2,4.54473531106,13,5,3,1,0,0
24,24,21,400.6,4,106.6,5.08152583009,13,5,3,4,0,0
25,25,21,391.4,3,80.4,5.03492563902,13,5,3,2,1,0
26,26,20,384.0,4,107.4,4.9334518715,12,5,3,3,1,0
27,27,20,383.1,3,82.3,4.87436635558,12,5,3,2,1,0
28,28,20,388.1,3,82.7,4.78467674759,12,5,3,2,1,0
29,29,20,391.6,3,84.1,4.70079500555,12,5,3,2,1,0
30,30,20,377.0,4,107.0,4.86388408795,12,5,3,3,1,0
31,31,20,382.2,4,110.3,5.38437310039,12,5,3,3,1,0
32,32,20,381.5,4,110.3,5.565294242,12,5,3,3,1,0
33,33,20,384.2,4,111.9,5.64930363664,12,5,3,3,1,0
34,34,20,385.5,3,82.9,5.10612377445,12,5,3,2,1,0
35,35,21,427.1,4,116.4,5.76450138264,13,5,3,2,2,0
36,36,21,416.2,4,108.4,5.05654220269,13,5,3,3,1,0
37,37,21,398.1,3,79.2,4.4873791269,13,5,3,2,1,0
38,38,21,391.2,2,51.5,4.37071422735,13,5,3,2,0,0
39,39,21,400.7,4,109.3,5.00765604326,13,5,3,4,0,0
40,40,21,397.0,3,84.4,5.11961680114,13,5,3,3,0,0
41,41,21,378.2,4,106.9,5.21314729908,13,5,3,4,0,0
42,42,21,376.8,3,79.6,4.70675805928,13,5,3,3,0,0
43,43,21,382.1,3,82.8,5.18820548846,13,5,3,3,0,0
44,44,21,388.0,4,107.4,5.23468287119,13,5,3,4,0,0
45,45,21,397.4,3,79.4,4.4952090899,13,5,3,3,0,0
46,46,20,390.5,4,110.6,5.13736313686,13,4,3,2,2,0
47,47,20,396.5,5,136.1,5.67708922823,13,4,3,2,3,0
48,48,20,388.0,5,137.2,5.63653495649,13,4,3,3,2,0
49,49,21,462.7,7,213.8,7.03969696317,14,4,3,4,3,0
50,50,20,438.7,7,212.5,7.05581320614,14,4,2,5,2,0
51,51,20,450.0,8,231.7,6.18699825185,14,4,2,5,3,0
52,52,19,430.4,7,204.4,5.9038940465,13,4,2,4,3,0
53,53,19,434.5,7,207.2,6.11492278788,13,4,2,4,3,0
54,54,20,451.3,8,233.7,6.12873087231,14,4,2,5,3,0
55,55,20,457.3,8,238.0,6.31816720593,14,4,2,5,3,0
56,56,20,448.0,6,187.3,6.54249268447,14,4,2,3,3,0
57,57,20,444.4,6,187.0,6.75586295084,14,4,2,3,3,0
58,58,20,450.6,7,216.0,6.94232632025,14,4,2,4,3,0
59,59,20,449.0,7,218.0,7.13460801859,14,4,2,4,3,0
60,60,20,450.4,7,219.8,7.58943864508,14,4,2,4,3,0
61,61,20,431.4,8,239.8,8.01328502189,14,4,2,5,3,0
62,62,20,425.9,9,264.0,8.10149271496,14,4,2,6,3,0
63,63,20,426.3,9,265.0,8.21745734781,14,4,2,6,3,0
64,64,20,429.2,7,214.9,8.334860211,14,4,2,4,3,0
65,65,20,431.5,7,210.8,7.87827626084,14,4,2,4,3,0
66,66,20,413.3,6,176.9,7.25971400046,14,4,2,4,2,0
67,67,20,425.1,8,233.9,7.60979113068,14,4,2,5,3,0
68,68,20,441.5,9,265.3,7.55212587707,14,4,2,6,3,0
69,69,20,446.7,9,268.3,7.48966129513,14,4,2,6,3,0
70,70,20,442.2,9,267.5,7.53971240552,14,4,2,6,3,0
71,71,20,447.5,9,269.3,7.57328233088,14,4,2,6,3,0
72,72,20,446.7,9,268.6,7.56684422854,14,4,2,6,3,0
73,73,20,448.0,8,243.1,7.53406299835,14,4,2,5,3,0
74,74,20,421.1,6,183.1,7.39825548427,14,4,2,4,2,0
75,75,20,433.7,6,185.2,7.12152223526,14,4,2,5,1,0
76,76,20,454.7,8,239.3,7.06326858883,14,4,2,6,2,0
77,77,20,455.8,8,237.3,6.70835300204,14,4,2,6,2,0
78,78,20,452.5,8,240.3,7.27981166616,14,4,2,6,2,0
79,79,20,446.0,7,211.8,7.20109640775,14,4,2,5,2,0
80,80,19,438.7,7,212.1,6.73637676573,14,4,1,5,2,0
81,81,19,438.5,8,238.6,7.05758685131,14,4,1,6,2,0
82,82,19,446.0,8,240.6,6.87982897924,14,4,1,6,2,0
83,83,19,446.1,8,240.4,6.6924982005,14,4,1,5,3,0
84,84,19,447.1,9,268.6,7.08904104403,14,4,1,6,3,0
85,85,20,445.2,7,211.0,6.70980429552,14,4,2,5,2,0
86,86,20,430.7,5,148.5,6.04276644558,14,4,2,4,1,0
87,87,20,435.7,7,207.7,6.89746520947,14,4,2,5,2,0
88,88,20,438.6,7,210.4,7.00962496181,14,4,2,5,2,0
89,89,20,447.4,7,211.6,6.93291918466,14,4,2,5,2,0
90,90,20,443.1,7,209.4,6.90708827373,14,4,2,5,2,0
91,91,20,444.8,6,181.7,6.87132868481,14,4,2,4,2,0
92,92,21,458.4,6,178.5,6.64696493575,14,5,2,4,2,0
93,93,21,462.0,8,231.1,6.64996240591,14,5,2,5,3,0
94,94,21,458.0,7,204.7,6.6155804554,14,5,2,5,2,0
95,95,21,460.4,7,204.7,6.43629588831,14,5,2,4,3,0
96,96,21,442.3,6,180.1,6.50903035716,14,5,2,4,2,0
97,97,21,446.3,5,149.3,6.24920947381,14,5,2,2,3,0
98,98,21,453.9,6,180.1,6.6386960854,14,5,2,4,2,0
99,99,21,453.2,5,149.7,6.3321891197,14,5,2,4,1,0
100,100,21,433.3,4,118.4,5.68993262995,14,5,2,3,1,0
101,101,21,437.5,4,120.2,6.21669794451,14,5,2,3,1,0
102,102,22,452.5,4,129.6,6.60370648908,14,5,3,3,1,0
103,103,22,440.9,5,146.4,5.97826691648,14,5,3,4,1,0
104,104,22,466.2,6,173.3,6.07774308761,14,5,3,5,1,0
105,105,22,485.1,6,177.3,6.49891932408,14,5,3,3,3,0
106,106,22,466.9,7,205.7,6.90616921022,14,5,3,4,3,0
107,107,22,465.2,6,184.0,7.23547657118,14,5,3,4,2,0
108,108,22,457.2,6,181.3,7.31532223446,14,5,3,4,2,0
109,109,22,464.7,5,155.8,7.17581465879,14,5,3,3,2,0
110,110,22,465.3,4,130.1,7.04980580617,14,5,3,3,1,0
111,111,22,454.2,4,125.5,6.61237852694,14,5,3,3,1,0
112,112,22,460.0,4,128.2,6.86016167315,14,5,3,3,1,0
113,113,22,462.3,7,208.4,7.36234275955,14,5,3,4,3,0
114,114,21,443.0,6,180.7,7.18174604052,14,4,3,4,2,0
115,115,20,427.9,5,157.3,7.31958260242,13,4,3,4,1,0
116,116,20,432.9,5,154.0,6.90884063699,13,4,3,4,1,0
117,117,21,447.7,6,174.2,6.49127252914,14,4,3,4,2,0
118,118,21,452.2,4,124.2,6.20558887885,14,4,3,3,1,0
119,119,21,442.7,4,119.8,6.22186620297,14,4,3,4,0,0
120,120,21,445.4,5,146.8,6.08176822659,14,4,3,4,1,0
121,121,21,443.4,5,145.8,5.73561554798,14,4,3,5,0,0
122,122,21,445.7,5,153.8,6.5227988442,14,4,3,5,0,0
123,123,21,435.7,4,123.6,6.46185879199,14,4,3,4,0,0
124,124,21,426.8,4,117.6,5.78505875181,14,4,3,3,1,0
125,125,21,428.2,4,120.3,6.12853202341,14,4,3,4,0,0
126,126,21,420.5,2,63.4,5.54625141532,14,4,3,2,0,0
127,127,20,404.3,4,122.7,6.44762502175,14,4,2,4,0,0
128,128,20,420.7,5,151.2,6.61252997207,14,4,2,5,0,0
129,129,20,423.9,6,175.2,6.5062298081,14,4,2,4,2,0
130,130,20,424.2,7,203.3,6.78496014804,14,4,2,5,2,0
131,131,20,429.3,6,177.1,6.7591867309,14,4,2,5,1,0
132,132,20,421.9,4,126.0,6.52900209994,14,4,2,3,1,0
133,133,20,423.7,4,125.1,6.38924054461,14,4,2,3,1,0
134,134,20,418.1,4,122.7,6.26808751156,14,4,2,3,1,0
135,135,20,424.2,6,169.5,6.30671321521,14,4,2,3,3,0
136,136,20,418.6,5,150.9,6.9309451015,14,4,2,5,0,0
137,137,20,412.8,3,94.2,5.95380462173,14,4,2,3,0,0
138,138,20,402.0,2,61.9,5.2859296847,14,4,2,2,0,0
139,139,20,411.2,4,123.7,6.97102272947,14,4,2,4,0,0
140,140,20,425.7,5,151.5,6.62175640557,14,4,2,4,1,0
141,141,20,447.6,7,208.0,6.60554790747,14,4,2,4,3,0
142,142,19,417.5,7,198.6,6.18868520458,13,4,2,5,2,0
143,143,19,426.2,6,181.0,6.63518003034,13,4,2,4,2,0
144,144,19,419.0,7,202.7,6.71245678,13,4,2,5,2,0
145,145,19,418.3,8,228.0,6.99525737418,13,4,2,6,2,0
146,146,19,411.1,7,200.8,7.02291570711,13,4,2,5,2,0
147,147,19,396.1,7,203.0,7.50269347346,13,4,2,5,2,0
148,148,19,406.1,6,180.6,7.40876673687,13,4,2,4,2,0
149,149,19,421.2,6,188.0,7.60774843546,13,4,2,4,2,0
150,150,20,447.8,8,235.2,7.04608140443,14,4,2,6,2,0
151,151,20,454.0,7,217.0,7.66935116998,14,4,2,5,2,0
152,152,19,400.4,5,153.1,7.15431820692,13,4,2,5,0,0
153,153,20,433.3,4,128.4,6.79916984097,14,4,2,4,0,0
154,154,20,451.4,7,201.8,6.26713230819,14,4,2,6,1,0
155,155,19,427.9,7,210.7,7.02452678892,14,4,1,6,1,0
156,156,19,418.0,6,183.3,6.67233092704,14,4,1,5,1,0
157,157,20,418.9,5,153.0,6.2136924356,14,4,2,4,1,0
158,158,20,424.3,5,157.5,6.58908786915,14,4,2,4,1,0
159,159,20,434.1,5,158.7,6.57222825308,14,4,2,4,1,0
160,160,20,430.3,5,157.7,6.69550320423,14,4,2,4,1,0
161,161,20,428.3,5,158.3,6.82520676379,14,4,2,4,1,0
162,162,20,434.5,5,161.5,6.78022472846,14,4,2,4,1,0
163,163,20,436.9,5,159.7,6.63646029621,13,5,2,3,2,0
164,164,20,433.0,6,180.1,6.43620515848,13,5,2,4,2,0
165,165,20,439.8,6,180.7,6.14148104887,13,5,2,4,2,0
166,166,20,442.3,6,184.5,6.64199359736,13,5,2,4,2,0
167,167,19,426.9,6,187.7,6.89452702685,12,5,2,4,2,0
168,168,19,414.6,5,155.0,6.44365139303,12,5,2,4,1,0
169,169,20,426.4,7,207.3,7.12501892888,13,5,2,4,3,0
170,170,20,413.9,4,124.0,6.52916332191,13,5,2,3,1,0
171,171,20,424.8,4,120.6,6.35240526349,13,5,2,3,1,0
172,172,20,434.6,6,180.0,6.75909523687,13,5,2,4,2,0
173,173,20,427.0,6,182.8,7.1533209071,13,5,2,4,2,0
174,174,21,446.4,5,157.4,7.38272113984,13,6,2,3,2,0
175,175,21,459.4,4,133.2,7.1439418224,13,6,2,3,1,0
176,176,21,458.8,6,183.3,6.89504307801,13,6,2,4,2,0
177,177,20,434.3,6,174.7,5.71988912296,12,6,2,4,2,0
178,178,20,439.9,6,181.2,6.31984968176,12,6,2,4,2,0
179,179,20,442.6,6,189.5,7.14195167193,12,6,2,4,2,0
180,180,20,437.0,5,160.9,6.78244638367,12,6,2,4,1,0
181,181,20,444.7,6,184.9,6.60767297203,12,6,2,5,1,0
182,182,20,440.9,5,155.8,6.33116560317,12,6,2,5,0,0
183,183,20,436.7,6,184.3,6.70288822272,12,6,2,5,1,0
184,184,20,436.7,6,182.8,6.61634936709,12,6,2,4,2,0
185,185,20,431.4,5,151.3,6.39638878381,12,6,2,4,1,0
186,186,20,429.7,5,152.3,6.6488047996,12,6,2,4,1,0
187,187,20,438.6,6,185.7,7.10730535954,12,6,2,5,1,0
188,188,20,448.9,6,192.7,7.58970736555,12,6,2,5,1,0
189,189,19,428.4,6,191.9,7.6125166244,11,6,2,5,1,0
190,190,19,424.7,6,191.1,7.4864595119,11,6,2,5,1,0
191,191,19,422.9,6,186.3,6.99033585185,11,6,2,5,1,0
192,192,19,427.2,7,212.5,7.34818671192,11,6,2,5,2,0
193,193,19,441.9,7,214.5,7.11058020679,11,6,2,5,2,0
194,194,19,434.0,6,185.9,7.04196277795,11,6,2,5,1,0
195,195,19,428.9,4,134.2,6.99887626736,11,6,2,3,1,0
196,196,19,432.3,7,216.6,7.58011788395,11,6,2,6,1,0
197,197,19,433.4,6,188.5,6.81035932621,11,6,2,5,1,0
198,198,19,440.5,6,186.1,6.39168410757,11,6,2,5,1,0
199,199,19,435.8,6,185.6,6.80222271894,11,6,2,4,2,0
200,200,19,427.0,6,178.2,5.87847694799,11,6,2,4,2,0
201,201,18,394.7,5,151.4,6.4274965903,11,5,2,4,1,0
202,202,18,409.2,6,185.3,7.09523452334,11,5,2,3,3,0
203,203,18,418.5,5,153.4,6.15364550012,11,5,2,3,2,0
204,204,19,428.9,6,183.7,6.63181239726,12,5,2,5,1,0
205,205,19,426.2,6,178.8,6.56227032458,12,5,2,4,2,0
206,206,20,447.8,6,185.3,6.6626926752,13,5,2,5,1,0
207,207,20,445.6,6,180.8,6.28972428481,13,5,2,5,1,0
208,208,20,456.4,6,179.5,6.06826082776,13,5,2,4,2,0
209,209,19,438.6,5,150.7,5.45214159328,12,5,2,3,2,0
210,210,19,442.6,7,203.2,5.65090687749,12,5,2,5,2,0
211,211,19,438.2,5,152.0,5.59297282572,12,5,2,3,2,0
212,212,19,437.1,6,185.1,6.62826218923,12,5,2,4,2,0
213,213,19,428.7,4,130.8,6.34868407418,12,5,2,3,1,0
214,214,19,421.8,6,177.0,6.42313526766,12,5,2,5,1,0
215,215,19,415.7,6,172.2,5.77105603155,12,5,2,4,2,0
216,216,19,410.1,6,169.0,5.55780363872,12,5,2,5,1,0
217,217,19,411.2,5,143.3,5.76476999536,12,5,2,4,1,0
218,218,19,411.9,4,127.5,6.46594316806,12,5,2,3,1,0
219,219,19,408.8,4,127.3,6.50130441253,12,5,2,3,1,0
220,220,19,435.8,7,211.9,6.89260558105,12,5,2,5,2,0
221,221,19,430.8,7,217.8,7.60086560168,12,5,2,5,2,0
222,222,21,464.0,7,213.4,7.22796487197,13,5,3,5,2,0
223,223,21,466.7,6,188.1,7.26759277628,13,5,3,4,2,0
224,224,21,474.4,9,263.5,7.15002830497,13,5,3,5,4,0
225,225,21,443.2,6,174.0,6.05866950662,13,5,3,6,0,0
226,226,21,422.5,3,93.0,5.85453832916,13,5,3,3,0,0
227,227,21,430.0,5,147.2,6.19006500466,13,5,3,5,0,0
228,228,21,432.3,6,173.8,6.69949891516,13,5,3,5,1,0
229,229,21,463.0,8,238.7,7.11615198317,13,5,3,5,3,0
230,230,21,448.4,7,206.3,6.65587102096,13,5,3,5,2,0
231,231,21,450.8,6,186.8,7.3018034302,13,5,3,4,2,0
232,232,21,449.3,5,158.6,6.92303951964,13,5,3,4,1,0
233,233,21,441.1,6,180.5,6.96781717545,13,5,3,4,2,0
234,234,21,450.8,5,161.7,7.25929289486,13,5,3,4,1,0
235,235,21,451.5,6,179.9,6.27216071223,13,5,3,5,1,0
236,236,21,462.1,7,210.2,6.6758876706,13,5,3,5,2,0
237,237,21,479.6,10,288.7,6.85379283247,13,5,3,6,4,0
238,238,21,476.4,9,257.9,6.42652983454,13,5,3,6,3,0
239,239,21,458.6,9,254.0,6.68427080469,13,5,3,6,3,0
240,240,21,460.1,5,150.2,5.95238647619,13,5,3,3,2,0
241,241,22,462.9,6,170.8,5.98352174455,13,6,3,5,1,0
242,242,22,461.9,4,123.3,6.17317370508,13,6,3,4,0,0
243,243,21,443.2,5,147.0,6.02648124451,13,6,2,4,1,0
244,244,21,446.3,5,151.4,6.16738348472,13,6,2,5,0,0
245,245,21,443.1,5,145.8,5.97519874146,13,6,2,5,0,0
246,246,21,438.1,5,146.0,6.0255685367,13,6,2,3,2,0
247,247,21,460.7,8,236.7,7.19099966559,13,6,2,5,3,0
248,248,21,492.0,9,276.9,7.93663296727,13,6,2,6,3,0
249,249,21,507.5,11,328.6,7.54899551817,13,6,2,8,3,0
250,250,20,481.0,7,230.2,7.91138420253,12,6,2,5,2,0
251,251,19,476.9,11,339.9,8.13688447066,11,6,2,8,3,0
252,252,19,487.9,10,314.8,7.57331418332,11,6,2,7,3,0
253,253,20,502.9,7,239.5,7.75170439662,12,6,2,5,2,0
254,254,20,501.0,8,265.1,7.87343969505,12,6,2,5,3,0
255,255,20,502.1,9,288.2,7.67048169763,12,6,2,6,3,0
256,256,20,501.3,10,313.7,7.69136734131,12,6,2,7,3,0
257,257,20,491.1,9,286.7,7.99325208832,12,6,2,6,3,0
258,258,20,497.4,10,315.0,8.12967921941,12,6,2,7,3,0
259,259,20,492.8,9,289.0,8.21246805649,12,6,2,6,3,0
260,260,20,483.3,9,285.3,8.2284023518,12,6,2,6,3,0
261,261,20,493.2,9,287.5,8.0253807911,12,6,2,6,3,0
262,262,20,489.2,8,262.7,8.09446854665,12,6,2,5,3,0
263,263,20,453.4,7,206.8,6.65938988829,12,6,2,5,2,0
264,264,20,439.2,5,150.2,6.29999164578,12,6,2,3,2,0
265,265,20,455.5,7,202.3,5.9685028538,12,6,2,5,2,0
266,266,20,452.7,6,180.0,6.20316345441,12,6,2,5,1,0
267,267,20,471.0,10,293.2,7.08857494401,12,6,2,7,3,0
268,268,20,459.2,9,267.3,7.10221611078,12,6,2,5,4,0
269,269,19,432.6,7,207.4,6.35444312024,12,5,2,5,2,0
270,270,19,425.2,5,151.2,6.1564400741,12,5,2,5,0,0
271,271,19,414.5,5,146.8,6.39663654308,12,5,2,4,1,0
272,272,19,418.6,6,179.7,6.88331740366,12,5,2,4,2,0
273,273,19,426.7,8,233.6,7.06472581755,12,5,2,4,4,0
274,274,19,417.9,6,183.2,7.13983143936,12,5,2,4,2,0
275,275,19,445.4,7,227.0,8.19825969266,12,5,2,4,3,0
276,276,19,429.7,6,181.0,6.24671141552,12,5,2,5,1,0
277,277,19,422.9,6,175.7,6.06110695697,12,5,2,4,2,0
278,278,19,438.4,6,179.1,6.32392653212,12,5,2,5,1,0
279,279,20,450.5,6,182.3,6.55799030512,13,5,2,4,2,0
280,280,20,454.1,7,208.5,6.49821635447,13,5,2,5,2,0
281,281,20,450.1,7,210.2,6.85676577127,13,5,2,5,2,0
282,282,20,457.1,9,262.6,7.12478808549,13,5,2,6,3,0
283,283,20,458.2,8,238.7,6.99608161007,13,5,2,6,2,0
284,284,20,457.9,7,209.8,6.8963357929,13,5,2,5,2,0
285,285,20,463.5,9,265.1,7.03748422453,13,5,2,6,3,0
286,286,20,456.3,6,187.1,6.93399520289,13,5,2,5,1,0
287,287,20,468.8,11,316.8,6.92967683609,13,5,2,8,3,0
288,288,20,464.5,7,212.5,6.73966069738,13,5,2,4,3,0
289,289,20,465.4,8,241.2,7.010901286,13,5,2,6,2,0
290,290,20,448.1,5,162.5,6.87508660233,13,5,2,4,1,0
291,291,20,441.0,6,186.6,6.70518259887,13,5,2,5,1,0
292,292,20,453.5,6,186.6,6.65360013352,13,5,2,4,2,0
293,293,20,440.4,6,178.8,6.28637624676,13,5,2,4,2,0
294,294,20,449.0,8,232.9,6.42163284695,13,5,2,6,2,0
295,295,20,452.0,9,255.2,6.46284929831,13,5,2,6,3,0
296,296,20,448.0,9,249.8,6.03995468787,13,5,2,6,3,0
297,297,20,444.0,9,252.5,6.37049118159,13,5,2,7,2,0
298,298,20,444.3,8,227.3,6.42669391965,13,5,2,6,2,0
299,299,21,460.9,8,232.6,6.96107887095,13,5,3,6,2,0
300,300,21,455.0,6,181.6,6.99802353049,13,5,3,4,2,0
301,301,21,445.7,6,174.2,6.25594954918,13,5,3,4,2,0
302,302,21,441.2,4,119.1,5.95280646098,13,5,3,4,0,0
303,303,21,415.3,3,83.5,5.29848136374,13,5,3,3,0,0
304,304,21,400.6,2,57.0,5.23009605666,13,5,3,2,0,0
305,305,22,400.3,2,58.0,4.95498568281,13,6,3,2,0,0
306,306,22,425.5,4,109.1,5.11344251677,13,6,3,4,0,0
307,307,22,435.0,3,92.9,6.0726695956,13,6,3,2,1,0
308,308,22,428.4,3,89.1,5.78686376268,13,6,3,3,0,0
309,309,22,398.4,2,55.8,4.50575389717,13,6,3,1,1,0
310,310,22,429.7,3,88.1,5.85730202508,13,6,3,2,1,0
311,311,22,428.1,4,118.1,6.13069242504,13,6,3,3,1,0
312,312,22,472.1,6,197.5,8.26793341433,13,6,3,4,2,0
313,313,22,457.0,6,190.6,7.90745168862,13,6,3,4,2,0
314,314,22,449.9,6,184.3,7.42920555901,13,6,3,4,2,0
315,315,22,428.3,6,179.2,7.50449937188,13,6,3,4,2,0
316,316,22,432.9,6,183.1,7.76812362085,13,6,3,4,2,0
317,317,22,429.0,6,181.0,7.63226234949,13,6,3,4,2,0
318,318,21,416.4,5,156.3,7.80487942618,12,6,3,3,2,0
319,319,20,398.6,5,150.0,7.21176670084,12,6,2,3,2,0
320,320,19,348.7,2,56.4,5.17508651791,12,5,2,1,1,0
321,321,19,347.1,2,54.1,5.26667221852,12,5,2,2,0,0
322,322,19,346.6,1,26.6,4.83336963084,12,5,2,0,1,0
323,323,19,328.9,1,25.5,3.94783973794,12,5,2,1,0,0
324,324,19,339.2,2,53.0,4.62593755315,12,5,2,2,0,0
325,325,19,341.1,2,55.4,4.87366715923,12,5,2,2,0,0
326,326,19,355.0,2,57.9,5.38488245594,12,5,2,2,0,0
327,327,18,323.9,1,26.9,4.72695303206,12,4,2,1,0,0
328,328,18,315.2,1,26.9,4.49193904009,12,4,2,1,0,0
329,329,18,322.4,3,83.3,5.54986898509,12,4,2,3,0,0
330,330,18,317.4,2,53.5,4.97771504396,12,4,2,2,0,0
331,331,18,310.0,1,26.9,4.26180789524,12,4,2,1,0,0
332,332,18,305.9,1,26.9,4.16645881835,12,4,2,1,0,0
