,e_id,num_sat,sum_snr,num_sat_25,sum_snr_25,num_sat_u20,sum_sat_u20,snr_std,elev_0_30,elev_30_60,elev_60_90,sum_elev_0_30,sum_elev_30_60,sum_elev_60_90,elev_0_30_25,elev_30_60_25,elev_60_90_25,sum_elev_0_30_25,sum_elev_30_60_25,sum_elev_60_90_25
1,1,15,386.9,7,218.6,3,53.9,5.99529180353,9,5,1,249.0,113.7,24.2,5,2,0,163.9,54.7,0
2,2,15,360.5,6,181.0,5,92.4,5.72908203401,9,5,1,230.9,111.0,18.6,5,1,0,148.7,32.3,0
3,3,16,398.5,7,218.5,4,67.0,6.4309116772,9,5,2,236.8,122.1,39.6,5,2,0,153.4,65.1,0
4,4,16,396.6,9,268.5,5,82.0,6.63605053226,9,5,2,238.2,117.9,40.5,7,2,0,207.0,61.5,0
5,5,16,374.0,7,196.1,5,86.4,5.09345985881,9,5,2,229.9,107.8,36.3,6,1,0,170.5,25.6,0
6,6,16,378.7,6,180.1,4,69.8,5.53807653131,9,5,2,238.3,102.8,37.6,6,0,0,180.1,0,0
7,7,16,373.6,5,155.6,5,83.5,6.22842944355,9,5,2,234.6,101.8,37.2,5,0,0,155.6,0,0
8,8,16,383.8,6,179.5,4,67.6,5.75741550814,9,5,2,237.2,110.1,36.5,5,1,0,153.6,25.9,0
9,9,16,388.5,7,207.7,4,68.7,5.71841688465,9,5,2,241.2,112.7,34.6,6,1,0,181.7,26.0,0
10,10,16,380.2,7,206.2,6,103.6,6.09632402901,9,5,2,236.1,109.8,34.3,6,1,0,180.4,25.8,0
11,11,16,389.1,7,208.6,4,63.9,6.15231325059,9,5,2,246.5,112.8,29.8,6,1,0,183.6,25.0,0
12,12,16,382.2,5,156.4,4,65.0,6.0422815779,9,5,2,241.7,108.6,31.9,5,0,0,156.4,0,0
13,13,16,378.6,5,155.8,5,86.7,5.99342695515,9,5,2,236.1,110.6,31.9,5,0,0,155.8,0,0
14,14,16,400.0,8,239.8,4,67.2,6.13840370129,9,5,2,248.9,118.9,32.2,7,1,0,213.1,26.7,0
15,15,16,403.5,9,267.1,4,67.2,6.00380087944,9,5,2,252.7,118.6,32.2,7,2,0,213.4,53.7,0
16,16,16,389.2,8,233.5,5,87.7,5.83032303279,9,5,2,238.6,117.5,33.1,6,2,0,181.4,52.1,0
17,17,16,394.8,8,232.7,3,48.9,5.64853963428,9,5,2,238.7,120.6,35.5,6,2,0,181.8,50.9,0
18,18,16,398.9,7,208.0,2,34.9,5.16381238363,9,5,2,237.3,122.1,39.5,6,1,0,180.1,27.9,0
19,19,16,397.1,8,231.2,3,52.7,5.10858346315,9,5,2,233.8,123.5,39.8,6,2,0,177.6,53.6,0
20,20,16,394.8,6,179.8,3,53.6,5.04546000546,9,5,2,232.3,123.2,39.3,5,1,0,151.2,28.6,0
21,21,17,403.6,7,206.7,5,85.2,5.91650855906,10,5,2,253.6,114.6,35.4,6,1,0,178.7,28.0,0
22,22,17,402.3,7,203.5,5,85.6,5.64899782887,10,5,2,247.3,118.5,36.5,6,1,0,175.9,27.6,0
23,23,17,403.8,7,205.1,5,85.6,5.77203578115,10,5,2,251.7,115.6,36.5,6,1,0,178.5,26.6,0
24,24,18,407.3,7,205.5,7,113.9,6.49224021479,11,5,2,260.8,110.0,36.5,6,1,0,179.4,26.1,0
25,25,18,389.2,4,119.9,7,111.7,5.90976814072,11,5,2,246.9,105.8,36.5,4,0,0,119.9,0,0
26,26,18,391.8,4,122.1,7,108.5,6.32046163616,11,5,2,251.1,107.4,33.3,4,0,0,122.1,0,0
27,27,18,395.1,6,173.9,7,111.0,6.2748095823,11,5,2,248.6,113.2,33.3,4,2,0,120.9,53.0,0
28,28,18,392.3,6,174.5,8,129.0,6.44309682777,11,5,2,245.4,115.2,31.7,4,2,0,121.5,53.0,0
29,29,18,389.6,6,174.1,8,128.1,6.39404338816,11,5,2,246.0,111.9,31.7,5,1,0,146.8,27.3,0
30,30,18,397.1,8,224.6,8,129.8,6.32977454193,11,5,2,252.1,110.9,34.1,6,2,0,173.0,51.6,0
31,31,18,406.7,8,228.1,8,130.8,6.46924599863,11,5,2,260.1,111.3,35.3,7,1,0,202.6,25.5,0
32,32,18,401.4,8,228.5,8,127.2,6.72510660313,11,5,2,260.8,105.3,35.3,7,1,0,203.3,25.2,0
33,33,18,399.6,5,153.5,9,151.0,6.56111540015,11,5,2,262.8,101.5,35.3,5,0,0,153.5,0,0
34,34,18,398.5,6,180.4,8,129.0,6.67859961447,11,5,2,265.7,100.9,31.9,6,0,0,180.4,0,0
35,35,18,407.3,7,206.2,7,111.0,6.6271993513,11,5,2,269.8,105.6,31.9,7,0,0,206.2,0,0
36,36,18,406.6,7,205.3,7,111.0,6.56092612624,11,5,2,269.6,105.1,31.9,7,0,0,205.3,0,0
37,37,18,401.9,6,182.4,7,105.5,6.99586479165,11,5,2,270.2,99.5,32.2,6,0,0,182.4,0,0
38,38,18,411.0,8,233.7,7,106.0,7.03804785768,11,5,2,275.2,103.6,32.2,7,1,0,208.7,25.0,0
39,39,18,416.5,8,236.5,7,109.2,6.89579060765,11,5,2,276.7,107.6,32.2,7,1,0,211.0,25.5,0
40,40,19,430.6,7,208.4,8,128.7,6.64815851916,11,6,2,274.2,124.2,32.2,7,0,0,208.4,0,0
41,41,19,420.1,7,207.0,8,121.7,7.00990527253,11,6,2,266.1,121.8,32.2,6,1,0,181.8,25.2,0
42,42,19,432.2,8,235.8,7,106.9,6.86200233339,11,6,2,273.8,125.7,32.7,7,1,0,209.4,26.4,0
43,43,19,446.0,9,261.3,7,113.5,6.39182134583,11,6,2,276.6,132.4,37.0,7,2,0,209.6,51.7,0
44,44,19,446.2,8,234.9,6,96.5,6.21496966632,11,6,2,279.3,127.0,39.9,6,2,0,183.3,51.6,0
45,45,19,452.6,9,263.8,6,100.8,6.16004860617,11,6,2,276.3,138.5,37.8,6,3,0,185.3,78.5,0
46,46,19,460.3,9,271.8,7,123.0,6.44996486685,11,6,2,277.7,144.8,37.8,6,3,0,186.1,85.7,0
47,47,18,446.3,9,271.4,5,85.8,6.20336457305,10,6,2,265.3,143.2,37.8,6,3,0,184.8,86.6,0
48,48,18,439.6,8,241.3,5,86.9,6.11474164291,10,6,2,258.2,143.6,37.8,5,3,0,156.2,85.1,0
49,49,19,458.2,8,249.4,6,101.5,6.77243294195,11,6,2,288.3,136.5,33.4,6,2,0,191.9,57.5,0
50,50,19,454.1,8,245.5,7,119.8,6.64095040052,11,6,2,288.8,129.7,35.6,6,2,0,192.4,53.1,0
51,51,19,460.7,8,237.6,6,106.4,5.7153174716,11,6,2,287.4,127.9,45.4,6,1,1,185.3,26.8,25.5
52,52,19,464.4,10,288.0,5,89.2,5.36017369012,11,6,2,289.6,131.3,43.5,7,3,0,210.5,77.5,0
53,53,19,454.8,10,293.5,7,117.8,6.32308034341,11,6,2,280.5,130.8,43.5,7,3,0,211.8,81.7,0
54,54,19,465.7,10,297.6,6,100.1,6.34629329581,11,6,2,285.3,133.4,47.0,7,3,0,215.4,82.2,0
55,55,19,471.2,10,301.6,6,103.1,6.44291169512,11,6,2,291.7,134.8,44.7,7,3,0,220.7,80.9,0
56,56,19,467.1,10,298.0,7,122.9,6.24733393429,11,6,2,289.1,133.6,44.4,7,3,0,216.3,81.7,0
57,57,19,464.4,10,297.6,7,123.3,6.23567832802,11,6,2,287.8,135.1,41.5,7,3,0,214.4,83.2,0
58,58,19,457.5,9,268.0,6,99.8,6.36662992549,11,6,2,285.3,130.8,41.4,7,2,0,212.5,55.5,0
59,59,19,450.8,9,266.2,8,139.5,6.29972151988,11,6,2,280.5,132.4,37.9,6,3,0,184.7,81.5,0
60,60,19,452.5,9,267.5,8,137.6,6.39455177457,11,6,2,279.4,136.9,36.2,7,2,0,209.8,57.7,0
61,61,19,442.7,8,233.4,6,100.7,5.71780843797,11,6,2,275.7,127.5,39.5,7,1,0,204.8,28.6,0
62,62,19,423.6,8,220.7,7,116.3,5.27693868368,11,6,2,260.0,125.3,38.3,6,2,0,167.8,52.9,0
63,63,19,438.0,9,252.8,7,118.1,5.586528282,11,6,2,269.5,130.2,38.3,7,2,0,196.9,55.9,0
64,64,19,453.8,10,292.9,8,138.8,6.38359556971,11,6,2,282.5,136.5,34.8,7,3,0,211.3,81.6,0
65,65,19,423.7,6,174.2,8,138.8,5.41633332308,11,6,2,259.8,129.1,34.8,4,2,0,121.2,53.0,0
66,66,18,418.4,7,208.7,7,120.1,6.26598869925,11,5,2,266.1,121.5,30.8,4,3,0,128.4,80.3,0
67,67,18,406.5,6,185.3,9,154.9,6.67402779878,11,5,2,262.0,113.7,30.8,4,2,0,129.5,55.8,0
68,68,18,399.7,5,159.4,9,150.3,6.89803656824,11,5,2,264.4,106.0,29.3,4,1,0,129.4,30.0,0
69,69,18,412.4,8,233.6,7,115.2,6.35664440602,11,5,2,279.7,103.4,29.3,7,1,0,207.0,26.6,0
70,70,18,416.4,7,207.8,7,119.7,6.18337429298,11,5,2,276.4,106.2,33.8,6,1,0,179.8,28.0,0
71,71,18,419.6,9,258.6,7,118.2,6.18555137006,11,5,2,274.8,110.2,34.6,7,2,0,204.4,54.2,0
72,72,18,427.3,8,236.1,7,121.1,6.22963872892,11,5,2,275.1,115.3,36.9,6,2,0,180.4,55.7,0
73,73,18,416.2,7,206.2,7,117.9,6.09083743451,11,5,2,263.6,115.4,37.2,5,2,0,150.7,55.5,0
74,74,18,426.9,8,231.1,5,84.6,5.57349293795,11,5,2,270.3,119.7,36.9,6,2,0,175.7,55.4,0
75,75,18,418.9,7,205.2,4,64.0,5.82487622242,11,5,2,272.3,112.0,34.6,6,1,0,179.3,25.9,0
76,76,18,412.4,7,200.6,6,102.0,5.69064132526,11,5,2,272.1,105.7,34.6,7,0,0,200.6,0,0
77,77,18,410.9,8,231.1,8,135.9,6.23743966662,11,5,2,264.8,115.8,30.3,6,2,0,176.5,54.6,0
78,78,18,424.4,9,263.6,7,117.3,6.60263365952,11,5,2,271.9,120.1,32.4,7,2,0,204.1,59.5,0
79,79,18,422.5,8,231.8,6,99.1,6.22601804154,11,5,2,277.0,107.8,37.7,6,2,0,179.8,52.0,0
80,80,18,428.4,8,240.6,6,98.6,6.47211212002,11,5,2,273.9,120.7,33.8,6,2,0,182.5,58.1,0
81,81,18,432.7,9,267.4,7,121.1,6.5193953968,11,5,2,284.8,114.1,33.8,7,2,0,209.2,58.2,0
82,82,18,433.5,9,275.2,7,113.4,7.28021088899,11,5,2,291.3,110.9,31.3,7,2,0,217.2,58.0,0
83,83,18,434.7,8,237.6,4,60.7,6.15670366349,11,5,2,280.7,117.7,36.3,6,2,0,181.7,55.9,0
84,84,18,429.9,8,236.9,5,80.2,6.21461749332,11,5,2,284.3,109.8,35.8,7,1,0,209.1,27.8,0
85,85,18,420.5,7,215.3,7,114.6,7.08180260277,11,5,2,276.3,112.6,31.6,5,2,0,161.7,53.6,0
86,86,18,431.0,8,242.8,6,99.7,6.72967285475,11,5,2,282.3,115.7,33.0,6,2,0,186.3,56.5,0
87,87,19,456.8,9,267.5,5,75.7,6.57134484709,11,6,2,270.9,151.1,34.8,6,3,0,180.5,87.0,0
88,88,19,452.7,8,245.9,6,96.5,6.83340179683,11,6,2,269.9,148.0,34.8,5,3,0,158.4,87.5,0
89,89,19,453.3,8,244.4,6,97.6,6.68832446959,11,6,2,271.0,147.6,34.7,5,3,0,156.5,87.9,0
90,90,19,451.6,8,243.5,6,97.8,6.69610605183,11,6,2,270.4,147.6,33.6,5,3,0,156.4,87.1,0
91,91,19,454.7,8,242.4,7,119.9,6.57030801169,11,6,2,275.1,146.1,33.5,5,3,0,156.3,86.1,0
92,92,19,458.9,8,245.6,5,80.6,6.63470408124,11,6,2,277.0,148.1,33.8,5,3,0,157.9,87.7,0
93,93,19,447.4,8,240.5,6,95.0,6.66461371899,11,6,2,264.9,150.3,32.2,5,3,0,155.3,85.2,0
94,94,19,448.7,8,245.9,6,94.1,7.16312029758,11,6,2,270.2,146.3,32.2,5,3,0,158.8,87.1,0
95,95,19,447.2,9,265.7,6,92.3,7.03256003066,11,6,2,274.0,143.1,30.1,7,2,0,211.8,53.9,0
96,96,18,431.7,6,189.9,5,80.3,6.55638440534,11,6,1,281.5,133.6,16.6,6,0,0,189.9,0,0
97,97,18,435.0,9,270.4,7,118.2,6.76183059098,11,6,1,276.4,139.2,19.4,7,2,0,216.2,54.2,0
98,98,18,418.0,7,195.4,6,108.3,4.53723880215,11,6,1,259.0,142.2,16.8,4,3,0,112.5,82.9,0
99,99,18,422.6,7,193.0,6,113.1,4.03580381316,11,6,1,253.6,149.1,19.9,4,3,0,112.9,80.1,0
100,100,18,455.2,9,259.7,3,58.3,4.31875375391,11,6,1,284.6,149.4,21.2,7,2,0,203.9,55.8,0
101,101,18,446.5,8,230.1,3,56.8,4.22074320501,11,6,1,274.6,150.7,21.2,6,2,0,172.8,57.3,0
102,102,18,421.7,7,191.2,5,92.5,4.1310596213,11,6,1,271.1,130.6,20.0,5,2,0,137.8,53.4,0
103,103,18,414.8,4,112.9,6,113.6,3.78607700463,11,6,1,247.2,148.1,19.5,3,1,0,83.8,29.1,0
104,104,18,414.5,6,169.0,6,112.4,4.2808472987,11,6,1,252.3,142.7,19.5,4,2,0,113.6,55.4,0
105,105,18,422.5,7,200.7,5,92.8,4.61656933429,11,6,1,264.9,138.1,19.5,5,2,0,145.0,55.7,0
106,106,18,424.6,7,200.0,4,73.0,4.53844867106,11,6,1,270.0,135.1,19.5,5,2,0,144.1,55.9,0
107,107,19,426.4,8,220.5,6,100.6,5.10700127162,11,7,1,262.9,149.5,14.0,6,2,0,164.9,55.6,0
108,108,19,437.5,7,201.0,6,99.9,5.35836232291,11,7,1,258.1,161.5,17.9,5,2,0,141.5,59.5,0
109,109,19,430.4,6,172.2,7,122.7,5.42077981486,11,7,1,239.1,169.3,22.0,3,3,0,81.0,91.2,0
110,110,19,438.1,7,200.7,6,103.4,5.54820449329,11,7,1,246.7,171.7,19.7,4,3,0,108.3,92.4,0
111,111,19,453.4,8,229.0,6,106.4,5.53275203034,11,7,1,261.1,168.1,24.2,4,4,0,109.5,119.5,0
112,112,19,448.4,6,181.1,5,87.8,5.61535593015,11,7,1,262.8,164.7,20.9,3,3,0,86.3,94.8,0
113,113,19,443.5,6,180.5,5,84.8,5.88532221241,11,7,1,266.6,156.0,20.9,4,2,0,113.5,67.0,0
114,114,20,444.7,6,180.7,7,111.4,6.29856082141,11,7,2,260.1,154.4,30.2,4,2,0,114.0,66.7,0
115,115,20,446.3,6,182.0,8,130.6,6.44648210879,11,7,2,260.9,155.5,29.9,4,2,0,114.3,67.7,0
116,116,20,455.2,7,209.6,7,112.0,6.50201588173,11,7,2,265.8,160.3,29.1,5,2,0,141.8,67.8,0
117,117,20,461.1,6,184.9,7,114.6,6.36648089193,11,7,2,270.0,162.2,28.9,4,2,0,117.9,67.0,0
118,118,20,460.5,6,185.7,8,134.0,6.4658515945,11,7,2,269.0,162.3,29.2,4,2,0,118.6,67.1,0
119,119,20,460.0,7,209.9,7,113.2,6.43902575174,11,7,2,268.8,162.0,29.2,5,2,0,143.4,66.5,0
120,120,20,457.4,6,183.7,7,113.9,6.32938842976,11,7,2,266.2,161.3,29.9,4,2,0,117.5,66.2,0
121,121,20,448.1,7,210.6,8,120.6,7.12589606554,11,7,2,261.4,156.3,30.4,4,3,0,119.0,91.6,0
122,122,20,433.4,6,171.1,9,148.8,5.71775627691,11,7,2,251.3,151.7,30.4,4,2,0,110.5,60.6,0
123,123,20,446.4,7,189.0,4,55.7,5.06241049304,11,7,2,261.9,151.0,33.5,4,3,0,106.1,82.9,0
124,124,20,451.6,6,165.2,5,81.6,4.71052572773,11,7,2,261.9,154.5,35.2,4,2,0,107.9,57.3,0
125,125,20,423.4,6,159.8,10,173.3,4.55713437197,11,7,2,252.1,138.3,33.0,5,1,0,131.7,28.1,0
126,126,20,455.9,10,269.8,7,118.8,5.00341725329,11,7,2,267.9,149.2,38.8,7,3,0,187.8,82.0,0
127,127,20,460.1,7,205.1,8,137.1,5.72937720506,11,7,2,272.5,148.0,39.6,5,2,0,147.6,57.5,0
128,128,20,460.9,8,237.6,7,114.9,6.36176696739,11,7,2,287.6,137.2,36.1,7,1,0,209.4,28.2,0
129,129,20,480.6,8,251.6,7,118.3,6.83813609569,11,7,2,298.1,146.4,36.1,7,1,0,221.6,30.0,0
130,130,20,480.8,8,249.6,7,119.9,6.71458741923,11,7,2,297.5,147.2,36.1,7,1,0,219.3,30.3,0
131,131,20,471.6,8,248.7,8,136.9,6.93834501729,11,7,2,296.1,139.4,36.1,7,1,0,220.9,27.8,0
132,132,18,428.3,6,193.8,5,81.4,6.82783853683,11,6,1,294.5,113.1,20.7,6,0,0,193.8,0,0
133,133,18,420.8,6,188.9,8,143.3,6.37057163891,11,6,1,280.1,120.0,20.7,6,0,0,188.9,0,0
134,134,18,429.6,7,218.1,6,104.4,6.45354439778,11,6,1,285.5,123.4,20.7,6,1,0,192.0,26.1,0
135,135,18,422.0,7,221.9,7,111.7,7.40152784086,11,6,1,289.3,119.8,12.9,6,1,0,194.2,27.7,0
136,136,18,442.9,9,273.8,5,84.7,6.66257962956,11,6,1,287.2,135.5,20.2,7,2,0,219.8,54.0,0
137,137,18,436.5,9,270.1,7,122.0,6.6771119153,11,6,1,284.2,134.1,18.2,7,2,0,216.2,53.9,0
138,138,18,440.7,10,290.5,5,83.7,6.1781636335,11,6,1,279.6,138.4,22.7,7,3,0,209.0,81.5,0
139,139,18,461.6,11,327.7,4,68.5,6.30286790206,11,6,1,292.1,147.5,22.0,8,3,0,242.1,85.6,0
140,140,18,450.7,11,325.8,6,102.6,6.66484533944,11,6,1,289.6,141.2,19.9,8,3,0,239.9,85.9,0
141,141,18,426.3,10,281.4,7,121.7,5.72129664448,11,6,1,271.8,136.8,17.7,8,2,0,224.0,57.4,0
142,142,19,438.8,8,234.2,9,159.9,6.08636670347,11,7,1,280.2,136.2,22.4,7,1,0,208.6,25.6,0
143,143,19,437.8,9,261.1,8,131.5,6.66502611393,11,7,1,280.5,131.3,26.0,7,1,1,207.2,27.9,26.0
144,144,19,450.5,9,258.9,5,81.7,6.02512284216,11,7,1,280.0,145.0,25.5,7,1,1,202.7,30.7,25.5
145,145,19,414.8,7,193.5,7,113.2,5.43477001778,11,7,1,264.1,128.4,22.3,6,1,0,167.5,26.0,0
146,146,19,423.0,7,202.5,7,113.2,5.98407242662,11,7,1,273.0,129.3,20.7,6,1,0,177.2,25.3,0
147,147,19,432.9,7,204.0,6,96.1,6.062201943,11,7,1,277.0,134.1,21.8,6,1,0,178.0,26.0,0
148,148,19,396.6,5,137.7,8,131.5,5.02735208692,11,7,1,251.1,126.6,18.9,5,0,0,137.7,0,0
149,149,19,396.6,5,137.3,8,128.1,5.1654667537,11,7,1,254.5,121.5,20.6,5,0,0,137.3,0,0
150,150,19,422.2,7,202.4,7,112.3,6.12368615817,11,7,1,277.0,123.0,22.2,7,0,0,202.4,0,0
151,151,19,375.6,1,27.6,8,131.0,3.79986149332,11,7,1,230.4,123.0,22.2,1,0,0,27.6,0,0
152,152,19,422.9,8,233.0,10,169.2,6.56339307485,11,7,1,281.0,121.2,20.7,8,0,0,233.0,0,0
153,153,19,403.9,6,170.2,8,127.2,5.87351076061,11,7,1,265.0,118.7,20.2,6,0,0,170.2,0,0
154,154,19,418.5,6,176.2,7,109.3,6.183296685,11,7,1,273.6,123.3,21.6,6,0,0,176.2,0,0
155,155,19,426.3,7,202.6,7,112.4,6.1522543769,11,7,1,275.5,130.1,20.7,7,0,0,202.6,0,0
156,156,19,429.4,7,205.2,7,112.4,6.23743180769,11,7,1,278.9,130.0,20.5,7,0,0,205.2,0,0
157,157,19,423.0,8,231.4,9,146.8,6.56998313259,11,7,1,278.6,126.5,17.9,8,0,0,231.4,0,0
158,158,19,438.2,8,232.1,7,117.0,6.0497208867,11,7,1,284.9,135.4,17.9,8,0,0,232.1,0,0
159,159,19,436.8,7,209.3,7,117.7,6.19039531468,11,7,1,285.8,133.1,17.9,7,0,0,209.3,0,0
160,160,19,425.2,7,208.9,9,150.2,6.57838032644,11,7,1,284.0,123.3,17.9,7,0,0,208.9,0,0
161,161,19,435.0,7,209.4,6,95.0,6.29439553926,11,7,1,284.5,132.6,17.9,7,0,0,209.4,0,0
162,162,19,431.8,8,231.8,7,110.8,6.43107405107,11,7,1,280.9,133.0,17.9,7,1,0,206.6,25.2,0
163,163,19,420.1,8,232.8,9,146.4,6.700986224,11,7,1,275.2,132.2,12.7,7,1,0,206.2,26.6,0
164,164,18,420.0,7,209.1,7,123.7,5.91955880709,11,6,1,274.0,125.6,20.4,6,1,0,180.9,28.2,0
165,165,18,423.1,7,208.7,5,86.3,5.71288247243,11,6,1,273.3,128.5,21.3,6,1,0,179.4,29.3,0
166,166,18,428.5,7,208.3,3,48.3,5.57288310875,11,6,1,272.2,133.7,22.6,6,1,0,179.4,28.9,0
167,167,19,448.0,7,210.8,6,104.6,5.86122654469,11,6,2,272.5,134.2,41.3,6,1,0,181.5,29.3,0
168,168,19,451.2,7,210.6,5,84.0,5.8368911456,11,6,2,274.0,135.2,42.0,6,1,0,181.3,29.3,0
169,169,19,441.6,7,212.3,7,119.1,6.3071666283,11,6,2,268.5,131.4,41.7,6,1,0,182.9,29.4,0
170,170,19,439.9,8,235.9,8,138.9,6.20137694576,11,6,2,268.7,130.5,40.7,7,1,0,206.7,29.2,0
171,171,19,439.9,8,236.1,8,136.0,6.34423346399,11,6,2,263.6,134.8,41.5,6,2,0,177.5,58.6,0
172,172,19,433.4,7,208.6,9,153.0,6.33630585829,11,6,2,264.8,128.4,40.2,5,2,0,151.3,57.3,0
173,173,19,409.4,6,172.7,10,169.7,5.67199439949,11,6,2,249.1,122.0,38.3,5,1,0,144.0,28.7,0
174,174,19,418.8,7,203.3,10,170.9,6.02276383486,11,6,2,252.5,126.3,40.0,5,2,0,148.6,54.7,0
175,175,19,415.3,7,204.7,10,167.4,6.2478721524,11,6,2,248.3,128.1,38.9,5,2,0,148.3,56.4,0
176,176,19,412.7,7,205.2,10,162.9,6.43942534939,11,6,2,249.2,124.0,39.5,5,2,0,149.2,56.0,0
177,177,19,410.6,7,205.1,11,183.7,6.4702648698,11,6,2,248.7,123.8,38.1,5,2,0,150.8,54.3,0
178,178,19,415.3,7,206.5,11,188.1,6.40792181509,11,6,2,250.2,126.4,38.7,5,2,0,150.8,55.7,0
179,179,19,421.6,7,207.2,9,152.2,6.32981435017,11,6,2,254.0,128.3,39.3,5,2,0,151.4,55.8,0
180,180,19,416.6,7,204.0,9,151.0,6.19137770571,11,6,2,250.2,126.8,39.6,5,2,0,150.2,53.8,0
181,181,19,411.2,6,177.7,11,186.5,6.25879965324,11,6,2,253.2,121.3,36.7,5,1,0,150.9,26.8,0
182,182,19,413.1,7,203.7,9,145.5,6.42601620061,11,6,2,251.3,125.1,36.7,5,2,0,152.1,51.6,0
183,183,19,415.6,7,203.6,8,126.5,6.34760165603,10,7,2,237.3,141.6,36.7,5,2,0,148.8,54.8,0
184,184,19,402.7,7,200.1,10,159.3,6.54390927031,10,7,2,226.2,139.8,36.7,5,2,0,143.4,56.7,0
185,185,19,397.5,7,199.6,9,136.3,6.6762912981,10,7,2,227.4,137.5,32.6,5,2,0,145.2,54.4,0
186,186,19,406.2,6,176.9,8,122.7,6.51285727938,10,7,2,236.1,137.5,32.6,5,1,0,148.5,28.4,0
187,187,19,406.0,6,175.2,11,185.5,6.25104903477,10,7,2,233.9,139.5,32.6,5,1,0,145.0,30.2,0
188,188,19,409.4,6,173.4,10,169.6,6.06459382363,10,7,2,236.4,140.4,32.6,5,1,0,144.0,29.4,0
189,189,20,422.1,6,173.4,10,161.5,6.13561432604,11,7,2,249.0,140.5,32.6,5,1,0,144.8,28.6,0
190,190,20,428.2,6,173.3,9,146.6,6.00472620875,11,7,2,251.0,144.6,32.6,5,1,0,144.7,28.6,0
191,191,20,437.6,8,229.6,9,143.4,6.48095184692,11,7,2,256.3,148.7,32.6,6,2,0,169.6,60.0,0
192,192,20,455.5,8,230.9,8,133.4,5.82172654803,11,7,2,268.4,154.8,32.3,6,2,0,172.2,58.7,0
193,193,20,487.2,11,314.5,5,88.2,5.33995860422,11,7,2,281.4,165.3,40.5,7,4,0,206.1,108.4,0
194,194,20,482.2,8,241.0,6,105.1,5.90796963966,11,7,2,291.3,147.5,43.4,7,1,0,216.0,25.0,0
195,195,20,490.8,8,247.8,5,88.5,6.13123152393,11,7,2,293.1,155.7,42.0,6,2,0,193.1,54.7,0
196,196,19,476.3,9,273.8,5,86.3,6.236902065,11,7,1,297.5,154.7,24.1,7,2,0,221.4,52.4,0
197,197,19,448.0,7,205.7,6,102.6,5.8953445802,11,7,1,272.5,153.4,22.1,6,1,0,179.7,26.0,0
198,198,20,466.4,9,252.0,6,102.6,5.05887443275,11,7,2,266.1,158.7,41.6,6,3,0,170.5,81.5,0
199,199,20,436.5,5,138.9,8,141.7,4.28398179268,11,7,2,249.9,146.6,40.0,3,2,0,82.6,56.3,0
200,200,19,458.3,8,238.8,4,64.7,5.79737286741,11,7,1,286.2,156.5,15.6,6,2,0,178.2,60.6,0
201,201,19,447.8,8,228.6,4,67.9,5.21035855362,11,7,1,272.7,152.4,22.7,6,2,0,168.7,59.9,0
202,202,19,426.6,6,172.9,5,82.0,5.17948607715,11,7,1,259.7,146.7,20.2,4,2,0,113.0,59.9,0
203,203,19,420.6,6,166.4,6,101.8,4.70840979599,11,7,1,259.2,142.4,19.0,4,2,0,111.9,54.5,0
204,204,19,423.9,6,164.0,6,108.6,4.19005366405,11,7,1,255.4,148.2,20.3,4,2,0,111.1,52.9,0
205,205,19,435.4,6,170.1,5,89.3,4.50336456415,11,7,1,264.7,150.0,20.7,4,2,0,113.6,56.5,0
206,206,19,414.7,6,167.6,7,114.7,5.1866111935,11,7,1,250.9,142.0,21.8,4,2,0,112.4,55.2,0
207,207,19,406.5,6,162.9,7,114.8,4.82729205021,11,7,1,245.5,139.6,21.4,4,2,0,109.9,53.0,0
208,208,19,420.3,7,193.6,6,99.9,5.04254994438,11,7,1,254.7,144.8,20.8,5,2,0,137.0,56.6,0
209,209,19,450.3,9,260.9,5,83.5,5.7127537629,11,7,1,274.8,155.4,20.1,7,2,0,201.6,59.3,0
210,210,19,437.2,5,150.8,5,85.6,5.23162336574,11,7,1,260.5,155.9,20.8,4,1,0,119.5,31.3,0
211,211,19,449.0,7,201.5,5,85.6,5.07598404598,11,7,1,274.4,152.9,21.7,5,2,0,143.0,58.5,0
212,212,19,453.3,8,229.8,5,87.8,5.26290116333,11,7,1,271.5,162.6,19.2,6,2,0,167.9,61.9,0
213,213,19,450.6,7,206.7,5,88.2,5.56858880566,11,7,1,268.8,162.8,19.0,5,2,0,141.1,65.6,0
214,214,19,446.0,7,207.2,5,85.4,5.69754743584,11,7,1,263.9,162.8,19.3,5,2,0,142.1,65.1,0
215,215,19,442.2,7,207.8,8,146.4,5.69276754656,11,7,1,259.4,163.7,19.1,4,3,0,115.3,92.5,0
216,216,19,434.2,7,206.8,7,117.9,5.95682320453,11,7,1,247.4,169.6,17.2,4,3,0,114.9,91.9,0
217,217,19,455.6,7,207.7,5,85.1,5.61402796052,11,7,1,260.5,172.6,22.5,4,3,0,117.3,90.4,0
218,218,19,456.4,7,212.7,5,83.9,6.06204759571,11,7,1,261.5,172.4,22.5,4,3,0,118.4,94.3,0
219,219,19,461.8,7,213.6,5,85.4,6.0535089626,11,7,1,261.4,177.9,22.5,4,3,0,118.7,94.9,0
220,220,20,470.6,9,264.4,7,112.9,6.53348460262,11,7,2,263.7,170.2,36.7,5,4,0,146.1,118.3,0
221,221,20,473.5,10,290.2,7,114.6,6.47219762563,11,7,2,266.5,170.3,36.7,6,4,0,172.6,117.6,0
222,222,20,475.0,9,263.1,7,118.0,6.21538837335,11,7,2,268.2,169.8,37.0,6,3,0,171.0,92.1,0
223,223,20,462.5,9,260.3,8,134.6,6.28154146352,11,7,2,267.5,166.0,29.0,6,3,0,168.1,92.2,0
224,224,20,453.2,7,202.7,8,135.7,5.78522619309,11,7,2,253.6,163.5,36.1,4,3,0,111.2,91.5,0
225,225,20,452.4,6,179.6,8,138.0,5.78215039219,11,7,2,257.0,160.0,35.4,3,3,0,88.6,91.0,0
226,226,20,431.6,6,172.0,10,170.4,5.44789674529,11,7,2,247.2,150.2,34.2,3,3,0,86.4,85.6,0
227,227,20,446.7,6,178.2,9,151.3,5.8803217778,11,7,2,255.7,152.4,38.6,3,3,0,88.8,89.4,0
228,228,20,450.9,6,178.9,7,113.8,5.91905709063,11,7,2,258.6,153.3,39.0,3,3,0,89.4,89.5,0
229,229,20,443.4,6,176.9,9,149.8,5.91404216563,11,7,2,251.4,153.6,38.4,3,3,0,87.8,89.1,0
230,230,20,434.6,6,169.7,9,149.9,5.42616468216,11,7,2,246.2,150.0,38.4,3,3,0,84.1,85.6,0
231,231,20,459.1,8,223.5,6,99.2,5.26382640491,11,7,2,255.8,164.2,39.1,4,4,0,107.1,116.4,0
232,232,20,467.6,10,286.6,8,135.4,6.13922676427,11,7,2,267.0,169.4,31.2,6,4,0,167.9,118.7,0
233,233,20,461.0,9,264.9,9,148.3,6.83015758468,11,7,2,263.8,165.1,32.1,5,4,0,152.7,112.2,0
234,234,20,447.9,7,204.9,9,147.7,6.47687993437,11,7,2,255.6,160.4,31.9,5,2,0,147.2,57.7,0
235,235,20,445.0,8,228.9,9,147.2,6.41925557251,11,7,2,253.1,159.9,32.0,4,4,0,121.1,107.8,0
236,236,20,446.0,7,207.4,8,124.4,6.84120641869,11,7,2,257.5,159.5,29.0,4,3,0,123.1,84.3,0
237,237,20,450.2,7,209.1,8,127.9,6.8100467577,11,7,2,260.7,161.7,27.8,4,3,0,124.7,84.4,0
238,238,20,450.6,7,209.1,8,127.3,6.83952137445,11,7,2,260.3,162.5,27.8,4,3,0,124.4,84.7,0
239,239,20,439.7,7,205.4,9,147.1,6.61443994526,11,7,2,255.8,156.1,27.8,4,3,0,122.0,83.4,0
240,240,20,445.7,7,211.7,7,102.1,7.18443309854,11,7,2,261.1,157.9,26.7,4,3,0,124.8,86.9,0
241,241,19,426.9,8,236.1,7,101.2,7.3917410843,10,7,2,243.2,157.0,26.7,5,3,0,150.3,85.8,0
242,242,19,421.9,8,234.5,7,101.6,7.31637992485,10,7,2,241.3,153.9,26.7,5,3,0,150.9,83.6,0
243,243,19,427.9,8,236.1,7,102.4,7.35402980589,10,7,2,245.1,156.1,26.7,5,3,0,151.6,84.5,0
244,244,19,408.1,7,209.1,8,112.7,7.74170372775,10,7,2,229.1,152.3,26.7,4,3,0,124.2,84.9,0
245,245,19,405.8,7,209.1,9,133.0,7.68247036292,10,7,2,227.8,151.3,26.7,4,3,0,124.6,84.5,0
246,246,19,417.8,7,211.6,8,118.4,7.63048671353,10,7,2,235.5,155.6,26.7,4,3,0,123.2,88.4,0
247,247,19,421.1,8,241.6,9,138.1,7.74791803765,10,7,2,244.8,152.0,24.3,5,3,0,154.6,87.0,0
248,248,19,409.6,7,207.7,10,157.3,7.21151207672,10,7,2,238.4,146.3,24.9,5,2,0,149.7,58.0,0
249,249,19,405.0,4,118.2,7,111.0,5.59138853336,10,7,2,228.2,147.5,29.3,2,2,0,62.6,55.6,0
250,250,20,381.0,0,0,10,162.1,3.69017186877,11,7,2,222.9,128.8,29.3,0,0,0,0,0,0
251,251,20,372.8,2,52.5,13,212.1,4.14568894662,11,7,2,215.5,128.0,29.3,2,0,0,52.5,0,0
252,252,20,408.3,4,109.3,9,144.7,4.97607697944,11,7,2,239.3,139.7,29.3,2,2,0,56.4,52.9,0
253,253,18,339.9,2,55.2,11,174.1,4.93561486723,11,6,1,203.3,124.1,12.5,1,1,0,27.9,27.3,0
254,254,18,384.0,7,197.6,10,162.4,6.52524509344,11,6,1,233.5,138.0,12.5,4,3,0,113.6,84.0,0
255,255,17,338.4,5,133.1,10,161.9,5.38788810531,11,5,1,217.1,108.8,12.5,4,1,0,107.2,25.9,0
256,256,17,316.0,2,50.7,11,173.0,4.92936131169,11,5,1,207.6,95.9,12.5,2,0,0,50.7,0,0
257,257,17,325.9,5,141.0,11,162.2,6.69521888233,11,5,1,214.8,98.2,12.9,4,1,0,111.5,29.5,0
258,258,16,311.5,5,137.8,10,152.6,6.21597069384,10,5,1,203.3,95.3,12.9,4,1,0,109.6,28.2,0
259,259,16,306.1,5,137.0,10,146.7,6.37377112339,10,5,1,204.0,89.2,12.9,4,1,0,108.9,28.1,0
260,260,16,320.7,5,144.9,8,110.4,7.0220575095,10,5,1,214.6,91.9,14.2,4,1,0,115.2,29.7,0
261,261,16,303.6,5,131.8,8,110.5,5.8386642308,10,5,1,201.9,87.5,14.2,4,1,0,104.7,27.1,0
262,262,16,320.3,5,131.4,8,122.4,5.44404491164,10,5,1,204.9,101.2,14.2,3,2,0,79.4,52.0,0
263,263,16,335.3,5,137.1,6,87.4,5.87650335375,10,5,1,207.8,113.3,14.2,3,2,0,80.9,56.2,0
264,264,16,323.7,4,106.5,7,103.5,5.58792970011,10,5,1,204.0,105.5,14.2,2,2,0,52.9,53.6,0
265,265,15,320.1,4,120.6,7,110.9,6.61424868857,10,4,1,205.9,100.0,14.2,2,2,0,65.7,54.9,0
266,266,15,304.6,3,87.1,8,130.8,5.5330780205,10,4,1,192.7,97.7,14.2,1,2,0,30.2,56.9,0
267,267,14,316.9,5,158.6,7,113.6,7.99746182263,9,4,1,177.5,125.2,14.2,2,3,0,57.6,101.0,0
268,268,15,336.8,6,185.6,7,105.1,8.00043451201,9,5,1,187.4,137.1,12.3,3,3,0,90.3,95.3,0
269,269,16,312.4,3,89.6,11,180.3,5.93537418085,10,5,1,194.4,105.7,12.3,2,1,0,57.7,31.9,0
270,270,16,315.3,3,89.4,10,159.8,6.0707461101,10,5,1,193.8,109.2,12.3,2,1,0,57.5,31.9,0
271,271,15,292.3,3,89.3,10,158.0,6.29726319996,10,4,1,187.3,92.7,12.3,2,1,0,57.4,31.9,0
272,272,15,272.6,2,54.9,11,172.7,5.06408455508,10,4,1,184.1,76.2,12.3,2,0,0,54.9,0,0
273,273,16,283.1,2,55.6,13,207.0,4.74643287111,10,5,1,186.6,84.2,12.3,2,0,0,55.6,0,0
274,274,16,287.9,2,55.1,13,212.3,4.55711440131,10,5,1,186.5,89.1,12.3,2,0,0,55.1,0,0
275,275,16,285.9,1,29.9,13,210.8,4.66257707711,10,5,1,184.7,88.9,12.3,1,0,0,29.9,0,0
276,276,16,283.5,1,28.4,13,210.9,4.2458165685,9,6,1,169.2,102.0,12.3,1,0,0,28.4,0,0
277,277,16,302.1,3,85.9,10,151.7,5.81036071743,9,6,1,192.2,97.7,12.2,3,0,0,85.9,0,0
278,278,16,338.3,4,134.6,11,179.1,8.4088817132,9,6,1,220.7,105.4,12.2,4,0,0,134.6,0,0
279,279,16,335.5,4,128.6,11,182.7,7.48328971776,9,6,1,217.2,100.5,17.8,4,0,0,128.6,0,0
280,280,16,336.2,4,125.8,9,143.0,7.25303384798,9,6,1,215.2,103.2,17.8,4,0,0,125.8,0,0
281,281,16,344.4,3,102.7,8,125.7,7.41579395615,9,6,1,217.5,108.2,18.7,3,0,0,102.7,0,0
282,282,17,315.2,3,87.3,11,159.6,6.29037546808,10,6,1,199.6,96.9,18.7,3,0,0,87.3,0,0
283,283,17,316.9,3,80.6,10,151.2,5.15788944525,10,6,1,191.9,106.3,18.7,3,0,0,80.6,0,0
284,284,16,314.4,3,90.8,9,135.6,6.70343195684,10,5,1,206.6,92.7,15.1,3,0,0,90.8,0,0
285,285,18,376.4,5,156.5,9,129.9,7.9840936639,11,6,1,225.0,132.8,18.6,3,2,0,101.3,55.2,0
286,286,18,393.4,5,148.2,6,88.4,6.70532906788,11,6,1,242.6,126.2,24.6,4,1,0,123.1,25.1,0
287,287,18,375.0,5,139.8,9,145.5,5.4932043579,11,6,1,227.0,120.2,27.8,3,1,1,86.7,25.3,27.8
288,288,18,339.9,0,0,12,198.7,3.9688863455,11,6,1,212.5,109.4,18.0,0,0,0,0,0,0
289,289,18,341.6,1,29.0,12,196.1,4.55031421741,11,6,1,212.9,110.8,17.9,1,0,0,29.0,0,0
290,290,18,355.2,2,57.4,10,158.5,5.16458528601,11,6,1,228.5,102.1,24.6,2,0,0,57.4,0,0
291,291,18,333.7,0,0,11,177.9,3.55000230139,11,6,1,209.1,102.7,21.9,0,0,0,0,0,0
292,292,18,327.6,1,27.5,13,211.3,4.00440933443,11,6,1,207.7,99.9,20.0,1,0,0,27.5,0,0
293,293,18,309.0,0,0,14,218.3,3.68829627494,11,6,1,191.0,99.4,18.6,0,0,0,0,0,0
294,294,18,306.5,0,0,15,234.6,3.76200909333,11,6,1,198.6,90.8,17.1,0,0,0,0,0,0
295,295,18,305.5,0,0,14,213.4,3.86002218152,11,6,1,191.5,90.5,23.5,0,0,0,0,0,0
296,296,17,279.6,0,0,14,217.9,3.0475641189,10,6,1,167.9,92.5,19.2,0,0,0,0,0,0
297,297,17,281.4,0,0,13,197.2,3.41396354093,10,6,1,169.7,92.5,19.2,0,0,0,0,0,0
298,298,17,278.3,1,26.4,14,208.7,3.93569636562,10,6,1,170.4,92.0,15.9,1,0,0,26.4,0,0
299,299,17,280.2,0,0,13,196.1,3.22087629655,10,6,1,175.3,89.0,15.9,0,0,0,0,0,0
300,300,17,273.7,0,0,14,207.1,3.35559234711,10,6,1,167.0,89.7,17.0,0,0,0,0,0,0
301,301,17,290.1,1,25.2,12,175.3,4.26041975286,10,6,1,175.8,90.2,24.1,1,0,0,25.2,0,0
302,302,17,282.0,0,0,13,192.6,3.75630841934,10,6,1,170.3,88.8,22.9,0,0,0,0,0,0
303,303,17,288.7,0,0,12,175.8,4.13676130779,10,6,1,176.9,88.8,23.0,0,0,0,0,0,0
304,304,17,286.1,0,0,12,174.7,4.01150917765,10,6,1,176.1,88.8,21.2,0,0,0,0,0,0
305,305,17,284.5,0,0,13,193.8,4.02786251883,10,6,1,172.7,87.9,23.9,0,0,0,0,0,0
306,306,17,285.2,0,0,12,175.1,4.00788744412,10,6,1,172.4,87.9,24.9,0,0,0,0,0,0
307,307,17,302.8,3,78.6,11,154.4,5.62337558244,10,6,1,187.2,87.9,27.7,2,0,1,50.9,0,27.7
308,308,17,306.8,3,87.3,11,154.4,6.28272608497,10,6,1,189.7,87.9,29.2,2,0,1,58.1,0,29.2
309,309,16,288.7,3,89.2,12,175.1,6.68251137921,10,5,1,193.4,66.7,28.6,2,0,1,60.6,0,28.6
310,310,16,300.9,4,116.0,10,142.2,6.7798199337,10,5,1,197.1,73.9,29.9,3,0,1,86.1,0,29.9
311,311,16,296.2,3,82.2,11,170.8,5.61294634454,10,5,1,192.2,81.9,22.1,3,0,0,82.2,0,0
312,312,16,295.6,2,59.8,10,150.0,5.7712505866,10,5,1,190.2,85.7,19.7,2,0,0,59.8,0,0
313,313,16,289.0,2,59.2,12,183.4,5.92000844594,10,5,1,185.2,84.1,19.7,2,0,0,59.2,0,0
314,314,16,261.9,2,54.9,14,207.0,5.21110592869,10,5,1,168.5,73.7,19.7,2,0,0,54.9,0,0
315,315,16,257.9,0,0,13,193.0,3.6278953954,10,5,1,166.3,77.3,14.3,0,0,0,0,0,0
316,316,16,246.4,0,0,15,225.9,3.11276939932,10,5,1,155.7,76.4,14.3,0,0,0,0,0,0
317,317,15,233.8,0,0,14,211.7,3.30991296102,9,5,1,141.6,77.9,14.3,0,0,0,0,0,0
318,318,15,238.6,0,0,14,217.7,3.21857702956,9,5,1,144.7,79.6,14.3,0,0,0,0,0,0
319,319,16,256.4,0,0,14,213.3,3.57314054206,10,5,1,157.8,84.3,14.3,0,0,0,0,0,0
320,320,16,256.3,0,0,14,212.7,3.60614637344,10,5,1,159.2,82.8,14.3,0,0,0,0,0,0
321,321,16,245.9,0,0,15,222.4,3.31314930743,10,5,1,152.7,78.9,14.3,0,0,0,0,0,0
322,322,17,268.8,0,0,14,201.8,3.9159740731,10,6,1,162.6,91.9,14.3,0,0,0,0,0,0
323,323,17,277.4,1,25.3,14,207.5,4.25076982647,10,6,1,172.5,90.6,14.3,1,0,0,25.3,0,0
324,324,17,281.0,0,0,13,191.8,4.24304794721,10,6,1,172.5,94.2,14.3,0,0,0,0,0,0
325,325,17,271.7,0,0,14,209.2,3.4386107831,10,6,1,166.0,91.4,14.3,0,0,0,0,0,0
326,326,17,256.6,0,0,17,256.6,3.40761474279,10,6,1,162.2,82.6,11.8,0,0,0,0,0,0
327,327,17,284.3,1,30.3,14,213.7,5.03717795643,10,6,1,181.6,82.6,20.1,1,0,0,30.3,0,0
328,328,17,302.2,1,34.8,13,201.5,5.83872090142,10,6,1,191.9,90.2,20.1,1,0,0,34.8,0,0
329,329,17,286.7,1,30.1,14,211.6,5.05938993067,10,6,1,176.5,93.9,16.3,1,0,0,30.1,0,0
330,330,17,283.4,0,0,12,176.4,4.075500691,10,6,1,174.6,92.5,16.3,0,0,0,0,0,0
331,331,17,276.1,0,0,14,213.9,3.50036762775,10,6,1,167.3,92.5,16.3,0,0,0,0,0,0
332,332,17,267.6,0,0,16,246.9,3.12850979372,10,6,1,162.6,88.7,16.3,0,0,0,0,0,0
333,333,16,253.5,0,0,14,212.5,3.3105827785,10,5,1,163.6,73.6,16.3,0,0,0,0,0,0
334,334,16,253.1,0,0,15,232.4,3.2760176536,10,5,1,163.2,73.6,16.3,0,0,0,0,0,0
335,335,16,251.3,0,0,14,210.3,3.29615306077,10,5,1,162.2,72.8,16.3,0,0,0,0,0,0
336,336,16,247.9,0,0,14,205.9,3.26363166835,10,5,1,158.8,72.8,16.3,0,0,0,0,0,0
337,337,16,241.9,0,0,15,221.2,3.34967038179,10,5,1,153.0,72.6,16.3,0,0,0,0,0,0
338,338,15,233.4,0,0,14,212.7,3.45042440454,9,5,1,143.7,73.4,16.3,0,0,0,0,0,0
339,339,14,218.2,0,0,13,197.5,3.62106171062,8,5,1,127.9,74.0,16.3,0,0,0,0,0,0
340,340,14,208.5,0,0,13,188.4,3.4122999881,8,5,1,117.8,74.4,16.3,0,0,0,0,0,0
341,341,14,198.1,0,0,13,178.0,3.00275514512,8,5,1,115.1,73.2,9.8,0,0,0,0,0,0
342,342,13,186.8,0,0,13,186.8,3.01783162093,8,4,1,117.4,59.6,9.8,0,0,0,0,0,0
343,343,13,194.7,0,0,12,173.5,3.5294366515,8,4,1,125.3,59.6,9.8,0,0,0,0,0,0
344,344,13,191.0,0,0,12,169.2,3.64405029659,8,4,1,125.4,55.8,9.8,0,0,0,0,0,0
345,345,13,191.1,0,0,12,169.3,3.6551333765,8,4,1,125.5,55.8,9.8,0,0,0,0,0,0
346,346,13,190.1,0,0,12,168.4,3.61505044828,8,4,1,125.0,55.3,9.8,0,0,0,0,0,0
347,347,12,181.6,0,0,10,138.6,3.77800652902,7,4,1,116.5,55.3,9.8,0,0,0,0,0,0
348,348,12,178.6,0,0,11,157.3,3.36636662329,7,4,1,113.5,55.3,9.8,0,0,0,0,0,0
349,349,12,180.4,0,0,11,158.5,3.60613954586,7,4,1,115.3,55.3,9.8,0,0,0,0,0,0
350,350,12,182.6,0,0,11,158.6,4.00994974653,7,4,1,117.5,55.3,9.8,0,0,0,0,0,0
351,351,12,183.5,1,25.5,11,158.0,4.26432523349,7,4,1,118.4,55.3,9.8,1,0,0,25.5,0,0
352,352,11,165.5,1,25.1,10,140.4,4.63062925235,7,3,1,110.9,44.8,9.8,1,0,0,25.1,0,0
353,353,11,164.2,0,0,10,139.3,4.60262770797,7,3,1,108.7,44.8,10.7,0,0,0,0,0,0
354,354,10,145.8,1,25.1,9,120.7,4.65207241751,6,3,1,90.3,44.8,10.7,1,0,0,25.1,0,0
355,355,10,144.3,0,0,9,120.7,4.28487002266,6,3,1,88.8,44.8,10.7,0,0,0,0,0,0
356,356,10,147.9,0,0,9,125.4,3.87913220536,6,3,1,91.9,45.3,10.7,0,0,0,0,0,0
357,357,10,148.1,0,0,9,125.4,3.92356130745,6,3,1,92.1,45.3,10.7,0,0,0,0,0,0
358,358,10,139.2,0,0,9,118.4,4.12197363731,6,3,1,81.6,46.9,10.7,0,0,0,0,0,0
359,359,10,139.8,0,0,9,117.9,4.31658301077,6,3,1,82.2,46.9,10.7,0,0,0,0,0,0
360,360,10,136.1,0,0,9,114.5,4.19535457381,6,3,1,79.1,46.3,10.7,0,0,0,0,0,0
361,361,10,141.2,0,0,9,119.6,3.90492566439,6,3,1,84.2,46.3,10.7,0,0,0,0,0,0
362,362,10,143.7,0,0,10,143.7,3.6432738635,6,3,1,85.7,47.3,10.7,0,0,0,0,0,0
363,363,10,148.0,0,0,9,127.5,3.90327497821,6,3,1,90.2,47.1,10.7,0,0,0,0,0,0
364,364,10,146.7,0,0,10,146.7,3.70916282858,6,3,1,88.9,47.1,10.7,0,0,0,0,0,0
365,365,10,143.6,0,0,10,143.6,3.46224076446,6,3,1,85.8,47.1,10.7,0,0,0,0,0,0
366,366,10,147.4,0,0,9,125.8,3.93818909314,6,3,1,91.2,45.5,10.7,0,0,0,0,0,0
367,367,10,145.1,0,0,10,145.1,3.46584926261,6,3,1,88.9,45.5,10.7,0,0,0,0,0,0
368,368,10,146.7,0,0,9,125.6,3.72232006505,6,3,1,90.5,45.5,10.7,0,0,0,0,0,0
369,369,10,144.1,0,0,10,144.1,3.49331106863,6,3,1,87.9,45.5,10.7,0,0,0,0,0,0
370,370,10,144.2,0,0,10,144.2,3.31957159217,6,3,1,88.0,45.5,10.7,0,0,0,0,0,0
371,371,10,142.9,0,0,10,142.9,3.11678252904,6,3,1,86.7,45.5,10.7,0,0,0,0,0,0
372,372,9,132.5,0,0,9,132.5,3.36295174578,6,3,0,88.7,43.8,0,0,0,0,0,0,0
373,373,9,131.3,0,0,9,131.3,3.09372124005,6,3,0,87.5,43.8,0,0,0,0,0,0,0
374,374,9,131.8,0,0,9,131.8,3.29663127719,6,3,0,88.0,43.8,0,0,0,0,0,0,0
375,375,9,131.5,0,0,9,131.5,3.25055550808,6,3,0,87.7,43.8,0,0,0,0,0,0,0
376,376,9,130.4,0,0,8,109.4,3.65836180703,6,3,0,86.2,44.2,0,0,0,0,0,0,0
377,377,8,122.9,0,0,7,102.4,3.14730610432,5,3,0,78.7,44.2,0,0,0,0,0,0,0
378,378,8,124.4,0,0,7,104.1,3.02513281881,5,3,0,77.6,46.8,0,0,0,0,0,0,0
379,379,7,116.3,0,0,7,116.3,1.9299642237,5,2,0,81.4,34.9,0,0,0,0,0,0,0
380,380,7,118.7,0,0,7,118.7,1.2231886511,5,2,0,83.8,34.9,0,0,0,0,0,0,0
381,381,7,128.0,0,0,6,107.0,1.44271569321,5,2,0,93.1,34.9,0,0,0,0,0,0,0
382,382,7,129.0,0,0,6,105.7,2.59275547485,5,2,0,94.1,34.9,0,0,0,0,0,0,0
383,383,7,123.3,0,0,6,102.6,2.47482563118,5,2,0,91.8,31.5,0,0,0,0,0,0,0
384,384,8,141.4,0,0,6,98.7,3.08394459835,5,3,0,95.7,45.7,0,0,0,0,0,0,0
385,385,8,142.5,1,27.3,7,115.2,4.40663055601,5,3,0,96.4,46.1,0,1,0,0,27.3,0,0
386,386,9,155.9,0,0,7,111.8,3.08454930978,6,3,0,107.7,48.2,0,0,0,0,0,0,0
387,387,8,150.8,0,0,4,63.1,3.60515503927,6,2,0,114.9,35.9,0,0,0,0,0,0,0
388,388,8,149.5,0,0,4,63.4,3.33956263176,6,2,0,113.7,35.8,0,0,0,0,0,0,0
389,389,9,158.2,0,0,7,116.5,2.73851135554,6,2,1,108.2,36.0,14.0,0,0,0,0,0,0
390,390,9,168.0,0,0,6,100.3,3.35111921602,6,2,1,118.9,31.5,17.6,0,0,0,0,0,0
391,391,9,178.4,1,27.2,5,86.5,3.83594114194,6,2,1,116.2,35.0,27.2,0,0,1,0,0,27.2
